/*--------------------------------*- C++ -*----------------------------------*\
  =========                 |
  \\      /  F ield         | OpenFOAM: The Open Source CFD Toolbox
   \\    /   O peration     | Website:  https://openfoam.org
    \\  /    A nd           | Version:  6.0
     \\/     M anipulation  |
\*---------------------------------------------------------------------------*/
FoamFile
{
    version     2.0;
    format      ascii;
    class       volScalarField;
    location    "4.0002168286";
    object      rho;
}
// * * * * * * * * * * * * * * * * * * * * * * * * * * * * * * * * * * * * * //

dimensions      [1 -3 0 0 0 0 0];

internalField   nonuniform List<scalar> 
4800
(
1.39997
1.39997
1.39997
1.39997
1.39997
1.39997
1.39997
1.39997
1.39997
1.39997
1.39997
1.39997
1.39997
1.39997
1.39997
1.39997
1.39997
1.39997
1.39997
1.39997
2.41674
5.07272
5.50226
5.53917
5.55269
5.50974
5.49659
5.63883
5.89041
6.01996
5.93295
5.62378
5.35845
5.45439
5.9333
6.30957
6.33111
6.14869
6.03621
6.07789
1.39997
1.39997
1.39997
1.39997
1.39997
1.39997
1.39997
1.39997
1.39997
1.39997
1.39997
1.39997
1.39997
1.39997
1.39997
1.39997
1.39997
1.39997
1.39997
1.39997
2.42297
5.10468
5.42803
5.48181
5.55273
5.59551
5.62985
5.66658
5.66768
5.70748
5.76705
5.86413
5.91678
5.89807
5.89352
5.88801
5.95835
6.05535
6.1283
6.15085
1.39997
1.39997
1.39997
1.39997
1.39997
1.39997
1.39997
1.39997
1.39997
1.39997
1.39997
1.39997
1.39997
1.39997
1.39997
1.39997
1.39997
1.39997
1.39997
1.39997
2.41428
5.10973
5.38686
5.39935
5.47615
5.62758
5.74405
5.68813
5.53739
5.44758
5.56099
5.91351
6.31645
6.35414
5.88701
5.58655
5.59428
5.88644
6.04107
5.99738
1.39997
1.39997
1.39997
1.39997
1.39997
1.39997
1.39997
1.39997
1.39997
1.39997
1.39997
1.39997
1.39997
1.39997
1.39997
1.39997
1.39997
1.39997
1.39997
1.39997
2.39847
5.08336
5.36372
5.40461
5.50596
5.6426
5.74032
5.72243
5.57509
5.45722
5.58496
5.94578
6.2282
6.22174
5.90004
5.5586
5.52542
5.78576
5.93562
5.99526
1.39997
1.39997
1.39997
1.39997
1.39997
1.39997
1.39997
1.39997
1.39997
1.39997
1.39997
1.39997
1.39997
1.39997
1.39997
1.39997
1.39997
1.39997
1.39997
1.39997
2.37503
5.04716
5.39606
5.49436
5.58163
5.61688
5.64218
5.66606
5.68887
5.7664
5.82374
5.84599
5.76383
5.76456
5.90713
5.89777
5.90707
5.87953
5.85212
5.8967
1.39997
1.39997
1.39997
1.39997
1.39997
1.39997
1.39997
1.39997
1.39997
1.39997
1.39997
1.39997
1.39997
1.39997
1.39997
1.39997
1.39997
1.39997
1.39997
1.39997
2.34314
5.00269
5.4784
5.55201
5.58555
5.57141
5.5382
5.58109
5.80285
6.03991
6.07073
5.73079
5.37982
5.35859
5.75738
6.2498
6.23451
5.98681
5.8922
5.95386
1.39997
1.39997
1.39997
1.39997
1.39997
1.39997
1.39997
1.39997
1.39997
1.39997
1.39997
1.39997
1.39997
1.39997
1.39997
1.39997
1.39997
1.39997
1.39997
1.39997
2.32357
5.01753
5.49398
5.54723
5.57182
5.51411
5.4783
5.58647
5.83736
5.99218
5.93443
5.72928
5.45571
5.41794
5.81374
6.28092
6.3695
6.14046
6.07695
6.09164
1.39997
1.39997
1.39997
1.39997
1.39997
1.39997
1.39997
1.39997
1.39997
1.39997
1.39997
1.39997
1.39997
1.39997
1.39997
1.39997
1.39997
1.39997
1.39997
1.39997
2.31336
5.07048
5.47457
5.47582
5.4995
5.52262
5.56213
5.69514
5.76786
5.71337
5.69193
5.75157
5.88774
5.96107
5.9793
6.0551
6.08125
6.25313
6.26175
6.26
1.39997
1.39997
1.39997
1.39997
1.39997
1.39997
1.39997
1.39997
1.39997
1.39997
1.39997
1.39997
1.39997
1.39997
1.39997
1.39997
1.39997
1.39997
1.39997
1.39997
2.27723
5.06159
5.43455
5.41041
5.41828
5.53121
5.71951
5.75006
5.66105
5.49479
5.42752
5.64938
6.10464
6.41577
6.18817
5.70247
5.77675
6.10846
6.26491
6.19601
1.39997
1.39997
1.39997
1.39997
1.39997
1.39997
1.39997
1.39997
1.39997
1.39997
1.39997
1.39997
1.39997
1.39997
1.39997
1.39997
1.39997
1.39997
1.39997
1.39997
2.22629
5.02083
5.36557
5.36229
5.45673
5.63067
5.74069
5.78142
5.60886
5.46544
5.47855
5.81463
6.21688
6.32046
5.98176
5.64173
5.56473
5.82833
6.0346
6.08083
1.39997
1.39997
1.39997
1.39997
1.39997
1.39997
1.39997
1.39997
1.39997
1.39997
1.39997
1.39997
1.39997
1.39997
1.39997
1.39997
1.39997
1.39997
1.39997
1.39997
2.17023
4.93075
5.32207
5.4298
5.60116
5.67274
5.71111
5.62829
5.59773
5.6848
5.91219
5.94693
5.91612
5.73451
5.71284
5.77851
5.78106
5.84944
5.85263
6.01255
1.39997
1.39997
1.39997
1.39997
1.39997
1.39997
1.39997
1.39997
1.39997
1.39997
1.39997
1.39997
1.39997
1.39997
1.39997
1.39997
1.39997
1.39997
1.39997
1.39997
2.11857
4.8622
5.35509
5.55021
5.63878
5.67465
5.58848
5.52852
5.59322
5.90503
6.15994
6.167
5.66812
5.325
5.57659
5.99779
6.14169
6.05402
5.92326
6.07916
1.39997
1.39997
1.39997
1.39997
1.39997
1.39997
1.39997
1.39997
1.39997
1.39997
1.39997
1.39997
1.39997
1.39997
1.39997
1.39997
1.39997
1.39997
1.39997
1.39997
2.07014
4.84227
5.50233
5.56687
5.62399
5.56369
5.48102
5.43625
5.63607
5.88428
6.01355
5.82499
5.55139
5.48611
5.62103
6.06341
6.3024
6.10102
6.03425
6.11044
1.39997
1.39997
1.39997
1.39997
1.39997
1.39997
1.39997
1.39997
1.39997
1.39997
1.39997
1.39997
1.39997
1.39997
1.39997
1.39997
1.39997
1.39997
1.39997
1.39997
2.04769
4.89903
5.53864
5.5534
5.49899
5.44528
5.43685
5.56663
5.792
5.78277
5.62146
5.53059
5.65321
5.85762
5.96046
6.05959
6.00042
5.96619
5.96466
5.98497
1.39997
1.39997
1.39997
1.39997
1.39997
1.39997
1.39997
1.39997
1.39997
1.39997
1.39997
1.39997
1.39997
1.39997
1.39997
1.39997
1.39997
1.39997
1.39997
1.39997
1.99952
4.90026
5.50542
5.44065
5.39631
5.40586
5.54749
5.80342
5.84826
5.75573
5.41535
5.31398
5.47701
5.86978
6.22743
6.01054
5.66034
5.71888
5.79003
5.79134
1.39997
1.39997
1.39997
1.39997
1.39997
1.39997
1.39997
1.39997
1.39997
1.39997
1.39997
1.39997
1.39997
1.39997
1.39997
1.39997
1.39997
1.39997
1.39997
1.39997
1.94323
4.82348
5.4119
5.34249
5.37608
5.52601
5.76251
5.8491
5.86251
5.57106
5.50388
5.59243
6.03252
6.17834
6.07078
5.70766
5.59378
5.65275
5.8067
5.8658
1.39997
1.39997
1.39997
1.39997
1.39997
1.39997
1.39997
1.39997
1.39997
1.39997
1.39997
1.39997
1.39997
1.39997
1.39997
1.39997
1.39997
1.39997
1.39997
1.39997
1.85884
4.70229
5.30727
5.30749
5.44196
5.70111
5.77747
5.77299
5.54413
5.52953
5.68394
6.12233
6.2486
6.23458
5.73973
5.57412
5.81031
6.03665
6.07115
6.07025
1.39997
1.39997
1.39997
1.39997
1.39997
1.39997
1.39997
1.39997
1.39997
1.39997
1.39997
1.39997
1.39997
1.39997
1.39997
1.39997
1.39997
1.39997
1.39997
1.39997
1.78699
4.58623
5.30384
5.41814
5.61717
5.6847
5.71364
5.51015
5.34836
5.40785
5.8778
6.19464
6.39585
5.91957
5.60142
5.75842
6.19622
6.44955
6.3195
6.20468
1.39997
1.39997
1.39997
1.39997
1.39997
1.39997
1.39997
1.39997
1.39997
1.39997
1.39997
1.39997
1.39997
1.39997
1.39997
1.39997
1.39997
1.39997
1.39997
1.39997
1.73414
4.51146
5.38714
5.5683
5.62622
5.61051
5.49559
5.3846
5.42336
5.70133
5.89281
5.93295
5.5547
5.40905
5.65652
6.06651
6.32148
6.42393
6.41209
6.55052
1.39997
1.39997
1.39997
1.39997
1.39997
1.39997
1.39997
1.39997
1.39997
1.39997
1.39997
1.39997
1.39997
1.39997
1.39997
1.39997
1.39997
1.39997
1.39997
1.39997
1.69531
4.5504
5.5327
5.57321
5.61904
5.48946
5.35454
5.43411
5.68852
5.94355
5.89594
5.4766
5.03269
5.18181
5.65006
6.17759
6.26115
6.23314
6.2104
6.49404
1.39997
1.39997
1.39997
1.39997
1.39997
1.39997
1.39997
1.39997
1.39997
1.39997
1.39997
1.39997
1.39997
1.39997
1.39997
1.39997
1.39997
1.39997
1.39997
1.39997
1.64582
4.57283
5.55378
5.54066
5.46852
5.37104
5.36407
5.54205
5.8919
5.99129
5.85497
5.25387
5.03846
5.11241
5.64593
6.08406
6.0906
5.67177
5.93349
6.29256
1.39997
1.39997
1.39997
1.39997
1.39997
1.39997
1.39997
1.39997
1.39997
1.39997
1.39997
1.39997
1.39997
1.39997
1.39997
1.39997
1.39997
1.39997
1.39997
1.39997
1.56085
4.48189
5.54788
5.41804
5.32939
5.37024
5.54794
5.80662
5.83101
5.79118
5.45105
5.48702
5.55458
5.85562
5.99211
5.82374
5.4176
5.52674
5.60079
5.68378
1.39997
1.39997
1.39997
1.39997
1.39997
1.39997
1.39997
1.39997
1.39997
1.39997
1.39997
1.39997
1.39997
1.39997
1.39997
1.39997
1.39997
1.39997
1.39997
1.39997
1.49462
4.29307
5.43122
5.2916
5.27409
5.46766
5.78881
5.81684
5.76028
5.39392
5.22305
5.53155
6.31481
6.47376
6.16768
5.43329
5.18144
5.36277
5.47934
5.52743
1.39997
1.39997
1.39997
1.39997
1.39997
1.39997
1.39997
1.39997
1.39997
1.39997
1.39997
1.39997
1.39997
1.39997
1.39997
1.39997
1.39997
1.39997
1.39997
1.39997
1.4609
4.16276
5.3331
5.28166
5.42602
5.65175
5.76929
5.85779
5.55325
5.24967
5.29643
5.91085
6.38755
6.52745
6.11885
5.39545
5.28137
5.30864
5.38192
5.33256
1.39997
1.39997
1.39997
1.39997
1.39997
1.39997
1.39997
1.39997
1.39997
1.39997
1.39997
1.39997
1.39997
1.39997
1.39997
1.39997
1.39997
1.39997
1.39997
1.39997
1.43388
4.07142
5.27422
5.45483
5.62877
5.64826
5.6565
5.50601
5.38036
5.42626
5.80619
5.979
6.05138
6.04326
5.54274
5.64497
6.00611
6.20115
5.91713
5.65888
1.39997
1.39997
1.39997
1.39997
1.39997
1.39997
1.39997
1.39997
1.39997
1.39997
1.39997
1.39997
1.39997
1.39997
1.39997
1.39997
1.39997
1.39997
1.39997
1.39997
1.40699
4.02873
5.3661
5.53781
5.63938
5.66922
5.49041
5.2105
5.24066
5.64183
6.05115
6.08203
5.71728
5.00555
5.32804
5.97775
6.54515
6.70612
6.52563
6.50277
1.39997
1.39997
1.39997
1.39997
1.39997
1.39997
1.39997
1.39997
1.39997
1.39997
1.39997
1.39997
1.39997
1.39997
1.39997
1.39997
1.39997
1.39997
1.39997
1.39997
1.40012
3.9418
5.42345
5.48918
5.57134
5.48749
5.28115
5.20445
5.35759
5.82663
5.9987
5.91435
5.08595
4.97652
5.23997
6.04033
6.41378
6.59628
6.55474
6.81789
1.39997
1.39997
1.39997
1.39997
1.39997
1.39997
1.39997
1.39997
1.39997
1.39997
1.39997
1.39997
1.39997
1.39997
1.39997
1.39997
1.39997
1.39997
1.39997
1.39997
1.3999
3.78983
5.39106
5.41374
5.32153
5.26631
5.31416
5.46402
5.8326
5.80203
5.77419
5.23827
5.09815
5.18433
5.50458
5.99113
6.23589
5.84879
6.3464
6.74938
1.39997
1.39997
1.39997
1.39997
1.39997
1.39997
1.39997
1.39997
1.39997
1.39997
1.39997
1.39997
1.39997
1.39997
1.39997
1.39997
1.39997
1.39997
1.39997
1.39997
1.39993
3.59136
5.28893
5.24836
5.21423
5.2128
5.35755
5.83146
5.93546
5.92616
5.41767
4.97288
4.95386
5.38251
6.02497
6.0646
5.35176
5.17646
5.31052
5.68918
1.39997
1.39997
1.39997
1.39997
1.39997
1.39997
1.39997
1.39997
1.39997
1.39997
1.39997
1.39997
1.39997
1.39997
1.39997
1.39997
1.39997
1.39997
1.39997
1.39997
1.39997
3.42174
5.19052
5.19967
5.21774
5.30994
5.66884
5.78588
5.8631
5.64515
5.2015
5.14338
5.71101
6.21524
6.10225
5.55221
5.10985
5.18097
5.21152
5.23855
1.39997
1.39997
1.39997
1.39997
1.39997
1.39997
1.39997
1.39997
1.39997
1.39997
1.39997
1.39997
1.39997
1.39997
1.39997
1.39997
1.39997
1.39997
1.39997
1.39997
1.39997
3.26465
5.13145
5.18213
5.33714
5.60406
5.65329
5.66293
5.54009
5.1729
5.2062
5.71924
6.27301
6.2396
5.9725
5.26311
4.9969
5.09154
5.0845
5.09774
1.39997
1.39997
1.39997
1.39997
1.39997
1.39997
1.39997
1.39997
1.39997
1.39997
1.39997
1.39997
1.39997
1.39997
1.39997
1.39997
1.39997
1.39997
1.39997
1.39997
1.39997
3.13836
5.09581
5.36484
5.53823
5.59259
5.64791
5.50976
5.10361
5.06291
5.29745
6.09244
6.41236
6.41291
5.67449
5.12459
5.16844
5.3154
5.25827
5.1493
1.39997
1.39997
1.39997
1.39997
1.39997
1.39997
1.39997
1.39997
1.39997
1.39997
1.39997
1.39997
1.39997
1.39997
1.39997
1.39997
1.39997
1.39997
1.39997
1.39997
1.39997
3.04813
5.19018
5.46056
5.52317
5.57668
5.41753
5.2011
5.17948
5.23687
5.84843
5.94654
6.11061
5.46246
5.13782
5.33521
6.14526
6.43875
6.28807
6.02468
1.39997
1.39997
1.39997
1.39997
1.39997
1.39997
1.39997
1.39997
1.39997
1.39997
1.39997
1.39997
1.39997
1.39997
1.39997
1.39997
1.39997
1.39997
1.39997
1.39997
1.39997
2.89315
5.20691
5.42802
5.48507
5.31613
5.19533
5.15691
5.25834
5.85705
5.92981
5.90021
5.15201
4.7315
4.98832
5.65835
6.22421
6.51579
6.59919
6.82337
1.39997
1.39997
1.39997
1.39997
1.39997
1.39997
1.39997
1.39997
1.39997
1.39997
1.39997
1.39997
1.39997
1.39997
1.39997
1.39997
1.39997
1.39997
1.39997
1.39997
1.39997
2.71097
5.11105
5.35148
5.21204
5.18988
5.15662
5.15466
5.69368
5.87434
5.8674
5.51838
4.69718
4.63577
4.92092
5.65963
6.04034
6.42545
6.59333
6.74847
1.39997
1.39997
1.39997
1.39997
1.39997
1.39997
1.39997
1.39997
1.39997
1.39997
1.39997
1.39997
1.39997
1.39997
1.39997
1.39997
1.39997
1.39997
1.39997
1.39997
1.39997
2.50721
4.99765
5.24299
5.14904
5.15487
5.22227
5.64903
5.73809
5.73262
5.71147
5.00981
4.78216
4.85388
5.12855
5.68315
5.84884
4.87781
5.16226
5.88139
1.39997
1.39997
1.39997
1.39997
1.39997
1.39997
1.39997
1.39997
1.39997
1.39997
1.39997
1.39997
1.39997
1.39997
1.39997
1.39997
1.39997
1.39997
1.39997
1.39997
1.39997
2.31914
4.90794
5.20265
5.14537
5.23645
5.57487
5.71132
5.77454
5.76226
5.08098
4.8802
4.85714
5.50415
5.93525
5.69788
4.80589
4.64525
4.61801
4.8068
1.39997
1.39997
1.39997
1.39997
1.39997
1.39997
1.39997
1.39997
1.39997
1.39997
1.39997
1.39997
1.39997
1.39997
1.39997
1.39997
1.39997
1.39997
1.39997
1.39997
1.39997
2.15893
4.81395
5.18023
5.33527
5.56531
5.61278
5.6204
5.60932
5.08903
5.0934
5.04879
5.96001
6.14093
5.9484
5.35676
4.61853
4.54929
4.47722
4.61562
1.39997
1.39997
1.39997
1.39997
1.39997
1.39997
1.39997
1.39997
1.39997
1.39997
1.39997
1.39997
1.39997
1.39997
1.39997
1.39997
1.39997
1.39997
1.39997
1.39997
1.39997
2.00733
4.76393
5.47979
5.57878
5.6028
5.60115
5.52032
5.06405
4.96255
4.99146
5.72207
6.20024
6.17765
5.92026
5.04397
4.57277
4.46654
4.37933
4.52678
1.39997
1.39997
1.39997
1.39997
1.39997
1.39997
1.39997
1.39997
1.39997
1.39997
1.39997
1.39997
1.39997
1.39997
1.39997
1.39997
1.39997
1.39997
1.39997
1.39997
1.39997
1.81991
4.81137
5.58644
5.54402
5.54084
5.45282
5.14798
5.03122
5.07588
5.4813
5.8775
6.04006
6.009
5.54501
4.89407
4.70509
4.68305
4.39428
4.24161
1.39997
1.39997
1.39997
1.39997
1.39997
1.39997
1.39997
1.39997
1.39997
1.39997
1.39997
1.39997
1.39997
1.39997
1.39997
1.39997
1.39997
1.39997
1.39997
1.39997
1.39997
1.45599
4.27876
5.42765
5.37504
5.33374
5.29662
5.35887
5.45698
5.53959
5.55858
5.43469
5.20912
4.9882
4.92912
5.20937
5.47783
5.46263
5.05403
3.92603
1.39997
1.39997
1.39997
1.39997
1.39997
1.39997
1.39997
1.39997
1.39997
1.39997
1.39997
1.39997
1.39997
1.39997
1.39997
1.39997
1.39997
1.39997
1.39997
1.39997
1.39997
1.40022
3.3363
5.19641
5.31955
5.35973
5.40441
5.42016
5.41981
5.38725
5.30697
5.22668
5.16832
5.15433
5.14095
5.05896
4.93491
4.73865
4.43177
3.80462
1.39997
1.39997
1.39997
1.39997
1.39997
1.39997
1.39997
1.39997
1.39997
1.39997
1.39997
1.39997
1.39997
1.39997
1.39997
1.39997
1.39997
1.39997
1.39997
1.39997
1.39997
1.39997
2.34275
4.9061
5.31504
5.33105
5.34173
5.331
5.30887
5.28146
5.25882
5.22346
5.16395
5.07466
4.96621
4.83567
4.69666
4.49363
4.10868
3.50306
1.39997
1.39997
1.39997
1.39997
1.39997
1.39997
1.39997
1.39997
1.39997
1.39997
1.39997
1.39997
1.39997
1.39997
1.39997
1.39997
1.39997
1.39997
1.39997
1.39997
1.39997
1.39997
1.53202
4.37716
5.34497
5.29488
5.2758
5.26666
5.26144
5.25627
5.23046
5.16383
5.05726
4.93695
4.81583
4.69611
4.56503
4.37617
4.04687
3.51061
1.39997
1.39997
1.39997
1.39997
1.39997
1.39997
1.39997
1.39997
1.39997
1.39997
1.39997
1.39997
1.39997
1.39997
1.39997
1.39997
1.39997
1.39997
1.39997
1.39997
1.39997
1.39997
1.40133
3.36423
5.1159
5.19637
5.20246
5.19899
5.18594
5.16889
5.13464
5.0797
5.00245
4.89229
4.75569
4.59974
4.41939
4.20371
3.92598
3.51626
1.39997
1.39997
1.39997
1.39997
1.39997
1.39997
1.39997
1.39997
1.39997
1.39997
1.39997
1.39997
1.39997
1.39997
1.39997
1.39997
1.39997
1.39997
1.39997
1.39997
1.39997
1.39997
1.39996
2.15196
4.80111
5.18783
5.16319
5.14917
5.12276
5.09183
5.04961
5.00577
4.94733
4.84844
4.71221
4.54777
4.35724
4.12891
3.84167
3.51028
1.39997
1.39997
1.39997
1.39997
1.39997
1.39997
1.39997
1.39997
1.39997
1.39997
1.39997
1.39997
1.39997
1.39997
1.39997
1.39997
1.39997
1.39997
1.39997
1.39997
1.39997
1.39997
1.39997
1.47201
3.86799
5.12722
5.12525
5.11216
5.08173
5.03921
4.98358
4.92231
4.85001
4.76087
4.6474
4.51366
4.34001
4.12626
3.85071
3.55992
1.39997
1.39997
1.39997
1.39997
1.39997
1.39997
1.39997
1.39997
1.39997
1.39997
1.39997
1.39997
1.39997
1.39997
1.39997
1.39997
1.39997
1.39997
1.39997
1.39997
1.39997
1.39997
1.39997
1.40021
2.44096
4.86914
5.11799
5.08493
5.0527
5.00662
4.9432
4.86561
4.77456
4.67727
4.57
4.45121
4.30904
4.12616
3.88904
3.63329
1.39997
1.39997
1.39997
1.39997
1.39997
1.39997
1.39997
1.39997
1.39997
1.39997
1.39997
1.39997
1.39997
1.39997
1.39997
1.39997
1.39997
1.39997
1.39997
1.39997
1.39997
1.39997
1.39997
1.39997
1.521
3.99952
5.09842
5.0613
5.03576
4.985
4.91734
4.83478
4.73623
4.62992
4.5081
4.3825
4.25167
4.10302
3.91439
3.69293
1.39997
1.39997
1.39997
1.39997
1.39997
1.39997
1.39997
1.39997
1.39997
1.39997
1.39997
1.39997
1.39997
1.39997
1.39997
1.39997
1.39997
1.39997
1.39997
1.39997
1.39997
1.39997
1.39997
1.39997
1.40095
2.44573
4.83029
5.03117
4.99805
4.95059
4.88564
4.80761
4.71471
4.60557
4.47984
4.34558
4.20519
4.06608
3.90881
3.71824
1.39997
1.39997
1.39997
1.39997
1.39997
1.39997
1.39997
1.39997
1.39997
1.39997
1.39997
1.39997
1.39997
1.39997
1.39997
1.39997
1.39997
1.39997
1.39997
1.39997
1.39997
1.39997
1.39997
1.39997
1.39997
1.51253
3.8075
5.02399
5.00627
4.94687
4.87752
4.79696
4.70156
4.59201
4.46757
4.33568
4.1934
4.05014
3.89694
3.72642
1.39997
1.39997
1.39997
1.39997
1.39997
1.39997
1.39997
1.39997
1.39997
1.39997
1.39997
1.39997
1.39997
1.39997
1.39997
1.39997
1.39997
1.39997
1.39997
1.39997
1.39997
1.39997
1.39997
1.39997
1.39997
1.4009
2.10146
4.66436
4.99332
4.91361
4.85684
4.77756
4.68356
4.57763
4.45982
4.33374
4.19489
4.05081
3.89754
3.73726
1.39997
1.39997
1.39997
1.39997
1.39997
1.39997
1.39997
1.39997
1.39997
1.39997
1.39997
1.39997
1.39997
1.39997
1.39997
1.39997
1.39997
1.39997
1.39997
1.39997
1.39997
1.39997
1.39997
1.39997
1.39997
1.39997
1.44728
3.36749
4.89422
4.89106
4.83871
4.76745
4.67588
4.56927
4.45275
4.33055
4.19799
4.05823
3.91268
3.76237
1.39997
1.39997
1.39997
1.39997
1.39997
1.39997
1.39997
1.39997
1.39997
1.39997
1.39997
1.39997
1.39997
1.39997
1.39997
1.39997
1.39997
1.39997
1.39997
1.39997
1.39997
1.39997
1.39997
1.39997
1.39997
1.39997
1.40017
1.79288
4.20567
4.92107
4.84959
4.77721
4.68402
4.57983
4.46337
4.33861
4.20867
4.07363
3.93825
3.79523
1.39997
1.39997
1.39997
1.39997
1.39997
1.39997
1.39997
1.39997
1.39997
1.39997
1.39997
1.39997
1.39997
1.39997
1.39997
1.39997
1.39997
1.39997
1.39997
1.39997
1.39997
1.39997
1.39997
1.39997
1.39997
1.39997
1.39997
1.41374
2.49681
4.69358
4.86007
4.77024
4.68585
4.5877
4.47681
4.35383
4.22452
4.09097
3.96257
3.82812
1.39997
1.39997
1.39997
1.39997
1.39997
1.39997
1.39997
1.39997
1.39997
1.39997
1.39997
1.39997
1.39997
1.39997
1.39997
1.39997
1.39997
1.39997
1.39997
1.39997
1.39997
1.39997
1.39997
1.39997
1.39997
1.39997
1.39997
1.40003
1.51536
3.4763
4.78208
4.75708
4.68208
4.59405
4.49484
4.38287
4.26058
4.13078
4.00489
3.87526
1.39997
1.39997
1.39997
1.39997
1.39997
1.39997
1.39997
1.39997
1.39997
1.39997
1.39997
1.39997
1.39997
1.39997
1.39997
1.39997
1.39997
1.39997
1.39997
1.39997
1.39997
1.39997
1.39997
1.39997
1.39997
1.39997
1.39997
1.39997
1.40122
1.85199
4.03105
4.755
4.68265
4.59883
4.50724
4.40693
4.29814
4.18041
4.05961
3.93398
1.39997
1.39997
1.39997
1.39997
1.39997
1.39997
1.39997
1.39997
1.39997
1.39997
1.39997
1.39997
1.39997
1.39997
1.39997
1.39997
1.39997
1.39997
1.39997
1.39997
1.39997
1.39997
1.39997
1.39997
1.39997
1.39997
1.39997
1.39997
1.39997
1.41819
2.29083
4.38547
4.7063
4.61861
4.52869
4.43118
4.32901
4.2215
4.10782
3.98847
1.39997
1.39997
1.39997
1.39997
1.39997
1.39997
1.39997
1.39997
1.39997
1.39997
1.39997
1.39997
1.39997
1.39997
1.39997
1.39997
1.39997
1.39997
1.39997
1.39997
1.39997
1.39997
1.39997
1.39997
1.39997
1.39997
1.39997
1.39997
1.39997
1.40008
1.4738
2.8283
4.544
4.65992
4.55464
4.46001
4.35986
4.25575
4.14703
4.03264
1.39997
1.39997
1.39997
1.39997
1.39997
1.39997
1.39997
1.39997
1.39997
1.39997
1.39997
1.39997
1.39997
1.39997
1.39997
1.39997
1.39997
1.39997
1.39997
1.39997
1.39997
1.39997
1.39997
1.39997
1.39997
1.39997
1.39997
1.39997
1.39997
1.39997
1.40077
1.60084
3.34752
4.59756
4.58424
4.48548
4.38547
4.28288
4.17879
4.0685
1.39997
1.39997
1.39997
1.39997
1.39997
1.39997
1.39997
1.39997
1.39997
1.39997
1.39997
1.39997
1.39997
1.39997
1.39997
1.39997
1.39997
1.39997
1.39997
1.39997
1.39997
1.39997
1.39997
1.39997
1.39997
1.39997
1.39997
1.39997
1.39997
1.39997
1.39997
1.40406
1.81299
3.70462
4.57105
4.53004
4.42334
4.31778
4.21554
4.10649
1.39997
1.39997
1.39997
1.39997
1.39997
1.39997
1.39997
1.39997
1.39997
1.39997
1.39997
1.39997
1.39997
1.39997
1.39997
1.39997
1.39997
1.39997
1.39997
1.39997
1.39997
1.39997
1.39997
1.39997
1.39997
1.39997
1.39997
1.39997
1.39997
1.39997
1.39997
1.39998
1.41575
2.04777
3.92671
4.529
4.47904
4.37132
4.26696
4.1579
1.39997
1.39997
1.39997
1.39997
1.39997
1.39997
1.39997
1.39997
1.39997
1.39997
1.39997
1.39997
1.39997
1.39997
1.39997
1.39997
1.39997
1.39997
1.39997
1.39997
1.39997
1.39997
1.39997
1.39997
1.39997
1.39997
1.39997
1.39997
1.39997
1.39997
1.39997
1.39997
1.40007
1.43828
2.27258
4.05441
4.49288
4.43851
4.33096
4.22355
1.39997
1.39997
1.39997
1.39997
1.39997
1.39997
1.39997
1.39997
1.39997
1.39997
1.39997
1.39997
1.39997
1.39997
1.39997
1.39997
1.39997
1.39997
1.39997
1.39997
1.39997
1.39997
1.39997
1.39997
1.39997
1.39997
1.39997
1.39997
1.39997
1.39997
1.39997
1.39997
1.39997
1.40032
1.47081
2.45832
4.12368
4.45962
4.40061
4.29432
1.39997
1.39997
1.39997
1.39997
1.39997
1.39997
1.39997
1.39997
1.39997
1.39997
1.39997
1.39997
1.39997
1.39997
1.39997
1.39997
1.39997
1.39997
1.39997
1.39997
1.39997
1.39997
1.39997
1.39997
1.39997
1.39997
1.39997
1.39997
1.39997
1.39997
1.39997
1.39997
1.39997
1.39997
1.40084
1.50649
2.60117
4.15493
4.41989
4.36393
1.39997
1.39997
1.39997
1.39997
1.39997
1.39997
1.39997
1.39997
1.39997
1.39997
1.39997
1.39997
1.39997
1.39997
1.39997
1.39997
1.39997
1.39997
1.39997
1.39997
1.39997
1.39997
1.39997
1.39997
1.39997
1.39997
1.39997
1.39997
1.39997
1.39997
1.39997
1.39997
1.39997
1.39997
1.39997
1.40161
1.54081
2.6999
4.15753
4.3647
1.39997
1.39997
1.39997
1.39997
1.39997
1.39997
1.39997
1.39997
1.39997
1.39997
1.39997
1.39997
1.39997
1.39997
1.39997
1.39997
1.39997
1.39997
1.39997
1.39997
1.39997
1.39997
1.39997
1.39997
1.39997
1.39997
1.39997
1.39997
1.39997
1.39997
1.39997
1.39997
1.39997
1.39997
1.39997
1.39997
1.40254
1.56955
2.76671
4.12781
1.39997
1.39997
1.39997
1.39997
1.39997
1.39997
1.39997
1.39997
1.39997
1.39997
1.39997
1.39997
1.39997
1.39997
1.39997
1.39997
1.39997
1.39997
1.39997
1.39997
1.39997
1.39997
1.39997
1.39997
1.39997
1.39997
1.39997
1.39997
1.39997
1.39997
1.39997
1.39997
1.39997
1.39997
1.39997
1.39997
1.39998
1.40374
1.58766
2.90874
1.39997
1.39997
1.39997
1.39997
1.39997
1.39997
1.39997
1.39997
1.39997
1.39997
1.39997
1.39997
1.39997
1.39997
1.39997
1.39997
1.39997
1.39997
1.39997
1.39997
1.39997
1.39997
1.39997
1.39997
1.39997
1.39997
1.39997
1.39997
1.39997
1.39997
1.39997
1.39997
1.39997
1.39997
1.39997
1.39997
1.39997
1.39998
1.40378
1.66994
1.39997
1.39997
1.39997
1.39997
1.39997
1.39997
1.39997
1.39997
1.39997
1.39997
1.39997
1.39997
1.39997
1.39997
1.39997
1.39997
1.39997
1.39997
1.39997
1.39997
1.39997
1.39997
1.39997
1.39997
1.39997
1.39997
1.39997
1.39997
1.39997
1.39997
1.39997
1.39997
1.39997
1.39997
1.39997
1.39997
1.39997
1.39997
1.39999
1.40759
1.39997
1.39997
1.39997
1.39997
1.39997
1.39997
1.39997
1.39997
1.39997
1.39997
1.39997
1.39997
1.39997
1.39997
1.39997
1.39997
1.39997
1.39997
1.39997
1.39997
1.39997
1.39997
1.39997
1.39997
1.39997
1.39997
1.39997
1.39997
1.39997
1.39997
1.39997
1.39997
1.39997
1.39997
1.39997
1.39997
1.39997
1.39997
1.39997
1.39998
1.39997
1.39997
1.39997
1.39997
1.39997
1.39997
1.39997
1.39997
1.39997
1.39997
1.39997
1.39997
1.39997
1.39997
1.39997
1.39997
1.39997
1.39997
1.39997
1.39997
1.39997
1.39997
1.39997
1.39997
1.39997
1.39997
1.39997
1.39997
1.39997
1.39997
1.39997
1.39997
1.39997
1.39997
1.39997
1.39997
1.39997
1.39997
1.39997
1.39997
1.39997
1.39997
1.39997
1.39997
1.39997
1.39997
1.39997
1.39997
1.39997
1.39997
1.39997
1.39997
1.39997
1.39997
1.39997
1.39997
1.39997
1.39997
1.39997
1.39997
1.39997
1.39997
1.39997
1.39997
1.39997
1.39997
1.39997
1.39997
1.39997
1.39997
1.39997
1.39997
1.39997
1.39997
1.39997
1.39997
1.39997
1.39997
1.39997
1.39997
1.39997
1.39997
1.39997
1.39997
1.39997
1.39997
1.39997
1.39997
1.39997
1.39997
1.39997
1.39997
1.39997
1.39997
1.39997
1.39997
1.39997
1.39997
1.39997
1.39997
1.39997
1.39997
1.39997
1.39997
1.39997
1.39997
1.39997
1.39997
1.39997
1.39997
1.39997
1.39997
1.39997
1.39997
1.39997
1.39997
1.39997
1.39997
1.39997
1.39997
1.39997
1.39997
1.39997
1.39997
1.39997
1.39997
1.39997
1.39997
1.39997
1.39997
1.39997
1.39997
1.39997
1.39997
1.39997
1.39997
1.39997
1.39997
1.39997
1.39997
1.39997
1.39997
1.39997
1.39997
1.39997
1.39997
1.39997
1.39997
1.39997
1.39997
1.39997
1.39997
1.39997
1.39997
1.39997
1.39997
1.39997
1.39997
1.39997
1.39997
1.39997
1.39997
1.39997
1.39997
1.39997
1.39997
1.39997
1.39997
1.39997
1.39997
1.39997
1.39997
1.39997
1.39997
1.39997
1.39997
1.39997
1.39997
1.39997
1.39997
1.39997
1.39997
1.39997
1.39997
1.39997
1.39997
1.39997
1.39997
1.39997
1.39997
1.39997
1.39997
1.39997
1.39997
1.39997
1.39997
1.39997
1.39997
1.39997
1.39997
1.39997
1.39997
1.39997
1.39997
1.39997
1.39997
1.39997
1.39997
1.39997
1.39997
1.39997
1.39997
1.39997
1.39997
1.39997
1.39997
1.39997
1.39997
1.39997
1.39997
1.39997
1.39997
1.39997
1.39997
1.39997
1.39997
1.39997
1.39997
1.39997
1.39997
1.39997
1.39997
1.39997
1.39997
1.39997
1.39997
1.39997
1.39997
1.39997
1.39997
1.39997
1.39997
1.39997
1.39997
1.39997
1.39997
1.39997
1.39997
1.39997
1.39997
1.39997
1.39997
1.39997
1.39997
1.39997
1.39997
1.39997
1.39997
1.39997
1.39997
1.39997
1.39997
1.39997
1.39997
1.39997
1.39997
1.39997
1.39997
1.39997
1.39997
1.39997
1.39997
1.39997
1.39997
1.39997
1.39997
1.39997
1.39997
1.39997
1.39997
1.39997
1.39997
1.39997
1.39997
1.39997
1.39997
1.39997
1.39997
1.39997
1.39997
1.39997
1.39997
1.39997
1.39997
1.39997
1.39997
1.39997
1.39997
1.39997
1.39997
1.39997
1.39997
1.39997
1.39997
1.39997
1.39997
1.39997
1.39997
1.39997
1.39997
1.39997
1.39997
1.39997
1.39997
1.39997
1.39997
1.39997
1.39997
1.39997
1.39997
1.39997
1.39997
1.39997
1.39997
1.39997
1.39997
1.39997
1.39997
1.39997
1.39997
1.39997
1.39997
1.39997
1.39997
1.39997
1.39997
1.39997
1.39997
1.39997
1.39997
1.39997
1.39997
1.39997
1.39997
1.39997
1.39997
1.39997
1.39997
1.39997
1.39997
1.39997
1.39997
1.39997
1.39997
1.39997
1.39997
1.39997
1.39997
1.39997
1.39997
0.896085
0.341096
0.495999
0.704061
0.815618
0.88313
0.965374
0.986662
1.00216
1.00657
1.6293
2.36
2.47372
2.50491
2.49046
2.50732
2.5254
2.53585
2.53343
2.52764
2.51056
2.47741
2.43335
2.38973
2.35528
2.32653
2.29692
2.26472
2.2152
2.15085
2.08373
2.02561
1.98062
1.94382
1.90323
1.85783
1.80842
1.7549
1.70772
1.63702
1.62738
0.608179
0.627251
0.701783
0.814598
0.907264
0.970449
1.00645
1.02991
1.03257
1.60884
2.37078
2.5083
2.53071
2.50847
2.51701
2.53353
2.54639
2.53271
2.51559
2.503
2.48869
2.46614
2.43293
2.3885
2.33891
2.29009
2.24719
2.20171
2.14927
2.09696
2.04579
1.99676
1.95138
1.90641
1.86098
1.81289
1.76201
1.71429
1.63973
2.04228
0.941944
0.732987
0.742272
0.835122
0.94602
1.0286
1.07567
1.0937
1.08992
1.58042
2.41028
2.57512
2.60301
2.59236
2.60562
2.62813
2.6498
2.63345
2.59178
2.55217
2.5305
2.51987
2.50637
2.47662
2.42707
2.36469
2.28995
2.21633
2.15749
2.11074
2.06945
2.02748
1.98134
1.93153
1.88057
1.82812
1.77738
1.73301
1.65408
2.33948
1.32998
0.985228
0.808552
0.846817
0.932591
1.02583
1.10699
1.16465
1.15481
1.54977
2.52447
2.73187
2.70219
2.68461
2.70249
2.73036
2.75531
2.75266
2.71467
2.6709
2.63791
2.61364
2.58769
2.55426
2.50291
2.4362
2.35864
2.28322
2.22126
2.16866
2.11805
2.06618
2.01443
1.96522
1.91699
1.86596
1.81205
1.76197
1.67619
2.55872
1.67898
1.21431
0.89936
0.904725
0.925507
0.988275
1.08467
1.17926
1.17877
1.52076
2.6883
2.98364
2.85838
2.82409
2.84691
2.87779
2.89265
2.87566
2.82994
2.78481
2.74549
2.71104
2.67879
2.63776
2.5793
2.50469
2.42274
2.34653
2.28345
2.22942
2.17605
2.11891
2.06092
2.0071
1.95757
1.90813
1.85651
1.80405
1.70787
2.72995
1.947
1.43671
1.10815
1.00413
0.93586
0.953712
1.03297
1.15
1.16223
1.43358
2.83846
3.30663
3.06401
2.96447
2.9565
2.9633
2.96719
2.95414
2.92091
2.88356
2.84038
2.79596
2.74829
2.69247
2.62965
2.56339
2.49253
2.41718
2.34434
2.27952
2.21913
2.15919
2.10059
2.04562
1.99443
1.9441
1.89218
1.83863
1.74002
2.86954
2.1629
1.6506
1.29911
1.1051
0.952134
0.966063
0.993026
1.0712
1.12157
1.35883
2.89308
3.56112
3.20297
3.05848
3.03117
3.02425
3.02199
3.02233
3.00522
2.96405
2.91096
2.84758
2.77565
2.70601
2.64886
2.59808
2.5431
2.47697
2.40013
2.32203
2.25008
2.18528
2.12697
2.07388
2.02365
1.97254
1.91832
1.86159
1.76396
3.00215
2.36294
1.83897
1.48405
1.24356
1.02876
1.00938
0.992788
1.00669
1.0773
1.32273
2.81601
3.71391
3.31635
3.10726
3.0633
3.05875
3.053
3.03995
3.01371
2.9659
2.90917
2.84747
2.77894
2.71149
2.66224
2.62503
2.58207
2.52153
2.44014
2.34751
2.26476
2.1979
2.14164
2.09004
2.0396
1.98644
1.92845
1.8714
1.78144
3.13408
2.5416
2.00547
1.65225
1.36461
1.13502
1.05948
0.992363
0.995971
1.03564
1.32403
2.60866
3.69355
3.43522
3.15656
3.07867
3.06438
3.05405
3.02895
2.99731
2.95098
2.89941
2.84399
2.78349
2.72668
2.6836
2.64435
2.59512
2.53158
2.45127
2.3593
2.27349
2.20463
2.1488
2.09759
2.04615
1.99106
1.92968
1.87282
1.79157
3.23472
2.67417
2.14473
1.78943
1.47462
1.25918
1.14886
1.02515
1.00497
1.07171
1.40818
2.29687
3.57931
3.47467
3.21229
3.09347
3.06016
3.05019
3.02291
2.98381
2.9412
2.8951
2.84565
2.79666
2.75302
2.70816
2.65236
2.58961
2.52214
2.44765
2.36688
2.28456
2.21179
2.15375
2.10539
2.05306
1.99271
1.92793
1.87498
1.8009
3.3
2.76355
2.25685
1.91122
1.58046
1.3816
1.23451
1.07661
1.02634
1.1531
1.58091
1.96166
3.24754
3.49617
3.26561
3.1178
3.06011
3.04437
3.02122
2.98501
2.94834
2.90649
2.8618
2.82208
2.78112
2.72619
2.65594
2.58048
2.50773
2.43902
2.37021
2.29776
2.22499
2.16073
2.10056
2.04128
1.98277
1.92256
1.87819
1.81165
3.35396
2.82608
2.36006
2.0176
1.68233
1.4991
1.32336
1.15205
1.08867
1.31445
1.80328
1.89945
2.74125
3.45551
3.29999
3.13949
3.06337
3.04024
3.02161
2.99659
2.96832
2.92665
2.88068
2.83934
2.79104
2.72768
2.65307
2.57507
2.49944
2.43248
2.37135
2.309
2.23962
2.16626
2.09585
2.03293
1.97661
1.92179
1.886
1.82321
3.40644
2.88375
2.46141
2.11367
1.78923
1.61222
1.39917
1.23027
1.17972
1.5196
1.98221
1.96538
2.23687
3.2432
3.32038
3.16874
3.07765
3.03861
3.02036
3.00559
2.9849
2.94061
2.88891
2.8389
2.78297
2.71734
2.64764
2.57549
2.50246
2.436
2.37584
2.31558
2.24796
2.17179
2.09525
2.02899
1.97487
1.92829
1.89963
1.83473
3.45945
2.94663
2.56335
2.19748
1.90207
1.71157
1.46424
1.31188
1.35606
1.77593
2.06878
2.04019
2.04859
2.78561
3.29114
3.20754
3.11191
3.04629
3.01912
3.00816
2.98704
2.93963
2.88309
2.82363
2.76255
2.70174
2.6432
2.58138
2.51411
2.44586
2.38031
2.31651
2.24877
2.1748
2.09904
2.03316
1.98021
1.94043
1.91514
1.84989
3.50748
3.01707
2.65948
2.27629
2.01371
1.79125
1.53215
1.40614
1.6045
2.06004
2.13731
2.10456
2.06803
2.31959
3.10334
3.2357
3.14519
3.05963
3.01724
2.99991
2.97929
2.93549
2.87672
2.80932
2.74448
2.68901
2.64185
2.59176
2.53021
2.45913
2.38545
2.31499
2.24498
2.17455
2.1057
2.04649
1.9964
1.95583
1.92001
1.83953
3.55828
3.0924
2.74026
2.35413
2.11493
1.85114
1.60521
1.53502
1.92351
2.3014
2.24635
2.17488
2.10633
2.11562
2.68196
3.18142
3.18371
3.08353
3.01972
2.99077
2.96972
2.93322
2.87518
2.80318
2.73828
2.68995
2.64784
2.60139
2.54248
2.47082
2.39153
2.31487
2.24414
2.17986
2.11973
2.06585
2.01528
1.9722
1.9242
1.83056
3.61109
3.16955
2.80247
2.43571
2.19877
1.89644
1.68968
1.76433
2.26704
2.43847
2.36307
2.26697
2.16795
2.11248
2.27512
2.93082
3.17703
3.11575
3.04111
2.99365
2.9671
2.9345
2.87569
2.80696
2.75037
2.70582
2.66143
2.61143
2.55164
2.47996
2.39835
2.31831
2.24843
2.19071
2.13703
2.08423
2.02558
1.96816
1.9084
1.81823
3.66575
3.24509
2.8517
2.52356
2.26623
1.95174
1.80743
2.09964
2.58682
2.53885
2.45243
2.35293
2.24421
2.1438
2.12439
2.50513
3.05813
3.14544
3.06555
3.00863
2.97577
2.93939
2.88254
2.82811
2.78095
2.73104
2.67582
2.61838
2.556
2.48545
2.4065
2.32945
2.26283
2.20715
2.15262
2.09473
2.02772
1.96203
1.89308
1.81107
3.72175
3.31158
2.89834
2.61556
2.31704
2.03209
1.9896
2.47976
2.80357
2.68563
2.55193
2.43197
2.32375
2.20956
2.12772
2.18962
2.71478
3.09012
3.0931
3.03315
2.9911
2.94215
2.89178
2.85119
2.80638
2.751
2.68794
2.62308
2.55769
2.49032
2.41834
2.34741
2.28101
2.2202
2.16036
2.09621
2.02535
1.95468
1.88007
1.81024
3.77938
3.36518
2.96271
2.70695
2.36249
2.13662
2.30794
2.8382
2.92215
2.80951
2.65532
2.51631
2.396
2.28145
2.16513
2.12454
2.31384
2.84353
3.06121
3.04427
2.99801
2.94108
2.89587
2.85931
2.81117
2.75261
2.68852
2.62266
2.55705
2.49332
2.42891
2.36221
2.29222
2.22476
2.15952
2.09189
2.02263
1.94755
1.87409
1.8202
3.83654
3.40786
3.04744
2.77976
2.42457
2.29364
2.73677
3.12334
3.01995
2.89883
2.75757
2.60979
2.47451
2.35867
2.23787
2.13358
2.12135
2.43789
2.89674
3.01845
2.98739
2.93367
2.88962
2.85218
2.80325
2.74683
2.68463
2.62025
2.55606
2.49369
2.43233
2.36735
2.29437
2.22124
2.15166
2.0836
2.01915
1.94093
1.8739
1.85276
3.89327
3.45348
3.14818
2.82655
2.51065
2.57246
3.15683
3.31382
3.15546
2.9982
2.84752
2.69425
2.55353
2.43181
2.31247
2.18658
2.09903
2.14278
2.53202
2.89606
2.96208
2.91643
2.87476
2.83889
2.79158
2.73828
2.67919
2.61578
2.55276
2.4919
2.43112
2.36421
2.28941
2.21336
2.14201
2.07432
2.01295
1.93744
1.88236
1.91679
3.94798
3.52023
3.24328
2.86046
2.63948
3.00697
3.48995
3.43424
3.27603
3.10176
2.93845
2.78179
2.63854
2.51197
2.3913
2.25757
2.12363
2.07371
2.19086
2.5992
2.87406
2.8922
2.85343
2.82179
2.77981
2.72999
2.67368
2.61174
2.54747
2.48267
2.41589
2.34814
2.27842
2.2064
2.13744
2.07199
2.01156
1.94299
1.90769
2.01787
4.0047
3.61912
3.30579
2.92332
2.86793
3.50079
3.7528
3.56347
3.39201
3.21075
3.0328
2.86936
2.72215
2.58885
2.46438
2.33593
2.19152
2.07381
2.04324
2.24423
2.6379
2.82717
2.82357
2.79823
2.76911
2.72717
2.67353
2.61495
2.55456
2.48464
2.40749
2.33306
2.26688
2.20303
2.14004
2.07699
2.01426
1.96518
1.94883
2.1577
4.07696
3.74483
3.346
3.03521
3.30769
3.92078
3.9033
3.71742
3.51573
3.31753
3.12826
2.95798
2.80794
2.67027
2.53733
2.40814
2.26906
2.12374
2.03277
2.04147
2.3027
2.68693
2.75483
2.77676
2.75822
2.7306
2.67918
2.61629
2.54221
2.46421
2.39016
2.32408
2.25952
2.2012
2.15257
2.1032
2.02983
1.99669
2.02101
2.34064
4.16801
3.85203
3.39761
3.22466
3.89178
4.24895
4.02992
3.83969
3.63294
3.42155
3.22593
3.05228
2.89607
2.74779
2.60147
2.46355
2.33543
2.19499
2.06315
1.98622
2.03825
2.3749
2.63779
2.74044
2.73768
2.72131
2.67836
2.61803
2.53491
2.45329
2.38221
2.32526
2.26944
2.20963
2.1525
2.08633
2.0475
2.03711
2.18309
2.53285
4.24961
3.93636
3.47819
3.65437
4.43145
4.46155
4.18737
3.96376
3.74567
3.52233
3.31639
3.13693
2.97366
2.81678
2.66077
2.51208
2.38462
2.25671
2.12392
1.99999
1.94733
2.05838
2.44002
2.65189
2.71861
2.70659
2.67527
2.60635
2.51823
2.44276
2.38255
2.32345
2.26238
2.21036
2.15142
2.08706
2.06816
2.13015
2.4401
2.69554
4.26008
4.01974
3.64048
4.32926
4.80697
4.60233
4.32229
4.07272
3.8339
3.60732
3.40421
3.21876
3.04318
2.87371
2.70812
2.5514
2.41976
2.30559
2.17876
2.0362
1.93106
1.90387
2.12882
2.45067
2.65035
2.66903
2.64845
2.5859
2.5069
2.43645
2.3786
2.31766
2.26219
2.2048
2.13547
2.09305
2.11216
2.34497
2.70308
2.77721
4.02332
3.87486
3.9806
4.99993
5.04033
4.71623
4.43456
4.16899
3.91241
3.6823
3.48104
3.28947
3.09726
2.90954
2.7391
2.58443
2.4449
2.32921
2.2182
2.0825
1.94695
1.85846
1.88784
2.19127
2.52208
2.62517
2.60078
2.55723
2.49821
2.43929
2.3707
2.30848
2.25207
2.18616
2.13395
2.11918
2.26128
2.62946
2.87087
2.8403
3.37354
3.70255
4.69957
5.43587
5.13378
4.80002
4.52027
4.24651
3.98722
3.75794
3.55418
3.35528
3.14737
2.94031
2.75931
2.61219
2.47246
2.34298
2.23404
2.11406
1.97698
1.86553
1.8099
1.91836
2.26843
2.52885
2.54616
2.5291
2.48607
2.41778
2.34789
2.2875
2.23164
2.17393
2.14271
2.19769
2.52029
2.87949
2.94362
2.88132
2.53486
3.78497
5.45139
5.57679
5.17056
4.85997
4.59521
4.31587
4.06662
3.84083
3.62257
3.40683
3.19007
2.97664
2.78673
2.63037
2.49299
2.35304
2.23198
2.12751
1.9997
1.86841
1.78349
1.76164
1.98504
2.35921
2.49993
2.48441
2.44942
2.38694
2.32295
2.26641
2.2093
2.16933
2.18007
2.40859
2.82108
2.97232
2.96139
2.88628
2.18377
4.3199
5.96343
5.67491
5.20492
4.92825
4.67731
4.40232
4.16052
3.92839
3.68791
3.44873
3.22423
3.01216
2.81703
2.64778
2.50995
2.36718
2.22753
2.11682
2.02901
1.90682
1.77428
1.70524
1.75106
2.08036
2.3697
2.42737
2.40376
2.35809
2.30104
2.24325
2.18836
2.1739
2.30704
2.69757
3.00943
3.01353
2.97389
2.8853
1.84769
4.85092
6.44197
5.72601
5.26432
5.0134
4.76372
4.49748
4.25488
4.00865
3.74926
3.48855
3.24944
3.04234
2.85168
2.67289
2.51312
2.38455
2.2401
2.10428
1.99541
1.8895
1.76907
1.68265
1.64022
1.79113
2.13393
2.36399
2.36021
2.32784
2.27587
2.21207
2.18487
2.2308
2.5752
2.92533
3.04928
3.0299
2.98223
2.88341
1.57954
5.16435
6.57303
5.76647
5.34859
5.10936
4.84676
4.57932
4.32163
4.06024
3.78848
3.51697
3.26644
3.07021
2.89524
2.71066
2.52006
2.34531
2.20071
2.07619
1.97066
1.88747
1.79272
1.66296
1.58857
1.60212
1.87124
2.19849
2.30525
2.28153
2.23306
2.18739
2.1911
2.40862
2.86675
3.03838
3.04231
3.01563
2.96603
2.88098
1.4613
4.97002
6.37527
5.68478
5.36938
5.13506
4.8829
4.63133
4.34158
4.04676
3.7704
3.52776
3.2988
3.06687
2.85812
2.67067
2.49266
2.31871
2.1715
2.054
1.95331
1.85673
1.75938
1.64814
1.56265
1.52846
1.63218
1.95195
2.20835
2.20306
2.17679
2.17677
2.28372
2.71165
3.02523
3.05714
3.01275
2.97652
2.93836
2.86691
1.56857
4.67595
6.03831
5.54807
5.3341
5.1154
4.85422
4.5781
4.28908
3.99962
3.71913
3.46145
3.23363
3.02358
2.82182
2.63229
2.45025
2.28343
2.14233
2.02625
1.92483
1.82794
1.74153
1.65164
1.55012
1.49245
1.49962
1.7094
2.05443
2.14429
2.14259
2.18642
2.51156
2.97831
3.04515
3.02692
2.97776
2.93695
2.90688
2.85262
1.68176
4.4829
5.69112
5.35886
5.18495
4.98112
4.74686
4.47857
4.19642
3.91368
3.6412
3.3913
3.16186
2.94964
2.75528
2.57436
2.40531
2.25265
2.11762
2.00122
1.89652
1.80165
1.72152
1.64618
1.55224
1.48237
1.44666
1.5145
1.83863
2.04506
2.12118
2.35036
2.80244
3.07077
3.0415
2.99504
2.95439
2.91954
2.89218
2.83693
1.75388
4.48579
5.48027
5.20669
5.05906
4.87417
4.63771
4.36097
4.08832
3.81403
3.55083
3.31307
3.09348
2.88992
2.70334
2.53082
2.37253
2.23288
2.10476
1.98616
1.87706
1.78269
1.70284
1.63908
1.56206
1.47953
1.41888
1.40041
1.60248
1.88916
2.10976
2.5968
2.96797
3.07839
3.03342
2.98487
2.95176
2.91987
2.89178
2.83365
1.79001
4.50804
5.40306
5.15326
4.9855
4.7693
4.52652
4.26903
4.00821
3.76227
3.51791
3.28381
3.06305
2.85691
2.66746
2.49931
2.35308
2.22403
2.10378
1.98283
1.86588
1.76925
1.6916
1.63311
1.58515
1.50879
1.41016
1.35674
1.43765
1.79998
2.32769
2.78324
3.04388
3.06309
3.03068
2.99283
2.96565
2.93565
2.90007
2.82588
1.79725
4.53241
5.37793
5.14183
4.9775
4.75831
4.52549
4.26332
4.01872
3.74475
3.50203
3.26691
3.04558
2.83956
2.65046
2.48664
2.35037
2.22882
2.10709
1.98037
1.86036
1.76144
1.68704
1.62989
1.57499
1.49788
1.39564
1.327
1.35301
1.72331
2.48047
2.99835
3.11243
3.07204
3.03561
3.01241
2.98373
2.94227
2.89531
2.81278
)
;

boundaryField
{
    inlet
    {
        type            calculated;
        value           uniform 1.39997;
    }
    outlet
    {
        type            calculated;
        value           nonuniform List<scalar> 
40
(
1.63671
1.63955
1.654
1.67608
1.70796
1.74012
1.76405
1.78138
1.79136
1.80056
1.81111
1.82244
1.83397
1.84984
1.84013
1.83139
1.81878
1.81139
1.81019
1.81981
1.85227
1.91649
2.01806
2.15839
2.34154
2.53365
2.69572
2.77732
2.84006
2.8822
2.88746
2.88617
2.88401
2.88136
2.86662
2.85144
2.83578
2.83296
2.82612
2.81332
)
;
    }
    top
    {
        type            symmetryPlane;
    }
    bottom
    {
        type            symmetryPlane;
    }
    step
    {
        type            calculated;
        value           nonuniform List<scalar> 
80
(
6.07789
6.15085
5.99738
5.99526
5.8967
5.95386
6.09164
6.26
6.19601
6.08083
6.01255
6.07916
6.11044
5.98497
5.79134
5.8658
6.07025
6.20468
6.55052
6.49404
6.29256
5.68378
5.52743
5.33256
5.65888
6.50277
6.81789
6.74938
5.68918
5.23855
5.09774
5.1493
6.02468
6.82337
6.74847
5.88139
4.8068
4.61562
4.52678
4.24161
0.896085
0.341096
0.495999
0.704061
0.815618
0.88313
0.965374
0.986662
1.00216
1.00657
1.6293
2.36
2.47372
2.50491
2.49046
2.50732
2.5254
2.53585
2.53343
2.52764
2.51056
2.47741
2.43335
2.38973
2.35528
2.32653
2.29692
2.26472
2.2152
2.15085
2.08373
2.02561
1.98062
1.94382
1.90323
1.85783
1.80842
1.7549
1.70772
1.63702
)
;
    }
    defaultFaces
    {
        type            empty;
    }
}


// ************************************************************************* //
