/*--------------------------------*- C++ -*----------------------------------*\
  =========                 |
  \\      /  F ield         | OpenFOAM: The Open Source CFD Toolbox
   \\    /   O peration     | Website:  https://openfoam.org
    \\  /    A nd           | Version:  6.0
     \\/     M anipulation  |
\*---------------------------------------------------------------------------*/
FoamFile
{
    version     2.0;
    format      ascii;
    class       volVectorField;
    location    "3.9992881";
    object      U;
}
// * * * * * * * * * * * * * * * * * * * * * * * * * * * * * * * * * * * * * //

dimensions      [0 1 -1 0 0 0 0];

internalField   nonuniform List<vector> 
2700
(
(3 -4.43534e-17 0)
(3 2.19093e-16 0)
(3 2.35176e-16 0)
(3 1.60648e-17 0)
(3 -8.73008e-17 0)
(3 1.60931e-18 0)
(3 1.03076e-16 0)
(3 -2.23646e-16 0)
(3 -6.7905e-16 0)
(3 -7.30178e-16 0)
(3 -5.31772e-16 0)
(3 -2.09361e-16 0)
(3 1.41311e-18 0)
(3 -6.02302e-16 0)
(3 7.18192e-16 0)
(1.56192 0.00650041 0)
(0.768796 0.0100865 0)
(0.697181 -0.00786651 0)
(0.646142 -0.00604178 0)
(0.585953 0.00983228 0)
(0.516884 0.0326575 0)
(0.462454 0.0493998 0)
(0.436511 0.0433099 0)
(0.406488 -0.0111493 0)
(0.366986 -0.049359 0)
(0.274553 -0.0531467 0)
(0.185309 0.0197738 0)
(0.154767 0.0441008 0)
(0.131294 -0.0204946 0)
(0.0580802 -0.0912197 0)
(3 1.25182e-17 0)
(3 -2.16984e-16 0)
(3 1.40751e-17 0)
(3 6.61772e-16 0)
(3 5.99644e-16 0)
(3 1.58945e-16 0)
(3 9.87812e-17 0)
(3 -7.07977e-16 0)
(3 -3.59259e-16 0)
(3 -5.37254e-16 0)
(3 -1.06169e-15 0)
(3 -7.56888e-16 0)
(3 -5.84017e-16 0)
(3 -3.73324e-16 0)
(3 1.19194e-15 0)
(1.57676 0.0285541 0)
(0.76187 0.035218 0)
(0.689701 0.00715019 0)
(0.639765 -0.0175654 0)
(0.588261 -0.022143 0)
(0.54265 0.00802315 0)
(0.49011 0.0869135 0)
(0.433662 0.119818 0)
(0.378847 0.0850526 0)
(0.323718 -0.0349466 0)
(0.275888 -0.101203 0)
(0.228861 -0.0323847 0)
(0.161557 0.0864717 0)
(0.0955963 0.0446651 0)
(0.0443332 -0.0526699 0)
(3 4.53414e-17 0)
(3 -6.79428e-16 0)
(3 -2.30339e-16 0)
(3 2.93898e-16 0)
(3 1.60337e-15 0)
(3 1.12864e-15 0)
(3 3.22677e-16 0)
(3 -1.3624e-16 0)
(3 1.2282e-16 0)
(3 1.04512e-16 0)
(3 -1.15372e-15 0)
(3 -6.0768e-16 0)
(3 1.91658e-16 0)
(3 1.25544e-16 0)
(3 3.22041e-16 0)
(1.58294 0.0312452 0)
(0.758986 0.0294978 0)
(0.677536 0.0304837 0)
(0.632396 0.0256603 0)
(0.593849 0.0287232 0)
(0.551626 0.0448909 0)
(0.50481 0.0599049 0)
(0.431827 0.0685689 0)
(0.351937 0.0482002 0)
(0.289702 0.0133236 0)
(0.277929 0.00649755 0)
(0.257456 0.0424702 0)
(0.172706 0.0738621 0)
(0.0540408 0.0591097 0)
(0.035345 -0.00134955 0)
(3 1.53003e-16 0)
(3 8.35086e-17 0)
(3 3.12711e-17 0)
(3 -3.82492e-16 0)
(3 -3.13027e-16 0)
(3 9.94306e-16 0)
(3 7.05079e-16 0)
(3 4.09747e-16 0)
(3 1.9078e-16 0)
(3 6.69453e-16 0)
(3 1.11849e-15 0)
(3 -6.0565e-17 0)
(3 -2.77797e-16 0)
(3 -1.49873e-15 0)
(3 -4.4289e-16 0)
(1.59151 0.0379872 0)
(0.757827 0.0281599 0)
(0.681939 0.0540492 0)
(0.634271 0.0839276 0)
(0.589068 0.0862322 0)
(0.54815 0.0584517 0)
(0.498196 0.0110363 0)
(0.436967 -0.00111093 0)
(0.357264 0.0417252 0)
(0.30426 0.103497 0)
(0.289043 0.143172 0)
(0.255668 0.107248 0)
(0.169836 0.0437737 0)
(0.0581989 0.0801522 0)
(0.033262 0.131984 0)
(3 -9.1651e-17 0)
(3 6.75459e-16 0)
(3 9.20423e-17 0)
(3 2.54653e-16 0)
(3 -6.33613e-17 0)
(3 2.04173e-16 0)
(3 -5.19335e-16 0)
(3 1.34939e-16 0)
(3 2.98228e-16 0)
(3 6.40739e-16 0)
(3 2.64433e-16 0)
(3 5.13774e-17 0)
(3 -3.23602e-16 0)
(3 -8.8185e-16 0)
(3 -3.75024e-16 0)
(1.60187 0.0526808 0)
(0.764568 0.0360075 0)
(0.694686 0.0725462 0)
(0.643014 0.0998664 0)
(0.585648 0.113499 0)
(0.529074 0.0912249 0)
(0.475904 0.0293092 0)
(0.43008 -0.0280211 0)
(0.393516 0.00177067 0)
(0.341724 0.154931 0)
(0.272197 0.225229 0)
(0.211626 0.127092 0)
(0.155149 0.0364037 0)
(0.100974 0.0718688 0)
(0.052399 0.210661 0)
(3 -5.16198e-17 0)
(3 3.69258e-17 0)
(3 1.84392e-17 0)
(3 6.80892e-16 0)
(3 6.78219e-16 0)
(3 -1.24268e-16 0)
(3 -5.9497e-16 0)
(3 -3.385e-16 0)
(3 -3.67282e-16 0)
(3 -3.39906e-16 0)
(3 -1.11909e-17 0)
(3 -3.25133e-16 0)
(3 -5.99243e-16 0)
(3 -8.19931e-16 0)
(3 -9.58214e-16 0)
(1.61932 0.0812934 0)
(0.774674 0.0773056 0)
(0.696701 0.0824268 0)
(0.647311 0.0821116 0)
(0.587049 0.0777328 0)
(0.517196 0.0737747 0)
(0.454062 0.065926 0)
(0.423021 0.0736663 0)
(0.404739 0.0998761 0)
(0.369557 0.120893 0)
(0.266536 0.136966 0)
(0.172952 0.107637 0)
(0.1434 0.0780948 0)
(0.12821 0.123872 0)
(0.0617337 0.174074 0)
(3 8.82225e-17 0)
(3 -6.92638e-16 0)
(3 -2.26523e-17 0)
(3 4.48286e-16 0)
(3 3.11749e-16 0)
(3 -9.82235e-16 0)
(3 -4.0023e-16 0)
(3 2.94061e-17 0)
(3 -9.72945e-16 0)
(3 -7.27707e-16 0)
(3 -6.08231e-17 0)
(3 3.03317e-16 0)
(3 -4.80534e-16 0)
(3 -7.36655e-16 0)
(3 -1.2912e-15 0)
(1.65258 0.109425 0)
(0.776966 0.111907 0)
(0.694399 0.0952009 0)
(0.641538 0.0646578 0)
(0.582929 0.05024 0)
(0.522425 0.0599326 0)
(0.472399 0.124974 0)
(0.440104 0.17906 0)
(0.403126 0.177987 0)
(0.356895 0.0771317 0)
(0.277529 0.0197841 0)
(0.185556 0.102339 0)
(0.145681 0.157394 0)
(0.131799 0.155047 0)
(0.0607711 0.101009 0)
(3 -1.1836e-16 0)
(3 1.93072e-16 0)
(3 4.42966e-16 0)
(3 -3.90299e-17 0)
(3 3.25895e-16 0)
(3 -8.07823e-17 0)
(3 -4.56721e-16 0)
(3 1.41455e-16 0)
(3 -8.00748e-16 0)
(3 -9.70627e-16 0)
(3 -6.48177e-16 0)
(3 -8.56985e-17 0)
(3 2.69431e-16 0)
(3 1.64569e-17 0)
(3 -1.03178e-15 0)
(1.69777 0.11726 0)
(0.77662 0.119287 0)
(0.683244 0.0991274 0)
(0.630804 0.0693937 0)
(0.582197 0.0506527 0)
(0.545757 0.0953553 0)
(0.497999 0.166954 0)
(0.44007 0.222446 0)
(0.376718 0.183677 0)
(0.313409 0.0848708 0)
(0.272939 0.0266065 0)
(0.225226 0.0573104 0)
(0.166405 0.189385 0)
(0.101318 0.192656 0)
(0.0448766 0.0916039 0)
(3 -3.60584e-16 0)
(3 5.70764e-16 0)
(3 6.42657e-16 0)
(3 5.29578e-16 0)
(3 -1.70473e-16 0)
(3 -3.10518e-16 0)
(3 -2.90198e-16 0)
(3 -5.70946e-16 0)
(3 -5.33536e-16 0)
(3 -1.3701e-15 0)
(3 -1.63537e-15 0)
(3 -9.00958e-16 0)
(3 -1.93493e-16 0)
(3 -5.729e-17 0)
(3 -6.07058e-16 0)
(1.7433 0.11727 0)
(0.779564 0.106095 0)
(0.676149 0.105179 0)
(0.626338 0.111009 0)
(0.587609 0.138698 0)
(0.551344 0.14848 0)
(0.505399 0.148242 0)
(0.446397 0.135928 0)
(0.353091 0.129383 0)
(0.286525 0.126603 0)
(0.253959 0.126202 0)
(0.245195 0.174185 0)
(0.17889 0.202052 0)
(0.0683869 0.159409 0)
(0.0376819 0.110126 0)
(3 7.7506e-17 0)
(3 -7.3155e-18 0)
(3 3.25222e-16 0)
(3 3.80505e-16 0)
(3 -5.8971e-16 0)
(3 -6.11648e-16 0)
(3 -3.20505e-16 0)
(3 -1.07919e-15 0)
(3 -7.64507e-16 0)
(3 -5.51763e-16 0)
(3 -4.7976e-16 0)
(3 -3.26489e-16 0)
(3 -9.16395e-16 0)
(3 -5.86501e-16 0)
(3 2.63451e-16 0)
(1.78588 0.114467 0)
(0.774334 0.100192 0)
(0.688128 0.115971 0)
(0.644073 0.170632 0)
(0.593407 0.203011 0)
(0.544563 0.198405 0)
(0.497208 0.138131 0)
(0.430079 0.0679968 0)
(0.367813 0.0807809 0)
(0.307406 0.1643 0)
(0.285411 0.257328 0)
(0.242986 0.282451 0)
(0.159244 0.19855 0)
(0.0519585 0.14438 0)
(0.0400868 0.177229 0)
(3 1.42211e-16 0)
(3 -1.77137e-17 0)
(3 -7.26065e-16 0)
(3 -4.33963e-16 0)
(3 -4.79299e-16 0)
(3 -3.44954e-16 0)
(3 -4.42544e-16 0)
(3 -1.00877e-15 0)
(3 -8.42414e-16 0)
(3 -3.99987e-16 0)
(3 2.01363e-16 0)
(3 -3.09504e-16 0)
(3 -8.61359e-16 0)
(3 -1.62302e-16 0)
(3 9.05299e-16 0)
(1.82832 0.133323 0)
(0.780917 0.120484 0)
(0.702154 0.168306 0)
(0.652401 0.189823 0)
(0.597379 0.203612 0)
(0.536281 0.182995 0)
(0.468021 0.130558 0)
(0.424612 0.08939 0)
(0.394601 0.0881433 0)
(0.367208 0.214699 0)
(0.299117 0.314156 0)
(0.224634 0.267654 0)
(0.138403 0.167012 0)
(0.0656451 0.194457 0)
(0.051237 0.234306 0)
(3 1.71886e-16 0)
(3 -2.2605e-16 0)
(3 -8.01133e-16 0)
(3 -8.7287e-16 0)
(3 -4.42829e-16 0)
(3 -1.02023e-16 0)
(3 -1.02458e-16 0)
(3 -2.28284e-16 0)
(3 -3.29142e-16 0)
(3 -3.82555e-16 0)
(3 6.27535e-16 0)
(3 4.48732e-16 0)
(3 -2.00093e-16 0)
(3 -5.19816e-17 0)
(3 -9.14435e-16 0)
(1.87131 0.172188 0)
(0.800579 0.175016 0)
(0.703306 0.186189 0)
(0.655272 0.171839 0)
(0.598107 0.152339 0)
(0.528047 0.143222 0)
(0.460627 0.155928 0)
(0.414584 0.182064 0)
(0.406915 0.225383 0)
(0.381934 0.237215 0)
(0.305832 0.240151 0)
(0.184194 0.190044 0)
(0.135508 0.200795 0)
(0.0876857 0.283925 0)
(0.0650933 0.360215 0)
(3 1.44358e-16 0)
(3 6.5826e-17 0)
(3 8.28283e-17 0)
(3 5.46058e-17 0)
(3 1.46709e-16 0)
(3 -1.80718e-16 0)
(3 -3.45828e-16 0)
(3 1.83497e-16 0)
(3 7.58254e-16 0)
(3 7.66233e-16 0)
(3 8.30153e-17 0)
(3 5.84554e-16 0)
(3 5.72239e-16 0)
(3 -3.26995e-16 0)
(3 -3.24727e-15 0)
(1.93833 0.194836 0)
(0.813747 0.210291 0)
(0.696199 0.216951 0)
(0.645073 0.174881 0)
(0.586901 0.123868 0)
(0.535542 0.1113 0)
(0.492173 0.16441 0)
(0.454779 0.275305 0)
(0.402918 0.329415 0)
(0.366234 0.277755 0)
(0.276364 0.12802 0)
(0.20019 0.153407 0)
(0.160074 0.250467 0)
(0.121102 0.344109 0)
(0.0718952 0.40852 0)
(3 -1.83226e-16 0)
(3 1.52844e-16 0)
(3 6.79431e-16 0)
(3 4.30969e-16 0)
(3 -7.67394e-17 0)
(3 -3.91813e-16 0)
(3 -6.159e-16 0)
(3 2.38699e-16 0)
(3 4.12009e-16 0)
(3 3.5103e-16 0)
(3 1.5597e-16 0)
(3 -6.1511e-16 0)
(3 -4.25019e-17 0)
(3 4.85713e-16 0)
(3 -1.5701e-15 0)
(2.02614 0.191576 0)
(0.82901 0.212122 0)
(0.691265 0.191202 0)
(0.63575 0.161368 0)
(0.577417 0.157501 0)
(0.546446 0.179024 0)
(0.524859 0.251098 0)
(0.47475 0.288169 0)
(0.417189 0.309306 0)
(0.317523 0.197141 0)
(0.259348 0.156167 0)
(0.228301 0.185462 0)
(0.191785 0.279723 0)
(0.138295 0.359205 0)
(0.0704 0.319849 0)
(3 1.74727e-16 0)
(3 7.88867e-16 0)
(3 7.55282e-16 0)
(3 2.77316e-16 0)
(3 1.06429e-16 0)
(3 -8.37192e-17 0)
(3 4.84217e-17 0)
(3 8.56349e-16 0)
(3 4.0518e-16 0)
(3 4.65499e-16 0)
(3 3.6069e-16 0)
(3 -1.13995e-15 0)
(3 -1.33783e-15 0)
(3 9.51666e-16 0)
(3 -2.92236e-16 0)
(2.12033 0.187261 0)
(0.832235 0.203372 0)
(0.68183 0.169185 0)
(0.639156 0.172695 0)
(0.600635 0.224099 0)
(0.566794 0.275339 0)
(0.528908 0.270547 0)
(0.489229 0.254288 0)
(0.392572 0.17509 0)
(0.309548 0.199189 0)
(0.265667 0.245881 0)
(0.246389 0.302776 0)
(0.204497 0.326014 0)
(0.141878 0.289936 0)
(0.0503712 0.188698 0)
(3 -1.33731e-16 0)
(3 -2.80674e-16 0)
(3 2.06325e-16 0)
(3 4.77636e-16 0)
(3 -2.53566e-17 0)
(3 -1.54677e-19 0)
(3 6.2879e-16 0)
(3 1.14304e-15 0)
(3 1.29147e-15 0)
(3 1.0364e-15 0)
(3 -2.55078e-17 0)
(3 -1.02563e-15 0)
(3 -6.61111e-16 0)
(3 6.7545e-16 0)
(3 1.26267e-15 0)
(2.20744 0.178813 0)
(0.82254 0.191712 0)
(0.689258 0.175796 0)
(0.663322 0.236491 0)
(0.620073 0.283194 0)
(0.568624 0.317678 0)
(0.51931 0.313504 0)
(0.451066 0.197043 0)
(0.389185 0.139085 0)
(0.349106 0.158825 0)
(0.308191 0.281657 0)
(0.26293 0.398187 0)
(0.186243 0.390503 0)
(0.0776419 0.22313 0)
(0.0547799 0.134634 0)
(3 1.21611e-16 0)
(3 -4.25371e-16 0)
(3 -2.18506e-16 0)
(3 -5.53218e-16 0)
(3 -9.53295e-16 0)
(3 -1.58444e-16 0)
(3 -1.84752e-17 0)
(3 2.19028e-16 0)
(3 2.56457e-16 0)
(3 -6.29099e-18 0)
(3 2.03236e-16 0)
(3 2.76789e-17 0)
(3 -2.80663e-16 0)
(3 2.03406e-16 0)
(3 5.75049e-16 0)
(2.27702 0.19786 0)
(0.834206 0.221857 0)
(0.705861 0.27055 0)
(0.670123 0.273365 0)
(0.629035 0.27297 0)
(0.585616 0.265173 0)
(0.503461 0.213169 0)
(0.433186 0.198424 0)
(0.379323 0.214099 0)
(0.377131 0.313171 0)
(0.33076 0.394989 0)
(0.27577 0.403378 0)
(0.162866 0.353818 0)
(0.0231021 0.25639 0)
(0.0500524 0.194629 0)
(3 1.24703e-16 0)
(3 1.43769e-16 0)
(3 -8.72621e-16 0)
(3 -1.09597e-15 0)
(3 -6.18783e-16 0)
(3 -7.93128e-16 0)
(3 -5.84166e-16 0)
(3 -4.30204e-16 0)
(3 -4.05175e-16 0)
(3 7.09416e-17 0)
(3 1.15407e-16 0)
(3 1.7957e-16 0)
(3 -2.70252e-16 0)
(3 1.78957e-17 0)
(3 -4.29227e-16 0)
(2.35193 0.236336 0)
(0.872591 0.292162 0)
(0.710681 0.313911 0)
(0.670915 0.298077 0)
(0.626255 0.278406 0)
(0.563534 0.191047 0)
(0.505141 0.174611 0)
(0.449483 0.211864 0)
(0.432365 0.331399 0)
(0.404122 0.425885 0)
(0.333525 0.438152 0)
(0.260557 0.353079 0)
(0.149555 0.29971 0)
(0.0253705 0.408049 0)
(0.0668272 0.499325 0)
(3 -1.55967e-16 0)
(3 2.31302e-16 0)
(3 -1.28096e-15 0)
(3 -1.07894e-15 0)
(3 -7.24224e-16 0)
(3 -6.21114e-16 0)
(3 -1.10724e-17 0)
(3 -3.03363e-16 0)
(3 -4.22529e-17 0)
(3 2.42955e-16 0)
(3 -5.99757e-16 0)
(3 -3.29818e-16 0)
(3 7.69237e-16 0)
(3 8.19881e-16 0)
(3 -1.33634e-15 0)
(2.47273 0.246101 0)
(0.906702 0.337497 0)
(0.71778 0.309306 0)
(0.680208 0.278326 0)
(0.60608 0.214532 0)
(0.551774 0.201285 0)
(0.513615 0.192676 0)
(0.504835 0.318485 0)
(0.465879 0.41542 0)
(0.41343 0.459528 0)
(0.323095 0.426228 0)
(0.210003 0.294028 0)
(0.187378 0.272541 0)
(0.124286 0.503204 0)
(0.0786375 0.666225 0)
(3 -1.17508e-17 0)
(3 -5.06459e-17 0)
(3 2.42524e-16 0)
(3 2.40771e-16 0)
(3 -2.75392e-16 0)
(3 -1.20522e-16 0)
(3 3.18337e-16 0)
(3 -4.3107e-16 0)
(3 -5.80654e-17 0)
(3 3.58279e-16 0)
(3 -1.40229e-16 0)
(3 -9.95555e-17 0)
(3 1.26499e-15 0)
(3 9.92838e-16 0)
(3 -6.52471e-16 0)
(2.59944 0.242099 0)
(0.941885 0.340408 0)
(0.724099 0.292233 0)
(0.669354 0.225125 0)
(0.616967 0.220135 0)
(0.567832 0.241035 0)
(0.553863 0.354254 0)
(0.520578 0.380847 0)
(0.484721 0.377861 0)
(0.419106 0.33874 0)
(0.297044 0.260701 0)
(0.202829 0.331059 0)
(0.212413 0.397583 0)
(0.181476 0.509397 0)
(0.0956646 0.630947 0)
(3 -3.64505e-16 0)
(3 -1.68541e-16 0)
(3 1.31373e-15 0)
(3 1.37709e-15 0)
(3 6.86134e-16 0)
(3 2.1647e-16 0)
(3 2.78629e-16 0)
(3 -3.54616e-16 0)
(3 -3.76485e-16 0)
(3 -2.83299e-16 0)
(3 1.59487e-16 0)
(3 6.75094e-16 0)
(3 -2.47742e-16 0)
(3 5.55769e-16 0)
(3 5.40604e-16 0)
(2.74781 0.209196 0)
(0.984987 0.323008 0)
(0.724738 0.251686 0)
(0.68578 0.220091 0)
(0.64565 0.237727 0)
(0.625967 0.359941 0)
(0.573898 0.426165 0)
(0.51628 0.449629 0)
(0.46281 0.381174 0)
(0.373153 0.191464 0)
(0.314814 0.221137 0)
(0.267126 0.350892 0)
(0.238049 0.523467 0)
(0.190625 0.515756 0)
(0.094307 0.416885 0)
(3 -1.54326e-16 0)
(3 -9.36299e-17 0)
(3 6.61394e-16 0)
(3 5.12173e-16 0)
(3 3.13957e-16 0)
(3 1.45133e-16 0)
(3 5.72165e-16 0)
(3 1.70515e-16 0)
(3 -7.12396e-16 0)
(3 -1.47606e-15 0)
(3 -4.93009e-16 0)
(3 1.04304e-15 0)
(3 -4.6185e-16 0)
(3 -5.01006e-16 0)
(3 1.66376e-15 0)
(2.91022 0.159917 0)
(1.0471 0.290161 0)
(0.746988 0.260578 0)
(0.723008 0.284208 0)
(0.699756 0.367422 0)
(0.649004 0.381963 0)
(0.602775 0.391377 0)
(0.530747 0.372206 0)
(0.400537 0.268061 0)
(0.354772 0.245223 0)
(0.321974 0.261666 0)
(0.349586 0.478379 0)
(0.250458 0.571722 0)
(0.157492 0.525879 0)
(0.0575208 0.326263 0)
(3 3.57701e-17 0)
(3 1.17218e-16 0)
(3 2.30416e-16 0)
(3 3.2729e-16 0)
(3 8.48769e-16 0)
(3 5.07024e-16 0)
(3 -5.72249e-16 0)
(3 -7.6368e-16 0)
(3 -9.30824e-16 0)
(3 -5.15643e-16 0)
(3 -4.22464e-16 0)
(3 1.51005e-16 0)
(3 3.25297e-16 0)
(3 -1.43427e-16 0)
(3 3.68184e-16 0)
(3.01635 0.0781933 0)
(1.08346 0.316601 0)
(0.809445 0.323896 0)
(0.786159 0.396519 0)
(0.720512 0.426261 0)
(0.655655 0.41501 0)
(0.599852 0.349941 0)
(0.502039 0.233906 0)
(0.420514 0.260768 0)
(0.383653 0.321861 0)
(0.384837 0.481097 0)
(0.379156 0.535832 0)
(0.255453 0.558262 0)
(0.0734322 0.408824 0)
(0.0568207 0.348243 0)
(3 -7.34763e-17 0)
(3 9.34361e-17 0)
(3 -1.9501e-17 0)
(3 3.88014e-16 0)
(3 2.042e-16 0)
(3 5.31602e-16 0)
(3 -9.6175e-16 0)
(3 -1.09523e-15 0)
(3 -7.18841e-16 0)
(3 1.54211e-16 0)
(3 6.81858e-16 0)
(3 -8.24087e-16 0)
(3 1.31425e-17 0)
(3 1.24704e-16 0)
(3 -7.72627e-16 0)
(3.0154 0.0465794 0)
(1.13179 0.369058 0)
(0.8452 0.393625 0)
(0.818995 0.412184 0)
(0.75181 0.425231 0)
(0.674905 0.382465 0)
(0.570293 0.271505 0)
(0.521358 0.233383 0)
(0.471111 0.28322 0)
(0.469729 0.533237 0)
(0.396861 0.614381 0)
(0.362253 0.577781 0)
(0.231349 0.455441 0)
(0.0501249 0.410457 0)
(0.0534814 0.369936 0)
(3 -1.62098e-17 0)
(3 -2.89462e-16 0)
(3 -3.74671e-16 0)
(3 3.38255e-17 0)
(3 -9.96502e-16 0)
(3 -6.17705e-17 0)
(3 8.7038e-17 0)
(3 -1.49494e-15 0)
(3 -1.10766e-15 0)
(3 -8.07055e-16 0)
(3 5.10657e-16 0)
(3 -2.09149e-16 0)
(3 -5.60529e-16 0)
(3 -7.70943e-17 0)
(3 -5.9649e-16 0)
(3.00335 0.0112442 0)
(1.15999 0.37943 0)
(0.839201 0.415762 0)
(0.832894 0.402645 0)
(0.766451 0.358832 0)
(0.661419 0.285141 0)
(0.591537 0.28874 0)
(0.534284 0.309217 0)
(0.546634 0.496478 0)
(0.493661 0.567079 0)
(0.417848 0.603945 0)
(0.340929 0.545393 0)
(0.214522 0.425188 0)
(0.0664305 0.525712 0)
(0.0937168 0.748306 0)
(3 2.29623e-16 0)
(3 -2.83145e-16 0)
(3 -1.31533e-16 0)
(3 -3.61097e-16 0)
(3 -8.07925e-16 0)
(3 -2.73811e-16 0)
(3 2.70226e-17 0)
(3 -2.48763e-16 0)
(3 -4.17505e-16 0)
(3 -6.75637e-17 0)
(3 1.58988e-16 0)
(3 5.54313e-16 0)
(3 5.55179e-16 0)
(3 2.35661e-16 0)
(3 -2.80097e-16 0)
(3.00416 -0.00101742 0)
(1.2071 0.359191 0)
(0.834888 0.380119 0)
(0.81396 0.359043 0)
(0.745732 0.285138 0)
(0.684489 0.272984 0)
(0.631508 0.330012 0)
(0.623015 0.525983 0)
(0.572456 0.58258 0)
(0.504776 0.648828 0)
(0.412442 0.59617 0)
(0.27472 0.440858 0)
(0.253514 0.434877 0)
(0.191336 0.751588 0)
(0.121151 0.928653 0)
(3 8.38262e-17 0)
(3 4.28366e-16 0)
(3 -4.83811e-16 0)
(3 -1.09325e-15 0)
(3 -6.47895e-16 0)
(3 -1.50888e-17 0)
(3 -4.75363e-17 0)
(3 2.18788e-16 0)
(3 1.513e-16 0)
(3 2.90515e-16 0)
(3 3.95715e-16 0)
(3 5.98151e-16 0)
(3 1.71754e-15 0)
(3 5.12785e-16 0)
(3 -1.54484e-15 0)
(3.00111 -0.000178606 0)
(1.25401 0.298062 0)
(0.802987 0.310181 0)
(0.785933 0.31502 0)
(0.736284 0.327221 0)
(0.707577 0.37428 0)
(0.704345 0.520233 0)
(0.639512 0.545939 0)
(0.603902 0.533695 0)
(0.511494 0.470276 0)
(0.375605 0.363989 0)
(0.292192 0.476794 0)
(0.30688 0.642172 0)
(0.258862 0.849861 0)
(0.141784 0.988241 0)
(3 2.46082e-17 0)
(3 1.0245e-15 0)
(3 -1.3448e-16 0)
(3 -1.78986e-15 0)
(3 -1.71805e-15 0)
(3 -6.52627e-16 0)
(3 1.38697e-17 0)
(3 4.35365e-16 0)
(3 9.68851e-16 0)
(3 3.85248e-16 0)
(3 3.78871e-16 0)
(3 1.58625e-15 0)
(3 1.65654e-15 0)
(3 -1.14703e-15 0)
(3 -1.53465e-15 0)
(3.00017 5.29946e-05 0)
(1.30816 0.301659 0)
(0.780898 0.310742 0)
(0.77377 0.302629 0)
(0.757556 0.392074 0)
(0.750906 0.535591 0)
(0.713019 0.565284 0)
(0.654093 0.580846 0)
(0.596923 0.521582 0)
(0.471926 0.282471 0)
(0.400737 0.351212 0)
(0.383373 0.512883 0)
(0.368542 0.790476 0)
(0.324434 0.866179 0)
(0.162227 0.989255 0)
(3 3.08132e-16 0)
(3 -1.21717e-16 0)
(3 -2.39313e-16 0)
(3 -4.98015e-16 0)
(3 -9.07161e-16 0)
(3 -8.60649e-16 0)
(3 1.48734e-17 0)
(3 6.90447e-16 0)
(3 8.38062e-16 0)
(3 9.73122e-16 0)
(3 6.39331e-16 0)
(3 8.86914e-16 0)
(3 -1.81774e-17 0)
(3 -1.347e-15 0)
(3 -1.39292e-15 0)
(3 7.5436e-06 0)
(1.37913 0.326672 0)
(0.764082 0.338784 0)
(0.782234 0.404449 0)
(0.783547 0.501181 0)
(0.763728 0.535157 0)
(0.735696 0.548903 0)
(0.687463 0.525373 0)
(0.535705 0.35753 0)
(0.479898 0.336604 0)
(0.448225 0.429413 0)
(0.498044 0.664269 0)
(0.435399 0.824671 0)
(0.334432 0.894352 0)
(0.146118 0.742631 0)
(3 -1.98336e-16 0)
(3 -6.17323e-16 0)
(3 -3.63454e-16 0)
(3 3.01222e-17 0)
(3 3.02621e-16 0)
(3 -5.18199e-16 0)
(3 -5.3268e-16 0)
(3 -5.11104e-16 0)
(3 3.72586e-16 0)
(3 1.8495e-15 0)
(3 8.77715e-16 0)
(3 -4.35391e-16 0)
(3 -9.50742e-16 0)
(3 -3.81379e-16 0)
(3 -7.64553e-16 0)
(3 -6.63111e-06 0)
(1.46212 0.378521 0)
(0.801814 0.414987 0)
(0.781161 0.49223 0)
(0.773423 0.52334 0)
(0.769559 0.520188 0)
(0.742889 0.483788 0)
(0.645882 0.342541 0)
(0.565537 0.365946 0)
(0.533235 0.451858 0)
(0.560251 0.574645 0)
(0.602903 0.751469 0)
(0.512086 0.807228 0)
(0.390426 0.780302 0)
(0.209254 0.774232 0)
(3 -9.21481e-17 0)
(3 -1.1148e-16 0)
(3 3.53282e-16 0)
(3 6.32154e-16 0)
(3 8.37557e-16 0)
(3 2.5397e-16 0)
(3 -1.51284e-16 0)
(3 -1.31264e-16 0)
(3 1.2881e-16 0)
(3 2.95432e-16 0)
(3 4.19074e-16 0)
(3 3.26642e-16 0)
(3 5.11129e-17 0)
(3 -5.1273e-16 0)
(3 -7.01401e-16 0)
(3 -2.02129e-06 0)
(1.84366 0.42912 0)
(0.870122 0.452336 0)
(0.778537 0.432166 0)
(0.747062 0.434402 0)
(0.721456 0.440106 0)
(0.698471 0.447962 0)
(0.690885 0.498619 0)
(0.687543 0.576124 0)
(0.672854 0.659078 0)
(0.636879 0.707358 0)
(0.61441 0.690887 0)
(0.565661 0.729315 0)
(0.561068 0.84158 0)
(0.748911 1.08894 0)
(3 1.87781e-16 0)
(3 4.21326e-16 0)
(3 4.12683e-16 0)
(3 4.04152e-16 0)
(3 4.56824e-16 0)
(3 7.23932e-16 0)
(3 8.66799e-16 0)
(3 5.84253e-16 0)
(3 4.46088e-17 0)
(3 -2.82287e-16 0)
(3 -4.77718e-16 0)
(3 3.98925e-17 0)
(3 8.9478e-16 0)
(3 6.73113e-16 0)
(3 1.09105e-15 0)
(3 -7.67547e-08 0)
(2.67904 0.277126 0)
(1.02337 0.503387 0)
(0.821335 0.471932 0)
(0.784492 0.473376 0)
(0.75971 0.494963 0)
(0.745837 0.534682 0)
(0.737667 0.571672 0)
(0.729412 0.602868 0)
(0.717406 0.630218 0)
(0.704171 0.660571 0)
(0.701349 0.727427 0)
(0.739824 0.841479 0)
(0.842504 1.00576 0)
(1.04818 1.14438 0)
(3 1.86241e-17 0)
(3 1.09866e-18 0)
(3 -1.49272e-17 0)
(3 -1.74989e-16 0)
(3 -1.56488e-16 0)
(3 7.92144e-17 0)
(3 3.20621e-16 0)
(3 3.40669e-16 0)
(3 4.95058e-16 0)
(3 3.20536e-16 0)
(3 4.67734e-17 0)
(3 -6.08453e-17 0)
(3 6.7951e-16 0)
(3 1.17025e-15 0)
(3 1.92144e-15 0)
(3 -6.12303e-09 0)
(3.05401 0.0160477 0)
(1.38781 0.540219 0)
(0.917904 0.540878 0)
(0.866593 0.537646 0)
(0.822141 0.547176 0)
(0.788741 0.560789 0)
(0.770317 0.583211 0)
(0.762918 0.613888 0)
(0.764113 0.657758 0)
(0.783769 0.715655 0)
(0.819506 0.786791 0)
(0.867134 0.874572 0)
(0.985086 0.970812 0)
(1.2025 1.05123 0)
(3 -2.35328e-16 0)
(3 -1.79937e-16 0)
(3 -2.78186e-16 0)
(3 -3.53187e-16 0)
(3 -2.07444e-16 0)
(3 -3.67978e-16 0)
(3 -1.37736e-16 0)
(3 3.03515e-16 0)
(3 4.29754e-16 0)
(3 2.58306e-16 0)
(3 1.56221e-16 0)
(3 -1.06275e-16 0)
(3 -2.51403e-16 0)
(3 3.33843e-16 0)
(3 7.79093e-16 0)
(3 -2.72745e-10 0)
(3.00205 -2.03893e-05 0)
(2.04692 0.503993 0)
(0.992427 0.615524 0)
(0.912604 0.602121 0)
(0.882308 0.600339 0)
(0.850312 0.607235 0)
(0.829758 0.622826 0)
(0.827396 0.653862 0)
(0.837063 0.696296 0)
(0.862676 0.742115 0)
(0.900004 0.796322 0)
(0.970998 0.866376 0)
(1.10505 0.938899 0)
(1.29938 0.992294 0)
(3 -8.01148e-17 0)
(3 -2.57908e-16 0)
(3 -3.43011e-16 0)
(3 -3.67089e-16 0)
(3 -1.70001e-16 0)
(3 -1.17446e-16 0)
(3 -1.08202e-17 0)
(3 2.55264e-16 0)
(3 3.16777e-16 0)
(3 4.95357e-17 0)
(3 -3.56192e-16 0)
(3 -4.8344e-16 0)
(3 -4.16015e-16 0)
(3 -2.63657e-16 0)
(3 3.1188e-16 0)
(3 -1.13056e-12 0)
(3 -1.79655e-07 0)
(2.99788 0.119369 0)
(1.24613 0.610214 0)
(0.990347 0.623443 0)
(0.973438 0.629234 0)
(0.949651 0.641656 0)
(0.928145 0.654616 0)
(0.917127 0.678022 0)
(0.918239 0.706778 0)
(0.94036 0.74544 0)
(0.979851 0.794138 0)
(1.05991 0.851935 0)
(1.17684 0.900967 0)
(1.33702 0.937952 0)
(3 1.57848e-16 0)
(3 -4.05216e-16 0)
(3 -2.90641e-16 0)
(3 2.6897e-16 0)
(3 1.88324e-16 0)
(3 5.30488e-17 0)
(3 1.26779e-16 0)
(3 -2.07349e-18 0)
(3 2.84263e-17 0)
(3 -2.52136e-17 0)
(3 -2.39529e-17 0)
(3 -1.37248e-16 0)
(3 -2.69276e-16 0)
(3 -7.29228e-17 0)
(3 5.82172e-16 0)
(3 7.42293e-17 0)
(3 -3.78437e-07 0)
(3.01382 0.00128043 0)
(1.71711 0.583599 0)
(1.02089 0.68042 0)
(0.990088 0.678643 0)
(0.991214 0.69738 0)
(0.988824 0.712282 0)
(0.988171 0.73011 0)
(0.995305 0.748581 0)
(1.01749 0.775109 0)
(1.05918 0.806831 0)
(1.13502 0.844543 0)
(1.23286 0.872036 0)
(1.36689 0.893704 0)
(3 -1.03836e-16 0)
(3 -4.54468e-17 0)
(3 -1.20167e-17 0)
(3 9.29997e-18 0)
(3 5.20556e-17 0)
(3 3.89309e-16 0)
(3 5.05535e-16 0)
(3 2.96599e-17 0)
(3 1.29327e-16 0)
(3 4.10739e-16 0)
(3 3.34766e-16 0)
(3 1.48311e-16 0)
(3 3.95506e-17 0)
(3 2.11032e-17 0)
(3 8.86127e-17 0)
(3 4.3342e-16 0)
(3 -4.86772e-08 0)
(3.00008 6.58807e-06 0)
(2.81634 0.253195 0)
(1.22985 0.702327 0)
(1.04084 0.690302 0)
(1.04652 0.701823 0)
(1.05041 0.723233 0)
(1.05649 0.745152 0)
(1.06953 0.764333 0)
(1.092 0.783757 0)
(1.13081 0.804799 0)
(1.19857 0.829237 0)
(1.27873 0.846959 0)
(1.38997 0.859709 0)
(3 -6.09848e-17 0)
(3 3.19833e-16 0)
(3 2.33494e-16 0)
(3 -1.71252e-16 0)
(3 -2.79815e-16 0)
(3 -1.85534e-16 0)
(3 -3.26891e-17 0)
(3 3.13067e-16 0)
(3 1.84239e-16 0)
(3 2.35222e-16 0)
(3 3.35346e-16 0)
(3 8.67181e-16 0)
(3 6.96213e-16 0)
(3 1.43397e-16 0)
(3 -7.83067e-16 0)
(3 -5.45875e-16 0)
(3 -3.591e-10 0)
(3 -1.84059e-06 0)
(3.02912 0.00773919 0)
(1.76017 0.65574 0)
(1.1004 0.751959 0)
(1.08101 0.747158 0)
(1.0936 0.75202 0)
(1.10657 0.767772 0)
(1.12646 0.787095 0)
(1.15335 0.805943 0)
(1.19198 0.823779 0)
(1.25128 0.838794 0)
(1.31948 0.848025 0)
(1.41198 0.851382 0)
(3 2.23839e-16 0)
(3 3.68731e-16 0)
(3 2.96065e-16 0)
(3 -8.64202e-17 0)
(3 -2.50413e-16 0)
(3 -5.95358e-16 0)
(3 -8.08623e-16 0)
(3 -2.3233e-16 0)
(3 -1.76081e-16 0)
(3 -1.32158e-16 0)
(3 2.82584e-17 0)
(3 3.04773e-16 0)
(3 7.42439e-16 0)
(3 5.89893e-16 0)
(3 8.79391e-17 0)
(3 9.50636e-17 0)
(3 7.73654e-12 0)
(3 -2.91553e-07 0)
(3.00033 0.000104777 0)
(2.89927 0.224844 0)
(1.37872 0.776744 0)
(1.13606 0.753305 0)
(1.15277 0.756499 0)
(1.1623 0.77347 0)
(1.18205 0.789597 0)
(1.20826 0.806896 0)
(1.24405 0.822943 0)
(1.29575 0.834798 0)
(1.35503 0.840728 0)
(1.43473 0.840255 0)
(3 7.70735e-17 0)
(3 2.37683e-16 0)
(3 6.27163e-16 0)
(3 6.4489e-16 0)
(3 2.35407e-16 0)
(3 6.36233e-17 0)
(3 2.34977e-16 0)
(3 5.62443e-18 0)
(3 1.40817e-16 0)
(3 3.22393e-16 0)
(3 3.52336e-16 0)
(3 1.96746e-17 0)
(3 -5.95408e-17 0)
(3 -5.86526e-17 0)
(3 4.43989e-16 0)
(3 2.72727e-16 0)
(3 1.85568e-12 0)
(3 -1.42265e-08 0)
(3 3.2075e-08 0)
(3.01633 0.00563772 0)
(2.07053 0.62798 0)
(1.22945 0.806435 0)
(1.18122 0.807216 0)
(1.19958 0.805639 0)
(1.21764 0.813948 0)
(1.24658 0.823171 0)
(1.28191 0.83346 0)
(1.32889 0.84196 0)
(1.38102 0.845719 0)
(1.45113 0.843902 0)
(3 -1.61925e-16 0)
(3 -1.9533e-16 0)
(3 -4.76142e-17 0)
(3 1.48334e-16 0)
(3 1.65828e-16 0)
(3 -1.06019e-16 0)
(3 -1.23876e-17 0)
(3 -7.73758e-17 0)
(3 4.61096e-16 0)
(3 2.8437e-16 0)
(3 -6.20026e-17 0)
(3 -3.94608e-17 0)
(3 -2.71816e-16 0)
(3 -4.12083e-16 0)
(3 -2.49009e-17 0)
(3 -5.94033e-16 0)
(3 1.06709e-13 0)
(3 -5.99483e-11 0)
(3 -1.17078e-09 0)
(3.00011 7.09269e-05 0)
(2.9755 0.117071 0)
(1.65098 0.787049 0)
(1.23324 0.830395 0)
(1.25141 0.823977 0)
(1.26075 0.826448 0)
(1.28548 0.827985 0)
(1.31624 0.832427 0)
(1.35876 0.835848 0)
(1.40494 0.836995 0)
(1.46778 0.835706 0)
(3 -8.43672e-17 0)
(3 -5.57192e-16 0)
(3 -8.81547e-16 0)
(3 -5.32688e-16 0)
(3 -1.66251e-16 0)
(3 -2.71575e-16 0)
(3 -1.24309e-16 0)
(3 1.68589e-16 0)
(3 7.24247e-17 0)
(3 -3.10049e-16 0)
(3 -1.78855e-16 0)
(3 3.17416e-16 0)
(3 4.04696e-16 0)
(3 3.70907e-16 0)
(3 -8.25838e-18 0)
(3 -1.90887e-16 0)
(3 7.56868e-15 0)
(3 -5.04405e-14 0)
(3 -1.68945e-10 0)
(3 2.3413e-08 0)
(3.00358 0.00419192 0)
(2.6985 0.390166 0)
(1.48319 0.871829 0)
(1.28637 0.865303 0)
(1.30429 0.857039 0)
(1.32232 0.853482 0)
(1.34852 0.849948 0)
(1.38468 0.846773 0)
(1.426 0.843095 0)
(1.48061 0.840005 0)
(3 9.4577e-17 0)
(3 1.05361e-16 0)
(3 -8.37164e-17 0)
(3 -2.79891e-16 0)
(3 -7.26028e-17 0)
(3 4.84591e-16 0)
(3 4.80622e-16 0)
(3 5.43373e-16 0)
(3 1.12632e-16 0)
(3 3.54954e-16 0)
(3 8.74449e-16 0)
(3 7.68869e-16 0)
(3 5.34607e-16 0)
(3 2.87616e-16 0)
(3 2.16389e-16 0)
(3 2.73821e-16 0)
(3 3.76e-16 0)
(3 -9.34323e-17 0)
(3 -8.0636e-12 0)
(3 -7.1344e-12 0)
(3.00001 2.18771e-05 0)
(3.01256 0.0228789 0)
(2.28104 0.646656 0)
(1.39831 0.892778 0)
(1.34238 0.884781 0)
(1.37155 0.870541 0)
(1.39276 0.861535 0)
(1.42159 0.853853 0)
(1.45648 0.846031 0)
(1.50044 0.841437 0)
(3 8.8102e-17 0)
(3 3.44948e-16 0)
(3 2.96691e-16 0)
(3 -5.19563e-17 0)
(3 -4.39097e-17 0)
(3 3.21156e-16 0)
(3 3.54374e-16 0)
(3 1.43286e-16 0)
(3 5.94114e-16 0)
(3 1.03017e-15 0)
(3 7.49535e-16 0)
(3 4.94443e-16 0)
(3 2.6808e-16 0)
(3 7.65762e-17 0)
(3 2.85273e-17 0)
(3 5.64061e-16 0)
(3 3.75317e-16 0)
(3 2.76673e-16 0)
(3 -5.04724e-14 0)
(3 -1.57792e-12 0)
(3 5.54014e-09 0)
(3.00016 0.000477089 0)
(2.9884 0.0937085 0)
(1.9286 0.773741 0)
(1.40973 0.901535 0)
(1.40805 0.901927 0)
(1.43622 0.890816 0)
(1.45956 0.881333 0)
(1.48899 0.868864 0)
(1.52238 0.859883 0)
(3 3.76255e-17 0)
(3 1.22302e-16 0)
(3 4.46433e-16 0)
(3 4.61968e-16 0)
(3 5.85104e-17 0)
(3 -1.72815e-16 0)
(3 4.01462e-17 0)
(3 -3.74725e-17 0)
(3 -1.29649e-16 0)
(3 -1.09455e-16 0)
(3 -2.80623e-16 0)
(3 -1.76515e-16 0)
(3 1.41834e-16 0)
(3 1.54884e-16 0)
(3 1.73899e-16 0)
(3 2.56913e-16 0)
(3 4.63193e-16 0)
(3 4.1114e-16 0)
(3 -3.63451e-16 0)
(3 -1.16512e-13 0)
(3 5.41362e-13 0)
(3 4.20587e-07 0)
(3.00109 0.00352224 0)
(2.84947 0.241914 0)
(1.77392 0.849008 0)
(1.45497 0.92124 0)
(1.47103 0.916834 0)
(1.49667 0.906077 0)
(1.52298 0.892908 0)
(1.55055 0.879661 0)
(3 -2.04081e-16 0)
(3 -1.86943e-16 0)
(3 2.00314e-16 0)
(3 3.29848e-16 0)
(3 1.77466e-16 0)
(3 -3.69021e-16 0)
(3 -6.14409e-16 0)
(3 -3.30932e-16 0)
(3 -2.73546e-16 0)
(3 -2.16041e-16 0)
(3 -6.27246e-16 0)
(3 -1.49121e-15 0)
(3 -9.75304e-16 0)
(3 -8.27527e-16 0)
(3 -2.2273e-16 0)
(3 -3.50888e-17 0)
(3 -3.7848e-16 0)
(3 -7.39131e-16 0)
(3 1.64363e-16 0)
(3 -2.70318e-15 0)
(3 -1.81635e-15 0)
(3 9.4167e-11 0)
(3 1.05352e-05 0)
(3.00096 0.0133642 0)
(2.67647 0.390085 0)
(1.71331 0.890244 0)
(1.50168 0.934633 0)
(1.52359 0.927712 0)
(1.55251 0.915085 0)
(1.57816 0.900947 0)
(3 9.10374e-18 0)
(3 -3.48594e-17 0)
(3 -8.55938e-17 0)
(3 -9.33473e-18 0)
(3 1.05628e-15 0)
(3 8.17686e-16 0)
(3 7.14946e-17 0)
(3 -3.4411e-16 0)
(3 -2.43757e-16 0)
(3 -1.12852e-16 0)
(3 -1.29522e-16 0)
(3 -5.60967e-16 0)
(3 -8.97895e-16 0)
(3 -4.82346e-16 0)
(3 -1.00974e-16 0)
(3 -5.12085e-16 0)
(3 -1.26677e-15 0)
(3 -1.13336e-15 0)
(3 -3.20716e-16 0)
(3 8.61888e-16 0)
(3 3.45649e-16 0)
(3 8.90883e-15 0)
(3 3.72067e-09 0)
(2.99999 0.000115477 0)
(2.99602 0.0292152 0)
(2.51542 0.507393 0)
(1.69769 0.912818 0)
(1.54702 0.942769 0)
(1.57147 0.935141 0)
(1.60301 0.919435 0)
(3 1.17079e-16 0)
(3 1.84836e-16 0)
(3 -2.09122e-16 0)
(3 4.8756e-17 0)
(3 7.92494e-16 0)
(3 1.16452e-15 0)
(3 1.04421e-15 0)
(3 7.74228e-16 0)
(3 -2.66205e-16 0)
(3 -3.11364e-16 0)
(3 -2.13e-16 0)
(3 1.73189e-16 0)
(3 2.17746e-16 0)
(3 3.82544e-16 0)
(3 1.09946e-16 0)
(3 -8.72038e-16 0)
(3 -1.0527e-15 0)
(3 -5.28275e-16 0)
(3 7.67051e-16 0)
(3 1.0012e-15 0)
(3 1.00046e-15 0)
(3 1.09927e-15 0)
(3 4.1399e-13 0)
(3 7.36283e-08 0)
(2.99996 0.000486347 0)
(2.9825 0.05159 0)
(2.39627 0.587426 0)
(1.70832 0.926783 0)
(1.59064 0.948318 0)
(1.61749 0.940149 0)
(3 9.33598e-17 0)
(3 2.11046e-16 0)
(3 9.73181e-17 0)
(3 9.0121e-17 0)
(3 -2.77614e-16 0)
(3 -8.96655e-17 0)
(3 3.71831e-16 0)
(3 4.78253e-16 0)
(3 2.36071e-17 0)
(3 -2.90311e-16 0)
(3 -5.91755e-16 0)
(3 3.42769e-16 0)
(3 4.29154e-16 0)
(3 1.39954e-16 0)
(3 -2.50223e-16 0)
(3 -1.82012e-16 0)
(3 -4.83001e-17 0)
(3 1.55489e-16 0)
(3 6.59199e-16 0)
(3 1.23626e-15 0)
(3 1.80624e-15 0)
(3 1.62272e-15 0)
(3 1.10401e-16 0)
(3 1.74358e-11 0)
(3 4.91621e-07 0)
(2.99987 0.00127733 0)
(2.96129 0.0782469 0)
(2.33006 0.634683 0)
(1.73247 0.940242 0)
(1.63769 0.950394 0)
(3 -7.2604e-17 0)
(3 2.38325e-16 0)
(3 3.49198e-16 0)
(3 2.06882e-17 0)
(3 -2.01835e-16 0)
(3 -8.74724e-16 0)
(3 -8.85665e-16 0)
(3 -5.84521e-16 0)
(3 -5.7781e-16 0)
(3 -4.95151e-16 0)
(3 -9.07811e-17 0)
(3 3.31502e-16 0)
(3 4.14233e-16 0)
(3 3.8398e-16 0)
(3 3.69681e-16 0)
(3 1.34779e-16 0)
(3 7.12679e-17 0)
(3 -9.88098e-18 0)
(3 5.18777e-16 0)
(3 1.10989e-15 0)
(3 1.26766e-15 0)
(3 1.26533e-15 0)
(3 5.04454e-16 0)
(3 1.98277e-15 0)
(3 1.77194e-10 0)
(3 2.03633e-06 0)
(2.99963 0.00237512 0)
(2.93449 0.106575 0)
(2.33361 0.663146 0)
(1.73307 0.938944 0)
(3 -1.39836e-16 0)
(3 -4.82119e-16 0)
(3 -1.46558e-16 0)
(3 -4.46124e-17 0)
(3 -2.95718e-16 0)
(3 -5.97616e-16 0)
(3 -6.69826e-16 0)
(3 -8.85521e-16 0)
(3 -9.11494e-16 0)
(3 -6.87967e-16 0)
(3 -1.82292e-16 0)
(3 2.80083e-16 0)
(3 3.19284e-16 0)
(3 1.02785e-16 0)
(3 1.37774e-16 0)
(3 4.59466e-16 0)
(3 7.76888e-16 0)
(3 7.06928e-16 0)
(3 7.96243e-16 0)
(3 8.16726e-16 0)
(3 4.08875e-16 0)
(3 8.58399e-17 0)
(3 -5.1925e-16 0)
(3 -2.5563e-16 0)
(3 9.27012e-15 0)
(3 1.09894e-09 0)
(3 4.51825e-06 0)
(2.99886 0.00429704 0)
(2.95578 0.107663 0)
(2.20019 0.742801 0)
(3 6.46528e-17 0)
(3 -1.52596e-17 0)
(3 -1.38914e-16 0)
(3 -6.03317e-17 0)
(3 -4.72986e-16 0)
(3 -2.895e-16 0)
(3 1.85139e-16 0)
(3 1.10283e-16 0)
(3 3.03626e-16 0)
(3 1.48535e-16 0)
(3 1.3448e-17 0)
(3 3.41396e-16 0)
(3 8.92331e-16 0)
(3 6.52703e-16 0)
(3 4.00704e-16 0)
(3 6.43328e-16 0)
(3 1.0946e-15 0)
(3 1.31523e-15 0)
(3 6.21762e-16 0)
(3 1.24673e-16 0)
(3 -4.54334e-16 0)
(3 -1.41706e-15 0)
(3 -1.60018e-15 0)
(3 -1.69812e-15 0)
(3 -1.35222e-15 0)
(3 6.22594e-14 0)
(3 3.15878e-09 0)
(3 1.15978e-05 0)
(2.99965 0.00463336 0)
(2.91976 0.169685 0)
(3 -6.57536e-17 0)
(3 2.00559e-16 0)
(3 9.40006e-17 0)
(3 -9.51344e-17 0)
(3 -6.15192e-17 0)
(3 1.06677e-16 0)
(3 3.82565e-16 0)
(3 1.01971e-15 0)
(3 1.54935e-15 0)
(3 1.49139e-15 0)
(3 9.46562e-16 0)
(3 6.17519e-16 0)
(3 4.37349e-16 0)
(3 6.76118e-16 0)
(3 6.66969e-16 0)
(3 3.68455e-16 0)
(3 -1.18135e-16 0)
(3 -5.61877e-17 0)
(3 -7.7587e-17 0)
(3 -3.19417e-16 0)
(3 -5.75372e-16 0)
(3 -1.27997e-15 0)
(3 -1.74692e-15 0)
(3 -2.04039e-15 0)
(3 -1.46333e-15 0)
(3 -5.78895e-16 0)
(3 3.08262e-13 0)
(3 5.29917e-09 0)
(2.99999 2.6736e-05 0)
(3.00629 0.00260448 0)
(3 -1.46502e-16 0)
(3 3.12253e-16 0)
(3 1.74077e-16 0)
(3 -3.0996e-16 0)
(3 -1.94046e-16 0)
(3 2.24359e-16 0)
(3 4.6954e-16 0)
(3 2.83587e-16 0)
(3 2.63799e-16 0)
(3 2.31824e-16 0)
(3 1.11076e-16 0)
(3 2.95474e-17 0)
(3 -1.38897e-16 0)
(3 -1.41e-16 0)
(3 1.91072e-16 0)
(3 3.50036e-17 0)
(3 -4.62144e-16 0)
(3 -3.96292e-16 0)
(3 -5.52877e-16 0)
(3 -4.68563e-16 0)
(3 -4.29594e-16 0)
(3 -1.26763e-15 0)
(3 -1.69296e-15 0)
(3 -1.71637e-15 0)
(3 -1.58459e-15 0)
(3 -3.64349e-16 0)
(3 7.33964e-16 0)
(3 4.13966e-13 0)
(3 2.78785e-08 0)
(3.00008 4.9311e-06 0)
(3 -3.20733e-17 0)
(3 -6.74418e-17 0)
(3 -3.14519e-17 0)
(3 -2.61566e-16 0)
(3 -3.1327e-16 0)
(3 -2.1718e-16 0)
(3 -2.21152e-16 0)
(3 -3.73778e-16 0)
(3 -7.8299e-16 0)
(3 -5.73396e-16 0)
(3 -4.75676e-16 0)
(3 -5.19169e-16 0)
(3 -5.89259e-17 0)
(3 1.93628e-16 0)
(3 1.31912e-17 0)
(3 -1.11745e-16 0)
(3 1.78191e-16 0)
(3 2.52407e-16 0)
(3 4.72316e-17 0)
(3 -4.18981e-16 0)
(3 -1.09425e-15 0)
(3 -1.18921e-15 0)
(3 -7.81716e-16 0)
(3 -6.75704e-16 0)
(3 -5.04361e-16 0)
(3 4.9228e-16 0)
(3 7.51178e-16 0)
(3 3.91184e-16 0)
(3 1.01159e-11 0)
(3 -1.47253e-09 0)
(3 1.38449e-16 0)
(3 -2.0513e-16 0)
(3 -3.26408e-16 0)
(3 -1.25727e-16 0)
(3 -2.93843e-16 0)
(3 -6.55673e-16 0)
(3 -6.18396e-16 0)
(3 -2.02143e-16 0)
(3 -5.00187e-16 0)
(3 -5.40109e-16 0)
(3 -4.42261e-16 0)
(3 -5.39229e-16 0)
(3 -1.79219e-16 0)
(3 -2.17711e-16 0)
(3 -3.61007e-16 0)
(3 -5.32356e-16 0)
(3 -1.93677e-16 0)
(3 -3.82139e-16 0)
(3 -4.15289e-16 0)
(3 -4.32569e-16 0)
(3 -4.78375e-16 0)
(3 -4.99515e-16 0)
(3 -4.60138e-16 0)
(3 -2.3691e-17 0)
(3 9.29261e-16 0)
(3 1.38349e-15 0)
(3 8.06465e-16 0)
(3 -6.30371e-16 0)
(3 7.91593e-16 0)
(3 -1.46429e-09 0)
(3 1.73009e-16 0)
(3 4.92714e-17 0)
(3 5.06012e-17 0)
(3 1.39929e-16 0)
(3 -1.21918e-16 0)
(3 -1.77397e-16 0)
(3 1.24601e-17 0)
(3 -6.62408e-17 0)
(3 -1.32262e-16 0)
(3 -4.03715e-16 0)
(3 -3.4893e-16 0)
(3 -4.48832e-16 0)
(3 -4.05321e-16 0)
(3 -4.5023e-16 0)
(3 -3.92891e-16 0)
(3 -5.82987e-16 0)
(3 -1.36555e-15 0)
(3 -1.59663e-15 0)
(3 -1.36838e-15 0)
(3 -5.69402e-16 0)
(3 2.36717e-16 0)
(3 6.75858e-16 0)
(3 7.19575e-16 0)
(3 7.86974e-16 0)
(3 1.27918e-15 0)
(3 1.22033e-15 0)
(3 1.01424e-15 0)
(3 1.9672e-16 0)
(3 -5.93549e-16 0)
(3 -2.25899e-10 0)
(3 -1.8613e-16 0)
(3 2.38414e-17 0)
(3 3.07017e-16 0)
(3 5.06644e-16 0)
(3 7.78102e-16 0)
(3 9.55503e-16 0)
(3 7.15713e-16 0)
(3 5.98734e-16 0)
(3 4.0725e-16 0)
(3 3.5234e-17 0)
(3 -2.37727e-16 0)
(3 -5.18687e-16 0)
(3 -6.54928e-16 0)
(3 -6.25668e-16 0)
(3 -5.66745e-16 0)
(3 -5.96563e-16 0)
(3 -9.61286e-16 0)
(3 -7.45053e-16 0)
(3 -5.52238e-16 0)
(3 -5.65739e-16 0)
(3 7.29354e-17 0)
(3 3.68276e-16 0)
(3 1.14407e-15 0)
(3 1.36903e-15 0)
(3 1.32763e-15 0)
(3 1.24049e-15 0)
(3 8.3104e-16 0)
(3 -2.91776e-17 0)
(3 -6.42068e-16 0)
(3 -1.10018e-11 0)
(3 9.52647e-18 0)
(3 -4.59771e-17 0)
(3 -5.2206e-16 0)
(3 -5.52492e-16 0)
(3 1.07673e-16 0)
(3 7.64669e-16 0)
(3 6.49417e-16 0)
(3 4.9698e-16 0)
(3 3.51651e-16 0)
(3 1.41482e-16 0)
(3 -5.86815e-16 0)
(3 -1.41884e-15 0)
(3 -1.0552e-15 0)
(3 -7.30257e-16 0)
(3 -6.80511e-16 0)
(3 -4.50039e-16 0)
(3 -7.20516e-17 0)
(3 -2.71227e-17 0)
(3 -2.77425e-16 0)
(3 -2.53943e-16 0)
(3 4.80703e-16 0)
(3 5.89198e-16 0)
(3 7.49711e-16 0)
(3 1.05429e-15 0)
(3 1.66843e-15 0)
(3 1.87349e-15 0)
(3 7.15731e-16 0)
(3 -2.8468e-16 0)
(3 3.90559e-16 0)
(3 -1.3197e-13 0)
(3 7.2746e-17 0)
(3 4.18047e-17 0)
(3 -7.07823e-16 0)
(3 -1.14452e-15 0)
(3 -2.16304e-16 0)
(3 3.01332e-16 0)
(3 3.55083e-16 0)
(3 2.88098e-16 0)
(3 5.36152e-17 0)
(3 -1.22677e-16 0)
(3 -7.96278e-16 0)
(3 -9.86911e-16 0)
(3 -7.01644e-16 0)
(3 -2.86481e-16 0)
(3 -2.11776e-16 0)
(3 -2.21007e-16 0)
(3 -1.63801e-16 0)
(3 -3.49025e-16 0)
(3 -5.00318e-16 0)
(3 -5.32166e-16 0)
(3 3.46376e-16 0)
(3 5.59831e-16 0)
(3 3.00192e-16 0)
(3 1.7888e-16 0)
(3 5.0337e-16 0)
(3 5.70078e-16 0)
(3 1.99833e-16 0)
(3 -1.82431e-16 0)
(3 3.41047e-16 0)
(3 9.92001e-18 0)
(1.75366 1.17554 0)
(2.5678 0.296009 0)
(2.45013 -0.0678105 0)
(2.30524 -0.0856469 0)
(2.29767 -0.0482682 0)
(2.2738 -0.022707 0)
(2.31621 -0.0311406 0)
(1.86717 0.0219292 0)
(0.758563 0.0413663 0)
(0.553438 0.00391238 0)
(0.590338 -0.0147273 0)
(0.681334 -0.0277581 0)
(0.790728 -0.0381873 0)
(0.914379 -0.03629 0)
(1.02266 -0.0289403 0)
(1.11916 -0.0218844 0)
(1.21097 -0.0172551 0)
(1.30226 -0.0149799 0)
(1.39528 -0.014305 0)
(1.48747 -0.0137454 0)
(1.57763 -0.00975612 0)
(1.65948 -0.00800038 0)
(1.73072 -0.00133444 0)
(1.7888 0.000874436 0)
(1.84369 0.00360742 0)
(1.89237 0.00578044 0)
(1.93654 0.00656394 0)
(1.98118 0.00640482 0)
(2.01983 0.00575606 0)
(2.09156 0.00595068 0)
(1.85345 0.62524 0)
(2.50246 0.0492574 0)
(2.52915 -0.330404 0)
(2.45446 -0.214302 0)
(2.39154 -0.0393919 0)
(2.34195 -0.0475429 0)
(2.36832 -0.0150555 0)
(1.9656 0.130055 0)
(0.810401 0.14002 0)
(0.612827 0.000530542 0)
(0.664942 -0.0388542 0)
(0.778996 -0.0482932 0)
(0.900185 -0.0644974 0)
(1.01578 -0.0554998 0)
(1.10756 -0.0415044 0)
(1.1891 -0.0273555 0)
(1.27017 -0.0193824 0)
(1.35486 -0.0136013 0)
(1.44107 -0.0120618 0)
(1.52529 -0.00872542 0)
(1.60665 -0.0113141 0)
(1.68363 -0.00681626 0)
(1.74871 0.00417144 0)
(1.80627 0.0120543 0)
(1.85848 0.0206618 0)
(1.90417 0.0257783 0)
(1.94659 0.0270916 0)
(1.98968 0.0264693 0)
(2.02904 0.0210765 0)
(2.10115 0.0143058 0)
(1.83207 0.733017 0)
(2.33235 0.379574 0)
(2.53206 -0.155808 0)
(2.56872 -0.187395 0)
(2.53374 -0.129565 0)
(2.47317 -0.0418147 0)
(2.45857 -0.0306489 0)
(2.22978 0.162182 0)
(0.983738 0.17883 0)
(0.765293 0.00488981 0)
(0.866003 -0.0705252 0)
(1.01208 -0.0958467 0)
(1.13547 -0.104368 0)
(1.22928 -0.089999 0)
(1.29465 -0.0658206 0)
(1.35424 -0.0485365 0)
(1.41624 -0.0410264 0)
(1.48294 -0.0412836 0)
(1.55226 -0.0413735 0)
(1.61936 -0.0360486 0)
(1.68414 -0.0290615 0)
(1.74614 -0.0152054 0)
(1.80249 -0.000848072 0)
(1.85352 0.00990655 0)
(1.89859 0.0176588 0)
(1.93923 0.0235534 0)
(1.97864 0.027908 0)
(2.01877 0.0348907 0)
(2.05352 0.0383068 0)
(2.11867 0.0359423 0)
(1.81587 0.796757 0)
(2.25645 0.443989 0)
(2.51678 -0.105837 0)
(2.62089 -0.233899 0)
(2.59122 -0.231141 0)
(2.55202 -0.158895 0)
(2.51325 -0.0649518 0)
(2.51597 0.105078 0)
(1.24123 0.226779 0)
(0.982001 -0.00292431 0)
(1.15605 -0.0998314 0)
(1.30656 -0.112552 0)
(1.40095 -0.106832 0)
(1.4608 -0.0814539 0)
(1.50277 -0.0582827 0)
(1.54554 -0.041947 0)
(1.59129 -0.0329368 0)
(1.63952 -0.0284141 0)
(1.68889 -0.0232722 0)
(1.73735 -0.0185001 0)
(1.78502 -0.00806897 0)
(1.83254 -2.31292e-07 0)
(1.87889 0.00796847 0)
(1.92041 0.015213 0)
(1.95818 0.0229287 0)
(1.99314 0.0275457 0)
(2.02797 0.0273309 0)
(2.06417 0.026973 0)
(2.09642 0.0286348 0)
(2.15595 0.0332814 0)
(1.77987 0.808164 0)
(2.18347 0.512383 0)
(2.44858 0.0913681 0)
(2.59307 -0.0801248 0)
(2.58287 -0.189404 0)
(2.59845 -0.201361 0)
(2.57078 -0.116363 0)
(2.57317 -0.0715018 0)
(1.58998 0.229668 0)
(1.228 -0.0657411 0)
(1.41637 -0.157052 0)
(1.52628 -0.14133 0)
(1.57904 -0.118893 0)
(1.61431 -0.0964154 0)
(1.64524 -0.0743524 0)
(1.68174 -0.0556896 0)
(1.72064 -0.0410673 0)
(1.75936 -0.0328901 0)
(1.79732 -0.0288062 0)
(1.83559 -0.0256036 0)
(1.87385 -0.0147295 0)
(1.91302 -0.00169018 0)
(1.95181 0.0138972 0)
(1.98644 0.0286535 0)
(2.01895 0.0417486 0)
(2.04985 0.0503845 0)
(2.08148 0.0523743 0)
(2.11529 0.0526071 0)
(2.14565 0.04854 0)
(2.1995 0.0471715 0)
(1.73769 0.807779 0)
(2.09878 0.574077 0)
(2.384 0.222119 0)
(2.57013 0.0142897 0)
(2.55602 -0.242224 0)
(2.63205 -0.211443 0)
(2.62362 -0.156132 0)
(2.57194 -0.168435 0)
(1.93069 0.0503101 0)
(1.44308 -0.0416853 0)
(1.5576 -0.155833 0)
(1.62903 -0.153344 0)
(1.65862 -0.113057 0)
(1.68345 -0.0743802 0)
(1.71392 -0.0500867 0)
(1.7524 -0.0322429 0)
(1.79135 -0.0254066 0)
(1.82877 -0.0218908 0)
(1.86324 -0.0161834 0)
(1.89727 -0.00806991 0)
(1.93266 0.00613936 0)
(1.96827 0.0191388 0)
(2.00394 0.0320652 0)
(2.03667 0.0441842 0)
(2.06843 0.0551655 0)
(2.09927 0.0609623 0)
(2.13066 0.0623994 0)
(2.16328 0.0653722 0)
(2.19136 0.0654595 0)
(2.24054 0.0670215 0)
(1.69485 0.807298 0)
(2.03983 0.596154 0)
(2.31079 0.341215 0)
(2.49726 0.127579 0)
(2.56514 -0.134606 0)
(2.63389 -0.153837 0)
(2.63306 -0.157227 0)
(2.53262 -0.286421 0)
(2.24481 -0.312815 0)
(1.51919 -0.0965087 0)
(1.57522 -0.134418 0)
(1.65151 -0.147553 0)
(1.68881 -0.124279 0)
(1.71091 -0.0827969 0)
(1.74489 -0.0504211 0)
(1.78824 -0.0302329 0)
(1.82933 -0.0202802 0)
(1.86767 -0.0152629 0)
(1.90195 -0.0111718 0)
(1.93553 -0.00314351 0)
(1.97028 0.0105516 0)
(2.00412 0.0273036 0)
(2.03798 0.0461472 0)
(2.0703 0.0609861 0)
(2.10284 0.07293 0)
(2.13461 0.0788386 0)
(2.16689 0.0809533 0)
(2.1998 0.0835324 0)
(2.22798 0.0815178 0)
(2.27512 0.0827611 0)
(1.66507 0.806134 0)
(1.97621 0.629592 0)
(2.24902 0.426492 0)
(2.41739 0.231271 0)
(2.54477 -0.0522533 0)
(2.65818 -0.108116 0)
(2.62783 -0.172793 0)
(2.44829 -0.419077 0)
(2.32254 -0.677198 0)
(1.53744 -0.162177 0)
(1.56088 -0.123247 0)
(1.64826 -0.13005 0)
(1.70187 -0.116652 0)
(1.72963 -0.0879536 0)
(1.76598 -0.0577524 0)
(1.81204 -0.037601 0)
(1.85458 -0.0259253 0)
(1.89406 -0.0146396 0)
(1.9283 -0.00217374 0)
(1.96034 0.0110784 0)
(1.99296 0.0266025 0)
(2.02551 0.0430547 0)
(2.05958 0.0614006 0)
(2.09248 0.0768635 0)
(2.12588 0.0913697 0)
(2.15868 0.0992769 0)
(2.19247 0.103641 0)
(2.22586 0.105976 0)
(2.25437 0.101521 0)
(2.30016 0.100555 0)
(1.64469 0.803768 0)
(1.94206 0.641035 0)
(2.17878 0.503101 0)
(2.36334 0.288978 0)
(2.49843 0.0597452 0)
(2.63538 -0.00647208 0)
(2.57806 -0.163142 0)
(2.35175 -0.510707 0)
(2.20489 -0.841285 0)
(1.69808 -0.277546 0)
(1.57075 -0.133247 0)
(1.65901 -0.124185 0)
(1.72057 -0.120882 0)
(1.75674 -0.097779 0)
(1.79383 -0.0668192 0)
(1.83849 -0.0420753 0)
(1.87991 -0.0215117 0)
(1.91757 -0.0038442 0)
(1.95185 0.0102705 0)
(1.98382 0.0225247 0)
(2.01533 0.0368237 0)
(2.04603 0.0521999 0)
(2.07826 0.0723287 0)
(2.10997 0.0902596 0)
(2.14397 0.106717 0)
(2.17814 0.114717 0)
(2.21314 0.120576 0)
(2.24575 0.121556 0)
(2.27366 0.116976 0)
(2.31746 0.116602 0)
(1.63254 0.804116 0)
(1.90232 0.66899 0)
(2.11603 0.556921 0)
(2.30852 0.345299 0)
(2.4517 0.171901 0)
(2.58999 0.0603133 0)
(2.51136 -0.174195 0)
(2.23172 -0.580361 0)
(2.10457 -0.85833 0)
(1.96711 -0.539804 0)
(1.6091 -0.163022 0)
(1.69118 -0.119084 0)
(1.75349 -0.112235 0)
(1.80027 -0.0949428 0)
(1.83533 -0.0677164 0)
(1.87358 -0.0404511 0)
(1.9117 -0.0171357 0)
(1.94693 0.00367029 0)
(1.97856 0.0225992 0)
(2.00672 0.0388884 0)
(2.03391 0.0554591 0)
(2.06158 0.0704141 0)
(2.09332 0.0892378 0)
(2.12621 0.104701 0)
(2.161 0.120934 0)
(2.19457 0.129632 0)
(2.2279 0.138018 0)
(2.25834 0.137178 0)
(2.28562 0.134418 0)
(2.32593 0.135974 0)
(1.6285 0.79807 0)
(1.88345 0.688612 0)
(2.06754 0.593604 0)
(2.26056 0.385975 0)
(2.41245 0.268636 0)
(2.52864 0.10002 0)
(2.42739 -0.185551 0)
(2.12221 -0.59114 0)
(2.05624 -0.816242 0)
(2.04873 -0.742662 0)
(1.78479 -0.278592 0)
(1.73299 -0.12679 0)
(1.79856 -0.118242 0)
(1.8491 -0.0998318 0)
(1.88467 -0.0698076 0)
(1.91619 -0.0374824 0)
(1.94743 -0.00695993 0)
(1.97789 0.0175973 0)
(2.00713 0.0380802 0)
(2.03324 0.0537517 0)
(2.05842 0.0688799 0)
(2.08462 0.0825042 0)
(2.11466 0.10279 0)
(2.14551 0.11974 0)
(2.17888 0.136525 0)
(2.21176 0.143494 0)
(2.24377 0.152042 0)
(2.27227 0.147896 0)
(2.29967 0.150218 0)
(2.33811 0.153468 0)
(1.62532 0.801065 0)
(1.86161 0.718184 0)
(2.02598 0.621111 0)
(2.21397 0.427722 0)
(2.35937 0.365027 0)
(2.45231 0.139084 0)
(2.28697 -0.254871 0)
(2.0484 -0.600477 0)
(2.03882 -0.725041 0)
(2.0851 -0.746128 0)
(2.00771 -0.490696 0)
(1.80544 -0.178493 0)
(1.84379 -0.100572 0)
(1.89454 -0.0951677 0)
(1.93298 -0.0703273 0)
(1.95947 -0.0326307 0)
(1.9852 0.00365326 0)
(2.01184 0.0298551 0)
(2.0387 0.0517867 0)
(2.06134 0.0703058 0)
(2.08276 0.0881979 0)
(2.10661 0.103014 0)
(2.13574 0.123131 0)
(2.1665 0.137841 0)
(2.19894 0.153191 0)
(2.22992 0.159219 0)
(2.25936 0.167919 0)
(2.28484 0.162525 0)
(2.31211 0.171947 0)
(2.34711 0.174922 0)
(1.63042 0.803498 0)
(1.84834 0.743641 0)
(2.00104 0.633159 0)
(2.1822 0.471291 0)
(2.3201 0.437124 0)
(2.34194 0.151926 0)
(2.1273 -0.356274 0)
(2.00813 -0.600666 0)
(2.02702 -0.661618 0)
(2.0833 -0.72007 0)
(2.09373 -0.643107 0)
(1.94962 -0.304777 0)
(1.88442 -0.130199 0)
(1.9415 -0.0834547 0)
(1.97632 -0.0628626 0)
(2.00173 -0.0277223 0)
(2.02424 0.00999838 0)
(2.04759 0.0389263 0)
(2.07098 0.0638601 0)
(2.09111 0.0840314 0)
(2.11128 0.102445 0)
(2.13383 0.11838 0)
(2.16116 0.140231 0)
(2.18988 0.156023 0)
(2.21975 0.172006 0)
(2.24879 0.176767 0)
(2.27642 0.184256 0)
(2.30051 0.178975 0)
(2.32885 0.196489 0)
(2.35934 0.191518 0)
(1.63662 0.820389 0)
(1.82227 0.770664 0)
(1.98373 0.644245 0)
(2.15307 0.531021 0)
(2.28815 0.469657 0)
(2.22018 0.106221 0)
(2.02441 -0.368912 0)
(1.99211 -0.580886 0)
(2.01359 -0.606244 0)
(2.06587 -0.658335 0)
(2.13204 -0.668598 0)
(2.10654 -0.486883 0)
(1.96888 -0.19383 0)
(1.97639 -0.0899493 0)
(2.01551 -0.0585791 0)
(2.04084 -0.023247 0)
(2.06061 0.0132911 0)
(2.08177 0.0459791 0)
(2.10272 0.0751878 0)
(2.12113 0.098765 0)
(2.13987 0.120564 0)
(2.16016 0.138668 0)
(2.18515 0.160872 0)
(2.21296 0.175203 0)
(2.24203 0.189692 0)
(2.26974 0.193866 0)
(2.29518 0.201996 0)
(2.31927 0.202142 0)
(2.33964 0.227019 0)
(2.3702 0.203401 0)
(1.65274 0.839477 0)
(1.8064 0.781609 0)
(1.97074 0.655565 0)
(2.12182 0.596734 0)
(2.23132 0.448851 0)
(2.09432 0.0148133 0)
(1.9524 -0.390432 0)
(1.95975 -0.513188 0)
(2.01153 -0.568065 0)
(2.07635 -0.622581 0)
(2.14997 -0.6473 0)
(2.1738 -0.594743 0)
(2.11046 -0.341322 0)
(2.02381 -0.121459 0)
(2.05247 -0.0492975 0)
(2.07268 -0.0202169 0)
(2.09259 0.01676 0)
(2.11271 0.0521271 0)
(2.13327 0.086382 0)
(2.15122 0.113626 0)
(2.17005 0.136516 0)
(2.18911 0.154539 0)
(2.21132 0.176955 0)
(2.23625 0.192231 0)
(2.2634 0.208355 0)
(2.29064 0.213286 0)
(2.31576 0.221871 0)
(2.3458 0.227652 0)
(2.35189 0.24946 0)
(2.38044 0.206471 0)
(1.67123 0.866672 0)
(1.79699 0.79136 0)
(1.96092 0.674604 0)
(2.09649 0.64519 0)
(2.14507 0.404751 0)
(1.9461 -0.0808292 0)
(1.91158 -0.352274 0)
(1.94701 -0.461636 0)
(2.01496 -0.527833 0)
(2.0836 -0.564167 0)
(2.15342 -0.617404 0)
(2.21813 -0.613381 0)
(2.22042 -0.487692 0)
(2.13552 -0.21393 0)
(2.09182 -0.062523 0)
(2.10399 -0.00912414 0)
(2.12119 0.024571 0)
(2.13873 0.0611596 0)
(2.15879 0.100117 0)
(2.17745 0.130043 0)
(2.19688 0.153679 0)
(2.21624 0.170511 0)
(2.23757 0.192797 0)
(2.25933 0.206893 0)
(2.28472 0.222006 0)
(2.31164 0.229112 0)
(2.33837 0.240725 0)
(2.3713 0.256732 0)
(2.37473 0.260593 0)
(2.37553 0.198261 0)
(1.68963 0.89183 0)
(1.80235 0.793363 0)
(1.95659 0.707077 0)
(2.07734 0.652469 0)
(2.04588 0.314137 0)
(1.83261 -0.153028 0)
(1.87608 -0.345295 0)
(1.93313 -0.406336 0)
(2.01575 -0.47586 0)
(2.09433 -0.529641 0)
(2.16777 -0.566261 0)
(2.23003 -0.592142 0)
(2.28027 -0.55563 0)
(2.24445 -0.369882 0)
(2.15877 -0.115233 0)
(2.14324 -0.003033 0)
(2.15124 0.0356363 0)
(2.16089 0.0744766 0)
(2.17822 0.114248 0)
(2.19233 0.148355 0)
(2.21017 0.173454 0)
(2.2304 0.189947 0)
(2.2541 0.211753 0)
(2.27816 0.223261 0)
(2.29815 0.239399 0)
(2.32226 0.25045 0)
(2.3471 0.266944 0)
(2.37185 0.288367 0)
(2.38534 0.270911 0)
(2.3566 0.157151 0)
(1.69849 0.913657 0)
(1.81544 0.802947 0)
(1.94372 0.753602 0)
(2.0404 0.623312 0)
(1.91187 0.191875 0)
(1.7981 -0.142942 0)
(1.84363 -0.279329 0)
(1.93335 -0.369855 0)
(2.02243 -0.434125 0)
(2.10354 -0.478961 0)
(2.17674 -0.517338 0)
(2.24539 -0.558804 0)
(2.29827 -0.557363 0)
(2.30488 -0.467525 0)
(2.25716 -0.246416 0)
(2.18438 -0.0314358 0)
(2.18345 0.0486959 0)
(2.1876 0.0893032 0)
(2.19236 0.136106 0)
(2.1986 0.168848 0)
(2.21264 0.193865 0)
(2.23109 0.21053 0)
(2.25392 0.230488 0)
(2.27793 0.244617 0)
(2.30341 0.25984 0)
(2.33161 0.272637 0)
(2.3624 0.293341 0)
(2.37803 0.304076 0)
(2.38532 0.262158 0)
(2.32482 0.0924051 0)
(1.7058 0.917819 0)
(1.83071 0.813979 0)
(1.93807 0.788689 0)
(1.97944 0.552248 0)
(1.75197 0.0532681 0)
(1.77781 -0.158239 0)
(1.84828 -0.262381 0)
(1.94471 -0.337702 0)
(2.03307 -0.395385 0)
(2.11317 -0.44195 0)
(2.1819 -0.470435 0)
(2.24372 -0.497532 0)
(2.30012 -0.52829 0)
(2.33965 -0.49817 0)
(2.32459 -0.374508 0)
(2.24604 -0.113078 0)
(2.20335 0.0496957 0)
(2.20967 0.115115 0)
(2.21265 0.157136 0)
(2.21971 0.1857 0)
(2.23096 0.210845 0)
(2.24793 0.228813 0)
(2.26788 0.249732 0)
(2.28656 0.266237 0)
(2.30558 0.283493 0)
(2.33448 0.302026 0)
(2.35289 0.320106 0)
(2.37752 0.299502 0)
(2.36756 0.235279 0)
(2.27368 0.00533591 0)
(1.71426 0.931651 0)
(1.83358 0.840761 0)
(1.93255 0.779013 0)
(1.90029 0.430617 0)
(1.70196 0.0276474 0)
(1.77214 -0.133273 0)
(1.8533 -0.215406 0)
(1.95078 -0.293561 0)
(2.03814 -0.352562 0)
(2.11423 -0.393072 0)
(2.18118 -0.423711 0)
(2.23948 -0.449065 0)
(2.29681 -0.474883 0)
(2.33716 -0.483723 0)
(2.35991 -0.419767 0)
(2.32483 -0.24733 0)
(2.25213 -0.00785372 0)
(2.22924 0.122532 0)
(2.22625 0.170335 0)
(2.23237 0.202147 0)
(2.24493 0.229833 0)
(2.25934 0.246442 0)
(2.27238 0.270179 0)
(2.28625 0.287721 0)
(2.31248 0.310131 0)
(2.34462 0.330858 0)
(2.35681 0.331339 0)
(2.3608 0.290338 0)
(2.32498 0.149121 0)
(2.24059 -0.0409864 0)
(1.75574 0.899274 0)
(1.83463 0.871001 0)
(1.92474 0.758166 0)
(1.76878 0.274027 0)
(1.69431 -0.0086096 0)
(1.76932 -0.115736 0)
(1.85957 -0.195296 0)
(1.9516 -0.262716 0)
(2.03605 -0.314055 0)
(2.1105 -0.353234 0)
(2.17448 -0.378671 0)
(2.22651 -0.395124 0)
(2.28034 -0.414568 0)
(2.34087 -0.436603 0)
(2.37848 -0.428227 0)
(2.3773 -0.323823 0)
(2.32909 -0.110977 0)
(2.26882 0.0798386 0)
(2.25097 0.183287 0)
(2.24531 0.21807 0)
(2.25459 0.242532 0)
(2.26803 0.260473 0)
(2.2823 0.289237 0)
(2.29785 0.310839 0)
(2.32165 0.33902 0)
(2.33646 0.351364 0)
(2.35466 0.326051 0)
(2.32983 0.235918 0)
(2.25799 0.0240856 0)
(2.20787 -0.0936768 0)
(1.81912 0.834474 0)
(1.84496 0.896993 0)
(1.87691 0.677694 0)
(1.63163 0.187128 0)
(1.66678 0.0123647 0)
(1.75871 -0.0902565 0)
(1.85029 -0.162854 0)
(1.9376 -0.220975 0)
(2.02015 -0.267537 0)
(2.09364 -0.302986 0)
(2.16025 -0.330026 0)
(2.22123 -0.350853 0)
(2.27754 -0.364827 0)
(2.34127 -0.391607 0)
(2.38691 -0.400187 0)
(2.42207 -0.352601 0)
(2.40783 -0.232705 0)
(2.32038 0.0261504 0)
(2.27524 0.183121 0)
(2.26929 0.239159 0)
(2.27237 0.259123 0)
(2.27993 0.278922 0)
(2.28903 0.309248 0)
(2.30466 0.337023 0)
(2.32073 0.361292 0)
(2.33957 0.357142 0)
(2.33598 0.308633 0)
(2.27178 0.134014 0)
(2.21507 -0.022369 0)
(2.20153 -0.0780789 0)
(1.90331 0.750413 0)
(1.86697 0.952824 0)
(1.6891 0.472099 0)
(1.50753 0.137374 0)
(1.62164 0.021675 0)
(1.72922 -0.0647504 0)
(1.83093 -0.134196 0)
(1.92324 -0.18676 0)
(2.00975 -0.230726 0)
(2.08905 -0.26664 0)
(2.16007 -0.293614 0)
(2.22208 -0.309158 0)
(2.27793 -0.317092 0)
(2.33054 -0.327036 0)
(2.39785 -0.35084 0)
(2.4355 -0.351313 0)
(2.46917 -0.273784 0)
(2.43078 -0.117633 0)
(2.32337 0.139835 0)
(2.29399 0.247911 0)
(2.29712 0.276064 0)
(2.29988 0.306992 0)
(2.30217 0.337742 0)
(2.31069 0.362712 0)
(2.32056 0.373985 0)
(2.33607 0.352809 0)
(2.30042 0.228298 0)
(2.20819 0.00391643 0)
(2.17034 -0.070354 0)
(2.19047 -0.0805874 0)
(2.00152 0.769808 0)
(1.85762 0.912608 0)
(1.41058 0.298664 0)
(1.43972 0.115812 0)
(1.58876 0.0309422 0)
(1.70583 -0.0472855 0)
(1.81418 -0.109185 0)
(1.91157 -0.154655 0)
(2.00004 -0.19308 0)
(2.0803 -0.224915 0)
(2.15421 -0.24891 0)
(2.22377 -0.265867 0)
(2.28608 -0.273238 0)
(2.34731 -0.280433 0)
(2.41184 -0.301897 0)
(2.46185 -0.309722 0)
(2.50882 -0.289857 0)
(2.49432 -0.187957 0)
(2.41888 0.0346313 0)
(2.35936 0.207416 0)
(2.33565 0.299331 0)
(2.31825 0.329106 0)
(2.31866 0.364172 0)
(2.32362 0.391984 0)
(2.33295 0.380516 0)
(2.31579 0.307875 0)
(2.24458 0.120206 0)
(2.188 -0.0185534 0)
(2.1701 -0.0633152 0)
(2.18863 -0.0697507 0)
(2.40196 0.647204 0)
(1.86197 0.745109 0)
(1.31748 0.215196 0)
(1.44207 0.103082 0)
(1.5777 0.038032 0)
(1.69263 -0.0319296 0)
(1.80149 -0.0850524 0)
(1.90255 -0.124668 0)
(1.994 -0.158289 0)
(2.07666 -0.187871 0)
(2.15364 -0.210137 0)
(2.22884 -0.225718 0)
(2.29968 -0.233503 0)
(2.36095 -0.233512 0)
(2.4143 -0.244156 0)
(2.48188 -0.268008 0)
(2.51851 -0.276295 0)
(2.54182 -0.206951 0)
(2.51298 -0.0802262 0)
(2.42537 0.179639 0)
(2.36222 0.320767 0)
(2.35002 0.357221 0)
(2.34157 0.391993 0)
(2.34317 0.405374 0)
(2.33698 0.368997 0)
(2.28478 0.205745 0)
(2.16479 -0.0182061 0)
(2.16014 -0.0534124 0)
(2.17254 -0.060324 0)
(2.20393 -0.0638338 0)
(2.79692 0.341347 0)
(1.89026 0.526275 0)
(1.2953 0.204786 0)
(1.46169 0.115868 0)
(1.5786 0.0437166 0)
(1.6877 -0.0147984 0)
(1.79603 -0.0593763 0)
(1.9008 -0.0959356 0)
(1.99642 -0.126847 0)
(2.08289 -0.151354 0)
(2.16212 -0.168267 0)
(2.23675 -0.180012 0)
(2.30958 -0.189898 0)
(2.37531 -0.194659 0)
(2.42872 -0.194833 0)
(2.46516 -0.206212 0)
(2.51401 -0.221331 0)
(2.56515 -0.209858 0)
(2.5635 -0.128772 0)
(2.51279 0.0653995 0)
(2.43691 0.263521 0)
(2.38841 0.381309 0)
(2.3681 0.423231 0)
(2.36256 0.411844 0)
(2.32759 0.299195 0)
(2.2559 0.104161 0)
(2.182 -0.014351 0)
(2.17811 -0.050573 0)
(2.18851 -0.0552599 0)
(2.21834 -0.0513991 0)
(2.96183 0.104655 0)
(1.73379 0.223647 0)
(1.25162 0.166317 0)
(1.44877 0.132055 0)
(1.56819 0.0621068 0)
(1.67859 0.00442727 0)
(1.78946 -0.0370341 0)
(1.89467 -0.0697749 0)
(1.9902 -0.0966548 0)
(2.07578 -0.115436 0)
(2.15575 -0.127431 0)
(2.23301 -0.137655 0)
(2.30527 -0.14803 0)
(2.36535 -0.155014 0)
(2.41592 -0.150743 0)
(2.47318 -0.151476 0)
(2.53109 -0.165893 0)
(2.58418 -0.179257 0)
(2.59525 -0.132741 0)
(2.57443 -0.0103685 0)
(2.49295 0.242219 0)
(2.42355 0.402912 0)
(2.40266 0.446767 0)
(2.37994 0.379707 0)
(2.32803 0.177452 0)
(2.22304 -6.45737e-05 0)
(2.19417 -0.0379971 0)
(2.20215 -0.043608 0)
(2.21349 -0.0485314 0)
(2.24165 -0.0457173 0)
(2.97842 -0.0135261 0)
(1.37539 0.00978692 0)
(1.11708 0.175327 0)
(1.35897 0.145442 0)
(1.50724 0.0820164 0)
(1.63695 0.0227353 0)
(1.75999 -0.0181875 0)
(1.87531 -0.047367 0)
(1.98197 -0.0657922 0)
(2.08117 -0.0779015 0)
(2.17082 -0.0873076 0)
(2.24897 -0.0960224 0)
(2.31423 -0.105079 0)
(2.37008 -0.110125 0)
(2.42198 -0.106561 0)
(2.46963 -0.102139 0)
(2.51808 -0.112264 0)
(2.57058 -0.120696 0)
(2.5885 -0.130615 0)
(2.63048 -0.0374104 0)
(2.59284 0.107439 0)
(2.45237 0.380816 0)
(2.43226 0.430759 0)
(2.38371 0.286515 0)
(2.31551 0.0899921 0)
(2.22133 -0.00805795 0)
(2.2092 -0.0296637 0)
(2.21671 -0.0304696 0)
(2.23026 -0.0352379 0)
(2.26054 -0.0317768 0)
(2.91207 -0.0824142 0)
(0.993155 -0.0300527 0)
(0.862247 0.118644 0)
(1.17336 0.0967188 0)
(1.38495 0.0385067 0)
(1.5764 -0.00136908 0)
(1.71732 -0.0160753 0)
(1.8473 -0.0331717 0)
(1.96307 -0.0422168 0)
(2.0669 -0.0484065 0)
(2.15858 -0.0536057 0)
(2.23804 -0.0588148 0)
(2.3064 -0.0632254 0)
(2.36889 -0.0643346 0)
(2.42891 -0.0624068 0)
(2.48264 -0.0604995 0)
(2.52942 -0.0663683 0)
(2.57704 -0.0723084 0)
(2.60143 -0.0947944 0)
(2.67051 -0.0139554 0)
(2.64713 0.0593244 0)
(2.52991 0.276118 0)
(2.46792 0.333583 0)
(2.30353 0.0983598 0)
(2.21719 0.00624212 0)
(2.20054 -0.0148122 0)
(2.21197 -0.0178585 0)
(2.22327 -0.0169391 0)
(2.23724 -0.0199669 0)
(2.27012 -0.0196847 0)
(2.82508 -0.0380789 0)
(0.837686 -0.0267457 0)
(0.702434 0.0504083 0)
(1.02398 0.0709256 0)
(1.29695 0.0529401 0)
(1.5439 0.019113 0)
(1.69577 -0.000495601 0)
(1.83322 -0.00746309 0)
(1.95583 -0.0113478 0)
(2.06343 -0.0139505 0)
(2.15764 -0.0160622 0)
(2.24 -0.0182247 0)
(2.31278 -0.0198985 0)
(2.38094 -0.0209987 0)
(2.44418 -0.0219275 0)
(2.49562 -0.0212736 0)
(2.5417 -0.0221058 0)
(2.58714 -0.0228578 0)
(2.63688 -0.0338193 0)
(2.68467 -0.024027 0)
(2.6781 -0.00238846 0)
(2.56624 0.0782272 0)
(2.38779 0.131876 0)
(2.28481 0.112392 0)
(2.18596 0.0282996 0)
(2.19357 -0.000634701 0)
(2.20785 -0.00550216 0)
(2.22684 -0.00583861 0)
(2.24329 -0.00678418 0)
(2.27053 -0.00721873 0)
)
;

boundaryField
{
    inlet
    {
        type            fixedValue;
        value           uniform (3 0 0);
    }
    outlet
    {
        type            inletOutlet;
        inletValue      uniform (3 0 0);
        value           nonuniform List<vector> 
30
(
(2.09156 0.00595068 0)
(2.10115 0.0143058 0)
(2.11867 0.0359423 0)
(2.15595 0.0332814 0)
(2.1995 0.0471715 0)
(2.24054 0.0670215 0)
(2.27512 0.0827611 0)
(2.30016 0.100555 0)
(2.31746 0.116602 0)
(2.32593 0.135974 0)
(2.33811 0.153468 0)
(2.34711 0.174922 0)
(2.35934 0.191518 0)
(2.3702 0.203401 0)
(2.38044 0.206471 0)
(2.37553 0.198261 0)
(2.3566 0.157151 0)
(2.32482 0.0924051 0)
(2.27368 0.00533591 0)
(2.24059 -0.0409864 0)
(2.20787 -0.0936768 0)
(2.20153 -0.0780789 0)
(2.19047 -0.0805874 0)
(2.18863 -0.0697507 0)
(2.20393 -0.0638338 0)
(2.21834 -0.0513991 0)
(2.24165 -0.0457173 0)
(2.26054 -0.0317768 0)
(2.27012 -0.0196847 0)
(2.27053 -0.00721873 0)
)
;
    }
    top
    {
        type            symmetryPlane;
    }
    bottom
    {
        type            symmetryPlane;
    }
    step
    {
        type            slip;
    }
    defaultFaces
    {
        type            empty;
    }
}


// ************************************************************************* //
