/*--------------------------------*- C++ -*----------------------------------*\
  =========                 |
  \\      /  F ield         | OpenFOAM: The Open Source CFD Toolbox
   \\    /   O peration     | Website:  https://openfoam.org
    \\  /    A nd           | Version:  6.0
     \\/     M anipulation  |
\*---------------------------------------------------------------------------*/
FoamFile
{
    version     2.0;
    format      ascii;
    class       volScalarField;
    location    "3.99916778";
    object      p;
}
// * * * * * * * * * * * * * * * * * * * * * * * * * * * * * * * * * * * * * //

dimensions      [1 -1 -2 0 0 0 0];

internalField   nonuniform List<scalar> 
3000
(
1
1
1
1
1.33324
7.61557
10.8119
11.1264
11.4696
11.7289
1
1
1
1
1.33065
7.56012
10.7964
11.1124
11.4408
11.6855
1
1
1
1
1.31799
7.46856
10.7664
11.0757
11.3852
11.6186
1
1
1
1
1.27796
7.31602
10.7389
11.0338
11.319
11.5232
1
1
1
1
1.20099
7.10542
10.6935
10.9652
11.2206
11.4034
1
1
1
1
1.09528
6.8666
10.6329
10.8773
11.1228
11.2605
1
1
1
1
1.02187
6.57509
10.5337
10.7225
10.94
11.0584
1
1
1
1
1.00178
6.19705
10.3146
10.5241
10.7334
10.766
1
1
1
1
1.00001
5.76475
10.1516
10.3597
10.4437
10.3063
1
1
1
1
0.999999
5.27611
9.90921
10.1763
10.1937
10.0437
1
1
1
1
1.33324
7.61557
10.8119
11.1264
11.4696
11.7289
1
1
1
1
1.33065
7.56012
10.7964
11.1124
11.4408
11.6855
1
1
1
1
1.31799
7.46856
10.7664
11.0757
11.3852
11.6186
1
1
1
1
1.27796
7.31602
10.7389
11.0338
11.319
11.5232
1
1
1
1
1.20099
7.10542
10.6935
10.9652
11.2206
11.4034
1
1
1
1
1.09528
6.8666
10.6329
10.8773
11.1228
11.2605
1
1
1
1
1.02187
6.57509
10.5337
10.7225
10.94
11.0584
1
1
1
1
1.00178
6.19705
10.3146
10.5241
10.7334
10.766
1
1
1
1
1.00001
5.76475
10.1516
10.3597
10.4437
10.3063
1
1
1
1
0.999999
5.27611
9.90921
10.1763
10.1937
10.0437
1
1
1
1
1.33324
7.61557
10.8119
11.1264
11.4696
11.7289
1
1
1
1
1.33065
7.56012
10.7964
11.1124
11.4408
11.6855
1
1
1
1
1.31799
7.46856
10.7664
11.0757
11.3852
11.6186
1
1
1
1
1.27796
7.31602
10.7389
11.0338
11.319
11.5232
1
1
1
1
1.20099
7.10542
10.6935
10.9652
11.2206
11.4034
1
1
1
1
1.09528
6.8666
10.6329
10.8773
11.1228
11.2605
1
1
1
1
1.02187
6.57509
10.5337
10.7225
10.94
11.0584
1
1
1
1
1.00178
6.19705
10.3146
10.5241
10.7334
10.766
1
1
1
1
1.00001
5.76475
10.1516
10.3597
10.4437
10.3063
1
1
1
1
0.999999
5.27611
9.90921
10.1763
10.1937
10.0437
1
1
1
1
1.33324
7.61557
10.8119
11.1264
11.4696
11.7289
1
1
1
1
1.33065
7.56012
10.7964
11.1124
11.4408
11.6855
1
1
1
1
1.31799
7.46856
10.7664
11.0757
11.3852
11.6186
1
1
1
1
1.27796
7.31602
10.7389
11.0338
11.319
11.5232
1
1
1
1
1.20099
7.10542
10.6935
10.9652
11.2206
11.4034
1
1
1
1
1.09528
6.8666
10.6329
10.8773
11.1228
11.2605
1
1
1
1
1.02187
6.57509
10.5337
10.7225
10.94
11.0584
1
1
1
1
1.00178
6.19705
10.3146
10.5241
10.7334
10.766
1
1
1
1
1.00001
5.76475
10.1516
10.3597
10.4437
10.3063
1
1
1
1
0.999999
5.27611
9.90921
10.1763
10.1937
10.0437
1
1
1
1
1.33324
7.61557
10.8119
11.1264
11.4696
11.7289
1
1
1
1
1.33065
7.56012
10.7964
11.1124
11.4408
11.6855
1
1
1
1
1.31799
7.46856
10.7664
11.0757
11.3852
11.6186
1
1
1
1
1.27796
7.31602
10.7389
11.0338
11.319
11.5232
1
1
1
1
1.20099
7.10542
10.6935
10.9652
11.2206
11.4034
1
1
1
1
1.09528
6.8666
10.6329
10.8773
11.1228
11.2605
1
1
1
1
1.02187
6.57509
10.5337
10.7225
10.94
11.0584
1
1
1
1
1.00178
6.19705
10.3146
10.5241
10.7334
10.766
1
1
1
1
1.00001
5.76475
10.1516
10.3597
10.4437
10.3063
1
1
1
1
0.999999
5.27611
9.90921
10.1763
10.1937
10.0437
1
1
1
1
1.33324
7.61557
10.8119
11.1264
11.4696
11.7289
1
1
1
1
1.33065
7.56012
10.7964
11.1124
11.4408
11.6855
1
1
1
1
1.31799
7.46856
10.7664
11.0757
11.3852
11.6186
1
1
1
1
1.27796
7.31602
10.7389
11.0338
11.319
11.5232
1
1
1
1
1.20099
7.10542
10.6935
10.9652
11.2206
11.4034
1
1
1
1
1.09528
6.8666
10.6329
10.8773
11.1228
11.2605
1
1
1
1
1.02187
6.57509
10.5337
10.7225
10.94
11.0584
1
1
1
1
1.00178
6.19705
10.3146
10.5241
10.7334
10.766
1
1
1
1
1.00001
5.76475
10.1516
10.3597
10.4437
10.3063
1
1
1
1
0.999999
5.27611
9.90921
10.1763
10.1937
10.0437
1
1
1
1
1.33324
7.61557
10.8119
11.1264
11.4696
11.7289
1
1
1
1
1.33065
7.56012
10.7964
11.1124
11.4408
11.6855
1
1
1
1
1.31799
7.46856
10.7664
11.0757
11.3852
11.6186
1
1
1
1
1.27796
7.31602
10.7389
11.0338
11.319
11.5232
1
1
1
1
1.20099
7.10542
10.6935
10.9652
11.2206
11.4034
1
1
1
1
1.09528
6.8666
10.6329
10.8773
11.1228
11.2605
1
1
1
1
1.02187
6.57509
10.5337
10.7225
10.94
11.0584
1
1
1
1
1.00178
6.19705
10.3146
10.5241
10.7334
10.766
1
1
1
1
1.00001
5.76475
10.1516
10.3597
10.4437
10.3063
1
1
1
1
0.999999
5.27611
9.90921
10.1763
10.1937
10.0437
1
1
1
1
1.33324
7.61557
10.8119
11.1264
11.4696
11.7289
1
1
1
1
1.33065
7.56012
10.7964
11.1124
11.4408
11.6855
1
1
1
1
1.31799
7.46856
10.7664
11.0757
11.3852
11.6186
1
1
1
1
1.27796
7.31602
10.7389
11.0338
11.319
11.5232
1
1
1
1
1.20099
7.10542
10.6935
10.9652
11.2206
11.4034
1
1
1
1
1.09528
6.8666
10.6329
10.8773
11.1228
11.2605
1
1
1
1
1.02187
6.57509
10.5337
10.7225
10.94
11.0584
1
1
1
1
1.00178
6.19705
10.3146
10.5241
10.7334
10.766
1
1
1
1
1.00001
5.76475
10.1516
10.3597
10.4437
10.3063
1
1
1
1
0.999999
5.27611
9.90921
10.1763
10.1937
10.0437
1
1
1
1
1.33324
7.61557
10.8119
11.1264
11.4696
11.7289
1
1
1
1
1.33065
7.56012
10.7964
11.1124
11.4408
11.6855
1
1
1
1
1.31799
7.46856
10.7664
11.0757
11.3852
11.6186
1
1
1
1
1.27796
7.31602
10.7389
11.0338
11.319
11.5232
1
1
1
1
1.20099
7.10542
10.6935
10.9652
11.2206
11.4034
1
1
1
1
1.09528
6.8666
10.6329
10.8773
11.1228
11.2605
1
1
1
1
1.02187
6.57509
10.5337
10.7225
10.94
11.0584
1
1
1
1
1.00178
6.19705
10.3146
10.5241
10.7334
10.766
1
1
1
1
1.00001
5.76475
10.1516
10.3597
10.4437
10.3063
1
1
1
1
0.999999
5.27611
9.90921
10.1763
10.1937
10.0437
1
1
1
1
1.33324
7.61557
10.8119
11.1264
11.4696
11.7289
1
1
1
1
1.33065
7.56012
10.7964
11.1124
11.4408
11.6855
1
1
1
1
1.31799
7.46856
10.7664
11.0757
11.3852
11.6186
1
1
1
1
1.27796
7.31602
10.7389
11.0338
11.319
11.5232
1
1
1
1
1.20099
7.10542
10.6935
10.9652
11.2206
11.4034
1
1
1
1
1.09528
6.8666
10.6329
10.8773
11.1228
11.2605
1
1
1
1
1.02187
6.57509
10.5337
10.7225
10.94
11.0584
1
1
1
1
1.00178
6.19705
10.3146
10.5241
10.7334
10.766
1
1
1
1
1.00001
5.76475
10.1516
10.3597
10.4437
10.3063
1
1
1
1
0.999999
5.27611
9.90921
10.1763
10.1937
10.0437
1
1
1
1
1
3.77079
9.24422
9.79457
9.40479
7.9939
1
1
1
1
1
1.64799
7.52243
9.18873
8.48481
7.17851
1
1
1
1
1
1.03001
4.47492
8.24514
7.73273
6.65316
1
1
1
1
1
0.999977
1.54531
5.87382
7.58466
6.52323
1
1
1
1
1
0.999992
1.01663
2.36535
6.18045
6.65168
1
1
1
1
1
0.999999
1.00007
1.09688
3.10417
6.05421
1
1
1
1
1
1
1
1.00102
1.2329
3.87367
1
1
1
1
1
1
1
1
1.00399
1.54652
1
1
1
1
1
1
1
1
1.00001
1.01781
1
1
1
1
1
1
1
1
1
1.00005
1
1
1
1
1
3.77079
9.24422
9.79457
9.40479
7.9939
1
1
1
1
1
1.64799
7.52243
9.18873
8.48481
7.17851
1
1
1
1
1
1.03001
4.47492
8.24514
7.73273
6.65316
1
1
1
1
1
0.999977
1.54531
5.87382
7.58466
6.52323
1
1
1
1
1
0.999992
1.01663
2.36535
6.18045
6.65168
1
1
1
1
1
0.999999
1.00007
1.09688
3.10417
6.05421
1
1
1
1
1
1
1
1.00102
1.2329
3.87367
1
1
1
1
1
1
1
1
1.00399
1.54652
1
1
1
1
1
1
1
1
1.00001
1.01781
1
1
1
1
1
1
1
1
1
1.00005
1
1
1
1
1
3.77079
9.24422
9.79457
9.40479
7.9939
1
1
1
1
1
1.64799
7.52243
9.18873
8.48481
7.17851
1
1
1
1
1
1.03001
4.47492
8.24514
7.73273
6.65316
1
1
1
1
1
0.999977
1.54531
5.87382
7.58466
6.52323
1
1
1
1
1
0.999992
1.01663
2.36535
6.18045
6.65168
1
1
1
1
1
0.999999
1.00007
1.09688
3.10417
6.05421
1
1
1
1
1
1
1
1.00102
1.2329
3.87367
1
1
1
1
1
1
1
1
1.00399
1.54652
1
1
1
1
1
1
1
1
1.00001
1.01781
1
1
1
1
1
1
1
1
1
1.00005
1
1
1
1
1
3.77079
9.24422
9.79457
9.40479
7.9939
1
1
1
1
1
1.64799
7.52243
9.18873
8.48481
7.17851
1
1
1
1
1
1.03001
4.47492
8.24514
7.73273
6.65316
1
1
1
1
1
0.999977
1.54531
5.87382
7.58466
6.52323
1
1
1
1
1
0.999992
1.01663
2.36535
6.18045
6.65168
1
1
1
1
1
0.999999
1.00007
1.09688
3.10417
6.05421
1
1
1
1
1
1
1
1.00102
1.2329
3.87367
1
1
1
1
1
1
1
1
1.00399
1.54652
1
1
1
1
1
1
1
1
1.00001
1.01781
1
1
1
1
1
1
1
1
1
1.00005
1
1
1
1
1
3.77079
9.24422
9.79457
9.40479
7.9939
1
1
1
1
1
1.64799
7.52243
9.18873
8.48481
7.17851
1
1
1
1
1
1.03001
4.47492
8.24514
7.73273
6.65316
1
1
1
1
1
0.999977
1.54531
5.87382
7.58466
6.52323
1
1
1
1
1
0.999992
1.01663
2.36535
6.18045
6.65168
1
1
1
1
1
0.999999
1.00007
1.09688
3.10417
6.05421
1
1
1
1
1
1
1
1.00102
1.2329
3.87367
1
1
1
1
1
1
1
1
1.00399
1.54652
1
1
1
1
1
1
1
1
1.00001
1.01781
1
1
1
1
1
1
1
1
1
1.00005
1
1
1
1
1
3.77079
9.24422
9.79457
9.40479
7.9939
1
1
1
1
1
1.64799
7.52243
9.18873
8.48481
7.17851
1
1
1
1
1
1.03001
4.47492
8.24514
7.73273
6.65316
1
1
1
1
1
0.999977
1.54531
5.87382
7.58466
6.52323
1
1
1
1
1
0.999992
1.01663
2.36535
6.18045
6.65168
1
1
1
1
1
0.999999
1.00007
1.09688
3.10417
6.05421
1
1
1
1
1
1
1
1.00102
1.2329
3.87367
1
1
1
1
1
1
1
1
1.00399
1.54652
1
1
1
1
1
1
1
1
1.00001
1.01781
1
1
1
1
1
1
1
1
1
1.00005
1
1
1
1
1
3.77079
9.24422
9.79457
9.40479
7.9939
1
1
1
1
1
1.64799
7.52243
9.18873
8.48481
7.17851
1
1
1
1
1
1.03001
4.47492
8.24514
7.73273
6.65316
1
1
1
1
1
0.999977
1.54531
5.87382
7.58466
6.52323
1
1
1
1
1
0.999992
1.01663
2.36535
6.18045
6.65168
1
1
1
1
1
0.999999
1.00007
1.09688
3.10417
6.05421
1
1
1
1
1
1
1
1.00102
1.2329
3.87367
1
1
1
1
1
1
1
1
1.00399
1.54652
1
1
1
1
1
1
1
1
1.00001
1.01781
1
1
1
1
1
1
1
1
1
1.00005
1
1
1
1
1
3.77079
9.24422
9.79457
9.40479
7.9939
1
1
1
1
1
1.64799
7.52243
9.18873
8.48481
7.17851
1
1
1
1
1
1.03001
4.47492
8.24514
7.73273
6.65316
1
1
1
1
1
0.999977
1.54531
5.87382
7.58466
6.52323
1
1
1
1
1
0.999992
1.01663
2.36535
6.18045
6.65168
1
1
1
1
1
0.999999
1.00007
1.09688
3.10417
6.05421
1
1
1
1
1
1
1
1.00102
1.2329
3.87367
1
1
1
1
1
1
1
1
1.00399
1.54652
1
1
1
1
1
1
1
1
1.00001
1.01781
1
1
1
1
1
1
1
1
1
1.00005
1
1
1
1
1
3.77079
9.24422
9.79457
9.40479
7.9939
1
1
1
1
1
1.64799
7.52243
9.18873
8.48481
7.17851
1
1
1
1
1
1.03001
4.47492
8.24514
7.73273
6.65316
1
1
1
1
1
0.999977
1.54531
5.87382
7.58466
6.52323
1
1
1
1
1
0.999992
1.01663
2.36535
6.18045
6.65168
1
1
1
1
1
0.999999
1.00007
1.09688
3.10417
6.05421
1
1
1
1
1
1
1
1.00102
1.2329
3.87367
1
1
1
1
1
1
1
1
1.00399
1.54652
1
1
1
1
1
1
1
1
1.00001
1.01781
1
1
1
1
1
1
1
1
1
1.00005
1
1
1
1
1
3.77079
9.24422
9.79457
9.40479
7.9939
1
1
1
1
1
1.64799
7.52243
9.18873
8.48481
7.17851
1
1
1
1
1
1.03001
4.47492
8.24514
7.73273
6.65316
1
1
1
1
1
0.999977
1.54531
5.87382
7.58466
6.52323
1
1
1
1
1
0.999992
1.01663
2.36535
6.18045
6.65168
1
1
1
1
1
0.999999
1.00007
1.09688
3.10417
6.05421
1
1
1
1
1
1
1
1.00102
1.2329
3.87367
1
1
1
1
1
1
1
1
1.00399
1.54652
1
1
1
1
1
1
1
1
1.00001
1.01781
1
1
1
1
1
1
1
1
1
1.00005
1.99496
0.7188
1.03779
4.05209
5.68401
5.00524
4.28364
3.68014
3.08182
2.46186
3.36741
1.10549
1.34697
3.68836
5.50078
4.88423
4.24253
3.64293
3.06106
2.47557
3.80407
1.38984
1.6907
3.25168
5.37319
4.8825
4.19548
3.58931
3.03009
2.51286
4.04133
1.92154
2.41272
3.03271
4.60154
4.77637
4.06937
3.49051
2.99915
2.57757
4.17721
2.52522
3.46689
3.21463
3.7079
4.38584
3.91055
3.40671
2.99924
2.68989
4.39238
3.54218
4.32232
3.57832
3.16837
3.75259
3.70293
3.30637
3.00627
2.87807
4.2653
5.26409
5.08004
3.91464
3.01762
2.9755
3.35859
3.15918
3.07211
3.1395
3.39667
7.09936
5.76769
4.24717
3.03285
2.50559
2.89887
3.06183
3.26113
3.4526
2.87509
8.5992
6.17222
4.39318
3.0356
2.25654
2.45175
2.88994
3.50269
3.65713
3.19077
10.61
7.02552
4.4938
3.0605
2.09763
2.13564
2.7822
3.71351
3.90609
1.99496
0.7188
1.03779
4.05209
5.68401
5.00524
4.28364
3.68014
3.08182
2.46186
3.36741
1.10549
1.34697
3.68836
5.50078
4.88423
4.24253
3.64293
3.06106
2.47557
3.80407
1.38984
1.6907
3.25168
5.37319
4.8825
4.19548
3.58931
3.03009
2.51286
4.04133
1.92154
2.41272
3.03271
4.60154
4.77637
4.06937
3.49051
2.99915
2.57757
4.17721
2.52522
3.46689
3.21463
3.7079
4.38584
3.91055
3.40671
2.99924
2.68989
4.39238
3.54218
4.32232
3.57832
3.16837
3.75259
3.70293
3.30637
3.00627
2.87807
4.2653
5.26409
5.08004
3.91464
3.01762
2.9755
3.35859
3.15918
3.07211
3.1395
3.39667
7.09936
5.76769
4.24717
3.03285
2.50559
2.89887
3.06183
3.26113
3.4526
2.87509
8.5992
6.17222
4.39318
3.0356
2.25654
2.45175
2.88994
3.50269
3.65713
3.19077
10.61
7.02552
4.4938
3.0605
2.09763
2.13564
2.7822
3.71351
3.90609
1.99496
0.7188
1.03779
4.05209
5.68401
5.00524
4.28364
3.68014
3.08182
2.46186
3.36741
1.10549
1.34697
3.68836
5.50078
4.88423
4.24253
3.64293
3.06106
2.47557
3.80407
1.38984
1.6907
3.25168
5.37319
4.8825
4.19548
3.58931
3.03009
2.51286
4.04133
1.92154
2.41272
3.03271
4.60154
4.77637
4.06937
3.49051
2.99915
2.57757
4.17721
2.52522
3.46689
3.21463
3.7079
4.38584
3.91055
3.40671
2.99924
2.68989
4.39238
3.54218
4.32232
3.57832
3.16837
3.75259
3.70293
3.30637
3.00627
2.87807
4.2653
5.26409
5.08004
3.91464
3.01762
2.9755
3.35859
3.15918
3.07211
3.1395
3.39667
7.09936
5.76769
4.24717
3.03285
2.50559
2.89887
3.06183
3.26113
3.4526
2.87509
8.5992
6.17222
4.39318
3.0356
2.25654
2.45175
2.88994
3.50269
3.65713
3.19077
10.61
7.02552
4.4938
3.0605
2.09763
2.13564
2.7822
3.71351
3.90609
1.99496
0.7188
1.03779
4.05209
5.68401
5.00524
4.28364
3.68014
3.08182
2.46186
3.36741
1.10549
1.34697
3.68836
5.50078
4.88423
4.24253
3.64293
3.06106
2.47557
3.80407
1.38984
1.6907
3.25168
5.37319
4.8825
4.19548
3.58931
3.03009
2.51286
4.04133
1.92154
2.41272
3.03271
4.60154
4.77637
4.06937
3.49051
2.99915
2.57757
4.17721
2.52522
3.46689
3.21463
3.7079
4.38584
3.91055
3.40671
2.99924
2.68989
4.39238
3.54218
4.32232
3.57832
3.16837
3.75259
3.70293
3.30637
3.00627
2.87807
4.2653
5.26409
5.08004
3.91464
3.01762
2.9755
3.35859
3.15918
3.07211
3.1395
3.39667
7.09936
5.76769
4.24717
3.03285
2.50559
2.89887
3.06183
3.26113
3.4526
2.87509
8.5992
6.17222
4.39318
3.0356
2.25654
2.45175
2.88994
3.50269
3.65713
3.19077
10.61
7.02552
4.4938
3.0605
2.09763
2.13564
2.7822
3.71351
3.90609
1.99496
0.7188
1.03779
4.05209
5.68401
5.00524
4.28364
3.68014
3.08182
2.46186
3.36741
1.10549
1.34697
3.68836
5.50078
4.88423
4.24253
3.64293
3.06106
2.47557
3.80407
1.38984
1.6907
3.25168
5.37319
4.8825
4.19548
3.58931
3.03009
2.51286
4.04133
1.92154
2.41272
3.03271
4.60154
4.77637
4.06937
3.49051
2.99915
2.57757
4.17721
2.52522
3.46689
3.21463
3.7079
4.38584
3.91055
3.40671
2.99924
2.68989
4.39238
3.54218
4.32232
3.57832
3.16837
3.75259
3.70293
3.30637
3.00627
2.87807
4.2653
5.26409
5.08004
3.91464
3.01762
2.9755
3.35859
3.15918
3.07211
3.1395
3.39667
7.09936
5.76769
4.24717
3.03285
2.50559
2.89887
3.06183
3.26113
3.4526
2.87509
8.5992
6.17222
4.39318
3.0356
2.25654
2.45175
2.88994
3.50269
3.65713
3.19077
10.61
7.02552
4.4938
3.0605
2.09763
2.13564
2.7822
3.71351
3.90609
1.99496
0.7188
1.03779
4.05209
5.68401
5.00524
4.28364
3.68014
3.08182
2.46186
3.36741
1.10549
1.34697
3.68836
5.50078
4.88423
4.24253
3.64293
3.06106
2.47557
3.80407
1.38984
1.6907
3.25168
5.37319
4.8825
4.19548
3.58931
3.03009
2.51286
4.04133
1.92154
2.41272
3.03271
4.60154
4.77637
4.06937
3.49051
2.99915
2.57757
4.17721
2.52522
3.46689
3.21463
3.7079
4.38584
3.91055
3.40671
2.99924
2.68989
4.39238
3.54218
4.32232
3.57832
3.16837
3.75259
3.70293
3.30637
3.00627
2.87807
4.2653
5.26409
5.08004
3.91464
3.01762
2.9755
3.35859
3.15918
3.07211
3.1395
3.39667
7.09936
5.76769
4.24717
3.03285
2.50559
2.89887
3.06183
3.26113
3.4526
2.87509
8.5992
6.17222
4.39318
3.0356
2.25654
2.45175
2.88994
3.50269
3.65713
3.19077
10.61
7.02552
4.4938
3.0605
2.09763
2.13564
2.7822
3.71351
3.90609
1.99496
0.7188
1.03779
4.05209
5.68401
5.00524
4.28364
3.68014
3.08182
2.46186
3.36741
1.10549
1.34697
3.68836
5.50078
4.88423
4.24253
3.64293
3.06106
2.47557
3.80407
1.38984
1.6907
3.25168
5.37319
4.8825
4.19548
3.58931
3.03009
2.51286
4.04133
1.92154
2.41272
3.03271
4.60154
4.77637
4.06937
3.49051
2.99915
2.57757
4.17721
2.52522
3.46689
3.21463
3.7079
4.38584
3.91055
3.40671
2.99924
2.68989
4.39238
3.54218
4.32232
3.57832
3.16837
3.75259
3.70293
3.30637
3.00627
2.87807
4.2653
5.26409
5.08004
3.91464
3.01762
2.9755
3.35859
3.15918
3.07211
3.1395
3.39667
7.09936
5.76769
4.24717
3.03285
2.50559
2.89887
3.06183
3.26113
3.4526
2.87509
8.5992
6.17222
4.39318
3.0356
2.25654
2.45175
2.88994
3.50269
3.65713
3.19077
10.61
7.02552
4.4938
3.0605
2.09763
2.13564
2.7822
3.71351
3.90609
1.99496
0.7188
1.03779
4.05209
5.68401
5.00524
4.28364
3.68014
3.08182
2.46186
3.36741
1.10549
1.34697
3.68836
5.50078
4.88423
4.24253
3.64293
3.06106
2.47557
3.80407
1.38984
1.6907
3.25168
5.37319
4.8825
4.19548
3.58931
3.03009
2.51286
4.04133
1.92154
2.41272
3.03271
4.60154
4.77637
4.06937
3.49051
2.99915
2.57757
4.17721
2.52522
3.46689
3.21463
3.7079
4.38584
3.91055
3.40671
2.99924
2.68989
4.39238
3.54218
4.32232
3.57832
3.16837
3.75259
3.70293
3.30637
3.00627
2.87807
4.2653
5.26409
5.08004
3.91464
3.01762
2.9755
3.35859
3.15918
3.07211
3.1395
3.39667
7.09936
5.76769
4.24717
3.03285
2.50559
2.89887
3.06183
3.26113
3.4526
2.87509
8.5992
6.17222
4.39318
3.0356
2.25654
2.45175
2.88994
3.50269
3.65713
3.19077
10.61
7.02552
4.4938
3.0605
2.09763
2.13564
2.7822
3.71351
3.90609
1.99496
0.7188
1.03779
4.05209
5.68401
5.00524
4.28364
3.68014
3.08182
2.46186
3.36741
1.10549
1.34697
3.68836
5.50078
4.88423
4.24253
3.64293
3.06106
2.47557
3.80407
1.38984
1.6907
3.25168
5.37319
4.8825
4.19548
3.58931
3.03009
2.51286
4.04133
1.92154
2.41272
3.03271
4.60154
4.77637
4.06937
3.49051
2.99915
2.57757
4.17721
2.52522
3.46689
3.21463
3.7079
4.38584
3.91055
3.40671
2.99924
2.68989
4.39238
3.54218
4.32232
3.57832
3.16837
3.75259
3.70293
3.30637
3.00627
2.87807
4.2653
5.26409
5.08004
3.91464
3.01762
2.9755
3.35859
3.15918
3.07211
3.1395
3.39667
7.09936
5.76769
4.24717
3.03285
2.50559
2.89887
3.06183
3.26113
3.4526
2.87509
8.5992
6.17222
4.39318
3.0356
2.25654
2.45175
2.88994
3.50269
3.65713
3.19077
10.61
7.02552
4.4938
3.0605
2.09763
2.13564
2.7822
3.71351
3.90609
1.99496
0.7188
1.03779
4.05209
5.68401
5.00524
4.28364
3.68014
3.08182
2.46186
3.36741
1.10549
1.34697
3.68836
5.50078
4.88423
4.24253
3.64293
3.06106
2.47557
3.80407
1.38984
1.6907
3.25168
5.37319
4.8825
4.19548
3.58931
3.03009
2.51286
4.04133
1.92154
2.41272
3.03271
4.60154
4.77637
4.06937
3.49051
2.99915
2.57757
4.17721
2.52522
3.46689
3.21463
3.7079
4.38584
3.91055
3.40671
2.99924
2.68989
4.39238
3.54218
4.32232
3.57832
3.16837
3.75259
3.70293
3.30637
3.00627
2.87807
4.2653
5.26409
5.08004
3.91464
3.01762
2.9755
3.35859
3.15918
3.07211
3.1395
3.39667
7.09936
5.76769
4.24717
3.03285
2.50559
2.89887
3.06183
3.26113
3.4526
2.87509
8.5992
6.17222
4.39318
3.0356
2.25654
2.45175
2.88994
3.50269
3.65713
3.19077
10.61
7.02552
4.4938
3.0605
2.09763
2.13564
2.7822
3.71351
3.90609
)
;

boundaryField
{
    inlet
    {
        type            fixedValue;
        value           uniform 1;
    }
    outlet
    {
        type            zeroGradient;
    }
    top
    {
        type            symmetryPlane;
    }
    bottom
    {
        type            symmetryPlane;
    }
    step
    {
        type            zeroGradient;
    }
    defaultFaces
    {
        type            empty;
    }
}


// ************************************************************************* //
