/*--------------------------------*- C++ -*----------------------------------*\
  =========                 |
  \\      /  F ield         | OpenFOAM: The Open Source CFD Toolbox
   \\    /   O peration     | Website:  https://openfoam.org
    \\  /    A nd           | Version:  6.0
     \\/     M anipulation  |
\*---------------------------------------------------------------------------*/
FoamFile
{
    version     2.0;
    format      ascii;
    class       volScalarField;
    location    "3.99916778";
    object      T;
}
// * * * * * * * * * * * * * * * * * * * * * * * * * * * * * * * * * * * * * //

dimensions      [0 0 0 1 0 0 0];

internalField   nonuniform List<scalar> 
3000
(
1
1
1
1
1.17527
2.42626
2.75331
2.78973
2.81797
2.83562
1
1
1
1
1.1765
2.42815
2.75577
2.78931
2.81573
2.83242
1
1
1
1
1.1748
2.43197
2.76064
2.78796
2.8115
2.82741
1
1
1
1
1.1557
2.42243
2.76385
2.78635
2.80679
2.82054
1
1
1
1
1.10952
2.38611
2.75811
2.78197
2.80041
2.81243
1
1
1
1
1.04432
2.3304
2.74086
2.77444
2.79484
2.80316
1
1
1
1
1.00727
2.28071
2.71351
2.75952
2.7828
2.78865
1
1
1
1
1.00046
2.23667
2.68247
2.74014
2.76682
2.76344
1
1
1
1
0.999999
2.19191
2.66969
2.7252
2.74406
2.72937
1
1
1
1
1
2.13556
2.65567
2.71059
2.72861
2.73959
1
1
1
1
1.17527
2.42626
2.75331
2.78973
2.81797
2.83562
1
1
1
1
1.1765
2.42815
2.75577
2.78931
2.81573
2.83242
1
1
1
1
1.1748
2.43197
2.76064
2.78796
2.8115
2.82741
1
1
1
1
1.1557
2.42243
2.76385
2.78635
2.80679
2.82054
1
1
1
1
1.10952
2.38611
2.75811
2.78197
2.80041
2.81243
1
1
1
1
1.04432
2.3304
2.74086
2.77444
2.79484
2.80316
1
1
1
1
1.00727
2.28071
2.71351
2.75952
2.7828
2.78865
1
1
1
1
1.00046
2.23667
2.68247
2.74014
2.76682
2.76344
1
1
1
1
0.999999
2.19191
2.66969
2.7252
2.74406
2.72937
1
1
1
1
1
2.13556
2.65567
2.71059
2.72861
2.73959
1
1
1
1
1.17527
2.42626
2.75331
2.78973
2.81797
2.83562
1
1
1
1
1.1765
2.42815
2.75577
2.78931
2.81573
2.83242
1
1
1
1
1.1748
2.43197
2.76064
2.78796
2.8115
2.82741
1
1
1
1
1.1557
2.42243
2.76385
2.78635
2.80679
2.82054
1
1
1
1
1.10952
2.38611
2.75811
2.78197
2.80041
2.81243
1
1
1
1
1.04432
2.3304
2.74086
2.77444
2.79484
2.80316
1
1
1
1
1.00727
2.28071
2.71351
2.75952
2.7828
2.78865
1
1
1
1
1.00046
2.23667
2.68247
2.74014
2.76682
2.76344
1
1
1
1
0.999999
2.19191
2.66969
2.7252
2.74406
2.72937
1
1
1
1
1
2.13556
2.65567
2.71059
2.72861
2.73959
1
1
1
1
1.17527
2.42626
2.75331
2.78973
2.81797
2.83562
1
1
1
1
1.1765
2.42815
2.75577
2.78931
2.81573
2.83242
1
1
1
1
1.1748
2.43197
2.76064
2.78796
2.8115
2.82741
1
1
1
1
1.1557
2.42243
2.76385
2.78635
2.80679
2.82054
1
1
1
1
1.10952
2.38611
2.75811
2.78197
2.80041
2.81243
1
1
1
1
1.04432
2.3304
2.74086
2.77444
2.79484
2.80316
1
1
1
1
1.00727
2.28071
2.71351
2.75952
2.7828
2.78865
1
1
1
1
1.00046
2.23667
2.68247
2.74014
2.76682
2.76344
1
1
1
1
0.999999
2.19191
2.66969
2.7252
2.74406
2.72937
1
1
1
1
1
2.13556
2.65567
2.71059
2.72861
2.73959
1
1
1
1
1.17527
2.42626
2.75331
2.78973
2.81797
2.83562
1
1
1
1
1.1765
2.42815
2.75577
2.78931
2.81573
2.83242
1
1
1
1
1.1748
2.43197
2.76064
2.78796
2.8115
2.82741
1
1
1
1
1.1557
2.42243
2.76385
2.78635
2.80679
2.82054
1
1
1
1
1.10952
2.38611
2.75811
2.78197
2.80041
2.81243
1
1
1
1
1.04432
2.3304
2.74086
2.77444
2.79484
2.80316
1
1
1
1
1.00727
2.28071
2.71351
2.75952
2.7828
2.78865
1
1
1
1
1.00046
2.23667
2.68247
2.74014
2.76682
2.76344
1
1
1
1
0.999999
2.19191
2.66969
2.7252
2.74406
2.72937
1
1
1
1
1
2.13556
2.65567
2.71059
2.72861
2.73959
1
1
1
1
1.17527
2.42626
2.75331
2.78973
2.81797
2.83562
1
1
1
1
1.1765
2.42815
2.75577
2.78931
2.81573
2.83242
1
1
1
1
1.1748
2.43197
2.76064
2.78796
2.8115
2.82741
1
1
1
1
1.1557
2.42243
2.76385
2.78635
2.80679
2.82054
1
1
1
1
1.10952
2.38611
2.75811
2.78197
2.80041
2.81243
1
1
1
1
1.04432
2.3304
2.74086
2.77444
2.79484
2.80316
1
1
1
1
1.00727
2.28071
2.71351
2.75952
2.7828
2.78865
1
1
1
1
1.00046
2.23667
2.68247
2.74014
2.76682
2.76344
1
1
1
1
0.999999
2.19191
2.66969
2.7252
2.74406
2.72937
1
1
1
1
1
2.13556
2.65567
2.71059
2.72861
2.73959
1
1
1
1
1.17527
2.42626
2.75331
2.78973
2.81797
2.83562
1
1
1
1
1.1765
2.42815
2.75577
2.78931
2.81573
2.83242
1
1
1
1
1.1748
2.43197
2.76064
2.78796
2.8115
2.82741
1
1
1
1
1.1557
2.42243
2.76385
2.78635
2.80679
2.82054
1
1
1
1
1.10952
2.38611
2.75811
2.78197
2.80041
2.81243
1
1
1
1
1.04432
2.3304
2.74086
2.77444
2.79484
2.80316
1
1
1
1
1.00727
2.28071
2.71351
2.75952
2.7828
2.78865
1
1
1
1
1.00046
2.23667
2.68247
2.74014
2.76682
2.76344
1
1
1
1
0.999999
2.19191
2.66969
2.7252
2.74406
2.72937
1
1
1
1
1
2.13556
2.65567
2.71059
2.72861
2.73959
1
1
1
1
1.17527
2.42626
2.75331
2.78973
2.81797
2.83562
1
1
1
1
1.1765
2.42815
2.75577
2.78931
2.81573
2.83242
1
1
1
1
1.1748
2.43197
2.76064
2.78796
2.8115
2.82741
1
1
1
1
1.1557
2.42243
2.76385
2.78635
2.80679
2.82054
1
1
1
1
1.10952
2.38611
2.75811
2.78197
2.80041
2.81243
1
1
1
1
1.04432
2.3304
2.74086
2.77444
2.79484
2.80316
1
1
1
1
1.00727
2.28071
2.71351
2.75952
2.7828
2.78865
1
1
1
1
1.00046
2.23667
2.68247
2.74014
2.76682
2.76344
1
1
1
1
0.999999
2.19191
2.66969
2.7252
2.74406
2.72937
1
1
1
1
1
2.13556
2.65567
2.71059
2.72861
2.73959
1
1
1
1
1.17527
2.42626
2.75331
2.78973
2.81797
2.83562
1
1
1
1
1.1765
2.42815
2.75577
2.78931
2.81573
2.83242
1
1
1
1
1.1748
2.43197
2.76064
2.78796
2.8115
2.82741
1
1
1
1
1.1557
2.42243
2.76385
2.78635
2.80679
2.82054
1
1
1
1
1.10952
2.38611
2.75811
2.78197
2.80041
2.81243
1
1
1
1
1.04432
2.3304
2.74086
2.77444
2.79484
2.80316
1
1
1
1
1.00727
2.28071
2.71351
2.75952
2.7828
2.78865
1
1
1
1
1.00046
2.23667
2.68247
2.74014
2.76682
2.76344
1
1
1
1
0.999999
2.19191
2.66969
2.7252
2.74406
2.72937
1
1
1
1
1
2.13556
2.65567
2.71059
2.72861
2.73959
1
1
1
1
1.17527
2.42626
2.75331
2.78973
2.81797
2.83562
1
1
1
1
1.1765
2.42815
2.75577
2.78931
2.81573
2.83242
1
1
1
1
1.1748
2.43197
2.76064
2.78796
2.8115
2.82741
1
1
1
1
1.1557
2.42243
2.76385
2.78635
2.80679
2.82054
1
1
1
1
1.10952
2.38611
2.75811
2.78197
2.80041
2.81243
1
1
1
1
1.04432
2.3304
2.74086
2.77444
2.79484
2.80316
1
1
1
1
1.00727
2.28071
2.71351
2.75952
2.7828
2.78865
1
1
1
1
1.00046
2.23667
2.68247
2.74014
2.76682
2.76344
1
1
1
1
0.999999
2.19191
2.66969
2.7252
2.74406
2.72937
1
1
1
1
1
2.13556
2.65567
2.71059
2.72861
2.73959
1
1
1
1
1
1.86226
2.57327
2.66907
2.65551
2.61234
1
1
1
1
1
1.26662
2.318
2.57811
2.54027
2.46666
1
1
1
1
1
1.01286
1.93574
2.44901
2.42516
2.35258
1
1
1
1
1
1.00001
1.22114
2.1015
2.35878
2.27648
1
1
1
1
1
0.999999
1.00682
1.45915
2.08614
2.23781
1
1
1
1
1
1
1.00002
1.03937
1.5978
2.09667
1
1
1
1
1
1
1
1.00035
1.09102
1.76884
1
1
1
1
1
1
1
1
1.00145
1.21125
1
1
1
1
1
1
1
1
1
1.00699
1
1
1
1
1
1
1
1
1
1.00002
1
1
1
1
1
1.86226
2.57327
2.66907
2.65551
2.61234
1
1
1
1
1
1.26662
2.318
2.57811
2.54027
2.46666
1
1
1
1
1
1.01286
1.93574
2.44901
2.42516
2.35258
1
1
1
1
1
1.00001
1.22114
2.1015
2.35878
2.27648
1
1
1
1
1
0.999999
1.00682
1.45915
2.08614
2.23781
1
1
1
1
1
1
1.00002
1.03937
1.5978
2.09667
1
1
1
1
1
1
1
1.00035
1.09102
1.76884
1
1
1
1
1
1
1
1
1.00145
1.21125
1
1
1
1
1
1
1
1
1
1.00699
1
1
1
1
1
1
1
1
1
1.00002
1
1
1
1
1
1.86226
2.57327
2.66907
2.65551
2.61234
1
1
1
1
1
1.26662
2.318
2.57811
2.54027
2.46666
1
1
1
1
1
1.01286
1.93574
2.44901
2.42516
2.35258
1
1
1
1
1
1.00001
1.22114
2.1015
2.35878
2.27648
1
1
1
1
1
0.999999
1.00682
1.45915
2.08614
2.23781
1
1
1
1
1
1
1.00002
1.03937
1.5978
2.09667
1
1
1
1
1
1
1
1.00035
1.09102
1.76884
1
1
1
1
1
1
1
1
1.00145
1.21125
1
1
1
1
1
1
1
1
1
1.00699
1
1
1
1
1
1
1
1
1
1.00002
1
1
1
1
1
1.86226
2.57327
2.66907
2.65551
2.61234
1
1
1
1
1
1.26662
2.318
2.57811
2.54027
2.46666
1
1
1
1
1
1.01286
1.93574
2.44901
2.42516
2.35258
1
1
1
1
1
1.00001
1.22114
2.1015
2.35878
2.27648
1
1
1
1
1
0.999999
1.00682
1.45915
2.08614
2.23781
1
1
1
1
1
1
1.00002
1.03937
1.5978
2.09667
1
1
1
1
1
1
1
1.00035
1.09102
1.76884
1
1
1
1
1
1
1
1
1.00145
1.21125
1
1
1
1
1
1
1
1
1
1.00699
1
1
1
1
1
1
1
1
1
1.00002
1
1
1
1
1
1.86226
2.57327
2.66907
2.65551
2.61234
1
1
1
1
1
1.26662
2.318
2.57811
2.54027
2.46666
1
1
1
1
1
1.01286
1.93574
2.44901
2.42516
2.35258
1
1
1
1
1
1.00001
1.22114
2.1015
2.35878
2.27648
1
1
1
1
1
0.999999
1.00682
1.45915
2.08614
2.23781
1
1
1
1
1
1
1.00002
1.03937
1.5978
2.09667
1
1
1
1
1
1
1
1.00035
1.09102
1.76884
1
1
1
1
1
1
1
1
1.00145
1.21125
1
1
1
1
1
1
1
1
1
1.00699
1
1
1
1
1
1
1
1
1
1.00002
1
1
1
1
1
1.86226
2.57327
2.66907
2.65551
2.61234
1
1
1
1
1
1.26662
2.318
2.57811
2.54027
2.46666
1
1
1
1
1
1.01286
1.93574
2.44901
2.42516
2.35258
1
1
1
1
1
1.00001
1.22114
2.1015
2.35878
2.27648
1
1
1
1
1
0.999999
1.00682
1.45915
2.08614
2.23781
1
1
1
1
1
1
1.00002
1.03937
1.5978
2.09667
1
1
1
1
1
1
1
1.00035
1.09102
1.76884
1
1
1
1
1
1
1
1
1.00145
1.21125
1
1
1
1
1
1
1
1
1
1.00699
1
1
1
1
1
1
1
1
1
1.00002
1
1
1
1
1
1.86226
2.57327
2.66907
2.65551
2.61234
1
1
1
1
1
1.26662
2.318
2.57811
2.54027
2.46666
1
1
1
1
1
1.01286
1.93574
2.44901
2.42516
2.35258
1
1
1
1
1
1.00001
1.22114
2.1015
2.35878
2.27648
1
1
1
1
1
0.999999
1.00682
1.45915
2.08614
2.23781
1
1
1
1
1
1
1.00002
1.03937
1.5978
2.09667
1
1
1
1
1
1
1
1.00035
1.09102
1.76884
1
1
1
1
1
1
1
1
1.00145
1.21125
1
1
1
1
1
1
1
1
1
1.00699
1
1
1
1
1
1
1
1
1
1.00002
1
1
1
1
1
1.86226
2.57327
2.66907
2.65551
2.61234
1
1
1
1
1
1.26662
2.318
2.57811
2.54027
2.46666
1
1
1
1
1
1.01286
1.93574
2.44901
2.42516
2.35258
1
1
1
1
1
1.00001
1.22114
2.1015
2.35878
2.27648
1
1
1
1
1
0.999999
1.00682
1.45915
2.08614
2.23781
1
1
1
1
1
1
1.00002
1.03937
1.5978
2.09667
1
1
1
1
1
1
1
1.00035
1.09102
1.76884
1
1
1
1
1
1
1
1
1.00145
1.21125
1
1
1
1
1
1
1
1
1
1.00699
1
1
1
1
1
1
1
1
1
1.00002
1
1
1
1
1
1.86226
2.57327
2.66907
2.65551
2.61234
1
1
1
1
1
1.26662
2.318
2.57811
2.54027
2.46666
1
1
1
1
1
1.01286
1.93574
2.44901
2.42516
2.35258
1
1
1
1
1
1.00001
1.22114
2.1015
2.35878
2.27648
1
1
1
1
1
0.999999
1.00682
1.45915
2.08614
2.23781
1
1
1
1
1
1
1.00002
1.03937
1.5978
2.09667
1
1
1
1
1
1
1
1.00035
1.09102
1.76884
1
1
1
1
1
1
1
1
1.00145
1.21125
1
1
1
1
1
1
1
1
1
1.00699
1
1
1
1
1
1
1
1
1
1.00002
1
1
1
1
1
1.86226
2.57327
2.66907
2.65551
2.61234
1
1
1
1
1
1.26662
2.318
2.57811
2.54027
2.46666
1
1
1
1
1
1.01286
1.93574
2.44901
2.42516
2.35258
1
1
1
1
1
1.00001
1.22114
2.1015
2.35878
2.27648
1
1
1
1
1
0.999999
1.00682
1.45915
2.08614
2.23781
1
1
1
1
1
1
1.00002
1.03937
1.5978
2.09667
1
1
1
1
1
1
1
1.00035
1.09102
1.76884
1
1
1
1
1
1
1
1
1.00145
1.21125
1
1
1
1
1
1
1
1
1
1.00699
1
1
1
1
1
1
1
1
1
1.00002
1.84933
1.51033
1.68104
2.54193
2.68727
2.56741
2.4336
2.31621
2.1932
2.05034
2.05968
1.62375
1.72039
2.31866
2.57389
2.4812
2.37813
2.27469
2.16483
2.0383
2.03634
1.62753
1.72574
2.04411
2.3964
2.3472
2.2626
2.17839
2.09171
1.9991
2.01065
1.69507
1.82742
1.93044
2.17421
2.21581
2.12721
2.05419
1.99095
1.93474
1.9787
1.77378
1.97772
1.91797
1.97163
2.06636
2.01264
1.94883
1.89722
1.86814
1.93986
1.92256
2.05778
1.93095
1.81684
1.89917
1.91016
1.86157
1.82004
1.82112
1.87697
2.14826
2.10723
1.91935
1.74575
1.71846
1.79404
1.77534
1.77282
1.79493
1.69033
2.28353
2.11254
1.89754
1.69746
1.59904
1.67359
1.71114
1.75307
1.79209
1.54751
2.27493
2.05725
1.85738
1.6635
1.53224
1.57127
1.65217
1.75303
1.78126
1.46226
2.31414
2.0818
1.84555
1.65586
1.49578
1.50441
1.62743
1.76819
1.79783
1.84933
1.51033
1.68104
2.54193
2.68727
2.56741
2.4336
2.31621
2.1932
2.05034
2.05968
1.62375
1.72039
2.31866
2.57389
2.4812
2.37813
2.27469
2.16483
2.0383
2.03634
1.62753
1.72574
2.04411
2.3964
2.3472
2.2626
2.17839
2.09171
1.9991
2.01065
1.69507
1.82742
1.93044
2.17421
2.21581
2.12721
2.05419
1.99095
1.93474
1.9787
1.77378
1.97772
1.91797
1.97163
2.06636
2.01264
1.94883
1.89722
1.86814
1.93986
1.92256
2.05778
1.93095
1.81684
1.89917
1.91016
1.86157
1.82004
1.82112
1.87697
2.14826
2.10723
1.91935
1.74575
1.71846
1.79404
1.77534
1.77282
1.79493
1.69033
2.28353
2.11254
1.89754
1.69746
1.59904
1.67359
1.71114
1.75307
1.79209
1.54751
2.27493
2.05725
1.85738
1.6635
1.53224
1.57127
1.65217
1.75303
1.78126
1.46226
2.31414
2.0818
1.84555
1.65586
1.49578
1.50441
1.62743
1.76819
1.79783
1.84933
1.51033
1.68104
2.54193
2.68727
2.56741
2.4336
2.31621
2.1932
2.05034
2.05968
1.62375
1.72039
2.31866
2.57389
2.4812
2.37813
2.27469
2.16483
2.0383
2.03634
1.62753
1.72574
2.04411
2.3964
2.3472
2.2626
2.17839
2.09171
1.9991
2.01065
1.69507
1.82742
1.93044
2.17421
2.21581
2.12721
2.05419
1.99095
1.93474
1.9787
1.77378
1.97772
1.91797
1.97163
2.06636
2.01264
1.94883
1.89722
1.86814
1.93986
1.92256
2.05778
1.93095
1.81684
1.89917
1.91016
1.86157
1.82004
1.82112
1.87697
2.14826
2.10723
1.91935
1.74575
1.71846
1.79404
1.77534
1.77282
1.79493
1.69033
2.28353
2.11254
1.89754
1.69746
1.59904
1.67359
1.71114
1.75307
1.79209
1.54751
2.27493
2.05725
1.85738
1.6635
1.53224
1.57127
1.65217
1.75303
1.78126
1.46226
2.31414
2.0818
1.84555
1.65586
1.49578
1.50441
1.62743
1.76819
1.79783
1.84933
1.51033
1.68104
2.54193
2.68727
2.56741
2.4336
2.31621
2.1932
2.05034
2.05968
1.62375
1.72039
2.31866
2.57389
2.4812
2.37813
2.27469
2.16483
2.0383
2.03634
1.62753
1.72574
2.04411
2.3964
2.3472
2.2626
2.17839
2.09171
1.9991
2.01065
1.69507
1.82742
1.93044
2.17421
2.21581
2.12721
2.05419
1.99095
1.93474
1.9787
1.77378
1.97772
1.91797
1.97163
2.06636
2.01264
1.94883
1.89722
1.86814
1.93986
1.92256
2.05778
1.93095
1.81684
1.89917
1.91016
1.86157
1.82004
1.82112
1.87697
2.14826
2.10723
1.91935
1.74575
1.71846
1.79404
1.77534
1.77282
1.79493
1.69033
2.28353
2.11254
1.89754
1.69746
1.59904
1.67359
1.71114
1.75307
1.79209
1.54751
2.27493
2.05725
1.85738
1.6635
1.53224
1.57127
1.65217
1.75303
1.78126
1.46226
2.31414
2.0818
1.84555
1.65586
1.49578
1.50441
1.62743
1.76819
1.79783
1.84933
1.51033
1.68104
2.54193
2.68727
2.56741
2.4336
2.31621
2.1932
2.05034
2.05968
1.62375
1.72039
2.31866
2.57389
2.4812
2.37813
2.27469
2.16483
2.0383
2.03634
1.62753
1.72574
2.04411
2.3964
2.3472
2.2626
2.17839
2.09171
1.9991
2.01065
1.69507
1.82742
1.93044
2.17421
2.21581
2.12721
2.05419
1.99095
1.93474
1.9787
1.77378
1.97772
1.91797
1.97163
2.06636
2.01264
1.94883
1.89722
1.86814
1.93986
1.92256
2.05778
1.93095
1.81684
1.89917
1.91016
1.86157
1.82004
1.82112
1.87697
2.14826
2.10723
1.91935
1.74575
1.71846
1.79404
1.77534
1.77282
1.79493
1.69033
2.28353
2.11254
1.89754
1.69746
1.59904
1.67359
1.71114
1.75307
1.79209
1.54751
2.27493
2.05725
1.85738
1.6635
1.53224
1.57127
1.65217
1.75303
1.78126
1.46226
2.31414
2.0818
1.84555
1.65586
1.49578
1.50441
1.62743
1.76819
1.79783
1.84933
1.51033
1.68104
2.54193
2.68727
2.56741
2.4336
2.31621
2.1932
2.05034
2.05968
1.62375
1.72039
2.31866
2.57389
2.4812
2.37813
2.27469
2.16483
2.0383
2.03634
1.62753
1.72574
2.04411
2.3964
2.3472
2.2626
2.17839
2.09171
1.9991
2.01065
1.69507
1.82742
1.93044
2.17421
2.21581
2.12721
2.05419
1.99095
1.93474
1.9787
1.77378
1.97772
1.91797
1.97163
2.06636
2.01264
1.94883
1.89722
1.86814
1.93986
1.92256
2.05778
1.93095
1.81684
1.89917
1.91016
1.86157
1.82004
1.82112
1.87697
2.14826
2.10723
1.91935
1.74575
1.71846
1.79404
1.77534
1.77282
1.79493
1.69033
2.28353
2.11254
1.89754
1.69746
1.59904
1.67359
1.71114
1.75307
1.79209
1.54751
2.27493
2.05725
1.85738
1.6635
1.53224
1.57127
1.65217
1.75303
1.78126
1.46226
2.31414
2.0818
1.84555
1.65586
1.49578
1.50441
1.62743
1.76819
1.79783
1.84933
1.51033
1.68104
2.54193
2.68727
2.56741
2.4336
2.31621
2.1932
2.05034
2.05968
1.62375
1.72039
2.31866
2.57389
2.4812
2.37813
2.27469
2.16483
2.0383
2.03634
1.62753
1.72574
2.04411
2.3964
2.3472
2.2626
2.17839
2.09171
1.9991
2.01065
1.69507
1.82742
1.93044
2.17421
2.21581
2.12721
2.05419
1.99095
1.93474
1.9787
1.77378
1.97772
1.91797
1.97163
2.06636
2.01264
1.94883
1.89722
1.86814
1.93986
1.92256
2.05778
1.93095
1.81684
1.89917
1.91016
1.86157
1.82004
1.82112
1.87697
2.14826
2.10723
1.91935
1.74575
1.71846
1.79404
1.77534
1.77282
1.79493
1.69033
2.28353
2.11254
1.89754
1.69746
1.59904
1.67359
1.71114
1.75307
1.79209
1.54751
2.27493
2.05725
1.85738
1.6635
1.53224
1.57127
1.65217
1.75303
1.78126
1.46226
2.31414
2.0818
1.84555
1.65586
1.49578
1.50441
1.62743
1.76819
1.79783
1.84933
1.51033
1.68104
2.54193
2.68727
2.56741
2.4336
2.31621
2.1932
2.05034
2.05968
1.62375
1.72039
2.31866
2.57389
2.4812
2.37813
2.27469
2.16483
2.0383
2.03634
1.62753
1.72574
2.04411
2.3964
2.3472
2.2626
2.17839
2.09171
1.9991
2.01065
1.69507
1.82742
1.93044
2.17421
2.21581
2.12721
2.05419
1.99095
1.93474
1.9787
1.77378
1.97772
1.91797
1.97163
2.06636
2.01264
1.94883
1.89722
1.86814
1.93986
1.92256
2.05778
1.93095
1.81684
1.89917
1.91016
1.86157
1.82004
1.82112
1.87697
2.14826
2.10723
1.91935
1.74575
1.71846
1.79404
1.77534
1.77282
1.79493
1.69033
2.28353
2.11254
1.89754
1.69746
1.59904
1.67359
1.71114
1.75307
1.79209
1.54751
2.27493
2.05725
1.85738
1.6635
1.53224
1.57127
1.65217
1.75303
1.78126
1.46226
2.31414
2.0818
1.84555
1.65586
1.49578
1.50441
1.62743
1.76819
1.79783
1.84933
1.51033
1.68104
2.54193
2.68727
2.56741
2.4336
2.31621
2.1932
2.05034
2.05968
1.62375
1.72039
2.31866
2.57389
2.4812
2.37813
2.27469
2.16483
2.0383
2.03634
1.62753
1.72574
2.04411
2.3964
2.3472
2.2626
2.17839
2.09171
1.9991
2.01065
1.69507
1.82742
1.93044
2.17421
2.21581
2.12721
2.05419
1.99095
1.93474
1.9787
1.77378
1.97772
1.91797
1.97163
2.06636
2.01264
1.94883
1.89722
1.86814
1.93986
1.92256
2.05778
1.93095
1.81684
1.89917
1.91016
1.86157
1.82004
1.82112
1.87697
2.14826
2.10723
1.91935
1.74575
1.71846
1.79404
1.77534
1.77282
1.79493
1.69033
2.28353
2.11254
1.89754
1.69746
1.59904
1.67359
1.71114
1.75307
1.79209
1.54751
2.27493
2.05725
1.85738
1.6635
1.53224
1.57127
1.65217
1.75303
1.78126
1.46226
2.31414
2.0818
1.84555
1.65586
1.49578
1.50441
1.62743
1.76819
1.79783
1.84933
1.51033
1.68104
2.54193
2.68727
2.56741
2.4336
2.31621
2.1932
2.05034
2.05968
1.62375
1.72039
2.31866
2.57389
2.4812
2.37813
2.27469
2.16483
2.0383
2.03634
1.62753
1.72574
2.04411
2.3964
2.3472
2.2626
2.17839
2.09171
1.9991
2.01065
1.69507
1.82742
1.93044
2.17421
2.21581
2.12721
2.05419
1.99095
1.93474
1.9787
1.77378
1.97772
1.91797
1.97163
2.06636
2.01264
1.94883
1.89722
1.86814
1.93986
1.92256
2.05778
1.93095
1.81684
1.89917
1.91016
1.86157
1.82004
1.82112
1.87697
2.14826
2.10723
1.91935
1.74575
1.71846
1.79404
1.77534
1.77282
1.79493
1.69033
2.28353
2.11254
1.89754
1.69746
1.59904
1.67359
1.71114
1.75307
1.79209
1.54751
2.27493
2.05725
1.85738
1.6635
1.53224
1.57127
1.65217
1.75303
1.78126
1.46226
2.31414
2.0818
1.84555
1.65586
1.49578
1.50441
1.62743
1.76819
1.79783
)
;

boundaryField
{
    inlet
    {
        type            fixedValue;
        value           uniform 1;
    }
    outlet
    {
        type            inletOutlet;
        inletValue      uniform 1;
        value           nonuniform List<scalar> 
100
(
2.05023
2.03819
1.99896
1.9346
1.8679
1.82075
1.79454
1.7918
1.78104
1.7976
2.05023
2.03819
1.99896
1.9346
1.8679
1.82075
1.79454
1.7918
1.78104
1.7976
2.05023
2.03819
1.99896
1.9346
1.8679
1.82075
1.79454
1.7918
1.78104
1.7976
2.05023
2.03819
1.99896
1.9346
1.8679
1.82075
1.79454
1.7918
1.78104
1.7976
2.05023
2.03819
1.99896
1.9346
1.8679
1.82075
1.79454
1.7918
1.78104
1.7976
2.05023
2.03819
1.99896
1.9346
1.8679
1.82075
1.79454
1.7918
1.78104
1.7976
2.05023
2.03819
1.99896
1.9346
1.8679
1.82075
1.79454
1.7918
1.78104
1.7976
2.05023
2.03819
1.99896
1.9346
1.8679
1.82075
1.79454
1.7918
1.78104
1.7976
2.05023
2.03819
1.99896
1.9346
1.8679
1.82075
1.79454
1.7918
1.78104
1.7976
2.05023
2.03819
1.99896
1.9346
1.8679
1.82075
1.79454
1.7918
1.78104
1.7976
)
;
    }
    top
    {
        type            symmetryPlane;
    }
    bottom
    {
        type            symmetryPlane;
    }
    step
    {
        type            zeroGradient;
    }
    defaultFaces
    {
        type            empty;
    }
}


// ************************************************************************* //
