/*--------------------------------*- C++ -*----------------------------------*\
  =========                 |
  \\      /  F ield         | OpenFOAM: The Open Source CFD Toolbox
   \\    /   O peration     | Website:  https://openfoam.org
    \\  /    A nd           | Version:  6.0
     \\/     M anipulation  |
\*---------------------------------------------------------------------------*/
FoamFile
{
    version     2.0;
    format      ascii;
    class       volScalarField;
    location    "3.500121092";
    object      rho;
}
// * * * * * * * * * * * * * * * * * * * * * * * * * * * * * * * * * * * * * //

dimensions      [1 -3 0 0 0 0 0];

internalField   nonuniform List<scalar> 
4800
(
1.39997
1.39997
1.39997
1.39997
1.39997
1.39997
1.39997
1.39997
1.39997
1.39997
1.39997
1.39997
1.39997
1.39997
1.39997
1.39997
1.39997
1.39997
1.39997
1.39997
2.3576
5.00599
5.43406
5.54498
5.59991
5.58609
5.53423
5.5365
5.73186
5.97075
5.98779
5.69933
5.26788
5.15369
5.5564
6.2777
6.6784
6.61264
5.82475
5.24974
1.39997
1.39997
1.39997
1.39997
1.39997
1.39997
1.39997
1.39997
1.39997
1.39997
1.39997
1.39997
1.39997
1.39997
1.39997
1.39997
1.39997
1.39997
1.39997
1.39997
2.36888
5.0625
5.42739
5.45451
5.53671
5.6016
5.63949
5.69696
5.71129
5.72823
5.78341
5.82075
5.84282
5.79785
5.78657
5.82341
5.88445
5.93173
6.00514
6.07506
1.39997
1.39997
1.39997
1.39997
1.39997
1.39997
1.39997
1.39997
1.39997
1.39997
1.39997
1.39997
1.39997
1.39997
1.39997
1.39997
1.39997
1.39997
1.39997
1.39997
2.3689
5.09359
5.41054
5.40063
5.4337
5.54906
5.72385
5.8097
5.71055
5.55496
5.56321
5.85671
6.29664
6.47563
6.16223
5.56879
5.27654
5.45468
6.16692
6.92441
1.39997
1.39997
1.39997
1.39997
1.39997
1.39997
1.39997
1.39997
1.39997
1.39997
1.39997
1.39997
1.39997
1.39997
1.39997
1.39997
1.39997
1.39997
1.39997
1.39997
2.34925
5.07721
5.4035
5.39612
5.449
5.56576
5.72157
5.79358
5.75116
5.582
5.54356
5.86083
6.30662
6.51777
6.30865
5.65922
5.26581
5.3986
6.22259
6.82978
1.39997
1.39997
1.39997
1.39997
1.39997
1.39997
1.39997
1.39997
1.39997
1.39997
1.39997
1.39997
1.39997
1.39997
1.39997
1.39997
1.39997
1.39997
1.39997
1.39997
2.31795
5.01552
5.41297
5.45848
5.55011
5.61924
5.66157
5.69721
5.70406
5.71874
5.77211
5.85647
5.96704
5.97233
5.89524
5.93449
5.9149
6.07506
6.07592
6.07101
1.39997
1.39997
1.39997
1.39997
1.39997
1.39997
1.39997
1.39997
1.39997
1.39997
1.39997
1.39997
1.39997
1.39997
1.39997
1.39997
1.39997
1.39997
1.39997
1.39997
2.28591
4.96772
5.41246
5.54336
5.60338
5.61172
5.5709
5.56733
5.66258
5.86807
5.98585
5.79749
5.48042
5.34203
5.53496
6.0761
6.5622
6.60114
5.94525
5.33344
1.39997
1.39997
1.39997
1.39997
1.39997
1.39997
1.39997
1.39997
1.39997
1.39997
1.39997
1.39997
1.39997
1.39997
1.39997
1.39997
1.39997
1.39997
1.39997
1.39997
2.26287
4.96324
5.43968
5.53954
5.60435
5.57214
5.51402
5.51323
5.69849
5.93622
5.9789
5.721
5.25925
5.07851
5.41926
6.05517
6.53655
6.58268
5.87219
5.4928
1.39997
1.39997
1.39997
1.39997
1.39997
1.39997
1.39997
1.39997
1.39997
1.39997
1.39997
1.39997
1.39997
1.39997
1.39997
1.39997
1.39997
1.39997
1.39997
1.39997
2.25363
5.01067
5.458
5.47055
5.51459
5.54022
5.55209
5.63738
5.75658
5.80432
5.79765
5.72749
5.5996
5.62151
5.87011
6.06609
6.03423
5.86277
5.97695
6.09712
1.39997
1.39997
1.39997
1.39997
1.39997
1.39997
1.39997
1.39997
1.39997
1.39997
1.39997
1.39997
1.39997
1.39997
1.39997
1.39997
1.39997
1.39997
1.39997
1.39997
2.22464
5.02343
5.4434
5.41785
5.42187
5.52218
5.69299
5.75857
5.7072
5.61984
5.58922
5.7859
6.12619
6.34375
6.16878
5.94563
5.56644
5.4613
5.99739
6.61875
1.39997
1.39997
1.39997
1.39997
1.39997
1.39997
1.39997
1.39997
1.39997
1.39997
1.39997
1.39997
1.39997
1.39997
1.39997
1.39997
1.39997
1.39997
1.39997
1.39997
2.17329
4.9794
5.40193
5.38456
5.44783
5.60387
5.74113
5.81505
5.73703
5.56613
5.53594
5.83396
6.36165
6.67818
6.6915
5.97818
5.50564
5.4928
6.0114
6.43591
1.39997
1.39997
1.39997
1.39997
1.39997
1.39997
1.39997
1.39997
1.39997
1.39997
1.39997
1.39997
1.39997
1.39997
1.39997
1.39997
1.39997
1.39997
1.39997
1.39997
2.11475
4.89865
5.36886
5.44795
5.57894
5.63735
5.67518
5.6772
5.64909
5.66483
5.75966
5.94884
6.15207
6.26844
6.00606
5.8996
5.96957
6.17835
6.0698
5.97248
1.39997
1.39997
1.39997
1.39997
1.39997
1.39997
1.39997
1.39997
1.39997
1.39997
1.39997
1.39997
1.39997
1.39997
1.39997
1.39997
1.39997
1.39997
1.39997
1.39997
2.06438
4.8337
5.38192
5.53721
5.5992
5.60713
5.56349
5.52672
5.59912
5.78459
5.97483
5.89387
5.70339
5.46059
5.46312
5.84834
6.35898
6.60757
6.27686
5.90592
1.39997
1.39997
1.39997
1.39997
1.39997
1.39997
1.39997
1.39997
1.39997
1.39997
1.39997
1.39997
1.39997
1.39997
1.39997
1.39997
1.39997
1.39997
1.39997
1.39997
2.02702
4.818
5.48414
5.53108
5.56018
5.52256
5.47054
5.48692
5.65206
5.86959
5.92148
5.70414
5.2608
4.95973
5.07366
5.54746
6.13626
6.36532
6.38406
6.35124
1.39997
1.39997
1.39997
1.39997
1.39997
1.39997
1.39997
1.39997
1.39997
1.39997
1.39997
1.39997
1.39997
1.39997
1.39997
1.39997
1.39997
1.39997
1.39997
1.39997
1.99607
4.86881
5.4933
5.48233
5.47083
5.46477
5.50931
5.66668
5.76927
5.7677
5.67693
5.56612
5.40438
5.3623
5.59155
5.87443
5.84177
5.69696
6.21452
6.79864
1.39997
1.39997
1.39997
1.39997
1.39997
1.39997
1.39997
1.39997
1.39997
1.39997
1.39997
1.39997
1.39997
1.39997
1.39997
1.39997
1.39997
1.39997
1.39997
1.39997
1.94263
4.82065
5.46555
5.40603
5.40704
5.48298
5.68295
5.78787
5.76988
5.62445
5.49973
5.60173
5.96499
6.33946
6.34388
6.20981
5.83904
5.64434
5.78328
6.11188
1.39997
1.39997
1.39997
1.39997
1.39997
1.39997
1.39997
1.39997
1.39997
1.39997
1.39997
1.39997
1.39997
1.39997
1.39997
1.39997
1.39997
1.39997
1.39997
1.39997
1.8706
4.72733
5.37048
5.35818
5.44513
5.62836
5.7383
5.78327
5.70453
5.54199
5.52539
5.84028
6.4183
6.90358
7.09125
6.58061
5.97132
5.7641
5.55207
5.4815
1.39997
1.39997
1.39997
1.39997
1.39997
1.39997
1.39997
1.39997
1.39997
1.39997
1.39997
1.39997
1.39997
1.39997
1.39997
1.39997
1.39997
1.39997
1.39997
1.39997
1.80006
4.6161
5.30523
5.39278
5.58051
5.66616
5.65221
5.5693
5.5281
5.62482
5.78091
5.99515
6.23279
6.26533
5.98471
6.00802
6.03618
5.9403
5.7785
5.61152
1.39997
1.39997
1.39997
1.39997
1.39997
1.39997
1.39997
1.39997
1.39997
1.39997
1.39997
1.39997
1.39997
1.39997
1.39997
1.39997
1.39997
1.39997
1.39997
1.39997
1.74815
4.53672
5.36833
5.52385
5.60028
5.62416
5.52051
5.40362
5.42412
5.64809
5.98471
5.96084
5.64048
5.19206
5.10221
5.56749
6.05319
6.09983
5.94904
5.91903
1.39997
1.39997
1.39997
1.39997
1.39997
1.39997
1.39997
1.39997
1.39997
1.39997
1.39997
1.39997
1.39997
1.39997
1.39997
1.39997
1.39997
1.39997
1.39997
1.39997
1.70601
4.5445
5.52347
5.53885
5.56059
5.46113
5.41918
5.4496
5.59119
5.83996
5.901
5.67279
5.10385
4.76072
4.81031
5.182
5.91484
6.17727
5.97482
5.91919
1.39997
1.39997
1.39997
1.39997
1.39997
1.39997
1.39997
1.39997
1.39997
1.39997
1.39997
1.39997
1.39997
1.39997
1.39997
1.39997
1.39997
1.39997
1.39997
1.39997
1.65351
4.55554
5.54786
5.51861
5.41809
5.34466
5.39522
5.6452
5.86178
5.83609
5.68827
5.38202
5.18741
5.04973
5.05064
5.26888
5.77276
6.09183
6.24589
6.29075
1.39997
1.39997
1.39997
1.39997
1.39997
1.39997
1.39997
1.39997
1.39997
1.39997
1.39997
1.39997
1.39997
1.39997
1.39997
1.39997
1.39997
1.39997
1.39997
1.39997
1.5731
4.47176
5.50808
5.39702
5.32686
5.34651
5.53895
5.77287
5.85855
5.80299
5.44126
5.41958
5.65521
6.05323
6.10627
6.06134
5.70682
5.88957
6.44508
6.85924
1.39997
1.39997
1.39997
1.39997
1.39997
1.39997
1.39997
1.39997
1.39997
1.39997
1.39997
1.39997
1.39997
1.39997
1.39997
1.39997
1.39997
1.39997
1.39997
1.39997
1.50484
4.29321
5.4018
5.30035
5.34538
5.56774
5.73296
5.72247
5.68162
5.47125
5.46827
5.6878
6.39405
7.00512
7.04814
6.56355
5.83729
5.77582
6.42177
7.2345
1.39997
1.39997
1.39997
1.39997
1.39997
1.39997
1.39997
1.39997
1.39997
1.39997
1.39997
1.39997
1.39997
1.39997
1.39997
1.39997
1.39997
1.39997
1.39997
1.39997
1.46566
4.18778
5.3408
5.32203
5.53556
5.70619
5.77483
5.72071
5.40691
5.32547
5.50038
5.98874
6.39871
6.73073
6.9291
6.48041
6.08343
5.99028
5.94585
5.87855
1.39997
1.39997
1.39997
1.39997
1.39997
1.39997
1.39997
1.39997
1.39997
1.39997
1.39997
1.39997
1.39997
1.39997
1.39997
1.39997
1.39997
1.39997
1.39997
1.39997
1.43545
4.12281
5.3324
5.50524
5.60512
5.65737
5.67527
5.43723
5.3485
5.35814
5.73427
5.93031
6.08861
5.75149
5.42628
5.79149
6.10483
6.05697
5.48513
5.09944
1.39997
1.39997
1.39997
1.39997
1.39997
1.39997
1.39997
1.39997
1.39997
1.39997
1.39997
1.39997
1.39997
1.39997
1.39997
1.39997
1.39997
1.39997
1.39997
1.39997
1.40726
4.0802
5.43083
5.51733
5.56407
5.55147
5.36721
5.32579
5.39764
5.68831
5.88817
5.94352
5.44293
4.85089
4.8098
5.23073
5.80351
5.87766
5.3638
5.07656
1.39997
1.39997
1.39997
1.39997
1.39997
1.39997
1.39997
1.39997
1.39997
1.39997
1.39997
1.39997
1.39997
1.39997
1.39997
1.39997
1.39997
1.39997
1.39997
1.39997
1.40013
3.95862
5.41368
5.47906
5.50973
5.35048
5.22963
5.23953
5.62026
5.9238
5.93383
5.59741
5.09074
4.93939
4.9575
5.1159
5.56652
5.78379
5.45457
5.28628
1.39997
1.39997
1.39997
1.39997
1.39997
1.39997
1.39997
1.39997
1.39997
1.39997
1.39997
1.39997
1.39997
1.39997
1.39997
1.39997
1.39997
1.39997
1.39997
1.39997
1.39992
3.7973
5.36094
5.32965
5.30926
5.31102
5.31613
5.59712
5.79923
5.83683
5.76217
5.27996
4.99015
4.99877
5.14375
5.36472
5.70189
5.76255
5.45712
5.43004
1.39997
1.39997
1.39997
1.39997
1.39997
1.39997
1.39997
1.39997
1.39997
1.39997
1.39997
1.39997
1.39997
1.39997
1.39997
1.39997
1.39997
1.39997
1.39997
1.39997
1.39996
3.61489
5.24359
5.23749
5.22869
5.30474
5.63945
5.79684
5.80371
5.76124
5.34726
5.14603
5.12394
5.51311
5.73589
5.92361
5.77438
5.73253
6.14376
6.71542
1.39997
1.39997
1.39997
1.39997
1.39997
1.39997
1.39997
1.39997
1.39997
1.39997
1.39997
1.39997
1.39997
1.39997
1.39997
1.39997
1.39997
1.39997
1.39997
1.39997
1.39997
3.46977
5.18797
5.21855
5.25965
5.51142
5.70875
5.78506
5.73757
5.29222
5.26608
5.40378
6.21686
6.67217
6.70701
6.36457
5.62099
5.85548
6.75407
7.42211
1.39997
1.39997
1.39997
1.39997
1.39997
1.39997
1.39997
1.39997
1.39997
1.39997
1.39997
1.39997
1.39997
1.39997
1.39997
1.39997
1.39997
1.39997
1.39997
1.39997
1.39997
3.3321
5.14359
5.29647
5.47214
5.56559
5.60248
5.62827
5.32875
5.17197
5.25287
5.94961
6.60203
6.97508
7.00907
6.33387
5.81028
6.08416
6.75801
7.46293
1.39997
1.39997
1.39997
1.39997
1.39997
1.39997
1.39997
1.39997
1.39997
1.39997
1.39997
1.39997
1.39997
1.39997
1.39997
1.39997
1.39997
1.39997
1.39997
1.39997
1.39997
3.23829
5.17781
5.42764
5.51638
5.57867
5.56185
5.28888
5.18017
5.18791
5.63962
6.02325
6.38883
6.49232
5.94238
5.8447
5.86704
5.9589
5.91001
5.25913
1.39997
1.39997
1.39997
1.39997
1.39997
1.39997
1.39997
1.39997
1.39997
1.39997
1.39997
1.39997
1.39997
1.39997
1.39997
1.39997
1.39997
1.39997
1.39997
1.39997
1.39997
3.10359
5.22658
5.40007
5.45631
5.377
5.23066
5.24201
5.26599
5.67851
5.84823
5.92473
5.55943
4.67087
4.67683
5.10892
5.71237
5.71259
4.93829
4.61541
1.39997
1.39997
1.39997
1.39997
1.39997
1.39997
1.39997
1.39997
1.39997
1.39997
1.39997
1.39997
1.39997
1.39997
1.39997
1.39997
1.39997
1.39997
1.39997
1.39997
1.39997
2.93277
5.1682
5.35592
5.25403
5.19618
5.16283
5.19589
5.60009
5.82179
5.85154
5.66719
4.80819
4.5309
4.54385
4.89183
5.43456
5.47023
4.81351
4.57769
1.39997
1.39997
1.39997
1.39997
1.39997
1.39997
1.39997
1.39997
1.39997
1.39997
1.39997
1.39997
1.39997
1.39997
1.39997
1.39997
1.39997
1.39997
1.39997
1.39997
1.39997
2.74408
5.08475
5.24063
5.19216
5.14512
5.16873
5.51534
5.72894
5.7401
5.74651
5.14391
4.8367
4.77079
4.76763
4.97146
5.41539
5.41826
4.77202
4.63943
1.39997
1.39997
1.39997
1.39997
1.39997
1.39997
1.39997
1.39997
1.39997
1.39997
1.39997
1.39997
1.39997
1.39997
1.39997
1.39997
1.39997
1.39997
1.39997
1.39997
1.39997
2.56286
4.99722
5.2011
5.20183
5.25696
5.49715
5.63988
5.74634
5.81595
5.39475
4.93592
4.66378
4.6239
4.87531
5.31951
5.67249
5.33015
4.73954
4.67229
1.39997
1.39997
1.39997
1.39997
1.39997
1.39997
1.39997
1.39997
1.39997
1.39997
1.39997
1.39997
1.39997
1.39997
1.39997
1.39997
1.39997
1.39997
1.39997
1.39997
1.39997
2.4057
4.89777
5.18187
5.32049
5.52613
5.58268
5.55538
5.55548
5.24466
5.21238
5.11421
5.43894
6.21132
6.31739
6.24787
5.49337
5.33415
5.30285
5.65789
1.39997
1.39997
1.39997
1.39997
1.39997
1.39997
1.39997
1.39997
1.39997
1.39997
1.39997
1.39997
1.39997
1.39997
1.39997
1.39997
1.39997
1.39997
1.39997
1.39997
1.39997
2.26984
4.84657
5.41099
5.49752
5.53657
5.58146
5.51198
5.12493
5.00987
5.08789
5.63558
6.53387
6.8586
6.85461
6.31617
5.31588
5.48909
6.94787
7.72075
1.39997
1.39997
1.39997
1.39997
1.39997
1.39997
1.39997
1.39997
1.39997
1.39997
1.39997
1.39997
1.39997
1.39997
1.39997
1.39997
1.39997
1.39997
1.39997
1.39997
1.39997
2.1205
4.90137
5.52533
5.52138
5.51178
5.34336
5.15255
5.08537
5.08509
5.34003
5.93967
6.38324
6.69029
6.80207
5.90251
5.30686
5.91976
6.80211
7.76699
1.39997
1.39997
1.39997
1.39997
1.39997
1.39997
1.39997
1.39997
1.39997
1.39997
1.39997
1.39997
1.39997
1.39997
1.39997
1.39997
1.39997
1.39997
1.39997
1.39997
1.39997
1.92185
4.86138
5.52282
5.44749
5.24801
5.12448
5.06654
5.04793
5.32761
5.70543
5.91887
6.18489
5.38142
4.70308
5.00483
5.6707
5.85671
6.29616
5.18626
1.39997
1.39997
1.39997
1.39997
1.39997
1.39997
1.39997
1.39997
1.39997
1.39997
1.39997
1.39997
1.39997
1.39997
1.39997
1.39997
1.39997
1.39997
1.39997
1.39997
1.39997
1.70903
4.67189
5.46298
5.27295
5.12715
5.10943
5.2036
5.50662
5.69653
5.64419
5.54729
4.79266
4.36015
4.34868
4.82635
5.58534
5.49454
4.13778
3.50176
1.39997
1.39997
1.39997
1.39997
1.39997
1.39997
1.39997
1.39997
1.39997
1.39997
1.39997
1.39997
1.39997
1.39997
1.39997
1.39997
1.39997
1.39997
1.39997
1.39997
1.39997
1.43751
4.16001
5.39375
5.35583
5.39377
5.42934
5.44455
5.45081
5.41163
5.33954
5.16565
5.03994
5.08823
5.14145
5.19569
5.16076
4.75355
4.04305
3.15973
1.39997
1.39997
1.39997
1.39997
1.39997
1.39997
1.39997
1.39997
1.39997
1.39997
1.39997
1.39997
1.39997
1.39997
1.39997
1.39997
1.39997
1.39997
1.39997
1.39997
1.39997
1.40014
3.26505
5.22816
5.36161
5.37336
5.35031
5.30813
5.26776
5.24803
5.25233
5.27373
5.30124
5.25427
5.15398
5.0013
4.78434
4.61315
4.45809
3.71067
1.39997
1.39997
1.39997
1.39997
1.39997
1.39997
1.39997
1.39997
1.39997
1.39997
1.39997
1.39997
1.39997
1.39997
1.39997
1.39997
1.39997
1.39997
1.39997
1.39997
1.39997
1.39997
2.27501
4.90567
5.32523
5.29639
5.27349
5.2557
5.25197
5.25524
5.25161
5.22366
5.16073
5.05504
4.92873
4.79775
4.66117
4.4803
4.27576
3.66494
1.39997
1.39997
1.39997
1.39997
1.39997
1.39997
1.39997
1.39997
1.39997
1.39997
1.39997
1.39997
1.39997
1.39997
1.39997
1.39997
1.39997
1.39997
1.39997
1.39997
1.39997
1.39997
1.51098
4.30436
5.34896
5.29534
5.26261
5.2377
5.21973
5.20349
5.17791
5.12976
5.05691
4.95265
4.83042
4.68906
4.50965
4.26945
3.99592
3.53572
1.39997
1.39997
1.39997
1.39997
1.39997
1.39997
1.39997
1.39997
1.39997
1.39997
1.39997
1.39997
1.39997
1.39997
1.39997
1.39997
1.39997
1.39997
1.39997
1.39997
1.39997
1.39997
1.40072
3.28521
5.12299
5.20163
5.19066
5.16592
5.14398
5.12523
5.10148
5.06115
4.99432
4.89214
4.7615
4.60276
4.4115
4.173
3.90362
3.52536
1.39997
1.39997
1.39997
1.39997
1.39997
1.39997
1.39997
1.39997
1.39997
1.39997
1.39997
1.39997
1.39997
1.39997
1.39997
1.39997
1.39997
1.39997
1.39997
1.39997
1.39997
1.39997
1.39996
2.07776
4.78236
5.20402
5.15982
5.12739
5.09529
5.07231
5.05241
5.015
4.94138
4.8313
4.69272
4.53511
4.34482
4.1132
3.84307
3.52725
1.39997
1.39997
1.39997
1.39997
1.39997
1.39997
1.39997
1.39997
1.39997
1.39997
1.39997
1.39997
1.39997
1.39997
1.39997
1.39997
1.39997
1.39997
1.39997
1.39997
1.39997
1.39997
1.39997
1.45709
3.80205
5.14229
5.12492
5.0929
5.04443
5.0065
4.97701
4.94634
4.88607
4.78504
4.64732
4.48673
4.29517
4.08188
3.82963
3.54565
1.39997
1.39997
1.39997
1.39997
1.39997
1.39997
1.39997
1.39997
1.39997
1.39997
1.39997
1.39997
1.39997
1.39997
1.39997
1.39997
1.39997
1.39997
1.39997
1.39997
1.39997
1.39997
1.39997
1.40006
2.37943
4.882
5.11962
5.06945
5.0137
4.95098
4.90688
4.86824
4.81744
4.7398
4.61938
4.46706
4.28262
4.0857
3.86343
3.61285
1.39997
1.39997
1.39997
1.39997
1.39997
1.39997
1.39997
1.39997
1.39997
1.39997
1.39997
1.39997
1.39997
1.39997
1.39997
1.39997
1.39997
1.39997
1.39997
1.39997
1.39997
1.39997
1.39997
1.39997
1.50729
3.95845
5.10632
5.06367
5.01403
4.93717
4.86333
4.79998
4.74048
4.67506
4.57833
4.45087
4.28595
4.10567
3.91217
3.6862
1.39997
1.39997
1.39997
1.39997
1.39997
1.39997
1.39997
1.39997
1.39997
1.39997
1.39997
1.39997
1.39997
1.39997
1.39997
1.39997
1.39997
1.39997
1.39997
1.39997
1.39997
1.39997
1.39997
1.39997
1.40068
2.40644
4.84002
5.04344
4.99188
4.91788
4.83278
4.75149
4.67025
4.59828
4.51546
4.41797
4.27666
4.11544
3.94069
3.74251
1.39997
1.39997
1.39997
1.39997
1.39997
1.39997
1.39997
1.39997
1.39997
1.39997
1.39997
1.39997
1.39997
1.39997
1.39997
1.39997
1.39997
1.39997
1.39997
1.39997
1.39997
1.39997
1.39997
1.39997
1.39997
1.50517
3.80381
5.01938
4.98889
4.92643
4.83897
4.74567
4.6466
4.54751
4.44968
4.36
4.24439
4.10511
3.94764
3.77235
1.39997
1.39997
1.39997
1.39997
1.39997
1.39997
1.39997
1.39997
1.39997
1.39997
1.39997
1.39997
1.39997
1.39997
1.39997
1.39997
1.39997
1.39997
1.39997
1.39997
1.39997
1.39997
1.39997
1.39997
1.39997
1.40074
2.10766
4.67717
4.97993
4.90743
4.83107
4.7363
4.63
4.51923
4.40793
4.30741
4.19989
4.07807
3.93968
3.78461
1.39997
1.39997
1.39997
1.39997
1.39997
1.39997
1.39997
1.39997
1.39997
1.39997
1.39997
1.39997
1.39997
1.39997
1.39997
1.39997
1.39997
1.39997
1.39997
1.39997
1.39997
1.39997
1.39997
1.39997
1.39997
1.39997
1.44883
3.38577
4.89675
4.88417
4.82233
4.73721
4.63382
4.52219
4.40521
4.29309
4.17731
4.05479
3.92487
3.78637
1.39997
1.39997
1.39997
1.39997
1.39997
1.39997
1.39997
1.39997
1.39997
1.39997
1.39997
1.39997
1.39997
1.39997
1.39997
1.39997
1.39997
1.39997
1.39997
1.39997
1.39997
1.39997
1.39997
1.39997
1.39997
1.39997
1.40017
1.80397
4.2245
4.90518
4.82956
4.75097
4.646
4.53223
4.41
4.28918
4.16789
4.0448
3.91788
3.78849
1.39997
1.39997
1.39997
1.39997
1.39997
1.39997
1.39997
1.39997
1.39997
1.39997
1.39997
1.39997
1.39997
1.39997
1.39997
1.39997
1.39997
1.39997
1.39997
1.39997
1.39997
1.39997
1.39997
1.39997
1.39997
1.39997
1.39997
1.41467
2.53482
4.71515
4.8421
4.76355
4.66935
4.55933
4.43515
4.30654
4.17929
4.05428
3.92993
3.80514
1.39997
1.39997
1.39997
1.39997
1.39997
1.39997
1.39997
1.39997
1.39997
1.39997
1.39997
1.39997
1.39997
1.39997
1.39997
1.39997
1.39997
1.39997
1.39997
1.39997
1.39997
1.39997
1.39997
1.39997
1.39997
1.39997
1.39997
1.40003
1.52434
3.50546
4.78928
4.75791
4.68124
4.58576
4.4722
4.34698
4.21738
4.08997
3.96537
3.83907
1.39997
1.39997
1.39997
1.39997
1.39997
1.39997
1.39997
1.39997
1.39997
1.39997
1.39997
1.39997
1.39997
1.39997
1.39997
1.39997
1.39997
1.39997
1.39997
1.39997
1.39997
1.39997
1.39997
1.39997
1.39997
1.39997
1.39997
1.39997
1.40143
1.86571
4.05985
4.74989
4.68893
4.60459
4.50513
4.39327
4.2726
4.14791
4.02299
3.89254
1.39997
1.39997
1.39997
1.39997
1.39997
1.39997
1.39997
1.39997
1.39997
1.39997
1.39997
1.39997
1.39997
1.39997
1.39997
1.39997
1.39997
1.39997
1.39997
1.39997
1.39997
1.39997
1.39997
1.39997
1.39997
1.39997
1.39997
1.39997
1.39997
1.41931
2.31317
4.40277
4.7143
4.62791
4.54282
4.44318
4.33368
4.21582
4.0944
3.96383
1.39997
1.39997
1.39997
1.39997
1.39997
1.39997
1.39997
1.39997
1.39997
1.39997
1.39997
1.39997
1.39997
1.39997
1.39997
1.39997
1.39997
1.39997
1.39997
1.39997
1.39997
1.39997
1.39997
1.39997
1.39997
1.39997
1.39997
1.39997
1.39997
1.40009
1.47731
2.85759
4.5811
4.65479
4.56407
4.47492
4.37555
4.26647
4.15313
4.03226
1.39997
1.39997
1.39997
1.39997
1.39997
1.39997
1.39997
1.39997
1.39997
1.39997
1.39997
1.39997
1.39997
1.39997
1.39997
1.39997
1.39997
1.39997
1.39997
1.39997
1.39997
1.39997
1.39997
1.39997
1.39997
1.39997
1.39997
1.39997
1.39997
1.39997
1.40083
1.60972
3.3907
4.60443
4.5824
4.49121
4.39634
4.29544
4.19129
4.08333
1.39997
1.39997
1.39997
1.39997
1.39997
1.39997
1.39997
1.39997
1.39997
1.39997
1.39997
1.39997
1.39997
1.39997
1.39997
1.39997
1.39997
1.39997
1.39997
1.39997
1.39997
1.39997
1.39997
1.39997
1.39997
1.39997
1.39997
1.39997
1.39997
1.39997
1.39997
1.40442
1.83001
3.7389
4.56291
4.51957
4.42004
4.32196
4.22262
4.12298
1.39997
1.39997
1.39997
1.39997
1.39997
1.39997
1.39997
1.39997
1.39997
1.39997
1.39997
1.39997
1.39997
1.39997
1.39997
1.39997
1.39997
1.39997
1.39997
1.39997
1.39997
1.39997
1.39997
1.39997
1.39997
1.39997
1.39997
1.39997
1.39997
1.39997
1.39997
1.39999
1.41703
2.07304
3.95396
4.51803
4.46308
4.36189
4.26237
4.163
1.39997
1.39997
1.39997
1.39997
1.39997
1.39997
1.39997
1.39997
1.39997
1.39997
1.39997
1.39997
1.39997
1.39997
1.39997
1.39997
1.39997
1.39997
1.39997
1.39997
1.39997
1.39997
1.39997
1.39997
1.39997
1.39997
1.39997
1.39997
1.39997
1.39997
1.39997
1.39997
1.40008
1.44157
2.30826
4.08329
4.48109
4.41707
4.31311
4.21013
1.39997
1.39997
1.39997
1.39997
1.39997
1.39997
1.39997
1.39997
1.39997
1.39997
1.39997
1.39997
1.39997
1.39997
1.39997
1.39997
1.39997
1.39997
1.39997
1.39997
1.39997
1.39997
1.39997
1.39997
1.39997
1.39997
1.39997
1.39997
1.39997
1.39997
1.39997
1.39997
1.39997
1.40037
1.47753
2.50965
4.15204
4.44182
4.37463
4.26735
1.39997
1.39997
1.39997
1.39997
1.39997
1.39997
1.39997
1.39997
1.39997
1.39997
1.39997
1.39997
1.39997
1.39997
1.39997
1.39997
1.39997
1.39997
1.39997
1.39997
1.39997
1.39997
1.39997
1.39997
1.39997
1.39997
1.39997
1.39997
1.39997
1.39997
1.39997
1.39997
1.39997
1.39997
1.40098
1.51888
2.66521
4.17347
4.40097
4.3372
1.39997
1.39997
1.39997
1.39997
1.39997
1.39997
1.39997
1.39997
1.39997
1.39997
1.39997
1.39997
1.39997
1.39997
1.39997
1.39997
1.39997
1.39997
1.39997
1.39997
1.39997
1.39997
1.39997
1.39997
1.39997
1.39997
1.39997
1.39997
1.39997
1.39997
1.39997
1.39997
1.39997
1.39997
1.39997
1.40195
1.55902
2.76439
4.16595
4.3579
1.39997
1.39997
1.39997
1.39997
1.39997
1.39997
1.39997
1.39997
1.39997
1.39997
1.39997
1.39997
1.39997
1.39997
1.39997
1.39997
1.39997
1.39997
1.39997
1.39997
1.39997
1.39997
1.39997
1.39997
1.39997
1.39997
1.39997
1.39997
1.39997
1.39997
1.39997
1.39997
1.39997
1.39997
1.39997
1.39997
1.40314
1.59027
2.82339
4.13972
1.39997
1.39997
1.39997
1.39997
1.39997
1.39997
1.39997
1.39997
1.39997
1.39997
1.39997
1.39997
1.39997
1.39997
1.39997
1.39997
1.39997
1.39997
1.39997
1.39997
1.39997
1.39997
1.39997
1.39997
1.39997
1.39997
1.39997
1.39997
1.39997
1.39997
1.39997
1.39997
1.39997
1.39997
1.39997
1.39997
1.39998
1.40456
1.60737
2.95391
1.39997
1.39997
1.39997
1.39997
1.39997
1.39997
1.39997
1.39997
1.39997
1.39997
1.39997
1.39997
1.39997
1.39997
1.39997
1.39997
1.39997
1.39997
1.39997
1.39997
1.39997
1.39997
1.39997
1.39997
1.39997
1.39997
1.39997
1.39997
1.39997
1.39997
1.39997
1.39997
1.39997
1.39997
1.39997
1.39997
1.39997
1.39999
1.40448
1.68948
1.39997
1.39997
1.39997
1.39997
1.39997
1.39997
1.39997
1.39997
1.39997
1.39997
1.39997
1.39997
1.39997
1.39997
1.39997
1.39997
1.39997
1.39997
1.39997
1.39997
1.39997
1.39997
1.39997
1.39997
1.39997
1.39997
1.39997
1.39997
1.39997
1.39997
1.39997
1.39997
1.39997
1.39997
1.39997
1.39997
1.39997
1.39997
1.39999
1.40867
1.39997
1.39997
1.39997
1.39997
1.39997
1.39997
1.39997
1.39997
1.39997
1.39997
1.39997
1.39997
1.39997
1.39997
1.39997
1.39997
1.39997
1.39997
1.39997
1.39997
1.39997
1.39997
1.39997
1.39997
1.39997
1.39997
1.39997
1.39997
1.39997
1.39997
1.39997
1.39997
1.39997
1.39997
1.39997
1.39997
1.39997
1.39997
1.39997
1.39999
1.39997
1.39997
1.39997
1.39997
1.39997
1.39997
1.39997
1.39997
1.39997
1.39997
1.39997
1.39997
1.39997
1.39997
1.39997
1.39997
1.39997
1.39997
1.39997
1.39997
1.39997
1.39997
1.39997
1.39997
1.39997
1.39997
1.39997
1.39997
1.39997
1.39997
1.39997
1.39997
1.39997
1.39997
1.39997
1.39997
1.39997
1.39997
1.39997
1.39997
1.39997
1.39997
1.39997
1.39997
1.39997
1.39997
1.39997
1.39997
1.39997
1.39997
1.39997
1.39997
1.39997
1.39997
1.39997
1.39997
1.39997
1.39997
1.39997
1.39997
1.39997
1.39997
1.39997
1.39997
1.39997
1.39997
1.39997
1.39997
1.39997
1.39997
1.39997
1.39997
1.39997
1.39997
1.39997
1.39997
1.39997
1.39997
1.39997
1.39997
1.39997
1.39997
1.39997
1.39997
1.39997
1.39997
1.39997
1.39997
1.39997
1.39997
1.39997
1.39997
1.39997
1.39997
1.39997
1.39997
1.39997
1.39997
1.39997
1.39997
1.39997
1.39997
1.39997
1.39997
1.39997
1.39997
1.39997
1.39997
1.39997
1.39997
1.39997
1.39997
1.39997
1.39997
1.39997
1.39997
1.39997
1.39997
1.39997
1.39997
1.39997
1.39997
1.39997
1.39997
1.39997
1.39997
1.39997
1.39997
1.39997
1.39997
1.39997
1.39997
1.39997
1.39997
1.39997
1.39997
1.39997
1.39997
1.39997
1.39997
1.39997
1.39997
1.39997
1.39997
1.39997
1.39997
1.39997
1.39997
1.39997
1.39997
1.39997
1.39997
1.39997
1.39997
1.39997
1.39997
1.39997
1.39997
1.39997
1.39997
1.39997
1.39997
1.39997
1.39997
1.39997
1.39997
1.39997
1.39997
1.39997
1.39997
1.39997
1.39997
1.39997
1.39997
1.39997
1.39997
1.39997
1.39997
1.39997
1.39997
1.39997
1.39997
1.39997
1.39997
1.39997
1.39997
1.39997
1.39997
1.39997
1.39997
1.39997
1.39997
1.39997
1.39997
1.39997
1.39997
1.39997
1.39997
1.39997
1.39997
1.39997
1.39997
1.39997
1.39997
1.39997
1.39997
1.39997
1.39997
1.39997
1.39997
1.39997
1.39997
1.39997
1.39997
1.39997
1.39997
1.39997
1.39997
1.39997
1.39997
1.39997
1.39997
1.39997
1.39997
1.39997
1.39997
1.39997
1.39997
1.39997
1.39997
1.39997
1.39997
1.39997
1.39997
1.39997
1.39997
1.39997
1.39997
1.39997
1.39997
1.39997
1.39997
1.39997
1.39997
1.39997
1.39997
1.39997
1.39997
1.39997
1.39997
1.39997
1.39997
1.39997
1.39997
1.39997
1.39997
1.39997
1.39997
1.39997
1.39997
1.39997
1.39997
1.39997
1.39997
1.39997
1.39997
1.39997
1.39997
1.39997
1.39997
1.39997
1.39997
1.39997
1.39997
1.39997
1.39997
1.39997
1.39997
1.39997
1.39997
1.39997
1.39997
1.39997
1.39997
1.39997
1.39997
1.39997
1.39997
1.39997
1.39997
1.39997
1.39997
1.39997
1.39997
1.39997
1.39997
1.39997
1.39997
1.39997
1.39997
1.39997
1.39997
1.39997
1.39997
1.39997
1.39997
1.39997
1.39997
1.39997
1.39997
1.39997
1.39997
1.39997
1.39997
1.39997
1.39997
1.39997
1.39997
1.39997
1.39997
1.39997
1.39997
1.39997
1.39997
1.39997
1.39997
1.39997
1.39997
1.39997
1.39997
1.39997
1.39997
1.39997
1.39997
1.39997
1.39997
1.39997
1.39997
1.39997
1.39997
1.39997
1.39997
1.39997
1.39997
1.39997
1.39997
1.39997
1.39997
1.39997
1.39997
1.39997
1.39997
1.39997
1.39997
1.39997
1.39997
1.39997
1.39997
1.39997
1.39997
0.789247
0.440276
0.560627
0.687379
0.790965
0.875874
0.921602
0.951638
0.962892
0.984493
1.00708
1.4076
2.17306
2.45215
2.54546
2.6083
2.66293
2.68891
2.69559
2.68491
2.66266
2.6365
2.5966
2.54096
2.48274
2.42418
2.36852
2.31892
2.27713
2.22456
2.16158
2.08829
2.00875
1.93509
1.87144
1.81798
1.77323
1.73422
1.70096
1.62896
1.64552
0.694604
0.644935
0.696506
0.791691
0.875988
0.931247
0.958658
0.97678
0.999254
1.02316
1.37729
2.1756
2.49388
2.57664
2.6312
2.69104
2.72464
2.73494
2.71536
2.67668
2.63409
2.59528
2.55356
2.50128
2.43793
2.37263
2.31599
2.26598
2.21965
2.16302
2.09982
2.02885
1.9526
1.88244
1.82589
1.77936
1.73704
1.69966
1.62846
2.06093
1.00505
0.731564
0.758634
0.847201
0.944839
1.00096
1.01201
1.02283
1.04705
1.06861
1.35518
2.2329
2.58404
2.64669
2.70725
2.78006
2.82369
2.83983
2.8301
2.79178
2.73532
2.67038
2.6119
2.55344
2.48746
2.4201
2.35286
2.28759
2.22902
2.17296
2.11558
2.05352
1.98347
1.9108
1.84845
1.79806
1.75164
1.7083
1.63209
2.38388
1.34722
0.974478
0.842689
0.87323
0.952922
1.03665
1.08735
1.0902
1.10489
1.11166
1.3354
2.3372
2.82766
2.83278
2.86692
2.92606
2.96201
2.97253
2.95522
2.90933
2.84537
2.77356
2.69962
2.61903
2.53922
2.46513
2.39396
2.32905
2.27291
2.21942
2.16436
2.10351
2.03438
1.95815
1.88436
1.8227
1.77131
1.72879
1.65444
2.61148
1.67088
1.21216
0.960452
0.918215
0.951997
1.01851
1.08737
1.13255
1.17071
1.15865
1.30305
2.47326
3.17381
3.05585
3.03705
3.08074
3.08972
3.08363
3.05245
2.99483
2.92572
2.85697
2.78113
2.69331
2.6065
2.5221
2.44194
2.37274
2.31658
2.26482
2.21314
2.1568
2.09212
2.0171
1.9366
1.86166
1.79588
1.74958
1.6814
2.76362
1.94213
1.45332
1.14453
1.01567
0.96998
0.992114
1.06078
1.12841
1.17513
1.18356
1.29117
2.53532
3.53307
3.27068
3.15403
3.15996
3.16684
3.14353
3.0963
3.03229
2.97137
2.91062
2.83059
2.74003
2.65169
2.56647
2.48852
2.42154
2.36185
2.30577
2.25174
2.19592
2.13409
2.06237
1.98221
1.90251
1.83004
1.78148
1.71448
2.904
2.15837
1.66893
1.31275
1.13383
0.998123
0.998588
1.02651
1.09345
1.15687
1.18423
1.37088
2.4242
3.55843
3.45073
3.23141
3.17399
3.17482
3.15786
3.11668
3.06433
3.01462
2.95064
2.86819
2.77539
2.68202
2.59536
2.52034
2.45481
2.39314
2.33297
2.27469
2.2164
2.15676
2.09052
2.01438
1.93325
1.85849
1.81215
1.74624
3.02349
2.3464
1.84959
1.48065
1.26702
1.08253
1.01617
1.01871
1.04925
1.11085
1.18087
1.53243
2.2255
3.43486
3.46585
3.27693
3.18179
3.16595
3.1536
3.12058
3.07696
3.02634
2.96335
2.8857
2.79685
2.70221
2.61446
2.53985
2.47346
2.40964
2.34585
2.28383
2.22394
2.16285
2.10027
2.03346
1.95985
1.88584
1.83506
1.76623
3.14512
2.50523
2.01271
1.63692
1.38609
1.18391
1.067
1.02424
1.03148
1.0711
1.19409
1.73935
2.10483
3.03831
3.44344
3.29238
3.19385
3.15382
3.14418
3.1185
3.07441
3.01814
2.95504
2.88421
2.80724
2.71975
2.63185
2.55396
2.48529
2.42053
2.35427
2.2859
2.21685
2.15566
2.10039
2.04135
1.97676
1.90772
1.85156
1.78032
3.24474
2.65799
2.15048
1.7733
1.50027
1.27939
1.14952
1.05964
1.03723
1.05321
1.25795
1.92597
2.09431
2.57366
3.27806
3.29496
3.20231
3.14298
3.13137
3.11267
3.06854
3.00675
2.9418
2.87812
2.81298
2.73716
2.65247
2.569
2.49395
2.42576
2.35728
2.28543
2.21499
2.15246
2.09493
2.03998
1.98542
1.92625
1.87065
1.7868
3.32438
2.77481
2.26448
1.8898
1.61133
1.37653
1.22299
1.10662
1.05739
1.0776
1.38199
2.02575
2.11818
2.24757
3.00665
3.288
3.21583
3.14621
3.1236
3.10637
3.06347
2.99941
2.93353
2.87473
2.81819
2.75154
2.67319
2.58724
2.5035
2.42696
2.35393
2.28298
2.21443
2.14997
2.09195
2.04012
1.99151
1.94053
1.88611
1.79066
3.37139
2.8636
2.35176
2.0028
1.70747
1.47185
1.32101
1.17387
1.08994
1.13045
1.5585
2.03692
2.13651
2.14874
2.59289
3.18587
3.2409
3.15839
3.11521
3.09798
3.06026
2.99882
2.93184
2.87731
2.82551
2.76239
2.68888
2.60413
2.51283
2.42791
2.35202
2.28293
2.21705
2.15296
2.0935
2.04167
1.99629
1.94877
1.89425
1.79432
3.40703
2.93086
2.43797
2.10952
1.78908
1.56838
1.40889
1.24878
1.13969
1.24558
1.77982
2.00151
2.11142
2.1118
2.25067
2.90134
3.2313
3.17122
3.11884
3.09316
3.05575
3.00134
2.94271
2.89182
2.83622
2.76994
2.69672
2.61389
2.52058
2.42964
2.35117
2.28354
2.22087
2.15976
2.10195
2.0504
2.00094
1.94873
1.89486
1.79735
3.44295
2.98612
2.52346
2.20672
1.86968
1.65966
1.48236
1.3248
1.21954
1.45087
2.01818
2.05384
2.06342
2.06264
2.08707
2.47646
3.10039
3.17026
3.13081
3.08611
3.04126
2.99853
2.95864
2.91131
2.846
2.77254
2.69688
2.61496
2.52522
2.43506
2.35495
2.28712
2.22613
2.16868
2.11354
2.05938
2.00524
1.94832
1.89069
1.79789
3.48296
3.03379
2.60732
2.28715
1.94802
1.7524
1.54979
1.3956
1.33715
1.7195
2.18873
2.13577
2.07712
2.055
2.0315
2.13074
2.74205
3.12847
3.14341
3.07984
3.02201
2.99203
2.96449
2.91975
2.85276
2.77432
2.69232
2.60962
2.5262
2.44233
2.36335
2.29439
2.23354
2.17783
2.12193
2.06402
2.00572
1.94469
1.8881
1.80291
3.5332
3.07761
2.68714
2.34658
2.02596
1.83949
1.61532
1.48337
1.5388
2.01874
2.27151
2.22425
2.13592
2.06754
2.02414
2.00932
2.2687
2.90724
3.12055
3.08118
3.01799
2.98445
2.95672
2.9128
2.8514
2.77433
2.68956
2.60686
2.52775
2.45058
2.3758
2.30679
2.2436
2.18426
2.12419
2.0633
2.00309
1.94118
1.88824
1.81276
3.59037
3.12569
2.7626
2.39711
2.10959
1.91837
1.68932
1.58746
1.82577
2.33814
2.33918
2.28746
2.19923
2.11339
2.04508
2.00259
2.01361
2.45195
3.00525
3.09208
3.02032
2.97603
2.9412
2.89729
2.84213
2.77199
2.69089
2.60873
2.53144
2.45914
2.38937
2.32089
2.25325
2.18741
2.12225
2.05883
1.99909
1.93924
1.89442
1.82707
3.65568
3.18904
2.83672
2.45196
2.20682
1.99443
1.77196
1.71767
2.17887
2.5792
2.46016
2.35845
2.2693
2.17578
2.09121
2.01717
1.97375
2.07074
2.66899
3.05912
3.04107
2.97255
2.92827
2.88028
2.82775
2.76698
2.69479
2.6163
2.53904
2.46779
2.40006
2.33181
2.26074
2.18952
2.11954
2.05475
1.99657
1.94254
1.90891
1.84611
3.7226
3.26969
2.91057
2.52885
2.31811
2.06765
1.87677
1.9451
2.52965
2.70377
2.59192
2.45025
2.3384
2.23628
2.14281
2.05829
1.98779
1.95123
2.21271
2.85317
3.03359
2.98645
2.9327
2.87378
2.81952
2.76263
2.6977
2.62523
2.5479
2.47354
2.40377
2.33499
2.26273
2.18936
2.11758
2.05401
1.9998
1.95518
1.92707
1.8632
3.78451
3.36371
2.98627
2.6373
2.43203
2.15119
1.98551
2.28728
2.85587
2.79499
2.68912
2.55057
2.42115
2.30795
2.2031
2.10844
2.01363
1.95059
1.95877
2.41954
2.92999
3.01581
2.94383
2.87671
2.81764
2.75935
2.69797
2.63022
2.55473
2.47772
2.40353
2.33209
2.26013
2.18801
2.1186
2.05967
2.01123
1.97325
1.94266
1.87153
3.84111
3.45244
3.06113
2.76806
2.52408
2.23985
2.13115
2.69082
3.07918
2.92411
2.7837
2.64572
2.50445
2.37477
2.26208
2.15909
2.06209
1.96217
1.91206
2.02471
2.61091
2.98134
2.96743
2.89886
2.82644
2.75685
2.69058
2.62735
2.55613
2.48002
2.40343
2.33005
2.25938
2.1915
2.1271
2.07339
2.02646
1.98687
1.9552
1.87748
3.89406
3.5187
3.13651
2.89819
2.58406
2.30971
2.42804
3.0834
3.20564
3.05727
2.88074
2.72654
2.58175
2.44713
2.32321
2.20949
2.10464
2.00042
1.90736
1.87962
2.16062
2.76223
2.97454
2.92469
2.8476
2.76186
2.68071
2.61553
2.55128
2.48114
2.40564
2.33214
2.26382
2.20125
2.14163
2.08877
2.03816
1.99212
1.94926
1.86483
3.94805
3.56247
3.22135
2.98786
2.62228
2.41517
2.86745
3.39485
3.29648
3.15013
2.97858
2.81297
2.66064
2.51741
2.38438
2.26135
2.14761
2.04219
1.93166
1.85903
1.88422
2.33084
2.86985
2.92409
2.86258
2.76244
2.68131
2.60832
2.54452
2.48161
2.41208
2.34201
2.27628
2.21667
2.16082
2.10805
2.04917
1.99426
1.93876
1.85585
4.00879
3.60736
3.32353
3.03275
2.67244
2.63662
3.3584
3.62526
3.42896
3.24205
3.06706
2.89538
2.73513
2.58418
2.44198
2.30998
2.18852
2.07817
1.97071
1.86596
1.82184
1.94893
2.53392
2.87182
2.8478
2.75933
2.66657
2.58729
2.53687
2.48418
2.42133
2.35681
2.29335
2.23121
2.16452
2.09641
2.03294
1.98054
1.92157
1.8512
4.07603
3.68203
3.42623
3.03869
2.75307
3.07525
3.7613
3.7447
3.55606
3.34155
3.15287
2.97827
2.81278
2.65466
2.50343
2.36259
2.23267
2.11471
2.00859
1.90011
1.81509
1.79313
2.09151
2.67949
2.80347
2.74909
2.65339
2.5795
2.52882
2.47749
2.43309
2.38176
2.31816
2.24609
2.16443
2.08592
2.0179
1.96095
1.90361
1.8536
4.16141
3.79699
3.49226
3.06819
2.91263
3.65403
4.08822
3.86485
3.65867
3.44516
3.24942
3.0672
2.89174
2.72264
2.56315
2.41496
2.27849
2.15173
2.04151
1.93967
1.83323
1.77058
1.80825
2.25775
2.71529
2.73096
2.64134
2.57492
2.5184
2.46974
2.42163
2.36801
2.30755
2.23461
2.1526
2.07579
2.00905
1.94465
1.89837
1.88627
4.24686
3.94154
3.51781
3.12073
3.34345
4.17954
4.25815
4.01366
3.7729
3.55301
3.34621
3.15233
2.9655
2.78834
2.62298
2.46856
2.32458
2.19078
2.07273
1.97171
1.86998
1.76988
1.72846
1.87024
2.41632
2.66828
2.6361
2.57256
2.50974
2.45408
2.40367
2.35403
2.29386
2.21993
2.14266
2.06841
2.00252
1.93611
1.89916
1.97559
4.27546
4.06444
3.55788
3.26427
4.04414
4.5811
4.37969
4.1307
3.88999
3.6675
3.44978
3.23666
3.03389
2.8473
2.67737
2.51891
2.36905
2.23118
2.10875
2.0033
1.90495
1.79447
1.71859
1.70047
2.00772
2.53774
2.62766
2.56688
2.49618
2.43515
2.3831
2.33392
2.27397
2.2009
2.13171
2.07033
2.0083
1.9424
1.92038
2.1247
4.08031
3.9577
3.50737
3.67196
4.72337
4.80409
4.51363
4.26188
4.019
3.78184
3.54592
3.31483
3.09796
2.90211
2.72614
2.56315
2.40766
2.26549
2.14185
2.0318
1.93259
1.82774
1.717
1.65649
1.72106
2.19475
2.55981
2.5466
2.48757
2.42824
2.37083
2.31619
2.25563
2.18936
2.12218
2.05286
1.99231
1.95525
1.97442
2.33477
3.54876
3.71089
3.51828
4.49355
5.19102
4.95354
4.64273
4.38976
4.13447
3.87831
3.6281
3.38461
3.15889
2.95641
2.77244
2.60046
2.43942
2.2953
2.17202
2.06007
1.95449
1.85209
1.74008
1.65283
1.62295
1.83874
2.32375
2.49924
2.47752
2.42041
2.35503
2.29643
2.23694
2.18001
2.11894
2.04648
1.9998
1.98877
2.14876
2.57727
2.69927
3.47077
3.90282
5.29211
5.40172
5.06226
4.7728
4.50836
4.22853
3.94766
3.687
3.44082
3.21233
3.00479
2.81208
2.62999
2.46511
2.32344
2.20114
2.0879
1.97416
1.8705
1.77072
1.65567
1.59049
1.62215
1.98604
2.4047
2.44192
2.38562
2.32832
2.27438
2.22058
2.16626
2.10085
2.04366
2.01638
2.09242
2.46896
2.73789
2.33906
3.35626
4.70528
5.7406
5.49917
5.16319
4.88551
4.59638
4.29607
3.99253
3.71707
3.48147
3.26131
3.04956
2.84745
2.65695
2.48893
2.34778
2.2232
2.10547
1.98989
1.87848
1.77986
1.67034
1.5851
1.55156
1.68106
2.13268
2.36216
2.34697
2.30451
2.2514
2.19962
2.14547
2.08513
2.04921
2.08273
2.36901
2.78506
2.832
1.88557
3.35931
5.46903
5.8977
5.56145
5.23848
4.97215
4.65961
4.34428
4.03724
3.7525
3.50911
3.29324
3.07926
2.86875
2.67626
2.50846
2.36518
2.23892
2.11781
1.99926
1.88437
1.78427
1.70275
1.59982
1.52282
1.52633
1.79504
2.24275
2.32018
2.28052
2.22663
2.17692
2.1216
2.0771
2.07467
2.28826
2.68882
2.89073
2.86498
1.48608
3.30877
6.16038
6.08718
5.61983
5.30814
5.0346
4.71023
4.38861
4.08359
3.79814
3.53795
3.32744
3.12433
2.89773
2.68681
2.52196
2.39565
2.27512
2.14559
2.01358
1.89124
1.78825
1.69484
1.59883
1.51108
1.46563
1.54008
1.95299
2.24783
2.23671
2.19327
2.14301
2.09094
2.07382
2.18796
2.62912
2.92008
2.94512
2.87807
1.39889
3.38421
6.51229
6.23067
5.64444
5.36644
5.07421
4.75523
4.43561
4.13699
3.85598
3.59163
3.32952
3.08675
2.87485
2.68777
2.53509
2.39088
2.24989
2.11667
1.99643
1.88504
1.78644
1.69337
1.60262
1.50702
1.44202
1.43273
1.64446
2.05727
2.16791
2.147
2.10081
2.06897
2.11647
2.4718
2.8531
2.97076
2.96007
2.89133
1.39925
3.46784
6.58447
6.13656
5.65459
5.39384
5.05554
4.73702
4.42071
4.11402
3.8324
3.57208
3.31271
3.06253
2.8639
2.71308
2.56324
2.40443
2.2443
2.10509
1.9932
1.90051
1.80383
1.70878
1.62021
1.52234
1.43621
1.39026
1.44294
1.7798
2.1025
2.10084
2.05227
2.06482
2.28932
2.79274
2.98503
2.98036
2.95336
2.88515
1.39954
3.39193
6.11362
5.84649
5.53522
5.30608
4.99018
4.67621
4.36957
4.07241
3.79925
3.53623
3.27747
3.04531
2.84798
2.67593
2.51939
2.36823
2.22589
2.09546
1.97993
1.87541
1.77733
1.68743
1.60383
1.52154
1.43375
1.37186
1.36678
1.51361
1.90784
2.01725
2.0234
2.16164
2.59729
2.97056
3.01374
2.99192
2.9574
2.88397
1.3997
3.33265
5.63282
5.55354
5.34483
5.15579
4.86929
4.57619
4.29028
4.00845
3.74326
3.48288
3.23833
3.02585
2.83897
2.6678
2.50515
2.35138
2.21157
2.08548
1.97217
1.86731
1.76893
1.6809
1.60028
1.52263
1.4422
1.3665
1.33773
1.35555
1.64108
1.92235
2.07102
2.46226
2.88832
3.04876
3.03136
2.98749
2.94286
2.86401
1.39984
3.40916
5.33103
5.31876
5.13647
4.96052
4.71491
4.46406
4.20154
3.93975
3.67816
3.43058
3.21026
3.01556
2.83567
2.662
2.49488
2.3417
2.20519
2.08148
1.96742
1.8615
1.76532
1.67849
1.60438
1.53423
1.4615
1.38593
1.32219
1.3014
1.41961
1.80797
2.3066
2.74524
3.01575
3.0582
3.01837
2.98633
2.94747
2.86334
1.39994
3.45131
5.1979
5.23828
5.07343
4.91522
4.70995
4.44221
4.15425
3.90286
3.64963
3.4117
3.20407
3.01859
2.84024
2.66187
2.49131
2.33845
2.20348
2.08074
1.96661
1.86153
1.76448
1.67927
1.59866
1.51823
1.44243
1.37245
1.29792
1.26756
1.30927
1.72917
2.52794
3.05395
3.14724
3.07345
3.01073
2.97773
2.93898
2.85515
)
;

boundaryField
{
    inlet
    {
        type            calculated;
        value           uniform 1.39997;
    }
    outlet
    {
        type            calculated;
        value           nonuniform List<scalar> 
40
(
1.62975
1.62897
1.63262
1.65473
1.68117
1.71402
1.74573
1.76587
1.77987
1.78708
1.79138
1.79511
1.79797
1.7982
1.8029
1.81237
1.82636
1.84521
1.86241
1.87124
1.878
1.86533
1.85625
1.85147
1.8535
1.88606
1.97554
2.12541
2.33621
2.57888
2.73851
2.83202
2.8648
2.87756
2.89115
2.88554
2.8849
2.86543
2.86513
2.85705
)
;
    }
    top
    {
        type            symmetryPlane;
    }
    bottom
    {
        type            symmetryPlane;
    }
    step
    {
        type            calculated;
        value           nonuniform List<scalar> 
80
(
5.24974
6.07506
6.92441
6.82978
6.07101
5.33344
5.4928
6.09712
6.61875
6.43591
5.97248
5.90592
6.35124
6.79864
6.11188
5.4815
5.61152
5.91903
5.91919
6.29075
6.85924
7.2345
5.87855
5.09944
5.07656
5.28628
5.43004
6.71542
7.42211
7.46293
5.25913
4.61541
4.57769
4.63943
4.67229
5.65789
7.72075
7.76699
5.18626
3.50176
0.789247
0.440276
0.560627
0.687379
0.790965
0.875874
0.921602
0.951638
0.962892
0.984493
1.00708
1.4076
2.17306
2.45215
2.54546
2.6083
2.66293
2.68891
2.69559
2.68491
2.66266
2.6365
2.5966
2.54096
2.48274
2.42418
2.36852
2.31892
2.27713
2.22456
2.16158
2.08829
2.00875
1.93509
1.87144
1.81798
1.77323
1.73422
1.70096
1.62896
)
;
    }
    defaultFaces
    {
        type            empty;
    }
}


// ************************************************************************* //
