/*--------------------------------*- C++ -*----------------------------------*\
  =========                 |
  \\      /  F ield         | OpenFOAM: The Open Source CFD Toolbox
   \\    /   O peration     | Website:  https://openfoam.org
    \\  /    A nd           | Version:  6.0
     \\/     M anipulation  |
\*---------------------------------------------------------------------------*/
FoamFile
{
    version     2.0;
    format      ascii;
    class       volVectorField;
    location    "3.500121092";
    object      U;
}
// * * * * * * * * * * * * * * * * * * * * * * * * * * * * * * * * * * * * * //

dimensions      [0 1 -1 0 0 0 0];

internalField   nonuniform List<vector> 
4800
(
(3 4.39818e-17 0)
(3 1.40446e-16 0)
(3 5.02898e-16 0)
(3 2.23017e-16 0)
(3 -1.88922e-16 0)
(3 -6.38541e-17 0)
(3 1.15651e-16 0)
(3 -1.0121e-16 0)
(3 1.45767e-16 0)
(3 -2.02786e-16 0)
(3 -7.13827e-16 0)
(3 -2.57865e-16 0)
(3 4.74253e-16 0)
(3 9.24521e-17 0)
(3 3.08622e-18 0)
(3 9.16302e-16 0)
(3 9.94025e-16 0)
(3 1.93025e-16 0)
(3 -5.04064e-17 0)
(3 -4.512e-16 0)
(2.17488 0.00671829 0)
(0.82631 0.0135572 0)
(0.719031 0.0168606 0)
(0.687821 0.000175642 0)
(0.647043 -0.00828916 0)
(0.601486 -0.008434 0)
(0.546444 0.008592 0)
(0.492373 0.0288861 0)
(0.463721 0.0386418 0)
(0.445282 0.0198028 0)
(0.424663 -0.013339 0)
(0.375907 -0.0117848 0)
(0.283707 0.0425347 0)
(0.226631 0.0864488 0)
(0.205547 0.0849604 0)
(0.211079 0.040912 0)
(0.169965 -0.0395427 0)
(0.108459 -0.0492789 0)
(0.0486034 0.0256509 0)
(0.0170968 0.0846302 0)
(3 3.152e-16 0)
(3 2.69111e-16 0)
(3 2.51073e-16 0)
(3 -3.14878e-17 0)
(3 -9.01589e-17 0)
(3 -2.37361e-16 0)
(3 -1.98061e-16 0)
(3 1.07295e-17 0)
(3 1.35806e-16 0)
(3 4.23934e-17 0)
(3 -5.07141e-16 0)
(3 1.07319e-16 0)
(3 -7.26744e-17 0)
(3 -1.7153e-16 0)
(3 7.15684e-17 0)
(3 4.95636e-16 0)
(3 5.65293e-16 0)
(3 1.89493e-16 0)
(3 9.67637e-17 0)
(3 -5.62051e-16 0)
(2.17374 0.0153277 0)
(0.838285 0.0211169 0)
(0.714505 0.0418329 0)
(0.681404 0.0272284 0)
(0.638753 0.00114452 0)
(0.597858 -0.0193109 0)
(0.55675 -0.0151147 0)
(0.517206 0.0410289 0)
(0.474985 0.104288 0)
(0.432668 0.10222 0)
(0.397346 0.0284044 0)
(0.354964 -0.0583557 0)
(0.319189 -0.0762059 0)
(0.279269 0.0581665 0)
(0.240614 0.191452 0)
(0.204815 0.194278 0)
(0.144962 0.123635 0)
(0.098076 0.0527581 0)
(0.0565369 0.0109976 0)
(0.0334604 0.00655469 0)
(3 1.51798e-16 0)
(3 1.15995e-16 0)
(3 -2.92127e-16 0)
(3 -9.19032e-17 0)
(3 1.94866e-17 0)
(3 -1.86003e-16 0)
(3 -6.52494e-16 0)
(3 -2.19108e-16 0)
(3 -3.77514e-17 0)
(3 1.47373e-16 0)
(3 1.94632e-16 0)
(3 -7.04149e-17 0)
(3 -5.56353e-16 0)
(3 -8.39021e-16 0)
(3 -7.1321e-16 0)
(3 -5.15467e-16 0)
(3 -4.43272e-16 0)
(3 -3.89488e-16 0)
(3 2.24876e-16 0)
(3 1.1563e-15 0)
(2.1779 0.0254187 0)
(0.841945 0.0311078 0)
(0.713985 0.0350852 0)
(0.670661 0.0255202 0)
(0.627759 0.0164537 0)
(0.593072 0.00930983 0)
(0.567798 0.0212454 0)
(0.53104 0.0470734 0)
(0.483679 0.0697909 0)
(0.421385 0.0706987 0)
(0.363069 0.0379566 0)
(0.338819 -0.000812031 0)
(0.343671 0.0234462 0)
(0.317577 0.0615812 0)
(0.265266 0.121636 0)
(0.176146 0.105255 0)
(0.11521 0.0318453 0)
(0.0727925 -0.00168066 0)
(0.0519145 0.00196031 0)
(0.0407444 0.0423729 0)
(3 -7.54332e-16 0)
(3 -5.12535e-16 0)
(3 -1.47957e-16 0)
(3 2.05171e-17 0)
(3 -6.87163e-16 0)
(3 -3.09847e-16 0)
(3 -3.58317e-18 0)
(3 -1.17921e-16 0)
(3 2.15181e-16 0)
(3 -2.20994e-16 0)
(3 3.06262e-16 0)
(3 -4.02869e-17 0)
(3 -2.86054e-16 0)
(3 -1.06238e-15 0)
(3 -1.51571e-15 0)
(3 -8.79303e-16 0)
(3 -6.82796e-17 0)
(3 -7.15593e-16 0)
(3 9.9961e-17 0)
(3 1.24522e-15 0)
(2.19108 0.0324721 0)
(0.842978 0.0363848 0)
(0.71138 0.0315347 0)
(0.669067 0.0354247 0)
(0.62668 0.0410605 0)
(0.592452 0.0531834 0)
(0.566271 0.046353 0)
(0.533489 0.0282998 0)
(0.488906 0.0162171 0)
(0.426743 0.0303975 0)
(0.363166 0.0621855 0)
(0.339998 0.0807543 0)
(0.338985 0.0626787 0)
(0.319417 0.0194933 0)
(0.271207 -0.0312757 0)
(0.179058 -0.0119778 0)
(0.104536 0.0295212 0)
(0.0755535 0.0401893 0)
(0.0577945 0.0335965 0)
(0.0429119 0.00856644 0)
(3 -4.32702e-16 0)
(3 -9.21729e-16 0)
(3 5.71438e-16 0)
(3 -7.85105e-18 0)
(3 -5.8519e-16 0)
(3 -5.30258e-16 0)
(3 -1.27843e-16 0)
(3 5.54518e-16 0)
(3 1.10092e-16 0)
(3 3.70681e-17 0)
(3 1.58757e-16 0)
(3 -5.86409e-16 0)
(3 -5.22907e-16 0)
(3 -5.82197e-16 0)
(3 -8.91155e-16 0)
(3 -8.26379e-16 0)
(3 -1.70267e-17 0)
(3 9.23279e-17 0)
(3 2.71914e-17 0)
(3 3.17393e-16 0)
(2.21575 0.0434902 0)
(0.841442 0.0482136 0)
(0.711561 0.0255987 0)
(0.677738 0.0410089 0)
(0.636295 0.0651181 0)
(0.597138 0.0790474 0)
(0.557562 0.0758303 0)
(0.519096 0.0346686 0)
(0.477478 -0.017745 0)
(0.433795 -0.0247759 0)
(0.395191 0.0481352 0)
(0.358837 0.151833 0)
(0.325704 0.15134 0)
(0.282166 0.0518131 0)
(0.232686 -0.0970051 0)
(0.184096 -0.133661 0)
(0.146382 -0.0472543 0)
(0.0967547 0.0599603 0)
(0.0565906 0.103526 0)
(0.0351723 0.110995 0)
(3 -6.76033e-17 0)
(3 -4.52289e-16 0)
(3 2.28052e-17 0)
(3 -2.30854e-16 0)
(3 -2.89436e-16 0)
(3 -7.28462e-16 0)
(3 -5.78778e-16 0)
(3 1.89809e-17 0)
(3 -3.85167e-16 0)
(3 -2.32543e-16 0)
(3 -4.88038e-16 0)
(3 -3.58725e-16 0)
(3 -5.03869e-16 0)
(3 -8.09964e-16 0)
(3 -5.78628e-16 0)
(3 -5.1592e-17 0)
(3 -2.3708e-16 0)
(3 2.66323e-16 0)
(3 5.09637e-16 0)
(3 3.52272e-16 0)
(2.24035 0.0506256 0)
(0.834376 0.0519819 0)
(0.716192 0.0517621 0)
(0.682623 0.0679649 0)
(0.642229 0.0763957 0)
(0.59894 0.0828726 0)
(0.550524 0.0705641 0)
(0.498121 0.0417594 0)
(0.461214 0.0157993 0)
(0.443735 0.0298428 0)
(0.41906 0.0785407 0)
(0.384201 0.123785 0)
(0.306807 0.114003 0)
(0.233341 0.01698 0)
(0.196653 -0.04757 0)
(0.201611 -0.0232762 0)
(0.185892 0.0867841 0)
(0.117896 0.137346 0)
(0.0647873 0.155878 0)
(0.0252619 0.0986541 0)
(3 -1.72249e-16 0)
(3 2.9077e-16 0)
(3 -1.50214e-16 0)
(3 -1.72338e-16 0)
(3 -1.14093e-16 0)
(3 -2.72289e-16 0)
(3 1.15373e-16 0)
(3 -1.39323e-16 0)
(3 -9.88527e-16 0)
(3 -1.18124e-15 0)
(3 -1.14369e-15 0)
(3 -8.9737e-17 0)
(3 -8.19509e-16 0)
(3 -1.03711e-15 0)
(3 -3.84684e-16 0)
(3 8.31721e-16 0)
(3 1.04709e-15 0)
(3 9.76603e-16 0)
(3 7.22596e-16 0)
(3 6.33074e-16 0)
(2.26188 0.0611603 0)
(0.839962 0.0671817 0)
(0.717591 0.0875142 0)
(0.683836 0.0777081 0)
(0.642347 0.0715441 0)
(0.59825 0.063616 0)
(0.546872 0.0647416 0)
(0.495555 0.0757049 0)
(0.467742 0.0969138 0)
(0.450569 0.0999649 0)
(0.4267 0.0825569 0)
(0.381799 0.0587712 0)
(0.294308 0.0596524 0)
(0.220689 0.0865937 0)
(0.196055 0.123348 0)
(0.215915 0.148156 0)
(0.191403 0.13809 0)
(0.133666 0.142515 0)
(0.0446188 0.131165 0)
(0.0178689 0.13956 0)
(3 -1.1337e-16 0)
(3 3.30925e-16 0)
(3 -1.3743e-16 0)
(3 2.26844e-16 0)
(3 3.59369e-16 0)
(3 6.63863e-16 0)
(3 6.96956e-16 0)
(3 -6.65315e-17 0)
(3 -2.25903e-16 0)
(3 -9.84339e-16 0)
(3 4.02957e-16 0)
(3 -4.23976e-16 0)
(3 -2.61283e-16 0)
(3 -5.11591e-16 0)
(3 2.32312e-16 0)
(3 4.37389e-16 0)
(3 9.93335e-16 0)
(3 1.12759e-15 0)
(3 4.51232e-16 0)
(3 2.92555e-16 0)
(2.28326 0.0734311 0)
(0.853919 0.0905515 0)
(0.717811 0.107949 0)
(0.680834 0.0986327 0)
(0.63779 0.074748 0)
(0.597126 0.054049 0)
(0.554693 0.0603646 0)
(0.515079 0.111757 0)
(0.479942 0.162187 0)
(0.442161 0.172853 0)
(0.405244 0.100734 0)
(0.364173 0.0151521 0)
(0.314697 -0.00633043 0)
(0.260403 0.134828 0)
(0.243958 0.274522 0)
(0.217271 0.316423 0)
(0.176815 0.241239 0)
(0.114738 0.126787 0)
(0.0555868 0.0890406 0)
(0.0385211 0.109578 0)
(3 3.33536e-16 0)
(3 4.88527e-16 0)
(3 -1.17456e-16 0)
(3 5.41066e-16 0)
(3 7.31248e-17 0)
(3 9.95029e-16 0)
(3 1.24165e-15 0)
(3 6.82822e-16 0)
(3 5.68769e-16 0)
(3 7.92888e-16 0)
(3 5.08782e-16 0)
(3 -3.53668e-16 0)
(3 4.64752e-17 0)
(3 5.50151e-16 0)
(3 5.69278e-16 0)
(3 5.25319e-16 0)
(3 3.76629e-16 0)
(3 1.50568e-16 0)
(3 -4.07214e-16 0)
(3 1.04901e-16 0)
(2.31773 0.0869499 0)
(0.86446 0.1082 0)
(0.719209 0.107289 0)
(0.676937 0.0880355 0)
(0.630181 0.0791567 0)
(0.594942 0.0731663 0)
(0.569404 0.0947791 0)
(0.532922 0.126884 0)
(0.489608 0.162416 0)
(0.432976 0.164213 0)
(0.369951 0.118268 0)
(0.343347 0.0498616 0)
(0.344619 0.0647546 0)
(0.321897 0.151286 0)
(0.268666 0.267158 0)
(0.207135 0.292263 0)
(0.132568 0.143636 0)
(0.089 0.0606057 0)
(0.0484089 0.0370007 0)
(0.0422772 0.0828469 0)
(3 7.5941e-17 0)
(3 2.2644e-16 0)
(3 8.98307e-16 0)
(3 -1.68106e-16 0)
(3 1.4299e-16 0)
(3 1.03393e-15 0)
(3 8.29185e-16 0)
(3 2.77134e-16 0)
(3 5.69275e-16 0)
(3 8.18262e-16 0)
(3 1.37066e-16 0)
(3 1.95755e-16 0)
(3 6.54616e-16 0)
(3 6.86155e-16 0)
(3 8.77689e-16 0)
(3 7.65458e-16 0)
(3 1.36652e-16 0)
(3 1.40511e-16 0)
(3 2.08634e-16 0)
(3 5.45426e-16 0)
(2.36627 0.0891011 0)
(0.86999 0.115241 0)
(0.715181 0.0962358 0)
(0.675579 0.0913815 0)
(0.635701 0.0972213 0)
(0.602614 0.119854 0)
(0.571295 0.11689 0)
(0.537192 0.110574 0)
(0.497589 0.105592 0)
(0.434561 0.106616 0)
(0.367457 0.136548 0)
(0.337754 0.153313 0)
(0.341136 0.159067 0)
(0.337877 0.144783 0)
(0.293678 0.118806 0)
(0.173851 0.0934818 0)
(0.104166 0.0829303 0)
(0.0866163 0.0740929 0)
(0.0623867 0.0728459 0)
(0.0446233 0.0875123 0)
(3 -1.76447e-16 0)
(3 -3.57453e-16 0)
(3 4.60799e-16 0)
(3 -1.6663e-17 0)
(3 2.09963e-16 0)
(3 3.31523e-17 0)
(3 -7.30206e-17 0)
(3 7.15918e-17 0)
(3 1.54456e-16 0)
(3 -3.89559e-16 0)
(3 -2.24494e-16 0)
(3 6.04512e-16 0)
(3 1.11934e-15 0)
(3 1.19615e-15 0)
(3 1.17945e-15 0)
(3 9.68484e-16 0)
(3 7.01754e-16 0)
(3 1.38714e-16 0)
(3 1.11136e-15 0)
(3 2.04979e-16 0)
(2.41339 0.089661 0)
(0.874591 0.11398 0)
(0.712706 0.0978509 0)
(0.683572 0.107783 0)
(0.646681 0.134576 0)
(0.60603 0.144092 0)
(0.566571 0.138329 0)
(0.531828 0.110639 0)
(0.490311 0.0601614 0)
(0.443234 0.0526578 0)
(0.39921 0.122154 0)
(0.356593 0.231345 0)
(0.334914 0.241557 0)
(0.313022 0.147767 0)
(0.24821 -0.0114595 0)
(0.182563 -0.0734982 0)
(0.125884 0.0463866 0)
(0.102244 0.148739 0)
(0.0628441 0.202272 0)
(0.0449808 0.177796 0)
(3 1.32069e-16 0)
(3 2.4129e-16 0)
(3 2.17326e-16 0)
(3 -5.96108e-17 0)
(3 -1.05578e-17 0)
(3 -4.39344e-16 0)
(3 -5.55355e-16 0)
(3 1.04802e-16 0)
(3 1.73695e-16 0)
(3 2.43648e-16 0)
(3 -1.22515e-16 0)
(3 4.77434e-16 0)
(3 7.24868e-16 0)
(3 1.13541e-15 0)
(3 8.9886e-16 0)
(3 6.4075e-16 0)
(3 5.23317e-16 0)
(3 1.45992e-15 0)
(3 1.24184e-15 0)
(3 -4.20395e-16 0)
(2.4602 0.0902414 0)
(0.872881 0.11365 0)
(0.72118 0.123786 0)
(0.691395 0.143453 0)
(0.653025 0.143573 0)
(0.611231 0.14283 0)
(0.566154 0.133218 0)
(0.520148 0.104195 0)
(0.479347 0.0880534 0)
(0.453457 0.110671 0)
(0.427545 0.158378 0)
(0.3899 0.230888 0)
(0.324105 0.236241 0)
(0.255346 0.107984 0)
(0.22395 -0.0136138 0)
(0.207511 0.00411734 0)
(0.192879 0.139804 0)
(0.128345 0.248545 0)
(0.0670338 0.293041 0)
(0.0352446 0.271435 0)
(3 1.44659e-17 0)
(3 1.00964e-16 0)
(3 -2.16296e-16 0)
(3 -6.2432e-17 0)
(3 -1.68444e-16 0)
(3 -3.22569e-17 0)
(3 -4.689e-16 0)
(3 -6.71547e-16 0)
(3 2.63029e-17 0)
(3 3.28984e-17 0)
(3 5.26031e-16 0)
(3 4.50318e-16 0)
(3 5.39416e-17 0)
(3 4.53359e-16 0)
(3 7.05288e-16 0)
(3 8.71951e-16 0)
(3 7.07156e-16 0)
(3 1.39757e-15 0)
(3 1.4612e-15 0)
(3 6.402e-16 0)
(2.49714 0.100925 0)
(0.887807 0.138566 0)
(0.729605 0.165559 0)
(0.694322 0.159068 0)
(0.652755 0.148595 0)
(0.611032 0.128722 0)
(0.565181 0.125234 0)
(0.517619 0.139947 0)
(0.488835 0.166808 0)
(0.46784 0.176561 0)
(0.441077 0.169372 0)
(0.394206 0.141556 0)
(0.303266 0.131603 0)
(0.228813 0.124263 0)
(0.202433 0.13521 0)
(0.212538 0.161079 0)
(0.230686 0.237335 0)
(0.148905 0.295708 0)
(0.0619221 0.27727 0)
(0.0409637 0.26182 0)
(3 1.70715e-16 0)
(3 3.68643e-17 0)
(3 -8.57712e-17 0)
(3 -9.8345e-17 0)
(3 -2.83401e-16 0)
(3 -1.70486e-16 0)
(3 1.22847e-16 0)
(3 -4.49062e-16 0)
(3 3.9956e-18 0)
(3 -2.55411e-16 0)
(3 1.92888e-16 0)
(3 1.10288e-15 0)
(3 6.15814e-16 0)
(3 2.55018e-16 0)
(3 1.17823e-16 0)
(3 1.25663e-15 0)
(3 1.6461e-15 0)
(3 3.55532e-16 0)
(3 6.58857e-16 0)
(3 6.1484e-16 0)
(2.54117 0.119958 0)
(0.907401 0.173309 0)
(0.729967 0.180092 0)
(0.696359 0.1604 0)
(0.651453 0.135474 0)
(0.610835 0.125182 0)
(0.574674 0.128835 0)
(0.539489 0.177591 0)
(0.500894 0.221014 0)
(0.459142 0.227136 0)
(0.424248 0.16933 0)
(0.386802 0.0901162 0)
(0.327144 0.0823098 0)
(0.256285 0.192049 0)
(0.239445 0.308002 0)
(0.226452 0.334523 0)
(0.236026 0.234921 0)
(0.148285 0.148129 0)
(0.0631779 0.178084 0)
(0.0386815 0.213564 0)
(3 1.49903e-16 0)
(3 1.7188e-16 0)
(3 -2.58015e-16 0)
(3 -2.39342e-16 0)
(3 2.58624e-16 0)
(3 3.96275e-17 0)
(3 -5.49314e-18 0)
(3 3.94626e-16 0)
(3 -2.30217e-16 0)
(3 -2.78632e-16 0)
(3 4.29426e-16 0)
(3 3.59598e-16 0)
(3 1.13595e-16 0)
(3 4.67229e-17 0)
(3 5.33714e-16 0)
(3 1.37896e-15 0)
(3 1.69204e-15 0)
(3 3.66163e-16 0)
(3 -2.18519e-16 0)
(3 -7.48061e-16 0)
(2.60293 0.121427 0)
(0.925477 0.191827 0)
(0.730578 0.17633 0)
(0.693395 0.142294 0)
(0.64979 0.136546 0)
(0.617424 0.138543 0)
(0.591785 0.182709 0)
(0.55611 0.204608 0)
(0.513046 0.224619 0)
(0.457223 0.211758 0)
(0.399147 0.170071 0)
(0.365541 0.119444 0)
(0.354544 0.141619 0)
(0.328475 0.279951 0)
(0.264515 0.41871 0)
(0.193477 0.421597 0)
(0.173416 0.24476 0)
(0.128748 0.0973196 0)
(0.0994509 0.130028 0)
(0.0532223 0.235033 0)
(3 -5.97904e-17 0)
(3 -2.89601e-16 0)
(3 -8.49161e-16 0)
(3 -3.66579e-16 0)
(3 4.23359e-16 0)
(3 2.23797e-16 0)
(3 -1.74251e-16 0)
(3 -1.67384e-16 0)
(3 -5.74397e-16 0)
(3 -2.89665e-16 0)
(3 1.76838e-16 0)
(3 -5.40358e-19 0)
(3 -3.38064e-16 0)
(3 -3.1136e-16 0)
(3 1.01767e-15 0)
(3 1.88642e-15 0)
(3 1.29332e-15 0)
(3 5.75727e-16 0)
(3 -3.95831e-16 0)
(3 3.89628e-16 0)
(2.66223 0.112549 0)
(0.939929 0.189012 0)
(0.723815 0.162486 0)
(0.69286 0.145749 0)
(0.660475 0.150267 0)
(0.634086 0.194523 0)
(0.602269 0.203206 0)
(0.559945 0.20162 0)
(0.515171 0.1818 0)
(0.458737 0.170147 0)
(0.399324 0.192061 0)
(0.372457 0.227246 0)
(0.373105 0.244621 0)
(0.356857 0.266381 0)
(0.286334 0.290817 0)
(0.175779 0.293517 0)
(0.119555 0.203163 0)
(0.113689 0.144766 0)
(0.130505 0.154786 0)
(0.0561913 0.139946 0)
(3 3.60362e-17 0)
(3 -2.45732e-16 0)
(3 1.35058e-16 0)
(3 1.16003e-15 0)
(3 6.31754e-16 0)
(3 1.5021e-16 0)
(3 -2.87186e-17 0)
(3 -6.76697e-16 0)
(3 -4.61032e-16 0)
(3 3.16992e-16 0)
(3 6.25231e-16 0)
(3 2.18029e-16 0)
(3 4.46088e-16 0)
(3 5.2186e-16 0)
(3 3.53056e-16 0)
(3 5.28137e-16 0)
(3 4.85682e-16 0)
(3 7.39831e-16 0)
(3 3.44884e-16 0)
(3 5.79953e-16 0)
(2.71336 0.103016 0)
(0.951165 0.182303 0)
(0.719466 0.164165 0)
(0.701278 0.168651 0)
(0.679882 0.204241 0)
(0.645 0.220455 0)
(0.601659 0.226809 0)
(0.554273 0.20117 0)
(0.506896 0.147626 0)
(0.465605 0.13949 0)
(0.435544 0.190848 0)
(0.397092 0.285557 0)
(0.375232 0.304905 0)
(0.356685 0.230381 0)
(0.263419 0.111759 0)
(0.174213 0.121923 0)
(0.125291 0.227491 0)
(0.108718 0.258796 0)
(0.119425 0.192312 0)
(0.0540478 0.111639 0)
(3 -3.49345e-16 0)
(3 -2.04586e-17 0)
(3 6.50863e-16 0)
(3 1.19168e-15 0)
(3 4.91016e-16 0)
(3 4.93844e-16 0)
(3 7.57401e-17 0)
(3 -7.84901e-17 0)
(3 -9.1602e-17 0)
(3 5.29154e-16 0)
(3 1.22178e-16 0)
(3 -2.45337e-16 0)
(3 -8.82989e-18 0)
(3 -2.33205e-17 0)
(3 -3.51479e-16 0)
(3 -7.11514e-16 0)
(3 -3.06333e-16 0)
(3 7.30218e-16 0)
(3 1.18149e-15 0)
(3 -2.45273e-16 0)
(2.77499 0.111217 0)
(0.955917 0.193095 0)
(0.733387 0.180395 0)
(0.721358 0.217872 0)
(0.687437 0.228736 0)
(0.650772 0.216295 0)
(0.602746 0.183624 0)
(0.548002 0.171042 0)
(0.498596 0.177852 0)
(0.475781 0.198704 0)
(0.458101 0.253399 0)
(0.42367 0.288462 0)
(0.362081 0.282716 0)
(0.299644 0.12945 0)
(0.270653 0.0377387 0)
(0.228626 0.106538 0)
(0.165362 0.266859 0)
(0.103118 0.314985 0)
(0.0687394 0.208989 0)
(0.0493187 0.102872 0)
(3 -2.97827e-16 0)
(3 1.07491e-16 0)
(3 6.44407e-16 0)
(3 5.22387e-16 0)
(3 3.79324e-16 0)
(3 8.52436e-16 0)
(3 2.78103e-16 0)
(3 1.73359e-16 0)
(3 1.04534e-15 0)
(3 -2.63541e-17 0)
(3 -1.2781e-15 0)
(3 -1.07764e-15 0)
(3 -9.07393e-16 0)
(3 -7.55658e-16 0)
(3 -3.17712e-17 0)
(3 -5.72785e-16 0)
(3 -7.76677e-16 0)
(3 9.933e-17 0)
(3 1.23082e-15 0)
(3 -1.03897e-15 0)
(2.83479 0.121831 0)
(0.986657 0.230498 0)
(0.760255 0.228558 0)
(0.738871 0.226213 0)
(0.697372 0.225031 0)
(0.646051 0.188041 0)
(0.59939 0.157528 0)
(0.560098 0.155105 0)
(0.526033 0.219826 0)
(0.503229 0.287597 0)
(0.464293 0.293331 0)
(0.428149 0.234883 0)
(0.32896 0.153238 0)
(0.269179 0.122673 0)
(0.24187 0.13011 0)
(0.242565 0.151625 0)
(0.191377 0.261099 0)
(0.107241 0.323961 0)
(0.0247828 0.252883 0)
(0.042022 0.161919 0)
(3 3.62754e-16 0)
(3 1.38163e-16 0)
(3 2.17961e-16 0)
(3 -5.61549e-16 0)
(3 -1.08477e-16 0)
(3 -2.42437e-16 0)
(3 -1.01998e-16 0)
(3 1.75545e-16 0)
(3 7.71787e-16 0)
(3 -2.1757e-16 0)
(3 -8.74124e-16 0)
(3 -1.44432e-15 0)
(3 -1.14456e-15 0)
(3 -1.21644e-15 0)
(3 -3.86313e-16 0)
(3 -3.23117e-16 0)
(3 -4.92659e-16 0)
(3 2.19817e-17 0)
(3 -4.62532e-17 0)
(3 -9.39218e-16 0)
(2.92833 0.0934019 0)
(1.03521 0.264325 0)
(0.779788 0.236664 0)
(0.753564 0.225788 0)
(0.698223 0.194856 0)
(0.644787 0.17678 0)
(0.602353 0.174833 0)
(0.584618 0.225305 0)
(0.560049 0.286112 0)
(0.508988 0.319171 0)
(0.463524 0.274599 0)
(0.387055 0.166071 0)
(0.335767 0.103358 0)
(0.296484 0.134285 0)
(0.270883 0.204286 0)
(0.272892 0.228638 0)
(0.226252 0.254041 0)
(0.12516 0.288624 0)
(0.0156399 0.370903 0)
(0.0476266 0.397762 0)
(3 2.44309e-16 0)
(3 2.1942e-16 0)
(3 -6.91484e-19 0)
(3 -1.48627e-16 0)
(3 -2.10894e-16 0)
(3 -5.47725e-16 0)
(3 -1.75758e-16 0)
(3 1.03599e-15 0)
(3 8.65436e-16 0)
(3 3.59271e-16 0)
(3 -1.45613e-16 0)
(3 -9.43905e-16 0)
(3 -8.13701e-16 0)
(3 5.95947e-17 0)
(3 -1.13081e-16 0)
(3 -4.09827e-16 0)
(3 -1.56483e-15 0)
(3 -2.2654e-15 0)
(3 -1.89565e-15 0)
(3 -9.1037e-16 0)
(2.98257 0.0461528 0)
(1.07759 0.255834 0)
(0.789932 0.24014 0)
(0.759147 0.201646 0)
(0.704843 0.18114 0)
(0.660444 0.19454 0)
(0.63043 0.261055 0)
(0.603891 0.300113 0)
(0.567604 0.290114 0)
(0.522675 0.272169 0)
(0.42987 0.211697 0)
(0.369038 0.160169 0)
(0.342765 0.146256 0)
(0.332136 0.251303 0)
(0.278929 0.323848 0)
(0.262722 0.373146 0)
(0.208596 0.276252 0)
(0.153807 0.253286 0)
(0.0989228 0.439581 0)
(0.0642688 0.600234 0)
(3 -2.34723e-16 0)
(3 -2.50634e-16 0)
(3 3.99646e-16 0)
(3 -4.12831e-17 0)
(3 -1.0042e-15 0)
(3 -4.28114e-16 0)
(3 -1.0679e-16 0)
(3 2.78618e-16 0)
(3 4.00002e-16 0)
(3 3.30809e-16 0)
(3 5.57071e-17 0)
(3 7.1545e-17 0)
(3 2.91231e-16 0)
(3 6.16809e-16 0)
(3 2.23302e-16 0)
(3 -5.48429e-16 0)
(3 -2.06722e-15 0)
(3 -3.65833e-15 0)
(3 -3.55573e-15 0)
(3 -1.58536e-15 0)
(2.98195 0.0181846 0)
(1.09965 0.223211 0)
(0.791119 0.212602 0)
(0.757499 0.193834 0)
(0.716452 0.193123 0)
(0.693395 0.259479 0)
(0.660199 0.317514 0)
(0.60773 0.341604 0)
(0.561017 0.324164 0)
(0.50083 0.220051 0)
(0.440104 0.192485 0)
(0.382721 0.265823 0)
(0.388242 0.385168 0)
(0.367403 0.46431 0)
(0.299078 0.491364 0)
(0.237872 0.442718 0)
(0.184731 0.319427 0)
(0.171635 0.297225 0)
(0.166261 0.408233 0)
(0.0766423 0.505796 0)
(3 1.52865e-16 0)
(3 -4.26086e-16 0)
(3 -7.1882e-17 0)
(3 -6.31846e-16 0)
(3 -4.24941e-16 0)
(3 -1.1177e-15 0)
(3 -5.08424e-16 0)
(3 -7.872e-16 0)
(3 -8.24103e-16 0)
(3 -4.86649e-16 0)
(3 4.18762e-17 0)
(3 9.647e-16 0)
(3 1.14493e-15 0)
(3 1.05953e-15 0)
(3 1.01937e-15 0)
(3 2.26074e-16 0)
(3 -1.23389e-15 0)
(3 -3.38466e-15 0)
(3 -2.32512e-15 0)
(3 -8.1736e-16 0)
(2.9751 0.0176394 0)
(1.10748 0.213425 0)
(0.778291 0.203714 0)
(0.762307 0.212811 0)
(0.741158 0.27037 0)
(0.715516 0.299206 0)
(0.675476 0.308632 0)
(0.627617 0.307529 0)
(0.546494 0.24691 0)
(0.489521 0.225525 0)
(0.455844 0.241187 0)
(0.45419 0.381623 0)
(0.430462 0.514735 0)
(0.374586 0.58043 0)
(0.287913 0.562349 0)
(0.197833 0.432509 0)
(0.183242 0.383099 0)
(0.161885 0.373429 0)
(0.185698 0.315841 0)
(0.0702106 0.227087 0)
(3 2.75888e-16 0)
(3 -1.79637e-16 0)
(3 -6.85549e-16 0)
(3 -3.04833e-16 0)
(3 -1.00724e-16 0)
(3 6.61988e-17 0)
(3 -5.93437e-17 0)
(3 -1.19481e-16 0)
(3 -3.39083e-16 0)
(3 -2.9263e-16 0)
(3 1.33936e-16 0)
(3 4.54974e-16 0)
(3 6.54613e-16 0)
(3 2.48199e-16 0)
(3 2.36139e-16 0)
(3 1.03266e-15 0)
(3 1.05112e-15 0)
(3 -2.6753e-16 0)
(3 -1.11371e-15 0)
(3 -1.1417e-15 0)
(2.98623 0.018055 0)
(1.11993 0.22522 0)
(0.774583 0.21706 0)
(0.773649 0.275399 0)
(0.747395 0.310706 0)
(0.718364 0.315138 0)
(0.681198 0.296249 0)
(0.610963 0.23092 0)
(0.550598 0.216438 0)
(0.512477 0.245809 0)
(0.50881 0.346509 0)
(0.492963 0.418025 0)
(0.470942 0.50725 0)
(0.375803 0.443474 0)
(0.270743 0.341803 0)
(0.193904 0.352707 0)
(0.190143 0.369189 0)
(0.159215 0.377676 0)
(0.1245 0.273879 0)
(0.059087 0.161864 0)
(3 -8.52952e-17 0)
(3 -6.17695e-17 0)
(3 -6.85688e-16 0)
(3 1.61134e-16 0)
(3 1.20095e-16 0)
(3 1.07551e-15 0)
(3 6.45345e-16 0)
(3 -1.57453e-16 0)
(3 -4.87154e-16 0)
(3 -9.1834e-18 0)
(3 6.13136e-17 0)
(3 8.29152e-17 0)
(3 1.60468e-15 0)
(3 4.84853e-16 0)
(3 3.33728e-16 0)
(3 1.74178e-15 0)
(3 3.04832e-15 0)
(3 1.38e-15 0)
(3 -7.29805e-16 0)
(3 -1.68246e-15 0)
(3.00148 0.0046027 0)
(1.14249 0.254087 0)
(0.780953 0.259804 0)
(0.77554 0.290708 0)
(0.750276 0.313427 0)
(0.718295 0.318125 0)
(0.660096 0.258711 0)
(0.611555 0.216704 0)
(0.568976 0.222302 0)
(0.556883 0.320813 0)
(0.528567 0.391435 0)
(0.509662 0.371439 0)
(0.441076 0.219485 0)
(0.340823 0.102177 0)
(0.277063 0.141061 0)
(0.212868 0.249878 0)
(0.207786 0.355842 0)
(0.151312 0.327276 0)
(0.105225 0.256382 0)
(0.0527791 0.200266 0)
(3 -4.33686e-16 0)
(3 -4.11769e-16 0)
(3 -8.05212e-16 0)
(3 -1.94561e-16 0)
(3 7.03547e-16 0)
(3 2.99215e-16 0)
(3 8.07971e-17 0)
(3 1.74843e-16 0)
(3 -8.19234e-17 0)
(3 7.5592e-17 0)
(3 5.69031e-18 0)
(3 2.93343e-16 0)
(3 7.89389e-16 0)
(3 1.08836e-15 0)
(3 1.60775e-15 0)
(3 2.2544e-15 0)
(3 3.25248e-15 0)
(3 2.6203e-15 0)
(3 -1.66959e-16 0)
(3 -1.89813e-15 0)
(3.0004 0.000116617 0)
(1.18529 0.276185 0)
(0.782714 0.275415 0)
(0.772843 0.287946 0)
(0.747413 0.283508 0)
(0.699102 0.257397 0)
(0.651526 0.250853 0)
(0.609324 0.262226 0)
(0.604686 0.346527 0)
(0.581901 0.396367 0)
(0.542744 0.380422 0)
(0.481424 0.294303 0)
(0.387606 0.0806408 0)
(0.354501 0.00694313 0)
(0.309723 0.072746 0)
(0.266168 0.228212 0)
(0.218244 0.351214 0)
(0.138442 0.341634 0)
(0.0733878 0.216349 0)
(0.0567834 0.148565 0)
(3 -6.83449e-17 0)
(3 -5.02559e-16 0)
(3 -1.88146e-16 0)
(3 -2.63769e-17 0)
(3 5.43635e-16 0)
(3 -4.60365e-17 0)
(3 -2.16957e-16 0)
(3 3.86572e-16 0)
(3 4.78105e-17 0)
(3 -6.22844e-16 0)
(3 -2.17692e-16 0)
(3 5.38317e-16 0)
(3 3.03774e-17 0)
(3 5.52124e-16 0)
(3 1.48052e-15 0)
(3 2.71489e-15 0)
(3 2.56363e-15 0)
(3 2.78826e-15 0)
(3 7.68783e-16 0)
(3 -4.81128e-16 0)
(3.00006 -2.50931e-05 0)
(1.23956 0.278957 0)
(0.787716 0.268667 0)
(0.758021 0.266809 0)
(0.724063 0.248427 0)
(0.692606 0.236659 0)
(0.657664 0.249335 0)
(0.644772 0.352854 0)
(0.626557 0.424975 0)
(0.583605 0.437547 0)
(0.532192 0.400802 0)
(0.419206 0.230021 0)
(0.350645 0.131838 0)
(0.342605 0.093573 0)
(0.324659 0.104543 0)
(0.339096 0.206725 0)
(0.252905 0.375201 0)
(0.118903 0.394317 0)
(0.0193516 0.281695 0)
(0.0562618 0.214074 0)
(3 3.32534e-16 0)
(3 2.36167e-16 0)
(3 4.88861e-16 0)
(3 1.06103e-15 0)
(3 6.96144e-16 0)
(3 -1.46603e-16 0)
(3 -5.15626e-16 0)
(3 -5.49211e-16 0)
(3 -9.76396e-17 0)
(3 1.67315e-16 0)
(3 -1.05661e-17 0)
(3 6.03265e-16 0)
(3 4.77324e-16 0)
(3 2.21457e-16 0)
(3 1.09453e-15 0)
(3 2.05941e-15 0)
(3 1.51199e-15 0)
(3 1.7688e-15 0)
(3 9.01475e-16 0)
(3 1.63231e-16 0)
(3.00001 -8.79169e-06 0)
(1.29533 0.274406 0)
(0.786157 0.246953 0)
(0.744579 0.249112 0)
(0.712479 0.25462 0)
(0.684088 0.260036 0)
(0.683064 0.349506 0)
(0.667367 0.404335 0)
(0.643365 0.418619 0)
(0.600393 0.408619 0)
(0.496089 0.291722 0)
(0.410826 0.266376 0)
(0.356882 0.27404 0)
(0.381136 0.371186 0)
(0.351103 0.419408 0)
(0.355352 0.457449 0)
(0.264821 0.396111 0)
(0.149936 0.422385 0)
(0.0249591 0.556773 0)
(0.0753154 0.629418 0)
(3 -1.04598e-17 0)
(3 7.46614e-16 0)
(3 6.38578e-16 0)
(3 6.43576e-16 0)
(3 4.00459e-16 0)
(3 4.34184e-16 0)
(3 4.50976e-16 0)
(3 4.24865e-16 0)
(3 5.39585e-16 0)
(3 3.36159e-16 0)
(3 5.1485e-16 0)
(3 9.09997e-16 0)
(3 5.58794e-16 0)
(3 2.33452e-16 0)
(3 8.79172e-17 0)
(3 -8.9313e-16 0)
(3 5.62915e-17 0)
(3 1.11049e-15 0)
(3 8.97167e-16 0)
(3 9.61697e-16 0)
(3 2.74673e-07 0)
(1.35899 0.280668 0)
(0.78146 0.247384 0)
(0.737395 0.252064 0)
(0.712023 0.272401 0)
(0.70345 0.3481 0)
(0.691472 0.388521 0)
(0.67338 0.403097 0)
(0.645947 0.39406 0)
(0.566796 0.283196 0)
(0.497419 0.269824 0)
(0.445165 0.302516 0)
(0.447729 0.538338 0)
(0.415228 0.702591 0)
(0.338683 0.741004 0)
(0.301304 0.636767 0)
(0.240443 0.433955 0)
(0.193705 0.472047 0)
(0.152477 0.731852 0)
(0.0906379 0.899071 0)
(3 -6.59538e-17 0)
(3 5.5048e-16 0)
(3 3.70826e-16 0)
(3 -1.26855e-16 0)
(3 2.10985e-16 0)
(3 5.42109e-16 0)
(3 3.99897e-16 0)
(3 2.99281e-16 0)
(3 -1.97764e-16 0)
(3 2.80025e-16 0)
(3 1.09191e-15 0)
(3 1.28683e-15 0)
(3 7.55718e-16 0)
(3 -1.00062e-16 0)
(3 1.32378e-16 0)
(3 -1.31537e-15 0)
(3 -4.53357e-16 0)
(3 -2.46986e-16 0)
(3 6.41598e-16 0)
(3 1.94734e-16 0)
(3 -1.3736e-06 0)
(1.43696 0.301806 0)
(0.778958 0.264173 0)
(0.74091 0.283131 0)
(0.72239 0.336491 0)
(0.70556 0.383094 0)
(0.68744 0.413646 0)
(0.663889 0.409958 0)
(0.610043 0.309329 0)
(0.562851 0.273489 0)
(0.516419 0.29343 0)
(0.521494 0.474681 0)
(0.508641 0.598065 0)
(0.456061 0.69469 0)
(0.362581 0.744111 0)
(0.24837 0.65591 0)
(0.232704 0.508356 0)
(0.238392 0.543897 0)
(0.239558 0.731997 0)
(0.108062 0.873178 0)
(3 1.71338e-16 0)
(3 1.0204e-16 0)
(3 6.12777e-16 0)
(3 5.6802e-16 0)
(3 3.97935e-16 0)
(3 -2.92621e-16 0)
(3 1.69543e-16 0)
(3 -3.11588e-17 0)
(3 -4.4776e-17 0)
(3 1.18588e-15 0)
(3 1.25932e-15 0)
(3 6.83337e-16 0)
(3 3.95663e-16 0)
(3 6.88245e-16 0)
(3 4.34511e-16 0)
(3 -5.44892e-16 0)
(3 -1.06006e-15 0)
(3 -1.8028e-15 0)
(3 -1.08036e-15 0)
(3 -5.08465e-16 0)
(3 -1.4645e-06 0)
(1.5212 0.33651 0)
(0.794345 0.30407 0)
(0.742937 0.334232 0)
(0.724997 0.34751 0)
(0.712719 0.36175 0)
(0.690898 0.365733 0)
(0.63103 0.31264 0)
(0.591677 0.299801 0)
(0.566198 0.297148 0)
(0.573509 0.431911 0)
(0.577338 0.540085 0)
(0.544612 0.628661 0)
(0.482173 0.638675 0)
(0.343462 0.516944 0)
(0.22446 0.484661 0)
(0.251661 0.532911 0)
(0.249152 0.572722 0)
(0.26405 0.567534 0)
(0.0799055 0.377922 0)
(3 -4.25558e-17 0)
(3 -5.12258e-16 0)
(3 -3.70821e-18 0)
(3 5.96434e-16 0)
(3 5.99549e-16 0)
(3 -1.54209e-16 0)
(3 -8.98145e-17 0)
(3 9.85475e-17 0)
(3 9.61808e-16 0)
(3 7.00272e-16 0)
(3 8.53035e-16 0)
(3 4.99672e-16 0)
(3 3.2045e-16 0)
(3 1.63307e-16 0)
(3 1.07435e-16 0)
(3 -9.62601e-16 0)
(3 -1.73623e-15 0)
(3 -1.53795e-15 0)
(3 -1.81966e-15 0)
(3 -4.59883e-16 0)
(3 -7.68079e-07 0)
(1.62544 0.353747 0)
(0.811923 0.341638 0)
(0.74338 0.353631 0)
(0.717686 0.351492 0)
(0.69713 0.321879 0)
(0.661326 0.274618 0)
(0.624268 0.287175 0)
(0.599765 0.309391 0)
(0.608435 0.441636 0)
(0.602113 0.498735 0)
(0.602194 0.533312 0)
(0.546383 0.457965 0)
(0.41256 0.221962 0)
(0.356189 0.217986 0)
(0.307833 0.336045 0)
(0.280602 0.513611 0)
(0.246605 0.518916 0)
(0.168907 0.337699 0)
(0.0652272 0.208779 0)
(3 -3.01584e-17 0)
(3 -2.68399e-16 0)
(3 -3.43192e-16 0)
(3 1.7703e-17 0)
(3 2.24144e-16 0)
(3 3.08495e-16 0)
(3 6.69612e-16 0)
(3 1.04644e-15 0)
(3 8.82395e-16 0)
(3 1.69498e-16 0)
(3 6.12114e-16 0)
(3 8.85596e-16 0)
(3 6.75522e-16 0)
(3 5.15861e-16 0)
(3 -6.57306e-16 0)
(3 -2.52053e-15 0)
(3 -2.19619e-15 0)
(3 -1.06582e-15 0)
(3 -1.37741e-15 0)
(3 -5.48576e-16 0)
(3 -8.89418e-08 0)
(1.74118 0.356609 0)
(0.831336 0.352353 0)
(0.744174 0.340371 0)
(0.705776 0.308178 0)
(0.677117 0.282927 0)
(0.653471 0.280889 0)
(0.625355 0.313609 0)
(0.635239 0.441464 0)
(0.626411 0.495776 0)
(0.610831 0.49041 0)
(0.597684 0.426418 0)
(0.477801 0.205854 0)
(0.422643 0.169038 0)
(0.364231 0.218002 0)
(0.328385 0.328339 0)
(0.316811 0.461376 0)
(0.231064 0.46479 0)
(0.122136 0.328813 0)
(0.0684561 0.247887 0)
(3 -5.71326e-17 0)
(3 5.02082e-16 0)
(3 3.55717e-16 0)
(3 4.0805e-16 0)
(3 3.809e-16 0)
(3 7.4599e-16 0)
(3 9.4271e-16 0)
(3 1.45307e-15 0)
(3 3.35765e-16 0)
(3 6.34508e-16 0)
(3 8.58708e-16 0)
(3 1.19478e-15 0)
(3 5.60752e-16 0)
(3 3.18737e-16 0)
(3 -1.26919e-15 0)
(3 -2.44706e-15 0)
(3 -2.27243e-15 0)
(3 -1.56842e-15 0)
(3 -1.88926e-15 0)
(3 -7.82191e-16 0)
(3 -3.70156e-08 0)
(1.87377 0.354462 0)
(0.845471 0.354825 0)
(0.738001 0.31222 0)
(0.698963 0.294416 0)
(0.67328 0.294249 0)
(0.653936 0.305423 0)
(0.662855 0.40466 0)
(0.653918 0.489645 0)
(0.625676 0.521668 0)
(0.601282 0.519998 0)
(0.522124 0.328762 0)
(0.462295 0.164483 0)
(0.442837 0.115142 0)
(0.407965 0.160127 0)
(0.406105 0.310611 0)
(0.34281 0.496847 0)
(0.227493 0.494198 0)
(0.0724844 0.341999 0)
(0.0751244 0.289984 0)
(3 -3.99318e-17 0)
(3 7.00847e-16 0)
(3 5.26789e-16 0)
(3 -8.30262e-17 0)
(3 3.94579e-16 0)
(3 4.26076e-16 0)
(3 3.21108e-16 0)
(3 1.68074e-16 0)
(3 -3.30678e-16 0)
(3 -7.52003e-16 0)
(3 2.86182e-16 0)
(3 1.29553e-15 0)
(3 8.88617e-16 0)
(3 3.41721e-16 0)
(3 -1.66069e-15 0)
(3 -1.5429e-15 0)
(3 -1.16634e-15 0)
(3 -2.19948e-15 0)
(3 -2.27442e-15 0)
(3 -9.17839e-16 0)
(3 -3.24046e-08 0)
(2.02199 0.348533 0)
(0.859267 0.361822 0)
(0.731597 0.309673 0)
(0.701372 0.291089 0)
(0.681077 0.314637 0)
(0.674028 0.411798 0)
(0.669653 0.446099 0)
(0.665673 0.466325 0)
(0.643729 0.478443 0)
(0.571363 0.402594 0)
(0.480491 0.326379 0)
(0.432805 0.297084 0)
(0.436779 0.27964 0)
(0.423051 0.346157 0)
(0.462174 0.488687 0)
(0.385932 0.5947 0)
(0.188919 0.545682 0)
(0.044967 0.404218 0)
(0.0793694 0.384935 0)
(3 1.69415e-16 0)
(3 -2.19228e-16 0)
(3 -1.81123e-16 0)
(3 -4.981e-16 0)
(3 -1.5039e-16 0)
(3 3.80997e-16 0)
(3 -3.09621e-16 0)
(3 -8.48612e-16 0)
(3 -7.30019e-16 0)
(3 -1.10524e-15 0)
(3 4.76252e-16 0)
(3 1.38804e-15 0)
(3 1.48733e-15 0)
(3 1.31136e-15 0)
(3 -7.77559e-16 0)
(3 -3.59138e-16 0)
(3 -1.59158e-16 0)
(3 -1.18387e-15 0)
(3 -1.39563e-15 0)
(3 -9.72409e-16 0)
(3 -2.51924e-08 0)
(2.17953 0.353067 0)
(0.868167 0.368136 0)
(0.732308 0.326312 0)
(0.715836 0.352711 0)
(0.706463 0.4029 0)
(0.688474 0.432969 0)
(0.672372 0.468743 0)
(0.657083 0.481479 0)
(0.604194 0.391301 0)
(0.551162 0.342716 0)
(0.492526 0.335381 0)
(0.484255 0.466176 0)
(0.500571 0.732743 0)
(0.442637 0.793587 0)
(0.448083 0.787708 0)
(0.35842 0.612408 0)
(0.201412 0.582617 0)
(0.0252398 0.647171 0)
(0.0997325 0.758497 0)
(3 8.07324e-17 0)
(3 -2.18987e-16 0)
(3 -3.57264e-16 0)
(3 3.83771e-17 0)
(3 -6.04883e-16 0)
(3 7.75044e-17 0)
(3 -4.66442e-16 0)
(3 -1.04606e-15 0)
(3 -9.07389e-16 0)
(3 -4.62334e-16 0)
(3 3.62946e-16 0)
(3 5.85016e-16 0)
(3 3.84033e-16 0)
(3 -3.96316e-16 0)
(3 -2.11696e-16 0)
(3 2.66069e-18 0)
(3 -3.33679e-16 0)
(3 -8.63786e-16 0)
(3 -1.10278e-15 0)
(3 -4.04777e-16 0)
(3 -8.35744e-09 0)
(2.33877 0.366596 0)
(0.887525 0.409518 0)
(0.755116 0.392876 0)
(0.737529 0.415084 0)
(0.712032 0.429658 0)
(0.692205 0.433424 0)
(0.675692 0.423666 0)
(0.624753 0.350652 0)
(0.595351 0.342947 0)
(0.54701 0.386567 0)
(0.537669 0.537405 0)
(0.573132 0.748297 0)
(0.542921 0.858123 0)
(0.4765 0.911695 0)
(0.40484 0.840079 0)
(0.329527 0.607373 0)
(0.252397 0.720474 0)
(0.238299 1.13288 0)
(0.149509 1.32221 0)
(3 2.26607e-18 0)
(3 2.40187e-16 0)
(3 -1.24727e-17 0)
(3 -3.12075e-16 0)
(3 -3.58407e-16 0)
(3 -5.86073e-16 0)
(3 -7.03558e-18 0)
(3 -5.29428e-16 0)
(3 -7.54847e-16 0)
(3 -1.70124e-16 0)
(3 -4.1875e-16 0)
(3 -4.71945e-16 0)
(3 -4.37412e-16 0)
(3 -9.79166e-16 0)
(3 -8.43632e-16 0)
(3 -1.63944e-15 0)
(3 -1.49722e-15 0)
(3 -4.01057e-16 0)
(3 -2.73091e-16 0)
(3 4.79617e-16 0)
(3 -2.11722e-09 0)
(2.53963 0.359195 0)
(0.937311 0.48511 0)
(0.7848 0.42356 0)
(0.761177 0.417925 0)
(0.727758 0.427261 0)
(0.685523 0.396327 0)
(0.647694 0.332785 0)
(0.625334 0.308891 0)
(0.603753 0.323632 0)
(0.593872 0.44527 0)
(0.62266 0.653893 0)
(0.614786 0.803648 0)
(0.573793 0.918344 0)
(0.494749 0.960981 0)
(0.326345 0.773762 0)
(0.324036 0.626429 0)
(0.377847 0.882991 0)
(0.348346 1.21172 0)
(0.168 1.45945 0)
(3 -1.1366e-16 0)
(3 -3.62486e-16 0)
(3 -2.47178e-16 0)
(3 -2.47368e-16 0)
(3 -2.8048e-16 0)
(3 -1.06942e-15 0)
(3 -5.06278e-16 0)
(3 -7.64334e-16 0)
(3 -3.14052e-16 0)
(3 -2.576e-16 0)
(3 -8.92675e-16 0)
(3 -2.08584e-15 0)
(3 -5.80064e-16 0)
(3 -1.93988e-16 0)
(3 -1.61729e-15 0)
(3 -2.60407e-15 0)
(3 -1.51144e-15 0)
(3 -5.44715e-17 0)
(3 1.24144e-15 0)
(3 1.52885e-15 0)
(3 -1.56958e-09 0)
(2.81183 0.294767 0)
(1.02352 0.489039 0)
(0.826392 0.426739 0)
(0.792424 0.412034 0)
(0.740481 0.359391 0)
(0.692409 0.333058 0)
(0.651209 0.338781 0)
(0.622048 0.351476 0)
(0.633728 0.444322 0)
(0.655917 0.552645 0)
(0.670134 0.635259 0)
(0.681305 0.74299 0)
(0.56354 0.615673 0)
(0.479128 0.429794 0)
(0.392809 0.515546 0)
(0.423902 0.739996 0)
(0.454425 0.889747 0)
(0.433884 1.14079 0)
(0.145932 1.04561 0)
(3 -4.94444e-16 0)
(3 -1.76746e-16 0)
(3 -4.29546e-17 0)
(3 6.17003e-17 0)
(3 -6.3448e-16 0)
(3 -5.48577e-16 0)
(3 -4.27635e-16 0)
(3 -6.80882e-16 0)
(3 -2.17883e-16 0)
(3 -3.86689e-16 0)
(3 -1.15718e-15 0)
(3 -1.96794e-15 0)
(3 -1.25784e-15 0)
(3 -7.87783e-16 0)
(3 -1.56468e-15 0)
(3 -1.46357e-15 0)
(3 -1.04308e-15 0)
(3 4.27982e-16 0)
(3 9.99171e-16 0)
(3 7.74215e-16 0)
(3 -9.04971e-10 0)
(3.02809 0.166382 0)
(1.12782 0.468021 0)
(0.873081 0.409552 0)
(0.824079 0.364634 0)
(0.759474 0.337226 0)
(0.715877 0.34047 0)
(0.684018 0.382741 0)
(0.684751 0.476282 0)
(0.676139 0.55825 0)
(0.672841 0.567118 0)
(0.693537 0.551557 0)
(0.629397 0.349203 0)
(0.562274 0.264334 0)
(0.541716 0.316376 0)
(0.509758 0.52126 0)
(0.511814 0.784884 0)
(0.536103 0.862641 0)
(0.479195 0.598522 0)
(0.200549 0.640981 0)
(3 -5.03127e-17 0)
(3 -1.46795e-16 0)
(3 -6.57798e-17 0)
(3 -1.80778e-17 0)
(3 -1.22527e-16 0)
(3 -1.46415e-16 0)
(3 -1.44984e-16 0)
(3 3.71426e-16 0)
(3 6.94008e-17 0)
(3 -4.68861e-16 0)
(3 -1.26735e-15 0)
(3 -1.44104e-15 0)
(3 -1.51008e-15 0)
(3 -1.21785e-15 0)
(3 -4.36202e-16 0)
(3 2.52448e-16 0)
(3 3.94348e-16 0)
(3 4.09926e-16 0)
(3 4.43178e-16 0)
(3 5.58927e-16 0)
(3 -1.20656e-10 0)
(3.0357 0.0108004 0)
(1.26143 0.434365 0)
(0.874652 0.431064 0)
(0.840154 0.428263 0)
(0.806799 0.437707 0)
(0.778995 0.453185 0)
(0.752452 0.472943 0)
(0.724174 0.492911 0)
(0.69247 0.494089 0)
(0.661214 0.490605 0)
(0.628186 0.482052 0)
(0.611169 0.500009 0)
(0.623554 0.571827 0)
(0.641218 0.629504 0)
(0.670695 0.682444 0)
(0.620397 0.745131 0)
(0.550775 0.772558 0)
(0.545184 0.800725 0)
(0.751804 0.949758 0)
(3 1.55457e-16 0)
(3 4.69083e-17 0)
(3 -4.13218e-17 0)
(3 -1.84349e-16 0)
(3 -1.52362e-16 0)
(3 2.12545e-18 0)
(3 3.51595e-16 0)
(3 5.98658e-16 0)
(3 5.56433e-16 0)
(3 2.22353e-16 0)
(3 -3.81751e-16 0)
(3 -6.78336e-16 0)
(3 -7.47047e-16 0)
(3 -6.39527e-16 0)
(3 1.96922e-16 0)
(3 1.0153e-15 0)
(3 9.73814e-16 0)
(3 6.57683e-16 0)
(3 -1.32775e-16 0)
(3 1.37448e-16 0)
(3 -5.06053e-12 0)
(3.00063 3.11271e-05 0)
(1.62605 0.448343 0)
(0.869218 0.477346 0)
(0.838772 0.483898 0)
(0.82154 0.490995 0)
(0.803007 0.489942 0)
(0.777556 0.488233 0)
(0.750276 0.489476 0)
(0.721529 0.49806 0)
(0.693943 0.516853 0)
(0.680945 0.556233 0)
(0.684533 0.61963 0)
(0.690821 0.668983 0)
(0.697756 0.705742 0)
(0.70265 0.732784 0)
(0.695865 0.776635 0)
(0.708006 0.885916 0)
(0.80364 1.06683 0)
(1.07965 1.18418 0)
(3 1.55595e-16 0)
(3 1.86416e-16 0)
(3 -2.09188e-16 0)
(3 -4.05861e-16 0)
(3 -3.27741e-16 0)
(3 -7.66043e-17 0)
(3 6.88963e-17 0)
(3 -1.26416e-16 0)
(3 1.09852e-16 0)
(3 4.54857e-16 0)
(3 3.88297e-16 0)
(3 5.95464e-17 0)
(3 -1.43056e-16 0)
(3 -4.59747e-16 0)
(3 -2.15198e-16 0)
(3 -9.23758e-18 0)
(3 9.15885e-17 0)
(3 -9.02983e-17 0)
(3 -1.02164e-15 0)
(3 -8.1955e-16 0)
(3 -1.32714e-13 0)
(3 1.10605e-08 0)
(2.40689 0.391442 0)
(0.971845 0.534573 0)
(0.858605 0.489047 0)
(0.852202 0.502711 0)
(0.837048 0.515434 0)
(0.817636 0.525677 0)
(0.79623 0.538496 0)
(0.772701 0.55439 0)
(0.748486 0.572499 0)
(0.72849 0.59512 0)
(0.720257 0.629037 0)
(0.730099 0.664747 0)
(0.745621 0.702387 0)
(0.76206 0.755512 0)
(0.798349 0.836307 0)
(0.847695 0.945576 0)
(0.932632 1.07744 0)
(1.16279 1.17574 0)
(3 -2.83228e-17 0)
(3 -8.67515e-17 0)
(3 -1.15845e-16 0)
(3 -1.00472e-16 0)
(3 1.095e-16 0)
(3 1.09927e-16 0)
(3 -1.51955e-16 0)
(3 -6.18765e-17 0)
(3 -1.87488e-16 0)
(3 8.67471e-17 0)
(3 8.03966e-17 0)
(3 -3.01949e-16 0)
(3 -7.94376e-16 0)
(3 -9.61959e-16 0)
(3 -8.49582e-16 0)
(3 -8.61986e-16 0)
(3 -5.56836e-16 0)
(3 -1.21593e-15 0)
(3 -1.5772e-15 0)
(3 -7.57603e-16 0)
(3 2.53625e-16 0)
(3 -2.07793e-08 0)
(3.06406 0.0493746 0)
(1.25908 0.538012 0)
(0.917393 0.49693 0)
(0.904489 0.529996 0)
(0.891517 0.551325 0)
(0.875921 0.565173 0)
(0.855909 0.577855 0)
(0.831723 0.590568 0)
(0.805504 0.603564 0)
(0.781461 0.619725 0)
(0.769846 0.648093 0)
(0.777807 0.684729 0)
(0.8018 0.726528 0)
(0.834652 0.777006 0)
(0.877161 0.84021 0)
(0.947991 0.915512 0)
(1.06879 1.00919 0)
(1.27462 1.07722 0)
(3 -5.83375e-17 0)
(3 4.46441e-17 0)
(3 9.88289e-17 0)
(3 1.54358e-16 0)
(3 2.25943e-16 0)
(3 1.9412e-16 0)
(3 1.2837e-16 0)
(3 -2.15602e-17 0)
(3 6.6871e-17 0)
(3 -5.34347e-17 0)
(3 -2.65401e-16 0)
(3 -5.41877e-16 0)
(3 -1.24516e-15 0)
(3 -1.31071e-15 0)
(3 -3.33159e-16 0)
(3 -3.99329e-16 0)
(3 -5.15349e-16 0)
(3 -1.8759e-16 0)
(3 -3.54344e-16 0)
(3 -1.6774e-17 0)
(3 5.798e-16 0)
(3 -4.09626e-09 0)
(3.00562 4.37477e-05 0)
(1.68565 0.519046 0)
(0.944084 0.5706 0)
(0.907117 0.570959 0)
(0.89827 0.587272 0)
(0.890167 0.600671 0)
(0.879647 0.614404 0)
(0.86576 0.629657 0)
(0.850979 0.646357 0)
(0.837761 0.661834 0)
(0.833297 0.682664 0)
(0.842189 0.711123 0)
(0.864359 0.7465 0)
(0.895822 0.787781 0)
(0.945968 0.836697 0)
(1.02349 0.889189 0)
(1.1394 0.961475 0)
(1.3115 1.01018 0)
(3 3.54345e-17 0)
(3 -1.2644e-17 0)
(3 -1.57535e-16 0)
(3 -3.14286e-16 0)
(3 -1.71109e-16 0)
(3 -1.33391e-16 0)
(3 -6.99711e-16 0)
(3 -1.00789e-15 0)
(3 -7.34712e-16 0)
(3 -3.3606e-16 0)
(3 -4.47714e-16 0)
(3 -4.93063e-16 0)
(3 -7.07985e-16 0)
(3 -7.64434e-16 0)
(3 -2.05077e-16 0)
(3 -4.46661e-16 0)
(3 -6.52265e-16 0)
(3 1.11013e-15 0)
(3 1.29305e-15 0)
(3 5.795e-16 0)
(3 2.98035e-16 0)
(3 -2.10446e-10 0)
(3.00002 -4.28712e-07 0)
(2.65006 0.320286 0)
(1.09961 0.620806 0)
(0.935588 0.591164 0)
(0.922222 0.608528 0)
(0.91461 0.622674 0)
(0.90907 0.636176 0)
(0.902213 0.652555 0)
(0.895581 0.672227 0)
(0.890904 0.691558 0)
(0.892597 0.709637 0)
(0.905671 0.732288 0)
(0.927905 0.76119 0)
(0.961543 0.795427 0)
(1.01223 0.832073 0)
(1.08536 0.871456 0)
(1.18516 0.912766 0)
(1.32573 0.950347 0)
(3 1.33068e-17 0)
(3 -9.25098e-17 0)
(3 -1.00276e-16 0)
(3 1.18219e-16 0)
(3 -3.46756e-16 0)
(3 -4.64158e-16 0)
(3 -7.74198e-16 0)
(3 -5.58358e-16 0)
(3 -4.99682e-16 0)
(3 -6.68638e-16 0)
(3 -6.76077e-16 0)
(3 -8.89466e-16 0)
(3 -1.31845e-16 0)
(3 1.56439e-16 0)
(3 -4.23324e-16 0)
(3 -6.14121e-16 0)
(3 -5.68969e-16 0)
(3 3.75211e-16 0)
(3 1.58277e-15 0)
(3 1.96557e-15 0)
(3 1.43553e-15 0)
(3 -4.71942e-13 0)
(3 -7.79609e-07 0)
(3.04808 0.0181829 0)
(1.51754 0.619053 0)
(0.99723 0.641706 0)
(0.967913 0.635216 0)
(0.954237 0.642927 0)
(0.948688 0.649919 0)
(0.943819 0.663988 0)
(0.940556 0.683402 0)
(0.940096 0.707432 0)
(0.94472 0.731699 0)
(0.960536 0.755587 0)
(0.98634 0.776625 0)
(1.02228 0.802202 0)
(1.07163 0.828859 0)
(1.13906 0.857877 0)
(1.22722 0.882726 0)
(1.34608 0.904586 0)
(3 -7.66231e-17 0)
(3 -1.15203e-16 0)
(3 -1.32961e-16 0)
(3 -1.18457e-16 0)
(3 -2.06667e-16 0)
(3 1.03591e-16 0)
(3 5.59376e-16 0)
(3 7.95737e-16 0)
(3 1.99164e-16 0)
(3 -3.11568e-16 0)
(3 -6.91856e-17 0)
(3 2.9833e-16 0)
(3 7.53076e-16 0)
(3 7.07058e-16 0)
(3 2.54835e-16 0)
(3 -1.71683e-16 0)
(3 -5.98679e-17 0)
(3 2.01136e-16 0)
(3 8.76914e-16 0)
(3 1.44969e-15 0)
(3 1.85781e-15 0)
(3 2.52476e-16 0)
(3 -1.30763e-07 0)
(3.00134 0.000169859 0)
(2.43237 0.445795 0)
(1.1256 0.700919 0)
(1.00434 0.687323 0)
(0.99459 0.680493 0)
(0.986194 0.68296 0)
(0.984844 0.686459 0)
(0.986473 0.700455 0)
(0.990663 0.721085 0)
(0.99615 0.745811 0)
(1.01109 0.772292 0)
(1.0353 0.79532 0)
(1.07135 0.815815 0)
(1.12079 0.836787 0)
(1.1837 0.858612 0)
(1.26335 0.874056 0)
(1.36157 0.885844 0)
(3 -8.55214e-17 0)
(3 7.00269e-17 0)
(3 1.27132e-16 0)
(3 1.14293e-16 0)
(3 -6.0091e-17 0)
(3 -1.24363e-16 0)
(3 5.72139e-16 0)
(3 5.51415e-16 0)
(3 2.69475e-16 0)
(3 4.74305e-16 0)
(3 6.07985e-16 0)
(3 1.07464e-15 0)
(3 9.33619e-16 0)
(3 1.00581e-15 0)
(3 1.01435e-15 0)
(3 -3.21148e-16 0)
(3 -3.54753e-16 0)
(3 -2.98767e-16 0)
(3 3.31524e-17 0)
(3 5.67503e-16 0)
(3 4.51187e-16 0)
(3 6.97473e-16 0)
(3 -6.43304e-09 0)
(3 1.26766e-07 0)
(3.04813 0.0395621 0)
(1.51841 0.680177 0)
(1.06644 0.703005 0)
(1.05644 0.698507 0)
(1.04359 0.700538 0)
(1.03991 0.703316 0)
(1.04106 0.709182 0)
(1.04483 0.724222 0)
(1.05008 0.74638 0)
(1.06191 0.774106 0)
(1.08104 0.801172 0)
(1.11484 0.821379 0)
(1.16406 0.841856 0)
(1.22332 0.859789 0)
(1.29369 0.872002 0)
(1.37599 0.879108 0)
(3 8.37023e-17 0)
(3 4.65904e-16 0)
(3 6.91239e-16 0)
(3 2.95969e-16 0)
(3 1.03478e-16 0)
(3 4.00433e-18 0)
(3 -6.1792e-19 0)
(3 -6.79934e-17 0)
(3 -4.18763e-17 0)
(3 2.86707e-16 0)
(3 3.32191e-16 0)
(3 7.919e-17 0)
(3 2.00167e-16 0)
(3 1.39865e-15 0)
(3 1.26841e-15 0)
(3 -7.08181e-16 0)
(3 -2.15051e-15 0)
(3 -2.33431e-15 0)
(3 -1.28458e-15 0)
(3 -1.80151e-16 0)
(3 1.20238e-16 0)
(3 6.50208e-16 0)
(3 -1.53714e-11 0)
(3 -5.36683e-08 0)
(3.00261 0.000576535 0)
(2.445 0.465467 0)
(1.18948 0.750205 0)
(1.07976 0.747922 0)
(1.07449 0.74306 0)
(1.07314 0.743829 0)
(1.0785 0.743505 0)
(1.08867 0.745263 0)
(1.09926 0.757842 0)
(1.11344 0.778271 0)
(1.12985 0.802557 0)
(1.15949 0.82446 0)
(1.20308 0.842763 0)
(1.25763 0.857139 0)
(1.31971 0.867956 0)
(1.39231 0.873494 0)
(3 1.85064e-17 0)
(3 1.96902e-16 0)
(3 8.1817e-17 0)
(3 7.3284e-17 0)
(3 4.6327e-16 0)
(3 3.12054e-16 0)
(3 -3.40184e-16 0)
(3 -4.70824e-16 0)
(3 1.82763e-16 0)
(3 2.90416e-16 0)
(3 -3.93018e-16 0)
(3 -8.89257e-16 0)
(3 -4.44772e-16 0)
(3 6.36588e-16 0)
(3 1.07857e-15 0)
(3 8.92073e-16 0)
(3 -8.31412e-16 0)
(3 -1.59501e-15 0)
(3 -1.66734e-15 0)
(3 -1.07434e-15 0)
(3 2.166e-16 0)
(3 8.63745e-16 0)
(3 -6.12461e-15 0)
(3 -8.83475e-09 0)
(3 1.15354e-06 0)
(3.04058 0.0377686 0)
(1.62098 0.71638 0)
(1.12614 0.760646 0)
(1.12195 0.7581 0)
(1.11897 0.760878 0)
(1.12558 0.758906 0)
(1.13457 0.75906 0)
(1.1468 0.765211 0)
(1.16344 0.777366 0)
(1.18181 0.795656 0)
(1.206 0.816519 0)
(1.24135 0.83466 0)
(1.28731 0.849219 0)
(1.34176 0.858126 0)
(1.40782 0.863346 0)
(3 -1.77211e-16 0)
(3 -2.40435e-16 0)
(3 -7.05045e-17 0)
(3 4.18515e-17 0)
(3 -7.16577e-17 0)
(3 -7.16536e-16 0)
(3 -1.26801e-15 0)
(3 -1.24815e-15 0)
(3 -4.38112e-16 0)
(3 -2.60553e-16 0)
(3 -4.74939e-16 0)
(3 -4.77995e-16 0)
(3 7.27055e-17 0)
(3 4.9602e-16 0)
(3 1.1318e-15 0)
(3 1.36065e-15 0)
(3 9.34985e-16 0)
(3 2.85037e-16 0)
(3 -6.02474e-16 0)
(3 -1.06645e-16 0)
(3 1.34297e-16 0)
(3 1.00632e-15 0)
(3 1.27752e-15 0)
(3 -1.70276e-10 0)
(3 -2.84293e-08 0)
(3.00189 0.000815112 0)
(2.70054 0.368702 0)
(1.3117 0.788576 0)
(1.15392 0.788559 0)
(1.16237 0.787066 0)
(1.1637 0.788763 0)
(1.17241 0.787468 0)
(1.18506 0.788939 0)
(1.2033 0.793159 0)
(1.22553 0.801121 0)
(1.25226 0.812543 0)
(1.2818 0.825441 0)
(1.31892 0.836622 0)
(1.36385 0.844146 0)
(1.42223 0.848277 0)
(3 1.21069e-16 0)
(3 -5.7789e-17 0)
(3 2.25779e-16 0)
(3 3.70596e-16 0)
(3 -3.6647e-16 0)
(3 -5.99823e-16 0)
(3 -5.6229e-16 0)
(3 -8.3643e-16 0)
(3 -8.55632e-16 0)
(3 -9.36007e-16 0)
(3 -1.01507e-15 0)
(3 -1.15464e-15 0)
(3 -5.2867e-16 0)
(3 -5.55099e-16 0)
(3 -2.99781e-16 0)
(3 3.88404e-18 0)
(3 2.41278e-16 0)
(3 7.09029e-16 0)
(3 8.30738e-16 0)
(3 6.49713e-16 0)
(3 -5.14792e-16 0)
(3 -9.87265e-17 0)
(3 8.77545e-16 0)
(3 -2.45692e-13 0)
(3 -5.69141e-09 0)
(3 1.753e-06 0)
(3.02993 0.015337 0)
(1.84779 0.692404 0)
(1.20877 0.815137 0)
(1.18954 0.814911 0)
(1.19535 0.812469 0)
(1.2048 0.810865 0)
(1.21908 0.809224 0)
(1.23889 0.807938 0)
(1.26137 0.809794 0)
(1.29013 0.813265 0)
(1.31915 0.819818 0)
(1.35323 0.826021 0)
(1.39181 0.831156 0)
(1.44137 0.834235 0)
(3 7.75643e-18 0)
(3 -1.77084e-16 0)
(3 -3.55428e-16 0)
(3 1.79922e-16 0)
(3 1.94502e-16 0)
(3 4.16174e-16 0)
(3 2.2059e-16 0)
(3 -1.42219e-16 0)
(3 -4.51003e-16 0)
(3 -8.22493e-16 0)
(3 -9.77325e-16 0)
(3 -8.22742e-16 0)
(3 -6.24055e-16 0)
(3 -4.25725e-16 0)
(3 -4.19974e-16 0)
(3 -4.17456e-16 0)
(3 2.95497e-16 0)
(3 8.07309e-16 0)
(3 1.61344e-15 0)
(3 9.99215e-16 0)
(3 -3.89235e-16 0)
(3 -9.12599e-16 0)
(3 -4.7309e-16 0)
(3 -6.05656e-16 0)
(3 -2.67064e-10 0)
(3 -1.04768e-10 0)
(3.00049 0.000316979 0)
(2.89707 0.207533 0)
(1.51624 0.81393 0)
(1.22104 0.833087 0)
(1.23371 0.828543 0)
(1.23792 0.829456 0)
(1.25359 0.826968 0)
(1.27338 0.824657 0)
(1.29642 0.823586 0)
(1.32436 0.823294 0)
(1.35234 0.825154 0)
(1.38453 0.826605 0)
(1.41925 0.827795 0)
(1.46318 0.82648 0)
(3 -4.76552e-17 0)
(3 -1.38736e-16 0)
(3 -6.26074e-16 0)
(3 -7.02647e-16 0)
(3 2.48122e-17 0)
(3 7.29361e-16 0)
(3 6.03317e-16 0)
(3 6.06237e-16 0)
(3 2.74912e-16 0)
(3 1.57961e-16 0)
(3 9.53405e-17 0)
(3 2.10945e-16 0)
(3 -3.30107e-17 0)
(3 1.63977e-16 0)
(3 4.91183e-16 0)
(3 5.66382e-16 0)
(3 5.60041e-16 0)
(3 6.38475e-16 0)
(3 7.97001e-16 0)
(3 3.67147e-16 0)
(3 -5.04728e-16 0)
(3 -1.32595e-15 0)
(3 -1.51058e-15 0)
(3 -9.79118e-16 0)
(3 -1.40417e-12 0)
(3 -2.17919e-11 0)
(3 2.86284e-07 0)
(3.00801 0.00747867 0)
(2.41763 0.544018 0)
(1.34406 0.855142 0)
(1.25597 0.852736 0)
(1.26964 0.850258 0)
(1.28153 0.849534 0)
(1.29987 0.847052 0)
(1.3229 0.843885 0)
(1.35143 0.8399 0)
(1.3801 0.837113 0)
(1.41189 0.833969 0)
(1.44541 0.830312 0)
(1.48466 0.825776 0)
(3 1.19925e-16 0)
(3 1.51952e-16 0)
(3 -1.54052e-16 0)
(3 -3.48226e-16 0)
(3 -5.97754e-17 0)
(3 8.9262e-17 0)
(3 8.75455e-16 0)
(3 1.09121e-15 0)
(3 6.24292e-16 0)
(3 4.09628e-16 0)
(3 5.91351e-16 0)
(3 2.60454e-16 0)
(3 1.07227e-16 0)
(3 2.11412e-16 0)
(3 1.16964e-15 0)
(3 1.60282e-15 0)
(3 1.05851e-15 0)
(3 4.00449e-16 0)
(3 -3.68078e-16 0)
(3 -4.38156e-16 0)
(3 -2.96868e-16 0)
(3 -2.392e-16 0)
(3 -6.21665e-16 0)
(3 -7.32429e-16 0)
(3 -2.66956e-15 0)
(3 -8.11269e-13 0)
(3 1.43858e-11 0)
(3.00003 8.50338e-05 0)
(3.01772 0.0497206 0)
(1.86117 0.748411 0)
(1.30622 0.866271 0)
(1.30416 0.867384 0)
(1.31451 0.866044 0)
(1.32871 0.864172 0)
(1.3483 0.861189 0)
(1.37407 0.856654 0)
(1.40244 0.851455 0)
(1.43466 0.844647 0)
(1.46738 0.837718 0)
(1.50347 0.830736 0)
(3 -1.26141e-17 0)
(3 -9.82896e-19 0)
(3 2.48129e-17 0)
(3 1.09523e-17 0)
(3 -3.94991e-17 0)
(3 2.56229e-18 0)
(3 5.18731e-16 0)
(3 5.2059e-16 0)
(3 6.93942e-16 0)
(3 6.47958e-16 0)
(3 6.25119e-17 0)
(3 -1.28793e-16 0)
(3 2.16083e-16 0)
(3 1.12856e-15 0)
(3 1.54604e-15 0)
(3 1.78597e-15 0)
(3 4.1975e-16 0)
(3 -3.82596e-16 0)
(3 -1.28378e-15 0)
(3 -9.4539e-16 0)
(3 1.36841e-16 0)
(3 7.87507e-16 0)
(3 8.27665e-16 0)
(3 -2.88844e-16 0)
(3 -8.18406e-16 0)
(3 -6.116e-15 0)
(3 -1.07973e-14 0)
(3 3.89911e-08 0)
(3.00109 0.00149329 0)
(2.8558 0.23961 0)
(1.63497 0.842708 0)
(1.33864 0.891808 0)
(1.34689 0.887095 0)
(1.35714 0.885807 0)
(1.37197 0.882941 0)
(1.3928 0.878353 0)
(1.41798 0.871881 0)
(1.44824 0.863175 0)
(1.48007 0.853626 0)
(1.51506 0.843875 0)
(3 -1.25316e-16 0)
(3 -1.35068e-16 0)
(3 1.79294e-16 0)
(3 4.51297e-16 0)
(3 3.98017e-16 0)
(3 5.72088e-16 0)
(3 7.65995e-16 0)
(3 6.67081e-16 0)
(3 1.08985e-15 0)
(3 7.70629e-16 0)
(3 -1.14758e-16 0)
(3 5.94886e-17 0)
(3 7.5155e-16 0)
(3 1.0992e-15 0)
(3 1.23041e-15 0)
(3 8.87005e-16 0)
(3 -3.84859e-16 0)
(3 -5.60161e-16 0)
(3 -3.40004e-16 0)
(3 -2.506e-16 0)
(3 1.10069e-16 0)
(3 1.07383e-15 0)
(3 1.00261e-15 0)
(3 5.31801e-16 0)
(3 -1.15198e-16 0)
(3 2.78003e-16 0)
(3 -2.98401e-15 0)
(3 4.79765e-12 0)
(3 3.03032e-06 0)
(3.00404 0.0116992 0)
(2.57832 0.464348 0)
(1.53139 0.896517 0)
(1.36895 0.902815 0)
(1.38817 0.896695 0)
(1.3981 0.896598 0)
(1.41556 0.893029 0)
(1.43675 0.88766 0)
(1.46307 0.879914 0)
(1.49181 0.87049 0)
(1.52514 0.859504 0)
(3 -7.268e-17 0)
(3 -1.96076e-16 0)
(3 -2.28039e-17 0)
(3 2.07874e-16 0)
(3 5.43905e-16 0)
(3 5.10779e-16 0)
(3 2.79618e-16 0)
(3 5.25143e-16 0)
(3 5.30545e-16 0)
(3 5.07865e-16 0)
(3 4.33716e-16 0)
(3 3.06887e-16 0)
(3 2.0493e-17 0)
(3 1.35388e-16 0)
(3 2.37728e-16 0)
(3 -1.08854e-18 0)
(3 3.12858e-16 0)
(3 1.5297e-16 0)
(3 2.87169e-16 0)
(3 2.9371e-16 0)
(3 7.72392e-16 0)
(3 1.24008e-15 0)
(3 1.28131e-15 0)
(3 1.26198e-15 0)
(3 1.17262e-15 0)
(3 1.01435e-15 0)
(3 6.43585e-16 0)
(3 1.70669e-15 0)
(3 5.13894e-10 0)
(3.00001 0.000123657 0)
(3.00251 0.0356648 0)
(2.26748 0.655665 0)
(1.46462 0.916521 0)
(1.40792 0.90978 0)
(1.42864 0.903859 0)
(1.44222 0.902166 0)
(1.45998 0.899379 0)
(1.4818 0.894978 0)
(1.50691 0.88765 0)
(1.53689 0.87745 0)
(3 1.32767e-16 0)
(3 1.49516e-16 0)
(3 -1.56233e-16 0)
(3 -3.2513e-16 0)
(3 -2.24685e-16 0)
(3 -1.50303e-16 0)
(3 -4.69623e-16 0)
(3 -2.9531e-16 0)
(3 -7.13882e-17 0)
(3 3.29322e-16 0)
(3 7.22633e-16 0)
(3 1.0287e-15 0)
(3 3.92665e-16 0)
(3 1.46908e-16 0)
(3 -6.46202e-16 0)
(3 -9.98268e-17 0)
(3 1.11929e-15 0)
(3 1.11621e-15 0)
(3 8.81582e-16 0)
(3 1.33814e-15 0)
(3 1.4041e-15 0)
(3 1.21436e-15 0)
(3 9.65484e-16 0)
(3 4.87691e-16 0)
(3 5.66153e-16 0)
(3 6.71102e-16 0)
(3 8.60663e-16 0)
(3 4.73937e-16 0)
(3 6.79261e-14 0)
(3 6.20585e-08 0)
(3.00013 0.000899204 0)
(2.97048 0.09919 0)
(1.99999 0.773108 0)
(1.45626 0.918825 0)
(1.45186 0.919584 0)
(1.47153 0.913525 0)
(1.48701 0.910892 0)
(1.5057 0.906287 0)
(1.52761 0.899598 0)
(1.55264 0.891732 0)
(3 8.2504e-17 0)
(3 3.12863e-16 0)
(3 4.00313e-16 0)
(3 1.89771e-16 0)
(3 -2.33617e-16 0)
(3 -3.49699e-16 0)
(3 -7.5382e-16 0)
(3 -8.37148e-16 0)
(3 -8.61464e-16 0)
(3 -1.94451e-16 0)
(3 5.86037e-16 0)
(3 6.52208e-16 0)
(3 4.14538e-16 0)
(3 3.54748e-16 0)
(3 4.82884e-16 0)
(3 9.78938e-16 0)
(3 1.06991e-15 0)
(3 1.17624e-15 0)
(3 9.48993e-16 0)
(3 7.15246e-16 0)
(3 5.44421e-17 0)
(3 -7.88418e-16 0)
(3 -1.37893e-15 0)
(3 -1.34142e-15 0)
(3 -4.13967e-16 0)
(3 4.92403e-17 0)
(3 4.14584e-16 0)
(3 2.04865e-16 0)
(3 -2.29204e-16 0)
(3 1.52846e-11 0)
(3 1.08426e-06 0)
(3.0005 0.00392956 0)
(2.86657 0.220368 0)
(1.84606 0.837748 0)
(1.49032 0.92947 0)
(1.49231 0.930319 0)
(1.51302 0.923937 0)
(1.53025 0.9178 0)
(1.54902 0.911048 0)
(1.57045 0.902935 0)
(3 -5.92587e-17 0)
(3 1.96699e-16 0)
(3 3.00071e-16 0)
(3 3.48394e-16 0)
(3 -1.54113e-17 0)
(3 -3.81886e-16 0)
(3 -2.15913e-16 0)
(3 -3.7258e-16 0)
(3 -2.34286e-16 0)
(3 3.12842e-16 0)
(3 1.67085e-16 0)
(3 -3.32032e-16 0)
(3 -2.93097e-16 0)
(3 -2.85816e-16 0)
(3 2.84061e-16 0)
(3 2.51218e-16 0)
(3 -3.85404e-16 0)
(3 -3.92075e-16 0)
(3 4.04581e-16 0)
(3 -5.67724e-17 0)
(3 -5.57881e-16 0)
(3 -7.55256e-16 0)
(3 -5.36904e-16 0)
(3 2.22715e-16 0)
(3 6.60885e-16 0)
(3 7.87945e-16 0)
(3 6.12645e-16 0)
(3 5.26506e-16 0)
(3 3.99517e-16 0)
(3 3.49247e-15 0)
(3 3.59741e-10 0)
(3 1.23959e-05 0)
(2.99981 0.0120015 0)
(2.72643 0.34719 0)
(1.77128 0.878265 0)
(1.52596 0.940385 0)
(1.53282 0.938314 0)
(1.55349 0.929477 0)
(1.57103 0.921616 0)
(1.58976 0.912794 0)
(3 -1.6296e-17 0)
(3 -9.28047e-17 0)
(3 -2.49432e-16 0)
(3 -3.08617e-16 0)
(3 -6.22521e-17 0)
(3 5.60665e-16 0)
(3 1.16247e-16 0)
(3 -1.4702e-16 0)
(3 1.29446e-16 0)
(3 4.24206e-16 0)
(3 4.03322e-16 0)
(3 1.71112e-16 0)
(3 -9.74382e-17 0)
(3 -7.1175e-16 0)
(3 -1.0418e-15 0)
(3 -1.71373e-15 0)
(3 -2.59897e-15 0)
(3 -2.54383e-15 0)
(3 -1.18202e-15 0)
(3 -4.28282e-16 0)
(3 -6.1403e-16 0)
(3 -1.31714e-16 0)
(3 6.18723e-16 0)
(3 7.00701e-16 0)
(3 -1.8985e-16 0)
(3 -3.46522e-17 0)
(3 9.6624e-16 0)
(3 1.37086e-15 0)
(3 2.09941e-15 0)
(3 1.91144e-15 0)
(3 3.45725e-14 0)
(3 5.59307e-09 0)
(2.99999 9.21005e-05 0)
(2.99617 0.024378 0)
(2.5846 0.456843 0)
(1.73805 0.902947 0)
(1.55733 0.947718 0)
(1.56837 0.94435 0)
(1.59022 0.934497 0)
(1.6087 0.924822 0)
(3 1.21308e-16 0)
(3 -4.6001e-17 0)
(3 -4.56768e-18 0)
(3 2.2227e-16 0)
(3 4.74531e-16 0)
(3 6.60224e-16 0)
(3 8.13938e-16 0)
(3 6.81324e-16 0)
(3 -7.41336e-17 0)
(3 1.07629e-17 0)
(3 -3.41791e-16 0)
(3 -1.33663e-16 0)
(3 -4.89043e-16 0)
(3 -8.21593e-16 0)
(3 -1.24804e-15 0)
(3 -1.31997e-15 0)
(3 -1.32578e-15 0)
(3 -1.12485e-15 0)
(3 -7.61883e-16 0)
(3 5.40308e-16 0)
(3 1.33256e-15 0)
(3 6.45954e-16 0)
(3 -4.1078e-16 0)
(3 -8.90935e-16 0)
(3 -1.50682e-15 0)
(3 -1.04578e-15 0)
(3 -1.78334e-16 0)
(3 3.49406e-16 0)
(3 1.05926e-15 0)
(3 1.17057e-15 0)
(3 8.0767e-16 0)
(3 7.10216e-13 0)
(3 6.21649e-08 0)
(2.99995 0.000346925 0)
(2.98671 0.0415046 0)
(2.4697 0.539057 0)
(1.72872 0.919253 0)
(1.58862 0.953596 0)
(1.60152 0.949461 0)
(1.62459 0.938173 0)
(3 6.31792e-18 0)
(3 -1.16965e-16 0)
(3 -1.04343e-16 0)
(3 4.43266e-16 0)
(3 5.26138e-16 0)
(3 5.76375e-16 0)
(3 9.82232e-16 0)
(3 1.2329e-15 0)
(3 8.32118e-16 0)
(3 -4.2603e-16 0)
(3 -6.15344e-16 0)
(3 -6.53076e-16 0)
(3 -2.674e-16 0)
(3 -3.79428e-17 0)
(3 -4.31596e-16 0)
(3 -8.42408e-16 0)
(3 -1.03409e-15 0)
(3 -4.64029e-16 0)
(3 -3.88591e-17 0)
(3 -4.24642e-16 0)
(3 -6.04802e-16 0)
(3 -1.5191e-15 0)
(3 -2.44064e-15 0)
(3 -2.39189e-15 0)
(3 -1.09297e-15 0)
(3 -6.22815e-16 0)
(3 -3.82802e-16 0)
(3 -9.56372e-17 0)
(3 -2.5488e-16 0)
(3 -6.04208e-16 0)
(3 2.09323e-16 0)
(3 8.52459e-16 0)
(3 1.5312e-11 0)
(3 3.32755e-07 0)
(2.99987 0.000891757 0)
(2.97243 0.0618738 0)
(2.389 0.596711 0)
(1.73501 0.930347 0)
(1.61988 0.95936 0)
(1.63256 0.954828 0)
(3 1.63051e-18 0)
(3 -2.57897e-16 0)
(3 -6.92028e-16 0)
(3 -5.46543e-16 0)
(3 -2.08308e-16 0)
(3 -4.71585e-17 0)
(3 9.79244e-17 0)
(3 2.17886e-16 0)
(3 5.08193e-16 0)
(3 -1.00214e-16 0)
(3 -2.62236e-16 0)
(3 -3.91016e-16 0)
(3 -7.09342e-16 0)
(3 -8.1485e-16 0)
(3 -5.21748e-16 0)
(3 -5.15675e-16 0)
(3 -8.69135e-16 0)
(3 -1.28522e-15 0)
(3 -9.58565e-16 0)
(3 -8.60173e-16 0)
(3 -1.06367e-15 0)
(3 -1.18416e-15 0)
(3 -7.73726e-16 0)
(3 -1.91841e-16 0)
(3 5.30771e-16 0)
(3 4.08427e-16 0)
(3 -4.03146e-16 0)
(3 -3.08813e-16 0)
(3 -1.52103e-16 0)
(3 -3.94705e-16 0)
(3 -8.63528e-17 0)
(3 -5.24503e-16 0)
(3 1.75591e-15 0)
(3 1.23076e-10 0)
(3 1.19544e-06 0)
(2.99972 0.00172988 0)
(2.95644 0.08252 0)
(2.33853 0.631825 0)
(1.75521 0.939457 0)
(1.6515 0.963113 0)
(3 -1.26847e-18 0)
(3 -1.06091e-17 0)
(3 -2.27976e-16 0)
(3 -3.77116e-16 0)
(3 -5.84129e-16 0)
(3 -9.13967e-16 0)
(3 -7.67e-16 0)
(3 -4.96534e-16 0)
(3 2.94649e-16 0)
(3 6.58039e-16 0)
(3 -2.25863e-16 0)
(3 -9.6639e-16 0)
(3 -1.29732e-15 0)
(3 -1.47054e-15 0)
(3 -1.19636e-15 0)
(3 -6.27632e-16 0)
(3 -4.58287e-16 0)
(3 -4.31775e-16 0)
(3 -7.43842e-16 0)
(3 -6.93262e-16 0)
(3 -1.32562e-16 0)
(3 8.4313e-16 0)
(3 1.39353e-15 0)
(3 1.62895e-15 0)
(3 1.22948e-15 0)
(3 1.05616e-15 0)
(3 1.3904e-15 0)
(3 1.33048e-15 0)
(3 1.04775e-15 0)
(3 7.69231e-16 0)
(3 1.76852e-16 0)
(3 -3.45136e-16 0)
(3 -9.36508e-16 0)
(3 5.94742e-15 0)
(3 5.69273e-10 0)
(3 3.27029e-06 0)
(2.99953 0.00258773 0)
(2.93402 0.104367 0)
(2.3526 0.646311 0)
(1.75251 0.952273 0)
(3 -2.6045e-16 0)
(3 -2.33181e-16 0)
(3 -3.40161e-18 0)
(3 -2.06003e-16 0)
(3 -2.86792e-16 0)
(3 -5.38227e-16 0)
(3 -6.73048e-16 0)
(3 -5.54519e-16 0)
(3 1.93929e-16 0)
(3 4.68589e-16 0)
(3 5.86841e-16 0)
(3 1.73883e-16 0)
(3 -5.13053e-16 0)
(3 -6.81007e-16 0)
(3 -8.07014e-16 0)
(3 -9.51308e-16 0)
(3 -3.12105e-16 0)
(3 3.7339e-16 0)
(3 5.37066e-17 0)
(3 -9.26481e-16 0)
(3 -5.42572e-16 0)
(3 1.02241e-15 0)
(3 1.4483e-15 0)
(3 6.6594e-16 0)
(3 1.36785e-16 0)
(3 1.77418e-16 0)
(3 8.81763e-16 0)
(3 1.61006e-15 0)
(3 1.6581e-15 0)
(3 8.90974e-16 0)
(3 1.61617e-17 0)
(3 -2.18022e-16 0)
(3 -9.77857e-16 0)
(3 -4.67513e-16 0)
(3 3.23264e-14 0)
(3 2.0638e-09 0)
(3 5.1317e-06 0)
(2.99884 0.00414475 0)
(2.95943 0.0974684 0)
(2.22785 0.73724 0)
(3 -5.77068e-17 0)
(3 2.04911e-17 0)
(3 2.64699e-16 0)
(3 1.39919e-16 0)
(3 8.10153e-17 0)
(3 -2.23458e-16 0)
(3 -3.83269e-16 0)
(3 -2.02469e-16 0)
(3 -2.15166e-16 0)
(3 -2.2907e-16 0)
(3 7.07967e-16 0)
(3 1.28273e-15 0)
(3 2.68508e-16 0)
(3 2.69688e-17 0)
(3 -4.03998e-16 0)
(3 -6.97565e-16 0)
(3 -2.04383e-16 0)
(3 2.62382e-16 0)
(3 5.51964e-16 0)
(3 -9.37617e-17 0)
(3 -4.48871e-16 0)
(3 -1.42006e-16 0)
(3 4.15293e-16 0)
(3 2.82389e-16 0)
(3 4.12166e-16 0)
(3 2.7936e-16 0)
(3 2.47631e-16 0)
(3 4.18e-16 0)
(3 2.64702e-16 0)
(3 5.76081e-17 0)
(3 -1.43859e-16 0)
(3 -5.33236e-16 0)
(3 -5.77792e-16 0)
(3 -3.45814e-16 0)
(3 -9.33693e-17 0)
(3 1.1727e-13 0)
(3 3.69628e-09 0)
(3 1.10204e-05 0)
(2.99971 0.00391219 0)
(2.92082 0.156037 0)
(3 9.15546e-17 0)
(3 5.2622e-16 0)
(3 5.1612e-16 0)
(3 4.09796e-16 0)
(3 4.21796e-16 0)
(3 2.82606e-16 0)
(3 -1.46678e-16 0)
(3 -2.46005e-16 0)
(3 -5.17751e-16 0)
(3 -3.58576e-16 0)
(3 8.02208e-17 0)
(3 7.79718e-16 0)
(3 1.48942e-15 0)
(3 1.32394e-15 0)
(3 8.36841e-16 0)
(3 4.16637e-16 0)
(3 -1.37402e-16 0)
(3 1.54122e-16 0)
(3 7.8059e-16 0)
(3 1.03935e-15 0)
(3 5.70029e-16 0)
(3 -3.21172e-16 0)
(3 -2.98262e-17 0)
(3 3.96132e-16 0)
(3 2.43255e-16 0)
(3 -3.01133e-16 0)
(3 -6.04371e-16 0)
(3 -6.92812e-16 0)
(3 -9.59995e-16 0)
(3 -1.20188e-15 0)
(3 -8.79728e-16 0)
(3 -7.33466e-16 0)
(3 1.67477e-16 0)
(3 5.89287e-16 0)
(3 -2.19101e-17 0)
(3 -1.76004e-15 0)
(3 3.45368e-13 0)
(3 5.13417e-09 0)
(3 1.99642e-05 0)
(3.0038 0.00251686 0)
(3 -9.19935e-17 0)
(3 -7.58504e-18 0)
(3 -1.30657e-16 0)
(3 -2.15258e-16 0)
(3 1.82938e-16 0)
(3 6.54645e-16 0)
(3 5.83892e-16 0)
(3 -1.52198e-16 0)
(3 -2.61942e-16 0)
(3 -7.51344e-17 0)
(3 -1.25355e-16 0)
(3 -6.38089e-17 0)
(3 1.3079e-15 0)
(3 2.12906e-15 0)
(3 1.8058e-15 0)
(3 1.78467e-15 0)
(3 8.00559e-16 0)
(3 5.75439e-16 0)
(3 6.57846e-16 0)
(3 7.48167e-16 0)
(3 6.68856e-16 0)
(3 1.66418e-16 0)
(3 -8.84324e-16 0)
(3 -9.51538e-16 0)
(3 -1.16235e-15 0)
(3 -1.06448e-15 0)
(3 -6.9839e-16 0)
(3 -9.25832e-16 0)
(3 -7.96324e-16 0)
(3 -7.38327e-16 0)
(3 -3.46091e-16 0)
(3 2.02218e-16 0)
(3 6.7262e-16 0)
(3 6.02286e-16 0)
(3 7.50641e-16 0)
(3 -7.68289e-18 0)
(3 -5.14449e-16 0)
(3 3.70005e-13 0)
(3 1.89245e-08 0)
(3.00004 3.20735e-06 0)
(3 2.29121e-17 0)
(3 1.8323e-16 0)
(3 2.34521e-17 0)
(3 -1.84536e-16 0)
(3 -1.89341e-16 0)
(3 2.55008e-17 0)
(3 1.18742e-16 0)
(3 2.16509e-16 0)
(3 3.41688e-16 0)
(3 3.06172e-16 0)
(3 -1.06928e-17 0)
(3 1.25164e-17 0)
(3 3.10858e-16 0)
(3 1.90843e-16 0)
(3 1.51964e-15 0)
(3 1.61361e-15 0)
(3 1.80538e-15 0)
(3 1.09912e-15 0)
(3 9.38495e-16 0)
(3 5.22066e-16 0)
(3 5.01954e-16 0)
(3 -2.22067e-16 0)
(3 -1.3296e-15 0)
(3 -1.35841e-15 0)
(3 -7.54021e-16 0)
(3 -7.44449e-16 0)
(3 -8.9525e-16 0)
(3 -8.11139e-16 0)
(3 -5.32939e-16 0)
(3 -2.00252e-16 0)
(3 -9.25109e-17 0)
(3 1.57079e-16 0)
(3 4.15359e-16 0)
(3 6.0694e-16 0)
(3 1.12494e-15 0)
(3 1.17514e-15 0)
(3 6.89051e-16 0)
(3 -4.69151e-16 0)
(3 5.10074e-12 0)
(3 4.11179e-10 0)
(3 1.45479e-17 0)
(3 8.41875e-17 0)
(3 1.48694e-16 0)
(3 3.39529e-19 0)
(3 7.59631e-18 0)
(3 4.46765e-17 0)
(3 1.16444e-16 0)
(3 5.53696e-16 0)
(3 8.54905e-16 0)
(3 4.38641e-16 0)
(3 -8.03854e-18 0)
(3 -1.25765e-16 0)
(3 -6.69457e-16 0)
(3 -8.02924e-16 0)
(3 3.18627e-16 0)
(3 1.17117e-15 0)
(3 1.45107e-15 0)
(3 1.36418e-15 0)
(3 5.72652e-16 0)
(3 5.08488e-17 0)
(3 -1.34983e-16 0)
(3 -4.50002e-16 0)
(3 2.86263e-16 0)
(3 2.73927e-16 0)
(3 6.09843e-16 0)
(3 5.8597e-16 0)
(3 3.14573e-16 0)
(3 5.19983e-16 0)
(3 6.29647e-16 0)
(3 9.90929e-16 0)
(3 3.29759e-16 0)
(3 -3.41313e-16 0)
(3 -1.49631e-16 0)
(3 7.32533e-16 0)
(3 1.29463e-15 0)
(3 1.01409e-15 0)
(3 7.55628e-16 0)
(3 -6.13418e-16 0)
(3 -4.79478e-16 0)
(3 -3.76551e-10 0)
(3 9.22602e-18 0)
(3 -4.94331e-16 0)
(3 -5.8771e-16 0)
(3 -5.13922e-16 0)
(3 -5.49834e-16 0)
(3 2.15185e-16 0)
(3 4.53896e-16 0)
(3 4.05737e-16 0)
(3 6.4331e-16 0)
(3 5.29539e-16 0)
(3 7.23245e-17 0)
(3 -4.31347e-16 0)
(3 -7.26791e-16 0)
(3 -2.74966e-17 0)
(3 2.22319e-16 0)
(3 6.62315e-16 0)
(3 1.19349e-15 0)
(3 1.04537e-15 0)
(3 9.08033e-16 0)
(3 5.89039e-16 0)
(3 1.94607e-16 0)
(3 5.521e-16 0)
(3 1.21021e-15 0)
(3 1.52474e-15 0)
(3 1.49476e-15 0)
(3 1.38907e-15 0)
(3 9.95805e-16 0)
(3 9.40681e-16 0)
(3 1.24955e-15 0)
(3 1.07166e-15 0)
(3 4.52558e-16 0)
(3 8.49286e-18 0)
(3 8.0705e-17 0)
(3 2.64028e-16 0)
(3 2.67717e-16 0)
(3 5.13498e-16 0)
(3 6.85562e-16 0)
(3 -1.98343e-16 0)
(3 -1.27515e-15 0)
(3 -6.4771e-11 0)
(3 2.23521e-18 0)
(3 -1.54662e-16 0)
(3 -4.48409e-16 0)
(3 -3.05206e-16 0)
(3 -1.77092e-16 0)
(3 -2.554e-16 0)
(3 -1.19344e-16 0)
(3 -2.00077e-16 0)
(3 -4.29505e-16 0)
(3 1.32873e-16 0)
(3 2.98146e-16 0)
(3 7.84171e-17 0)
(3 1.69593e-16 0)
(3 2.98839e-16 0)
(3 3.55561e-17 0)
(3 -7.71435e-17 0)
(3 -6.73451e-17 0)
(3 3.25866e-16 0)
(3 1.15689e-15 0)
(3 1.39812e-15 0)
(3 1.2895e-15 0)
(3 5.12361e-16 0)
(3 3.57489e-16 0)
(3 6.71708e-16 0)
(3 7.08156e-16 0)
(3 5.13002e-16 0)
(3 4.04379e-16 0)
(3 8.28359e-16 0)
(3 1.21474e-15 0)
(3 7.49787e-16 0)
(3 -1.65862e-16 0)
(3 4.85098e-17 0)
(3 1.57841e-17 0)
(3 -3.28887e-16 0)
(3 -3.96485e-16 0)
(3 1.10135e-16 0)
(3 1.50674e-16 0)
(3 -2.21636e-16 0)
(3 -1.25576e-15 0)
(3 -3.18894e-12 0)
(3 5.56758e-18 0)
(3 1.56791e-16 0)
(3 1.87294e-16 0)
(3 2.71607e-16 0)
(3 -9.89354e-17 0)
(3 -7.89719e-16 0)
(3 -1.00894e-15 0)
(3 -9.72652e-16 0)
(3 -1.26181e-15 0)
(3 -1.24146e-15 0)
(3 -5.42642e-16 0)
(3 1.01113e-16 0)
(3 -2.27465e-16 0)
(3 -4.5837e-16 0)
(3 -1.88789e-16 0)
(3 -7.75953e-17 0)
(3 -1.26032e-16 0)
(3 -1.93947e-16 0)
(3 -3.40053e-16 0)
(3 2.75789e-17 0)
(3 2.87696e-16 0)
(3 -2.91083e-16 0)
(3 -3.53704e-16 0)
(3 1.55021e-16 0)
(3 3.29326e-16 0)
(3 4.74138e-16 0)
(3 3.56769e-16 0)
(3 3.96935e-16 0)
(3 8.27008e-16 0)
(3 2.40742e-16 0)
(3 -4.52534e-16 0)
(3 -6.33621e-16 0)
(3 -7.04013e-16 0)
(3 -1.2772e-15 0)
(3 -1.09193e-15 0)
(3 -9.00729e-16 0)
(3 -7.48174e-16 0)
(3 -9.26868e-16 0)
(3 -1.3998e-15 0)
(3 -1.34645e-14 0)
(3 3.04862e-17 0)
(3 4.99526e-16 0)
(3 1.02634e-15 0)
(3 7.63285e-16 0)
(3 5.82204e-17 0)
(3 -1.80739e-16 0)
(3 -3.86421e-16 0)
(3 -6.60846e-16 0)
(3 -6.83867e-16 0)
(3 -1.11237e-15 0)
(3 -1.3644e-15 0)
(3 -2.73562e-16 0)
(3 -2.64454e-16 0)
(3 -2.95095e-16 0)
(3 -3.83228e-16 0)
(3 -8.87375e-17 0)
(3 2.06987e-16 0)
(3 -1.55822e-16 0)
(3 -6.97562e-16 0)
(3 -9.653e-16 0)
(3 -1.15101e-15 0)
(3 -4.22789e-16 0)
(3 -1.83197e-16 0)
(3 -8.71245e-18 0)
(3 2.60752e-16 0)
(3 5.34289e-16 0)
(3 2.18773e-16 0)
(3 2.33279e-16 0)
(3 6.41837e-16 0)
(3 9.57994e-16 0)
(3 1.26505e-15 0)
(3 1.21761e-15 0)
(3 -2.42033e-16 0)
(3 -4.85811e-16 0)
(3 -6.35574e-16 0)
(3 -9.38487e-16 0)
(3 -8.93389e-16 0)
(3 -1.09484e-15 0)
(3 -1.38491e-15 0)
(3 -1.38877e-15 0)
(3 1.05142e-16 0)
(3 -2.7212e-18 0)
(3 2.02958e-17 0)
(3 1.53534e-16 0)
(3 3.45377e-16 0)
(3 6.10987e-16 0)
(3 2.73527e-16 0)
(3 -3.47176e-16 0)
(3 -5.56243e-16 0)
(3 -3.77338e-16 0)
(3 -1.45068e-16 0)
(3 7.45837e-16 0)
(3 7.12835e-16 0)
(3 4.74699e-16 0)
(3 -6.68771e-17 0)
(3 -2.45562e-16 0)
(3 -1.19502e-16 0)
(3 3.31805e-16 0)
(3 4.82548e-16 0)
(3 2.34364e-16 0)
(3 5.12647e-17 0)
(3 -3.10342e-16 0)
(3 -4.62651e-16 0)
(3 -2.41545e-17 0)
(3 2.7318e-16 0)
(3 2.68375e-16 0)
(3 4.7099e-16 0)
(3 6.02368e-16 0)
(3 1.00656e-15 0)
(3 1.53823e-15 0)
(3 2.23402e-15 0)
(3 2.28422e-15 0)
(3 1.66415e-15 0)
(3 1.12673e-15 0)
(3 8.26754e-16 0)
(3 -8.82456e-17 0)
(3 -1.12505e-15 0)
(3 -9.08626e-16 0)
(3 -1.68664e-15 0)
(3 -1.83805e-15 0)
(3 7.47969e-18 0)
(3 -3.42756e-16 0)
(3 -4.73618e-16 0)
(3 4.80509e-17 0)
(3 -5.14292e-18 0)
(3 7.75841e-17 0)
(3 2.73473e-16 0)
(3 2.70132e-16 0)
(3 7.50957e-17 0)
(3 1.75829e-17 0)
(3 3.78298e-16 0)
(3 5.10736e-16 0)
(3 1.1356e-15 0)
(3 9.48061e-16 0)
(3 3.13568e-16 0)
(3 -1.29884e-15 0)
(3 -1.85119e-15 0)
(3 -1.07551e-15 0)
(3 2.1691e-16 0)
(3 7.94938e-17 0)
(3 4.13998e-16 0)
(3 9.61621e-17 0)
(3 4.64707e-17 0)
(3 -3.75336e-17 0)
(3 8.50721e-17 0)
(3 3.30761e-16 0)
(3 8.30855e-16 0)
(3 9.94895e-16 0)
(3 1.36853e-15 0)
(3 1.43614e-15 0)
(3 1.58844e-15 0)
(3 1.88167e-15 0)
(3 1.83421e-15 0)
(3 1.4645e-15 0)
(3 1.2907e-15 0)
(3 1.60859e-17 0)
(3 -6.47545e-16 0)
(3 -1.26826e-15 0)
(3 -2.90067e-15 0)
(3 -2.8864e-15 0)
(3 -8.01349e-17 0)
(3 -5.46025e-17 0)
(3 2.65618e-17 0)
(3 1.35179e-16 0)
(3 -2.46931e-17 0)
(3 -5.85517e-17 0)
(3 2.7041e-16 0)
(3 7.01595e-16 0)
(3 6.89692e-16 0)
(3 1.96593e-16 0)
(3 -1.4154e-16 0)
(3 -1.32793e-16 0)
(3 1.99489e-16 0)
(3 7.16532e-17 0)
(3 -4.91493e-16 0)
(3 -1.01743e-15 0)
(3 -9.40547e-16 0)
(3 -6.59536e-16 0)
(3 -3.98225e-16 0)
(3 -4.56133e-16 0)
(3 -4.95204e-16 0)
(3 -3.56859e-16 0)
(3 2.14365e-16 0)
(3 -1.641e-16 0)
(3 -2.87962e-16 0)
(3 -6.84322e-18 0)
(3 4.39708e-16 0)
(3 7.76733e-16 0)
(3 1.37853e-15 0)
(3 1.54026e-15 0)
(3 1.20305e-15 0)
(3 1.15595e-15 0)
(3 8.09825e-16 0)
(3 9.9217e-16 0)
(3 1.3853e-15 0)
(3 8.09083e-16 0)
(3 5.15787e-17 0)
(3 -1.54141e-16 0)
(3 -1.13035e-15 0)
(3 -2.76677e-15 0)
(1.56094 1.37967 0)
(2.17391 0.222283 0)
(2.20304 -0.0631332 0)
(2.12008 -0.0676797 0)
(2.09253 -0.0499687 0)
(2.08371 -0.0365875 0)
(2.07241 -0.0278922 0)
(2.06036 -0.0306831 0)
(2.06554 -0.0208428 0)
(2.06287 -0.0172171 0)
(2.13372 -0.0141464 0)
(1.47142 0.0335414 0)
(0.559411 0.0488106 0)
(0.362682 0.00435437 0)
(0.402661 -0.0220936 0)
(0.512056 -0.0387667 0)
(0.648462 -0.0437168 0)
(0.788341 -0.0401568 0)
(0.918655 -0.0342724 0)
(1.04058 -0.0267014 0)
(1.16045 -0.021764 0)
(1.27833 -0.0202924 0)
(1.38717 -0.0178168 0)
(1.47769 -0.0104839 0)
(1.54886 -0.00355459 0)
(1.60267 0.00182083 0)
(1.64865 0.00334513 0)
(1.69457 0.00326468 0)
(1.74069 -0.00119033 0)
(1.7843 -0.00475376 0)
(1.83145 -0.00506626 0)
(1.87695 -0.0033794 0)
(1.91852 0.00146998 0)
(1.95639 0.00608537 0)
(1.9941 0.00765105 0)
(2.03329 0.00777739 0)
(2.07244 0.00756783 0)
(2.11106 0.00640566 0)
(2.14309 0.00441637 0)
(2.18542 0.00416964 0)
(1.88456 0.854449 0)
(2.43617 -0.00704605 0)
(2.38971 -0.246341 0)
(2.33349 -0.149765 0)
(2.27303 -0.055776 0)
(2.22972 -0.0113712 0)
(2.20289 -0.0236451 0)
(2.17893 -0.0194928 0)
(2.1674 -0.0182485 0)
(2.1552 -0.0156508 0)
(2.20962 -0.0143275 0)
(1.59175 0.157639 0)
(0.612246 0.168563 0)
(0.441357 -0.0093457 0)
(0.509783 -0.0637266 0)
(0.646636 -0.0753904 0)
(0.782769 -0.0742606 0)
(0.909 -0.062816 0)
(1.02207 -0.0488015 0)
(1.12845 -0.0253557 0)
(1.2314 -0.00766517 0)
(1.33028 -0.00157514 0)
(1.42387 -0.00585045 0)
(1.50688 -0.00757085 0)
(1.57439 -0.000868027 0)
(1.62433 0.00934272 0)
(1.66602 0.0162927 0)
(1.70654 0.0172814 0)
(1.75003 0.0104968 0)
(1.79706 -0.00307986 0)
(1.8427 -0.011642 0)
(1.88785 -0.0148055 0)
(1.93021 -0.00928334 0)
(1.96866 0.00346328 0)
(2.0048 0.0153001 0)
(2.04076 0.0217757 0)
(2.07698 0.0246696 0)
(2.11322 0.0241543 0)
(2.1442 0.0181268 0)
(2.18957 0.0093259 0)
(1.88824 0.861351 0)
(2.39647 0.396949 0)
(2.56849 -0.0760387 0)
(2.58204 -0.130786 0)
(2.54226 -0.132025 0)
(2.46833 -0.0529083 0)
(2.42134 -0.0428499 0)
(2.39054 -0.0546049 0)
(2.36612 -0.0463486 0)
(2.34122 -0.040555 0)
(2.36246 -0.0372226 0)
(1.92921 0.231811 0)
(0.835128 0.215368 0)
(0.661926 0.0110417 0)
(0.793203 -0.0929022 0)
(0.955844 -0.124415 0)
(1.07049 -0.118293 0)
(1.16216 -0.108408 0)
(1.23827 -0.101458 0)
(1.30914 -0.0912254 0)
(1.3795 -0.0757158 0)
(1.4497 -0.0567292 0)
(1.51922 -0.037315 0)
(1.58251 -0.021647 0)
(1.63594 -0.00974135 0)
(1.67806 -0.00521042 0)
(1.71447 0.00145146 0)
(1.74823 0.00924583 0)
(1.78724 0.0120217 0)
(1.82938 0.00939394 0)
(1.87125 0.00388862 0)
(1.91479 0.00028128 0)
(1.95764 0.000377166 0)
(1.99505 0.00798992 0)
(2.02708 0.0213959 0)
(2.05847 0.0309673 0)
(2.09163 0.0344091 0)
(2.1256 0.0336187 0)
(2.15338 0.0302146 0)
(2.194 0.024619 0)
(1.81302 0.915953 0)
(2.33207 0.495456 0)
(2.60334 -0.0176237 0)
(2.68045 -0.260396 0)
(2.65581 -0.251761 0)
(2.60004 -0.178166 0)
(2.55229 -0.0842535 0)
(2.53746 -0.0173453 0)
(2.51958 -0.0250706 0)
(2.50564 -0.0465127 0)
(2.49605 -0.0348579 0)
(2.37051 0.220214 0)
(1.19074 0.264539 0)
(0.9891 -0.00253034 0)
(1.18392 -0.131197 0)
(1.323 -0.13832 0)
(1.38555 -0.116611 0)
(1.43106 -0.0882747 0)
(1.46637 -0.0685278 0)
(1.502 -0.0559134 0)
(1.54257 -0.0449578 0)
(1.58636 -0.0352601 0)
(1.63165 -0.021111 0)
(1.67563 0.00036343 0)
(1.71616 0.0119017 0)
(1.75167 0.0164033 0)
(1.78308 0.0149673 0)
(1.81311 0.00893377 0)
(1.84611 0.00269556 0)
(1.88336 0.000738426 0)
(1.92232 0.000449438 0)
(1.96205 0.00273303 0)
(2.00034 0.00858771 0)
(2.03366 0.0190344 0)
(2.06143 0.0346608 0)
(2.08682 0.0472677 0)
(2.11434 0.0496746 0)
(2.14452 0.041149 0)
(2.16959 0.0290211 0)
(2.21123 0.0234407 0)
(1.77857 0.870773 0)
(2.19777 0.61549 0)
(2.53323 0.111032 0)
(2.64281 -0.0293292 0)
(2.68806 -0.216564 0)
(2.67324 -0.223424 0)
(2.63122 -0.163196 0)
(2.60041 -0.101382 0)
(2.57803 -0.0372361 0)
(2.56524 -0.0285297 0)
(2.56507 -0.0263808 0)
(2.51438 0.0352049 0)
(1.6223 0.270534 0)
(1.31187 -0.0619194 0)
(1.49128 -0.193146 0)
(1.56738 -0.172556 0)
(1.58391 -0.131128 0)
(1.59886 -0.111422 0)
(1.60941 -0.0962124 0)
(1.6245 -0.0855213 0)
(1.64839 -0.074743 0)
(1.67852 -0.0609897 0)
(1.71404 -0.0379238 0)
(1.75064 -0.0123887 0)
(1.78616 0.00634165 0)
(1.81758 0.0187088 0)
(1.84723 0.0221909 0)
(1.87581 0.0211474 0)
(1.90605 0.0201269 0)
(1.94079 0.0169214 0)
(1.97663 0.01384 0)
(2.01206 0.0129334 0)
(2.04653 0.0161467 0)
(2.07747 0.0245472 0)
(2.10301 0.0374407 0)
(2.12422 0.0521805 0)
(2.14459 0.0632783 0)
(2.1677 0.062506 0)
(2.19174 0.0496174 0)
(2.23547 0.0397793 0)
(1.71413 0.867706 0)
(2.14561 0.609416 0)
(2.42415 0.284162 0)
(2.60654 -0.00649431 0)
(2.66804 -0.191965 0)
(2.67598 -0.245356 0)
(2.65453 -0.215683 0)
(2.61988 -0.165044 0)
(2.5989 -0.103632 0)
(2.57716 -0.0696868 0)
(2.58598 -0.0117211 0)
(2.52235 -0.0675602 0)
(1.97262 0.0721364 0)
(1.53188 -0.0302157 0)
(1.61621 -0.168534 0)
(1.66486 -0.169975 0)
(1.6668 -0.133606 0)
(1.66535 -0.0940777 0)
(1.67095 -0.079093 0)
(1.68304 -0.075681 0)
(1.70253 -0.0705675 0)
(1.72944 -0.0553533 0)
(1.76181 -0.0287441 0)
(1.79665 -0.00628036 0)
(1.83023 0.0109196 0)
(1.86128 0.0223927 0)
(1.89272 0.0243954 0)
(1.92415 0.0228271 0)
(1.95655 0.024936 0)
(1.98972 0.0283609 0)
(2.02214 0.0308266 0)
(2.05361 0.0324473 0)
(2.0846 0.0348086 0)
(2.11376 0.038952 0)
(2.13931 0.0469931 0)
(2.16017 0.0567459 0)
(2.17833 0.0636813 0)
(2.19932 0.0620322 0)
(2.22204 0.0558804 0)
(2.26479 0.0527768 0)
(1.68558 0.834855 0)
(2.04066 0.671716 0)
(2.35952 0.332829 0)
(2.49629 0.174658 0)
(2.61437 -0.0856426 0)
(2.64268 -0.186786 0)
(2.6456 -0.215395 0)
(2.63716 -0.205764 0)
(2.61425 -0.152797 0)
(2.58213 -0.0963578 0)
(2.60403 -0.0256326 0)
(2.48552 -0.182207 0)
(2.18897 -0.306124 0)
(1.59649 -0.098168 0)
(1.61369 -0.122646 0)
(1.66996 -0.15902 0)
(1.68907 -0.141236 0)
(1.68563 -0.108786 0)
(1.69559 -0.0863859 0)
(1.71009 -0.0721418 0)
(1.73021 -0.0593982 0)
(1.75778 -0.0398398 0)
(1.78953 -0.0220722 0)
(1.823 -0.00521203 0)
(1.85607 0.0158297 0)
(1.88791 0.0305663 0)
(1.92105 0.035501 0)
(1.95528 0.03704 0)
(1.99001 0.038907 0)
(2.02368 0.0408495 0)
(2.05522 0.0433669 0)
(2.08479 0.0451106 0)
(2.11331 0.0470164 0)
(2.13945 0.0493511 0)
(2.16465 0.0542745 0)
(2.18792 0.0615615 0)
(2.20702 0.070335 0)
(2.22662 0.0750298 0)
(2.24931 0.0742841 0)
(2.29196 0.0726518 0)
(1.64793 0.838001 0)
(1.99346 0.674124 0)
(2.25728 0.442901 0)
(2.43237 0.24682 0)
(2.56027 -0.00132672 0)
(2.61265 -0.124412 0)
(2.64213 -0.220432 0)
(2.64524 -0.222602 0)
(2.6382 -0.194025 0)
(2.60596 -0.124508 0)
(2.61725 -0.0564066 0)
(2.35738 -0.333978 0)
(2.20698 -0.602106 0)
(1.60242 -0.17436 0)
(1.5873 -0.11449 0)
(1.65276 -0.135674 0)
(1.68826 -0.133192 0)
(1.70046 -0.112714 0)
(1.71363 -0.08734 0)
(1.72997 -0.0671332 0)
(1.75051 -0.0500727 0)
(1.77618 -0.034445 0)
(1.80683 -0.0182782 0)
(1.84006 -0.00166372 0)
(1.87378 0.0162802 0)
(1.90734 0.0316697 0)
(1.94152 0.0412382 0)
(1.97678 0.0462448 0)
(2.01159 0.049477 0)
(2.04428 0.0524486 0)
(2.07427 0.056258 0)
(2.10238 0.0591437 0)
(2.12921 0.0610938 0)
(2.15528 0.0611052 0)
(2.18105 0.0624684 0)
(2.20547 0.0659393 0)
(2.22739 0.0749975 0)
(2.24882 0.0844943 0)
(2.27268 0.0863018 0)
(2.3143 0.0851155 0)
(1.63057 0.830946 0)
(1.92 0.713435 0)
(2.20194 0.494962 0)
(2.34803 0.351755 0)
(2.50218 0.0962941 0)
(2.58152 -0.0543209 0)
(2.60389 -0.161202 0)
(2.64376 -0.20862 0)
(2.64731 -0.205265 0)
(2.63344 -0.162818 0)
(2.62872 -0.120794 0)
(2.2442 -0.458602 0)
(2.12155 -0.731094 0)
(1.73021 -0.297039 0)
(1.57783 -0.123999 0)
(1.65041 -0.122044 0)
(1.69799 -0.131119 0)
(1.72196 -0.119013 0)
(1.7362 -0.0952362 0)
(1.75391 -0.0684616 0)
(1.77216 -0.0457613 0)
(1.79375 -0.0298682 0)
(1.82136 -0.0185393 0)
(1.85425 -0.00582837 0)
(1.88969 0.013856 0)
(1.92462 0.0330926 0)
(1.95846 0.0481555 0)
(1.99188 0.0580688 0)
(2.02476 0.0640215 0)
(2.05583 0.0676497 0)
(2.08393 0.0711506 0)
(2.10794 0.0728399 0)
(2.13185 0.0740021 0)
(2.16036 0.0757894 0)
(2.19005 0.0760982 0)
(2.21678 0.0761304 0)
(2.2411 0.0811745 0)
(2.26474 0.092158 0)
(2.28633 0.101829 0)
(2.32493 0.105215 0)
(1.61535 0.837134 0)
(1.88269 0.725075 0)
(2.12906 0.562079 0)
(2.30148 0.392591 0)
(2.44615 0.169778 0)
(2.52038 0.0604167 0)
(2.59178 -0.142287 0)
(2.63275 -0.20718 0)
(2.65301 -0.19724 0)
(2.6475 -0.18817 0)
(2.57355 -0.25706 0)
(2.1638 -0.562228 0)
(2.07736 -0.765198 0)
(1.92869 -0.517755 0)
(1.61212 -0.147818 0)
(1.67723 -0.120515 0)
(1.71988 -0.121716 0)
(1.75237 -0.113025 0)
(1.76917 -0.0934335 0)
(1.7848 -0.06705 0)
(1.79882 -0.0445204 0)
(1.81646 -0.0267846 0)
(1.8403 -0.0139949 0)
(1.87192 -0.00150759 0)
(1.90788 0.0151774 0)
(1.94352 0.0323977 0)
(1.97751 0.0494692 0)
(2.0084 0.0645066 0)
(2.03824 0.0743477 0)
(2.06777 0.0788423 0)
(2.0949 0.0811775 0)
(2.11744 0.0826101 0)
(2.13894 0.0859237 0)
(2.16294 0.0893959 0)
(2.19045 0.0908127 0)
(2.22107 0.0906253 0)
(2.24962 0.0932957 0)
(2.27539 0.102311 0)
(2.29605 0.115023 0)
(2.32896 0.120808 0)
(1.60442 0.836803 0)
(1.84694 0.73864 0)
(2.09116 0.58764 0)
(2.24138 0.444851 0)
(2.39394 0.233476 0)
(2.48606 0.120001 0)
(2.55153 -0.037959 0)
(2.60432 -0.134347 0)
(2.65103 -0.18843 0)
(2.64249 -0.206964 0)
(2.44902 -0.434938 0)
(2.13366 -0.649522 0)
(2.04371 -0.764362 0)
(1.99879 -0.670983 0)
(1.78318 -0.271185 0)
(1.71581 -0.124659 0)
(1.7503 -0.118679 0)
(1.78571 -0.110686 0)
(1.80548 -0.0913226 0)
(1.81902 -0.0649029 0)
(1.82886 -0.0444375 0)
(1.84205 -0.0277515 0)
(1.86404 -0.013459 0)
(1.89529 0.00171503 0)
(1.92973 0.0212877 0)
(1.96444 0.0386208 0)
(1.99765 0.0541942 0)
(2.02574 0.0712345 0)
(2.05031 0.0851344 0)
(2.07513 0.0912225 0)
(2.10019 0.0933862 0)
(2.12399 0.0944812 0)
(2.14659 0.0989092 0)
(2.17065 0.102733 0)
(2.19843 0.104843 0)
(2.22839 0.105705 0)
(2.25742 0.108717 0)
(2.28444 0.11511 0)
(2.30494 0.124557 0)
(2.33425 0.129999 0)
(1.59417 0.827419 0)
(1.82016 0.737674 0)
(2.03954 0.620115 0)
(2.19679 0.470675 0)
(2.35672 0.2828 0)
(2.42416 0.200649 0)
(2.51826 0.00995889 0)
(2.58128 -0.0670767 0)
(2.64466 -0.164965 0)
(2.62357 -0.223484 0)
(2.30979 -0.583016 0)
(2.07221 -0.759026 0)
(2.03096 -0.756571 0)
(2.03306 -0.724555 0)
(1.9611 -0.470539 0)
(1.77474 -0.163154 0)
(1.78506 -0.102022 0)
(1.81321 -0.0973392 0)
(1.83456 -0.0817523 0)
(1.84906 -0.0570473 0)
(1.85769 -0.0363148 0)
(1.86739 -0.0187437 0)
(1.8876 -0.00211601 0)
(1.91832 0.0146431 0)
(1.95192 0.034279 0)
(1.98621 0.0484165 0)
(2.01838 0.0604158 0)
(2.04447 0.0749745 0)
(2.06567 0.0896191 0)
(2.08654 0.0980469 0)
(2.10948 0.10276 0)
(2.13323 0.105563 0)
(2.15702 0.110492 0)
(2.18083 0.115962 0)
(2.20688 0.120777 0)
(2.23614 0.123573 0)
(2.26639 0.127667 0)
(2.29438 0.131149 0)
(2.3135 0.135631 0)
(2.33811 0.13972 0)
(1.58831 0.816841 0)
(1.79856 0.73652 0)
(1.99969 0.638172 0)
(2.1605 0.49245 0)
(2.30652 0.355359 0)
(2.3845 0.242945 0)
(2.48144 0.0574955 0)
(2.53552 0.0257093 0)
(2.6209 -0.11169 0)
(2.56981 -0.24736 0)
(2.18549 -0.6738 0)
(2.06623 -0.814682 0)
(2.04164 -0.777584 0)
(2.06342 -0.751079 0)
(2.05901 -0.641906 0)
(1.89605 -0.277488 0)
(1.82759 -0.111397 0)
(1.83233 -0.0838164 0)
(1.84945 -0.0671156 0)
(1.87156 -0.0470477 0)
(1.88428 -0.027901 0)
(1.89406 -0.0143579 0)
(1.91294 0.00227138 0)
(1.94113 0.0256452 0)
(1.97262 0.0484062 0)
(2.00596 0.0627197 0)
(2.03746 0.0726641 0)
(2.06229 0.0822901 0)
(2.08124 0.0947784 0)
(2.09913 0.105102 0)
(2.12085 0.112104 0)
(2.14513 0.116521 0)
(2.1699 0.121713 0)
(2.19411 0.127504 0)
(2.21817 0.135673 0)
(2.24293 0.143437 0)
(2.26972 0.148451 0)
(2.29918 0.147287 0)
(2.32054 0.146378 0)
(2.34545 0.148724 0)
(1.58777 0.805789 0)
(1.78253 0.736845 0)
(1.9616 0.65466 0)
(2.12488 0.517639 0)
(2.27146 0.406003 0)
(2.35491 0.282855 0)
(2.45148 0.120156 0)
(2.51203 0.0910958 0)
(2.58376 -0.0777659 0)
(2.45402 -0.327458 0)
(2.11561 -0.681253 0)
(2.05802 -0.830626 0)
(2.05525 -0.807351 0)
(2.0781 -0.779347 0)
(2.09938 -0.72985 0)
(2.03854 -0.483114 0)
(1.91106 -0.166603 0)
(1.84143 -0.0738818 0)
(1.86572 -0.0646992 0)
(1.89223 -0.0421833 0)
(1.90827 -0.014037 0)
(1.9155 0.00217118 0)
(1.93266 0.0197857 0)
(1.95841 0.042227 0)
(1.98903 0.0611491 0)
(2.02213 0.0731407 0)
(2.05279 0.080643 0)
(2.07692 0.087653 0)
(2.09572 0.0977754 0)
(2.11365 0.109524 0)
(2.13434 0.121378 0)
(2.15789 0.12964 0)
(2.18253 0.137421 0)
(2.20639 0.144815 0)
(2.23022 0.153091 0)
(2.25506 0.159039 0)
(2.27992 0.162004 0)
(2.3034 0.159402 0)
(2.32138 0.158091 0)
(2.35023 0.161451 0)
(1.59073 0.802031 0)
(1.77035 0.741371 0)
(1.92912 0.667705 0)
(2.09789 0.537356 0)
(2.22045 0.455537 0)
(2.32886 0.312334 0)
(2.43065 0.183066 0)
(2.49891 0.159889 0)
(2.50859 -0.0356333 0)
(2.30417 -0.426704 0)
(2.06506 -0.691084 0)
(2.05099 -0.767133 0)
(2.07325 -0.783805 0)
(2.10154 -0.782829 0)
(2.12664 -0.765369 0)
(2.12843 -0.668065 0)
(2.02934 -0.311514 0)
(1.87549 -0.0933851 0)
(1.8885 -0.0577541 0)
(1.90797 -0.0330959 0)
(1.92495 0.000542688 0)
(1.93587 0.0180918 0)
(1.95288 0.0313487 0)
(1.97679 0.0487954 0)
(2.00518 0.0678905 0)
(2.03308 0.0826635 0)
(2.05973 0.0915987 0)
(2.08498 0.0980893 0)
(2.10733 0.106125 0)
(2.12778 0.116212 0)
(2.14973 0.129572 0)
(2.17353 0.141381 0)
(2.1981 0.152135 0)
(2.22165 0.16108 0)
(2.24479 0.168738 0)
(2.26698 0.172638 0)
(2.28832 0.174104 0)
(2.31057 0.169189 0)
(2.32873 0.168098 0)
(2.35783 0.174488 0)
(1.59882 0.800734 0)
(1.76254 0.749371 0)
(1.90745 0.674344 0)
(2.0708 0.563158 0)
(2.17798 0.48492 0)
(2.30435 0.333748 0)
(2.4032 0.258912 0)
(2.48993 0.200136 0)
(2.42854 -0.0338178 0)
(2.15914 -0.523397 0)
(2.03086 -0.705972 0)
(2.04583 -0.734715 0)
(2.07865 -0.76867 0)
(2.11516 -0.771078 0)
(2.14394 -0.763727 0)
(2.16765 -0.740237 0)
(2.13934 -0.547415 0)
(1.99045 -0.200037 0)
(1.92215 -0.0594659 0)
(1.91818 -0.0253603 0)
(1.93217 0.0120858 0)
(1.95028 0.0355965 0)
(1.96991 0.0488151 0)
(1.99513 0.0593497 0)
(2.02268 0.0721819 0)
(2.04817 0.0858046 0)
(2.0728 0.0969319 0)
(2.09676 0.106649 0)
(2.1195 0.116896 0)
(2.14131 0.128158 0)
(2.16413 0.143109 0)
(2.18759 0.15752 0)
(2.21115 0.17082 0)
(2.23424 0.179267 0)
(2.25668 0.183459 0)
(2.27738 0.184183 0)
(2.29781 0.183513 0)
(2.3188 0.178327 0)
(2.33762 0.18006 0)
(2.36862 0.188995 0)
(1.60732 0.809571 0)
(1.75635 0.76129 0)
(1.89302 0.679664 0)
(2.04724 0.590569 0)
(2.14501 0.504421 0)
(2.27213 0.369386 0)
(2.37552 0.331506 0)
(2.44247 0.216602 0)
(2.34539 -0.0876088 0)
(2.06991 -0.528073 0)
(2.03273 -0.682708 0)
(2.04289 -0.697079 0)
(2.07571 -0.713791 0)
(2.11581 -0.736625 0)
(2.15442 -0.752908 0)
(2.18979 -0.750524 0)
(2.20752 -0.696002 0)
(2.13103 -0.410201 0)
(1.99846 -0.108274 0)
(1.939 -0.0290339 0)
(1.95172 0.0151071 0)
(1.97472 0.0434006 0)
(1.99697 0.0574392 0)
(2.01997 0.0675498 0)
(2.04314 0.0797869 0)
(2.06541 0.0920579 0)
(2.08719 0.1053 0)
(2.10901 0.119286 0)
(2.13194 0.132787 0)
(2.15591 0.14395 0)
(2.18042 0.157074 0)
(2.20419 0.170242 0)
(2.22706 0.183224 0)
(2.24867 0.191188 0)
(2.26839 0.195415 0)
(2.28728 0.194989 0)
(2.30719 0.193079 0)
(2.32841 0.189007 0)
(2.34824 0.195209 0)
(2.38101 0.208014 0)
(1.61791 0.823552 0)
(1.75241 0.774309 0)
(1.88484 0.688285 0)
(2.02354 0.621214 0)
(2.12677 0.51828 0)
(2.25003 0.409653 0)
(2.35375 0.392043 0)
(2.37035 0.218028 0)
(2.19159 -0.201919 0)
(2.00793 -0.525711 0)
(2.01185 -0.630712 0)
(2.04478 -0.671398 0)
(2.082 -0.691431 0)
(2.12194 -0.71389 0)
(2.16227 -0.729239 0)
(2.20289 -0.735335 0)
(2.23593 -0.726251 0)
(2.23465 -0.62113 0)
(2.11305 -0.258048 0)
(1.9883 -0.0557747 0)
(1.98006 0.0177699 0)
(1.99545 0.0542811 0)
(2.0188 0.0688013 0)
(2.04145 0.0816825 0)
(2.06345 0.0940201 0)
(2.08489 0.103504 0)
(2.10562 0.115073 0)
(2.12639 0.130773 0)
(2.1491 0.147394 0)
(2.17301 0.160765 0)
(2.19731 0.173399 0)
(2.22031 0.184255 0)
(2.24092 0.195701 0)
(2.25919 0.203007 0)
(2.27682 0.207133 0)
(2.29543 0.206635 0)
(2.3162 0.205763 0)
(2.33837 0.205093 0)
(2.35923 0.216065 0)
(2.39471 0.229043 0)
(1.6247 0.845883 0)
(1.7478 0.790334 0)
(1.88029 0.708106 0)
(2.00006 0.649959 0)
(2.11607 0.541478 0)
(2.23195 0.469049 0)
(2.33444 0.433042 0)
(2.28382 0.174088 0)
(2.02264 -0.31708 0)
(1.96479 -0.527924 0)
(1.99221 -0.581941 0)
(2.04029 -0.630965 0)
(2.08224 -0.654158 0)
(2.12292 -0.671642 0)
(2.16622 -0.694412 0)
(2.21136 -0.715756 0)
(2.24718 -0.727242 0)
(2.27747 -0.697031 0)
(2.23587 -0.493617 0)
(2.10293 -0.143959 0)
(1.99945 0.00651353 0)
(2.02978 0.0556554 0)
(2.0479 0.0731898 0)
(2.06928 0.0912322 0)
(2.08823 0.109776 0)
(2.10698 0.121759 0)
(2.12682 0.132455 0)
(2.14658 0.146107 0)
(2.16822 0.162411 0)
(2.19177 0.174845 0)
(2.21588 0.184967 0)
(2.23788 0.192824 0)
(2.25698 0.20276 0)
(2.27346 0.210041 0)
(2.28961 0.216432 0)
(2.3067 0.219036 0)
(2.32704 0.221969 0)
(2.35027 0.227651 0)
(2.37264 0.240102 0)
(2.41032 0.251141 0)
(1.63185 0.866614 0)
(1.74516 0.808434 0)
(1.8791 0.737646 0)
(1.97911 0.676157 0)
(2.10507 0.573322 0)
(2.21303 0.5346 0)
(2.28763 0.423015 0)
(2.18746 0.0744762 0)
(1.94366 -0.339667 0)
(1.94857 -0.500248 0)
(1.98002 -0.547785 0)
(2.03084 -0.587626 0)
(2.08078 -0.623392 0)
(2.12745 -0.647657 0)
(2.17303 -0.663687 0)
(2.21653 -0.676983 0)
(2.2599 -0.693035 0)
(2.29748 -0.696908 0)
(2.31418 -0.635326 0)
(2.24059 -0.335254 0)
(2.08807 -0.0491314 0)
(2.07169 0.0535932 0)
(2.08242 0.0793179 0)
(2.09453 0.110109 0)
(2.11154 0.130694 0)
(2.13222 0.14157 0)
(2.15254 0.149998 0)
(2.17108 0.16055 0)
(2.19019 0.174163 0)
(2.21069 0.187018 0)
(2.23154 0.198183 0)
(2.25154 0.205595 0)
(2.27018 0.214512 0)
(2.2866 0.222148 0)
(2.30185 0.230897 0)
(2.31827 0.236524 0)
(2.33891 0.244617 0)
(2.36339 0.254953 0)
(2.38692 0.264856 0)
(2.42485 0.272105 0)
(1.63786 0.883779 0)
(1.749 0.824432 0)
(1.87377 0.771408 0)
(1.96756 0.696634 0)
(2.09461 0.606183 0)
(2.19152 0.582503 0)
(2.22235 0.389275 0)
(2.0222 -0.0733142 0)
(1.90419 -0.347542 0)
(1.92594 -0.443873 0)
(1.97614 -0.507914 0)
(2.02872 -0.552874 0)
(2.08132 -0.586929 0)
(2.13119 -0.611519 0)
(2.17903 -0.63051 0)
(2.22526 -0.648273 0)
(2.27042 -0.661883 0)
(2.31045 -0.676387 0)
(2.34898 -0.659558 0)
(2.34264 -0.540795 0)
(2.22052 -0.188469 0)
(2.11127 0.0202486 0)
(2.11944 0.0957172 0)
(2.12024 0.120812 0)
(2.13346 0.147402 0)
(2.15333 0.162953 0)
(2.17553 0.172038 0)
(2.19359 0.176619 0)
(2.2113 0.186505 0)
(2.23024 0.19716 0)
(2.24944 0.209023 0)
(2.26811 0.216846 0)
(2.2863 0.225772 0)
(2.30293 0.234193 0)
(2.31811 0.24717 0)
(2.33395 0.257698 0)
(2.35388 0.270697 0)
(2.37761 0.279455 0)
(2.40052 0.283327 0)
(2.43735 0.286685 0)
(1.64918 0.891361 0)
(1.75606 0.840789 0)
(1.86553 0.797226 0)
(1.96364 0.710083 0)
(2.08605 0.640516 0)
(2.17378 0.595201 0)
(2.13985 0.299829 0)
(1.89309 -0.168078 0)
(1.88253 -0.334734 0)
(1.91773 -0.405245 0)
(1.97602 -0.471905 0)
(2.02916 -0.516665 0)
(2.08224 -0.549988 0)
(2.13538 -0.576045 0)
(2.18656 -0.597039 0)
(2.23394 -0.610286 0)
(2.27841 -0.622803 0)
(2.32278 -0.635599 0)
(2.35764 -0.640446 0)
(2.39851 -0.612206 0)
(2.34989 -0.398913 0)
(2.21115 -0.0631129 0)
(2.15422 0.0817813 0)
(2.14962 0.13647 0)
(2.15286 0.162648 0)
(2.16977 0.181335 0)
(2.19102 0.192378 0)
(2.20913 0.195731 0)
(2.22911 0.200872 0)
(2.24791 0.209195 0)
(2.26711 0.221666 0)
(2.28552 0.231281 0)
(2.30279 0.242743 0)
(2.31833 0.253804 0)
(2.33392 0.270214 0)
(2.35121 0.282332 0)
(2.3699 0.295116 0)
(2.39014 0.299551 0)
(2.40956 0.298997 0)
(2.44387 0.296892 0)
(1.66183 0.900253 0)
(1.76666 0.855339 0)
(1.85909 0.804401 0)
(1.96393 0.70869 0)
(2.06334 0.677039 0)
(2.13352 0.552178 0)
(2.02478 0.149742 0)
(1.83981 -0.207379 0)
(1.86608 -0.308287 0)
(1.91413 -0.366915 0)
(1.97173 -0.425379 0)
(2.029 -0.474485 0)
(2.08601 -0.510435 0)
(2.14295 -0.540442 0)
(2.19671 -0.562833 0)
(2.24652 -0.58126 0)
(2.29121 -0.590504 0)
(2.33368 -0.597716 0)
(2.37716 -0.613046 0)
(2.41343 -0.602537 0)
(2.4275 -0.537038 0)
(2.34384 -0.235662 0)
(2.21743 0.036932 0)
(2.18226 0.139918 0)
(2.17724 0.169861 0)
(2.19124 0.189346 0)
(2.20949 0.205133 0)
(2.22871 0.213865 0)
(2.24391 0.219418 0)
(2.26227 0.225353 0)
(2.28434 0.23585 0)
(2.30422 0.247282 0)
(2.32061 0.262477 0)
(2.33483 0.276354 0)
(2.34997 0.294101 0)
(2.36647 0.302841 0)
(2.3854 0.310652 0)
(2.40466 0.309659 0)
(2.42311 0.310251 0)
(2.45049 0.305743 0)
(1.67802 0.907907 0)
(1.77021 0.871141 0)
(1.85528 0.79469 0)
(1.96546 0.719403 0)
(2.05486 0.700725 0)
(2.06455 0.469436 0)
(1.87739 0.0223674 0)
(1.82211 -0.179295 0)
(1.85887 -0.266705 0)
(1.91893 -0.339041 0)
(1.97736 -0.400291 0)
(2.03562 -0.443693 0)
(2.09443 -0.475868 0)
(2.15189 -0.50125 0)
(2.20667 -0.525235 0)
(2.25677 -0.542582 0)
(2.30221 -0.555547 0)
(2.3417 -0.558064 0)
(2.38156 -0.561522 0)
(2.41395 -0.57118 0)
(2.45958 -0.554213 0)
(2.44943 -0.433335 0)
(2.31169 -0.0640951 0)
(2.21614 0.133608 0)
(2.20511 0.174494 0)
(2.21033 0.197598 0)
(2.21822 0.217497 0)
(2.23138 0.233024 0)
(2.25326 0.240689 0)
(2.27756 0.24318 0)
(2.30086 0.253034 0)
(2.32041 0.267245 0)
(2.33457 0.286442 0)
(2.34575 0.302605 0)
(2.3577 0.317744 0)
(2.3745 0.32087 0)
(2.39283 0.32439 0)
(2.41153 0.316409 0)
(2.43004 0.321552 0)
(2.45466 0.315165 0)
(1.69038 0.921051 0)
(1.77256 0.875118 0)
(1.85823 0.783782 0)
(1.95672 0.748701 0)
(2.03582 0.673061 0)
(1.99725 0.346748 0)
(1.73463 -0.0763819 0)
(1.80181 -0.181474 0)
(1.85565 -0.239704 0)
(1.92212 -0.306891 0)
(1.98066 -0.360031 0)
(2.04065 -0.401314 0)
(2.10237 -0.435253 0)
(2.1624 -0.465843 0)
(2.21774 -0.490202 0)
(2.26789 -0.509422 0)
(2.31263 -0.520836 0)
(2.35193 -0.526595 0)
(2.38869 -0.52491 0)
(2.42964 -0.537367 0)
(2.45838 -0.536516 0)
(2.491 -0.498761 0)
(2.43391 -0.281527 0)
(2.2943 0.0535546 0)
(2.22823 0.176735 0)
(2.22677 0.20478 0)
(2.23347 0.230163 0)
(2.24082 0.253116 0)
(2.25414 0.261336 0)
(2.28081 0.264703 0)
(2.30981 0.274314 0)
(2.33144 0.288353 0)
(2.3461 0.306414 0)
(2.35766 0.318279 0)
(2.36912 0.32877 0)
(2.38212 0.326499 0)
(2.39778 0.330316 0)
(2.41743 0.329235 0)
(2.43761 0.341041 0)
(2.46124 0.322724 0)
(1.69577 0.931761 0)
(1.77451 0.868993 0)
(1.86767 0.790509 0)
(1.95124 0.778437 0)
(2.00153 0.623303 0)
(1.86648 0.202853 0)
(1.72533 -0.0522683 0)
(1.77768 -0.145243 0)
(1.85461 -0.212414 0)
(1.9276 -0.279363 0)
(1.99275 -0.335857 0)
(2.05498 -0.376799 0)
(2.11629 -0.409125 0)
(2.17424 -0.435853 0)
(2.22769 -0.458192 0)
(2.27601 -0.473851 0)
(2.31925 -0.485272 0)
(2.35807 -0.491878 0)
(2.39265 -0.48825 0)
(2.42787 -0.488639 0)
(2.46602 -0.496897 0)
(2.49788 -0.489788 0)
(2.49735 -0.411764 0)
(2.39056 -0.100049 0)
(2.29162 0.119547 0)
(2.25359 0.204102 0)
(2.23983 0.246339 0)
(2.24535 0.272146 0)
(2.26328 0.280342 0)
(2.28796 0.285154 0)
(2.31283 0.295519 0)
(2.3347 0.307499 0)
(2.35032 0.321981 0)
(2.36357 0.328177 0)
(2.37553 0.335117 0)
(2.38624 0.333954 0)
(2.4003 0.341367 0)
(2.41921 0.346521 0)
(2.43259 0.357279 0)
(2.45813 0.326568 0)
(1.69936 0.933097 0)
(1.77939 0.865862 0)
(1.87504 0.823426 0)
(1.95055 0.791254 0)
(1.93779 0.518608 0)
(1.70102 0.0753199 0)
(1.73438 -0.0631724 0)
(1.78895 -0.140688 0)
(1.8676 -0.207094 0)
(1.9389 -0.260454 0)
(2.00374 -0.303729 0)
(2.06522 -0.340889 0)
(2.12485 -0.373552 0)
(2.18143 -0.401922 0)
(2.23377 -0.424225 0)
(2.28103 -0.440192 0)
(2.32227 -0.450705 0)
(2.35965 -0.457263 0)
(2.39559 -0.456506 0)
(2.42951 -0.452782 0)
(2.46845 -0.460128 0)
(2.503 -0.464481 0)
(2.52081 -0.434028 0)
(2.49252 -0.299636 0)
(2.36501 0.0359208 0)
(2.26012 0.217791 0)
(2.24769 0.265758 0)
(2.25768 0.284337 0)
(2.28091 0.300137 0)
(2.30021 0.30991 0)
(2.31779 0.31585 0)
(2.3355 0.321654 0)
(2.35284 0.330877 0)
(2.36863 0.335113 0)
(2.38044 0.341514 0)
(2.39299 0.343153 0)
(2.40865 0.355727 0)
(2.42629 0.368254 0)
(2.44106 0.371281 0)
(2.43993 0.295525 0)
(1.72978 0.896767 0)
(1.78363 0.875049 0)
(1.89569 0.875775 0)
(1.94871 0.76774 0)
(1.8228 0.343225 0)
(1.67438 0.0600705 0)
(1.73367 -0.0373574 0)
(1.80275 -0.112645 0)
(1.8787 -0.184039 0)
(1.94767 -0.237598 0)
(2.01276 -0.279415 0)
(2.07386 -0.316487 0)
(2.13143 -0.348508 0)
(2.18617 -0.374455 0)
(2.23708 -0.393801 0)
(2.28241 -0.406577 0)
(2.32192 -0.415631 0)
(2.35854 -0.422711 0)
(2.39573 -0.423045 0)
(2.42983 -0.417235 0)
(2.45988 -0.410366 0)
(2.49884 -0.418565 0)
(2.51477 -0.421251 0)
(2.54161 -0.371466 0)
(2.47446 -0.15455 0)
(2.32542 0.133619 0)
(2.26677 0.262074 0)
(2.26835 0.29737 0)
(2.28675 0.315838 0)
(2.30487 0.327302 0)
(2.3207 0.336743 0)
(2.33761 0.341634 0)
(2.35689 0.347262 0)
(2.37418 0.34781 0)
(2.38778 0.353439 0)
(2.40208 0.356742 0)
(2.42193 0.373608 0)
(2.43399 0.387486 0)
(2.44911 0.375115 0)
(2.40624 0.23013 0)
(1.80659 0.801711 0)
(1.78466 0.902235 0)
(1.8966 0.920104 0)
(1.90207 0.68795 0)
(1.69284 0.214493 0)
(1.68385 0.0471625 0)
(1.737 -0.0329162 0)
(1.80903 -0.10557 0)
(1.88055 -0.168353 0)
(1.94876 -0.217929 0)
(2.01395 -0.257159 0)
(2.07371 -0.289348 0)
(2.12895 -0.316978 0)
(2.1822 -0.339156 0)
(2.23315 -0.356083 0)
(2.27969 -0.369853 0)
(2.32068 -0.381075 0)
(2.35852 -0.388997 0)
(2.39761 -0.39174 0)
(2.43557 -0.388159 0)
(2.46761 -0.380703 0)
(2.50134 -0.384556 0)
(2.53259 -0.389236 0)
(2.55558 -0.376128 0)
(2.54532 -0.288547 0)
(2.40158 0.0377335 0)
(2.30297 0.237514 0)
(2.29422 0.311969 0)
(2.29856 0.330827 0)
(2.30737 0.342101 0)
(2.3187 0.351968 0)
(2.33435 0.356043 0)
(2.35363 0.359708 0)
(2.37124 0.360411 0)
(2.38657 0.368989 0)
(2.40379 0.378389 0)
(2.41952 0.39622 0)
(2.43467 0.400527 0)
(2.43443 0.365312 0)
(2.34524 0.119036 0)
(1.89211 0.718584 0)
(1.78701 0.988573 0)
(1.8582 0.946807 0)
(1.7531 0.476106 0)
(1.60353 0.161593 0)
(1.66155 0.0574921 0)
(1.72758 -0.015046 0)
(1.79837 -0.0842856 0)
(1.86923 -0.143589 0)
(1.93901 -0.192653 0)
(2.00535 -0.234333 0)
(2.06799 -0.268054 0)
(2.12578 -0.293108 0)
(2.1798 -0.310674 0)
(2.23071 -0.323783 0)
(2.27691 -0.335347 0)
(2.31694 -0.34521 0)
(2.35351 -0.350437 0)
(2.39182 -0.351118 0)
(2.43198 -0.350088 0)
(2.46659 -0.344734 0)
(2.49312 -0.339183 0)
(2.53064 -0.346562 0)
(2.551 -0.35782 0)
(2.5854 -0.31731 0)
(2.53169 -0.158352 0)
(2.36567 0.190189 0)
(2.3131 0.320186 0)
(2.3106 0.346567 0)
(2.31857 0.359849 0)
(2.3287 0.374395 0)
(2.34159 0.378379 0)
(2.35809 0.379621 0)
(2.37662 0.377925 0)
(2.39548 0.38786 0)
(2.4167 0.402142 0)
(2.41572 0.414388 0)
(2.42985 0.396859 0)
(2.40132 0.286303 0)
(2.29371 0.0218401 0)
(2.10151 0.647739 0)
(1.77989 1.03722 0)
(1.78551 0.813844 0)
(1.51891 0.286146 0)
(1.53812 0.142524 0)
(1.62387 0.067181 0)
(1.70337 -0.0042535 0)
(1.77757 -0.0674688 0)
(1.85152 -0.119698 0)
(1.92558 -0.165873 0)
(1.99412 -0.209069 0)
(2.05735 -0.241639 0)
(2.11747 -0.261451 0)
(2.17216 -0.275023 0)
(2.22103 -0.286829 0)
(2.26621 -0.298181 0)
(2.31048 -0.308584 0)
(2.35349 -0.315038 0)
(2.39561 -0.316962 0)
(2.43626 -0.318928 0)
(2.47324 -0.316796 0)
(2.50277 -0.312923 0)
(2.53453 -0.31405 0)
(2.57465 -0.325344 0)
(2.59843 -0.311957 0)
(2.59152 -0.246155 0)
(2.48459 0.0247239 0)
(2.38486 0.258469 0)
(2.33175 0.35916 0)
(2.325 0.3834 0)
(2.33154 0.395645 0)
(2.34432 0.398981 0)
(2.36112 0.402221 0)
(2.37798 0.401551 0)
(2.39527 0.413481 0)
(2.41247 0.425418 0)
(2.41728 0.42018 0)
(2.40339 0.349169 0)
(2.32933 0.113967 0)
(2.25073 -0.0669713 0)
(2.62964 0.542092 0)
(1.88112 1.07228 0)
(1.61719 0.558009 0)
(1.38171 0.221694 0)
(1.49642 0.141774 0)
(1.59479 0.0742654 0)
(1.67332 0.00607835 0)
(1.75223 -0.0497583 0)
(1.83182 -0.0974354 0)
(1.9077 -0.138414 0)
(1.97792 -0.177051 0)
(2.04543 -0.210643 0)
(2.11111 -0.231905 0)
(2.16936 -0.244393 0)
(2.21755 -0.255987 0)
(2.26127 -0.26725 0)
(2.30767 -0.275462 0)
(2.35548 -0.279264 0)
(2.39855 -0.278225 0)
(2.43709 -0.278829 0)
(2.47142 -0.279706 0)
(2.49859 -0.278563 0)
(2.52402 -0.276192 0)
(2.56305 -0.278005 0)
(2.59461 -0.289612 0)
(2.62532 -0.253474 0)
(2.58615 -0.133326 0)
(2.44998 0.199957 0)
(2.35215 0.379032 0)
(2.3381 0.413697 0)
(2.33814 0.420038 0)
(2.34839 0.418456 0)
(2.36247 0.420811 0)
(2.37997 0.423953 0)
(2.39876 0.439862 0)
(2.4105 0.43502 0)
(2.40331 0.391119 0)
(2.34667 0.214969 0)
(2.27912 0.0200372 0)
(2.23923 -0.0661656 0)
(3.16371 0.204549 0)
(2.05855 1.05435 0)
(1.38138 0.388446 0)
(1.31916 0.183001 0)
(1.4678 0.134484 0)
(1.56661 0.0775242 0)
(1.64729 0.0142839 0)
(1.72899 -0.0355285 0)
(1.80938 -0.0793379 0)
(1.88763 -0.116864 0)
(1.96144 -0.147794 0)
(2.02799 -0.175467 0)
(2.08965 -0.196703 0)
(2.15107 -0.209225 0)
(2.20154 -0.220484 0)
(2.24443 -0.231773 0)
(2.28729 -0.237007 0)
(2.33683 -0.237844 0)
(2.38989 -0.23823 0)
(2.43677 -0.240947 0)
(2.47724 -0.246581 0)
(2.50965 -0.249372 0)
(2.5384 -0.250383 0)
(2.56892 -0.239472 0)
(2.61278 -0.2481 0)
(2.63452 -0.248418 0)
(2.63218 -0.194097 0)
(2.56534 0.0148863 0)
(2.43471 0.29562 0)
(2.35113 0.414012 0)
(2.34731 0.435493 0)
(2.36221 0.44064 0)
(2.37712 0.445852 0)
(2.3926 0.451045 0)
(2.40055 0.455466 0)
(2.40292 0.426514 0)
(2.36176 0.289802 0)
(2.26475 0.0261053 0)
(2.21472 -0.0625559 0)
(2.22569 -0.0716036 0)
(3.14049 0.00349957 0)
(2.28235 0.908047 0)
(1.3194 0.319167 0)
(1.32687 0.15499 0)
(1.46739 0.128018 0)
(1.54877 0.0812236 0)
(1.62777 0.0235041 0)
(1.71263 -0.0230798 0)
(1.79562 -0.0636474 0)
(1.87551 -0.0989878 0)
(1.95168 -0.123901 0)
(2.02289 -0.142067 0)
(2.09049 -0.160611 0)
(2.15066 -0.178054 0)
(2.2058 -0.19161 0)
(2.25208 -0.201728 0)
(2.29829 -0.203636 0)
(2.34778 -0.20057 0)
(2.39632 -0.202122 0)
(2.44332 -0.20912 0)
(2.48596 -0.214298 0)
(2.5233 -0.218928 0)
(2.5481 -0.217115 0)
(2.56912 -0.208593 0)
(2.59805 -0.203863 0)
(2.62613 -0.224348 0)
(2.65968 -0.195873 0)
(2.63853 -0.101597 0)
(2.49896 0.216556 0)
(2.40451 0.387396 0)
(2.37796 0.443917 0)
(2.37766 0.45738 0)
(2.38803 0.46093 0)
(2.40248 0.46672 0)
(2.40652 0.454989 0)
(2.3791 0.367551 0)
(2.28743 0.138983 0)
(2.24378 -0.0124055 0)
(2.2113 -0.0513735 0)
(2.22779 -0.0561047 0)
(3.01086 0.000406094 0)
(2.42905 0.594322 0)
(1.34863 0.242561 0)
(1.36907 0.176026 0)
(1.48144 0.137376 0)
(1.54102 0.0837417 0)
(1.6209 0.0349365 0)
(1.70727 -0.0118954 0)
(1.79166 -0.0510044 0)
(1.87139 -0.08156 0)
(1.9499 -0.10365 0)
(2.02421 -0.115771 0)
(2.08791 -0.125386 0)
(2.14022 -0.147068 0)
(2.18794 -0.165642 0)
(2.24125 -0.166804 0)
(2.29616 -0.162807 0)
(2.34633 -0.162207 0)
(2.39112 -0.168872 0)
(2.43233 -0.178286 0)
(2.47056 -0.184612 0)
(2.51037 -0.182274 0)
(2.54826 -0.18223 0)
(2.5795 -0.179108 0)
(2.60654 -0.167635 0)
(2.64147 -0.178843 0)
(2.6647 -0.183257 0)
(2.68027 -0.138041 0)
(2.62504 0.0317871 0)
(2.47706 0.346292 0)
(2.39616 0.46362 0)
(2.3973 0.478062 0)
(2.40529 0.492379 0)
(2.41387 0.478106 0)
(2.40078 0.433013 0)
(2.32626 0.236956 0)
(2.20086 -0.0246849 0)
(2.21135 -0.053683 0)
(2.22565 -0.0474197 0)
(2.25172 -0.046948 0)
(3.00076 -0.00034314 0)
(2.28462 0.0566876 0)
(1.29342 0.164515 0)
(1.37422 0.184108 0)
(1.48259 0.144649 0)
(1.53829 0.0864534 0)
(1.61516 0.0467031 0)
(1.69867 -7.91184e-06 0)
(1.78029 -0.0361735 0)
(1.86194 -0.0586764 0)
(1.93951 -0.076957 0)
(2.00958 -0.0920232 0)
(2.07101 -0.10845 0)
(2.12763 -0.121893 0)
(2.18771 -0.12891 0)
(2.24659 -0.130896 0)
(2.3058 -0.13105 0)
(2.35917 -0.133594 0)
(2.40295 -0.134503 0)
(2.44039 -0.138709 0)
(2.47875 -0.141987 0)
(2.51703 -0.143566 0)
(2.55741 -0.149306 0)
(2.59052 -0.151883 0)
(2.61798 -0.139525 0)
(2.64561 -0.136069 0)
(2.66228 -0.157644 0)
(2.69716 -0.128829 0)
(2.68193 -0.0593037 0)
(2.57109 0.210791 0)
(2.46673 0.409894 0)
(2.42634 0.490081 0)
(2.41562 0.506689 0)
(2.41501 0.486429 0)
(2.37217 0.352868 0)
(2.26383 0.0998212 0)
(2.22508 -0.0289906 0)
(2.23263 -0.0521486 0)
(2.2487 -0.0421394 0)
(2.27388 -0.0341469 0)
(3.00019 -0.000243329 0)
(1.79319 -0.151286 0)
(1.06979 0.151135 0)
(1.27704 0.206667 0)
(1.42079 0.152384 0)
(1.50017 0.0934835 0)
(1.58138 0.0500984 0)
(1.66187 0.00879799 0)
(1.74131 -0.0250178 0)
(1.82354 -0.0482414 0)
(1.90245 -0.0631498 0)
(1.97704 -0.0751671 0)
(2.04581 -0.0884839 0)
(2.10991 -0.0957198 0)
(2.17179 -0.0962437 0)
(2.23483 -0.09527 0)
(2.29382 -0.0964914 0)
(2.34498 -0.101887 0)
(2.38876 -0.105695 0)
(2.42913 -0.108239 0)
(2.46776 -0.107604 0)
(2.50919 -0.108608 0)
(2.54804 -0.116045 0)
(2.57938 -0.121079 0)
(2.6074 -0.114757 0)
(2.63849 -0.103768 0)
(2.67529 -0.116393 0)
(2.6966 -0.118058 0)
(2.70693 -0.0874754 0)
(2.66459 0.0607238 0)
(2.52909 0.377636 0)
(2.4278 0.534509 0)
(2.43138 0.530196 0)
(2.40732 0.436721 0)
(2.32117 0.169828 0)
(2.24826 0.00314233 0)
(2.24641 -0.0449306 0)
(2.25329 -0.0409747 0)
(2.26534 -0.0284996 0)
(2.28791 -0.0235674 0)
(3.00006 -0.000145836 0)
(1.38522 -0.180207 0)
(0.817778 0.0660957 0)
(1.03765 0.137855 0)
(1.251 0.127565 0)
(1.38021 0.0966738 0)
(1.49094 0.0579356 0)
(1.58811 0.0268302 0)
(1.68252 0.00284406 0)
(1.77366 -0.01588 0)
(1.85793 -0.0344454 0)
(1.93683 -0.0547545 0)
(2.01073 -0.0694816 0)
(2.08123 -0.0729862 0)
(2.15035 -0.0694401 0)
(2.21619 -0.0661146 0)
(2.27596 -0.0672735 0)
(2.32942 -0.0713884 0)
(2.37904 -0.0744222 0)
(2.42634 -0.0755796 0)
(2.4699 -0.0748483 0)
(2.50907 -0.0760819 0)
(2.5453 -0.0820289 0)
(2.57904 -0.0852203 0)
(2.60686 -0.0820906 0)
(2.6356 -0.0732874 0)
(2.66636 -0.0761492 0)
(2.69872 -0.0856996 0)
(2.72181 -0.07895 0)
(2.7158 -0.00707223 0)
(2.66971 0.20369 0)
(2.46404 0.499952 0)
(2.43061 0.490282 0)
(2.3734 0.300617 0)
(2.29835 0.0859774 0)
(2.25679 -0.00348278 0)
(2.25402 -0.0249646 0)
(2.26049 -0.0215379 0)
(2.26864 -0.0159335 0)
(2.29018 -0.0156569 0)
(3.00004 -1.65389e-05 0)
(1.20825 -0.118053 0)
(0.676518 0.0335345 0)
(0.802232 0.0835749 0)
(1.0301 0.0939966 0)
(1.20962 0.0608576 0)
(1.36963 0.0264565 0)
(1.50415 0.0122355 0)
(1.62611 -0.00341104 0)
(1.72537 -0.0143553 0)
(1.81775 -0.0295026 0)
(1.90077 -0.0430938 0)
(1.97907 -0.0487194 0)
(2.0566 -0.0460202 0)
(2.1314 -0.0408093 0)
(2.19936 -0.0379445 0)
(2.2594 -0.0396506 0)
(2.31467 -0.0429395 0)
(2.36727 -0.0451526 0)
(2.4165 -0.0458984 0)
(2.46157 -0.0456138 0)
(2.50435 -0.0452548 0)
(2.54417 -0.0473557 0)
(2.57761 -0.0507824 0)
(2.61549 -0.0503223 0)
(2.64536 -0.0443552 0)
(2.67152 -0.0406959 0)
(2.70656 -0.0493881 0)
(2.72974 -0.0536453 0)
(2.75883 0.0003734 0)
(2.73164 0.107689 0)
(2.53907 0.386591 0)
(2.41541 0.355448 0)
(2.24959 0.0678994 0)
(2.20643 -0.00566549 0)
(2.23798 -0.0127597 0)
(2.25158 -0.0156362 0)
(2.26031 -0.0080202 0)
(2.2693 -0.0061775 0)
(2.29235 -0.00695177 0)
(3.00004 3.56639e-06 0)
(1.18388 -0.0291979 0)
(0.635091 0.00392313 0)
(0.697095 0.030453 0)
(0.896715 0.0515593 0)
(1.1056 0.0496802 0)
(1.30352 0.0358 0)
(1.46444 0.0175972 0)
(1.60267 -0.00163706 0)
(1.70123 -0.00702481 0)
(1.7971 -0.0109365 0)
(1.8859 -0.0133416 0)
(1.96895 -0.0140003 0)
(2.04802 -0.0133981 0)
(2.12118 -0.0125521 0)
(2.18786 -0.012454 0)
(2.24943 -0.0129052 0)
(2.30801 -0.0135303 0)
(2.36381 -0.0139756 0)
(2.41526 -0.0141908 0)
(2.46164 -0.0143197 0)
(2.50445 -0.0142339 0)
(2.54601 -0.0151799 0)
(2.58371 -0.0161434 0)
(2.61038 -0.0198703 0)
(2.63588 -0.0222248 0)
(2.66026 -0.0244051 0)
(2.69027 -0.022585 0)
(2.71522 -0.0398006 0)
(2.76239 -0.0119434 0)
(2.74538 0.0156301 0)
(2.56517 0.11947 0)
(2.3687 0.184809 0)
(2.23155 0.108569 0)
(2.19426 0.0234747 0)
(2.22633 -0.0010761 0)
(2.24732 -0.00609922 0)
(2.25547 -0.00566834 0)
(2.26625 -0.00475701 0)
(2.28927 -0.00603952 0)
)
;

boundaryField
{
    inlet
    {
        type            fixedValue;
        value           uniform (3 0 0);
    }
    outlet
    {
        type            inletOutlet;
        inletValue      uniform (3 0 0);
        value           nonuniform List<vector> 
40
(
(2.18542 0.00416964 0)
(2.18957 0.0093259 0)
(2.194 0.024619 0)
(2.21123 0.0234407 0)
(2.23547 0.0397793 0)
(2.26479 0.0527768 0)
(2.29196 0.0726518 0)
(2.3143 0.0851155 0)
(2.32493 0.105215 0)
(2.32896 0.120808 0)
(2.33425 0.129999 0)
(2.33811 0.13972 0)
(2.34545 0.148724 0)
(2.35023 0.161451 0)
(2.35783 0.174488 0)
(2.36862 0.188995 0)
(2.38101 0.208014 0)
(2.39471 0.229043 0)
(2.41032 0.251141 0)
(2.42485 0.272105 0)
(2.43735 0.286685 0)
(2.44387 0.296892 0)
(2.45049 0.305743 0)
(2.45466 0.315165 0)
(2.46124 0.322724 0)
(2.45813 0.326568 0)
(2.43993 0.295525 0)
(2.40624 0.23013 0)
(2.34524 0.119036 0)
(2.29371 0.0218401 0)
(2.25073 -0.0669713 0)
(2.23923 -0.0661656 0)
(2.22569 -0.0716036 0)
(2.22779 -0.0561047 0)
(2.25172 -0.046948 0)
(2.27388 -0.0341469 0)
(2.28791 -0.0235674 0)
(2.29018 -0.0156569 0)
(2.29235 -0.00695177 0)
(2.28927 -0.00603952 0)
)
;
    }
    top
    {
        type            symmetryPlane;
    }
    bottom
    {
        type            symmetryPlane;
    }
    step
    {
        type            slip;
    }
    defaultFaces
    {
        type            empty;
    }
}


// ************************************************************************* //
