/*--------------------------------*- C++ -*----------------------------------*\
  =========                 |
  \\      /  F ield         | OpenFOAM: The Open Source CFD Toolbox
   \\    /   O peration     | Website:  https://openfoam.org
    \\  /    A nd           | Version:  6.0
     \\/     M anipulation  |
\*---------------------------------------------------------------------------*/
FoamFile
{
    version     2.0;
    format      ascii;
    class       surfaceScalarField;
    location    "1";
    object      phi;
}
// * * * * * * * * * * * * * * * * * * * * * * * * * * * * * * * * * * * * * //

dimensions      [1 0 -1 0 0 0 0];

internalField   nonuniform List<scalar> 
5280
(
0.00279994
-2.72912e-14
0.00279994
-1.70171e-13
0.00279994
-5.70924e-13
0.00279994
-1.5483e-12
0.00279994
-3.80544e-12
0.00279994
-8.89545e-12
0.00279994
-2.02652e-11
0.00279994
-4.55944e-11
0.00279994
-1.02036e-10
0.00279994
-2.2796e-10
0.00279994
-5.09295e-10
0.00279994
-1.13881e-09
0.00279994
-2.55046e-09
0.00279994
-5.72903e-09
0.00279995
-1.29489e-08
0.00279998
-2.96568e-08
0.00280004
-6.98444e-08
0.00280022
-1.73882e-07
0.00280071
-4.79275e-07
0.00280271
-1.60272e-06
0.00281027
-7.82721e-06
0.00268543
7.96052e-05
0.00246849
0.00019484
0.00219312
0.000256036
0.00182815
0.000335349
0.00137891
0.000412982
0.000877872
0.000398424
0.000644626
0.000241159
0.000300688
0.000360219
0.000303813
0.00279994
-5.41631e-14
0.00279994
-3.3735e-13
0.00279994
-1.13005e-12
0.00279994
-3.05806e-12
0.00279994
-7.49807e-12
0.00279994
-1.74828e-11
0.00279994
-3.9724e-11
0.00279994
-8.91335e-11
0.00279994
-1.98925e-10
0.00279994
-4.43199e-10
0.00279994
-9.87483e-10
0.00279994
-2.2022e-09
0.00279994
-4.91916e-09
0.00279994
-1.10208e-08
0.00279995
-2.48396e-08
0.00279997
-5.66997e-08
0.00280003
-1.32913e-07
0.00280019
-3.28289e-07
0.00280061
-8.90093e-07
0.00280233
-2.90618e-06
0.0028093
-1.50661e-05
0.00266858
0.00017578
0.00244767
0.000393444
0.00216783
0.000516556
0.00180527
0.000668264
0.00138
0.000803622
0.000873857
0.000803952
0.000631984
0.000490489
0.000339783
0.00066983
0.000647784
0.00279994
-8.01937e-14
0.00279994
-4.98776e-13
0.00279994
-1.66689e-12
0.00279994
-4.49618e-12
0.00279994
-1.09839e-11
0.00279994
-2.55125e-11
0.00279994
-5.77412e-11
0.00279994
-1.29043e-10
0.00279994
-2.8684e-10
0.00279994
-6.36556e-10
0.00279994
-1.41296e-09
0.00279994
-3.13993e-09
0.00279994
-6.99108e-09
0.00279994
-1.56164e-08
0.00279995
-3.51016e-08
0.00279997
-7.99129e-08
0.00280002
-1.86791e-07
0.00280015
-4.59582e-07
0.00280052
-1.23749e-06
0.00280205
-4.00623e-06
0.0028081
-2.13592e-05
0.00265222
0.000287847
0.00243158
0.000592617
0.00214613
0.000782557
0.00179082
0.000993129
0.00138561
0.00117552
0.000913541
0.00117952
0.000640117
0.000771174
0.000361277
0.000969276
0.00101459
0.00279994
-1.0494e-13
0.00279994
-6.51568e-13
0.00279994
-2.1713e-12
0.00279994
-5.83321e-12
0.00279994
-1.41853e-11
0.00279994
-3.27913e-11
0.00279994
-7.38531e-11
0.00279994
-1.64237e-10
0.00279994
-3.63278e-10
0.00279994
-8.02351e-10
0.00279994
-1.77299e-09
0.00279994
-3.92398e-09
0.00279994
-8.70564e-09
0.00279994
-1.9388e-08
0.00279994
-4.34738e-08
0.00279996
-9.8787e-08
0.0028
-2.30565e-07
0.00280011
-5.66463e-07
0.00280042
-1.52173e-06
0.00280178
-4.91394e-06
0.00280676
-2.65603e-05
0.00263819
0.000413301
0.00241694
0.000793623
0.00212898
0.00105146
0.0017841
0.00130744
0.00139799
0.00152773
0.000972292
0.00151521
0.000654844
0.0010983
0.000374321
0.00127813
0.00139773
0.00279994
-1.27787e-13
0.00279994
-7.91996e-13
0.00279994
-2.63117e-12
0.00279994
-7.03749e-12
0.00279994
-1.70272e-11
0.00279994
-3.9151e-11
0.00279994
-8.76942e-11
0.00279994
-1.93935e-10
0.00279994
-4.26594e-10
0.00279994
-9.37119e-10
0.00279994
-2.0603e-09
0.00279994
-4.53892e-09
0.00279994
-1.00298e-08
0.00279994
-2.22639e-08
0.00279994
-4.97967e-08
0.00279995
-1.12954e-07
0.00279997
-2.63337e-07
0.00280006
-6.46518e-07
0.0028003
-1.73493e-06
0.00280147
-5.60255e-06
0.00280542
-3.07555e-05
0.00262823
0.000548018
0.00240018
0.00100229
0.00211574
0.00131859
0.00178483
0.00160878
0.00140963
0.00186556
0.0010139
0.00182902
0.000672085
0.00145079
0.000374751
0.00160878
0.00178194
0.00279994
-1.47923e-13
0.00279994
-9.15187e-13
0.00279994
-3.03133e-12
0.00279994
-8.07206e-12
0.00279994
-1.94306e-11
0.00279994
-4.44349e-11
0.00279994
-9.89731e-11
0.00279994
-2.1763e-10
0.00279994
-4.7597e-10
0.00279994
-1.0397e-09
0.00279994
-2.27362e-09
0.00279994
-4.98441e-09
0.00279994
-1.09672e-08
0.00279993
-2.42588e-08
0.00279993
-5.41121e-08
0.00279993
-1.22517e-07
0.00279995
-2.85345e-07
0.0028
-7.00337e-07
0.00280016
-1.87911e-06
0.00280113
-6.08178e-06
0.00280405
-3.39722e-05
0.0026208
0.000689119
0.00238276
0.00122226
0.00210729
0.00157905
0.00178595
0.00189987
0.00142022
0.00218865
0.00102912
0.00214834
0.000671226
0.00181815
0.000357125
0.00195849
0.00214879
0.00279994
-1.64319e-13
0.00279994
-1.01502e-12
0.00279994
-3.35298e-12
0.00279994
-8.89302e-12
0.00279994
-2.13069e-11
0.00279994
-4.84832e-11
0.00279994
-1.07432e-10
0.00279994
-2.34974e-10
0.00279994
-5.11126e-10
0.00279994
-1.11049e-09
0.00279994
-2.41576e-09
0.00279994
-5.27025e-09
0.00279993
-1.15456e-08
0.00279993
-2.54433e-08
0.00279993
-5.65865e-08
0.00279992
-1.27847e-07
0.00279991
-2.9739e-07
0.00279993
-7.29606e-07
0.0028
-1.95762e-06
0.00280077
-6.35744e-06
0.00280257
-3.62104e-05
0.00261235
0.000837352
0.002369
0.0014489
0.00210085
0.00183263
0.00178504
0.00218486
0.00143216
0.00249503
0.00104039
0.00247714
0.00066816
0.00219842
0.000345574
0.00232084
0.0025052
0.00279994
-1.7579e-13
0.00279994
-1.08451e-12
0.00279994
-3.57484e-12
0.00279994
-9.45129e-12
0.00279994
-2.256e-11
0.00279994
-5.11287e-11
0.00279994
-1.12819e-10
0.00279994
-2.45678e-10
0.00279994
-5.3199e-10
0.00279994
-1.15048e-09
0.00279994
-2.49124e-09
0.00279994
-5.41068e-09
0.00279993
-1.18038e-08
0.00279993
-2.59146e-08
0.00279992
-5.74501e-08
0.0027999
-1.29471e-07
0.00279987
-3.00644e-07
0.00279984
-7.36939e-07
0.00279982
-1.97662e-06
0.00280039
-6.44301e-06
0.00280095
-3.74227e-05
0.00260335
0.000992803
0.0023587
0.00167778
0.00209473
0.00208119
0.00178243
0.0024659
0.00144061
0.00278997
0.00104113
0.00281579
0.000668101
0.00257871
0.00033792
0.00269358
0.00285493
0.00279994
-1.81175e-13
0.00279994
-1.11673e-12
0.00279994
-3.67575e-12
0.00279994
-9.6981e-12
0.00279994
-2.30936e-11
0.00279994
-5.22029e-11
0.00279994
-1.14872e-10
0.00279994
-2.49409e-10
0.00279994
-5.38348e-10
0.00279994
-1.16025e-09
0.00279994
-2.50334e-09
0.00279993
-5.41674e-09
0.00279993
-1.17729e-08
0.00279992
-2.57534e-08
0.00279991
-5.69005e-08
0.00279988
-1.27853e-07
0.00279983
-2.96185e-07
0.00279976
-7.24858e-07
0.00279963
-1.94237e-06
0.00279999
-6.35337e-06
0.00279916
-3.75434e-05
0.00259411
0.00115512
0.00235176
0.0019048
0.00208849
0.00232688
0.00177949
0.00274312
0.0014481
0.0030737
0.00105189
0.00314889
0.000679546
0.00295999
0.000338301
0.00308291
0.00320457
0.00279994
-1.79529e-13
0.00279994
-1.10609e-12
0.00279994
-3.63851e-12
0.00279994
-9.59299e-12
0.00279994
-2.28253e-11
0.00279994
-5.15511e-11
0.00279994
-1.13321e-10
0.00279994
-2.45727e-10
0.00279994
-5.29548e-10
0.00279994
-1.13901e-09
0.00279994
-2.45159e-09
0.00279993
-5.28988e-09
0.00279993
-1.1461e-08
0.00279992
-2.49861e-08
0.0027999
-5.50121e-08
0.00279986
-1.23186e-07
0.00279979
-2.84488e-07
0.00279967
-6.94476e-07
0.00279943
-1.85722e-06
0.00279956
-6.09313e-06
0.00279728
-3.65613e-05
0.00258509
0.00132366
0.00234796
0.00212635
0.00208219
0.00257321
0.00177625
0.00301729
0.00145257
0.00335086
0.00107061
0.00346975
0.000699586
0.00334267
0.000347085
0.00348599
0.00355836
0.00279994
-1.70367e-13
0.00279994
-1.04964e-12
0.00279994
-3.4536e-12
0.00279994
-9.11155e-12
0.00279994
-2.16985e-11
0.00279994
-4.90483e-11
0.00279994
-1.07894e-10
0.00279994
-2.34053e-10
0.00279994
-5.04374e-10
0.00279994
-1.08423e-09
0.00279994
-2.33088e-09
0.00279993
-5.02004e-09
0.00279993
-1.0849e-08
0.00279992
-2.35784e-08
0.00279989
-5.17274e-08
0.00279985
-1.15384e-07
0.00279975
-2.65437e-07
0.00279958
-6.4566e-07
0.00279923
-1.72093e-06
0.00279912
-5.66333e-06
0.00279545
-3.45528e-05
0.0025785
0.00149575
0.00234333
0.00234508
0.00207688
0.00281879
0.00177467
0.00328795
0.0014566
0.00362415
0.00108365
0.00378278
0.000715503
0.00371564
0.000357575
0.00389032
0.00391915
0.00279994
-1.53716e-13
0.00279994
-9.47359e-13
0.00279994
-3.12001e-12
0.00279994
-8.2468e-12
0.00279994
-1.96841e-11
0.00279994
-4.45984e-11
0.00279994
-9.83166e-11
0.00279994
-2.13663e-10
0.00279994
-4.61044e-10
0.00279994
-9.91776e-10
0.00279994
-2.13197e-09
0.00279993
-4.58739e-09
0.00279993
-9.89586e-09
0.00279992
-2.14482e-08
0.00279989
-4.68872e-08
0.00279983
-1.04148e-07
0.00279972
-2.38492e-07
0.0027995
-5.77474e-07
0.00279904
-1.53205e-06
0.00279869
-5.06477e-06
0.00279372
-3.15837e-05
0.00257368
0.00166961
0.0023386
0.00256284
0.00207274
0.00306285
0.00177488
0.0035543
0.00146128
0.00389391
0.00109472
0.00408953
0.000729918
0.00407777
0.000367633
0.00429585
0.00429146
0.00279994
-1.2983e-13
0.00279994
-8.00693e-13
0.00279994
-2.6413e-12
0.00279994
-7.00162e-12
0.00279994
-1.67686e-11
0.00279994
-3.81227e-11
0.00279994
-8.43125e-11
0.00279994
-1.83763e-10
0.00279994
-3.97501e-10
0.00279994
-8.56649e-10
0.00279994
-1.84333e-09
0.00279993
-3.96622e-09
0.00279993
-8.54559e-09
0.00279991
-1.84762e-08
0.00279988
-4.02415e-08
0.00279982
-8.89632e-08
0.00279969
-2.02617e-07
0.00279943
-4.87863e-07
0.00279888
-1.28659e-06
0.00279826
-4.29181e-06
0.0027921
-2.76853e-05
0.00256992
0.0018445
0.00233471
0.00277985
0.00206929
0.00330573
0.00177654
0.0038154
0.00146685
0.00416002
0.00110561
0.00438996
0.000744227
0.00443117
0.000377825
0.00470496
0.00467731
0.00279994
-9.8881e-14
0.00279994
-6.10805e-13
0.00279994
-2.02114e-12
0.00279994
-5.38107e-12
0.00279994
-1.2948e-11
0.00279994
-2.95711e-11
0.00279994
-6.5681e-11
0.00279994
-1.43726e-10
0.00279994
-3.11998e-10
0.00279994
-6.74299e-10
0.00279994
-1.45361e-09
0.00279993
-3.12916e-09
0.00279993
-6.73457e-09
0.00279991
-1.45197e-08
0.00279988
-3.14839e-08
0.00279981
-6.9197e-08
0.00279967
-1.56517e-07
0.00279938
-3.73997e-07
0.00279873
-9.75222e-07
0.00279784
-3.3062e-06
0.00279061
-2.28982e-05
0.00256754
0.0020196
0.00233037
0.00299805
0.00206757
0.00354563
0.0017796
0.0040717
0.00147318
0.00442287
0.00111742
0.00468439
0.000759252
0.00477781
0.000388635
0.0051181
0.0050815
0.00279994
-6.09849e-14
0.00279994
-3.78677e-13
0.00279994
-1.26316e-12
0.00279994
-3.393e-12
0.00279994
-8.23164e-12
0.00279994
-1.89361e-11
0.00279994
-4.23307e-11
0.00279994
-9.31698e-11
0.00279994
-2.03297e-10
0.00279994
-4.41229e-10
0.00279994
-9.53946e-10
0.00279993
-2.05616e-09
0.00279993
-4.4226e-09
0.00279991
-9.5108e-09
0.00279988
-2.05284e-08
0.00279981
-4.48273e-08
0.00279966
-1.00497e-07
0.00279935
-2.38304e-07
0.00279868
-6.11057e-07
0.00279725
-2.14746e-06
0.00278923
-1.71955e-05
0.00256626
0.00219443
0.00232628
0.00321866
0.00206576
0.00378278
0.00178404
0.00432165
0.00148096
0.00468191
0.00112964
0.00497167
0.000772921
0.0051198
0.000398611
0.00553724
0.00550383
0.00279994
-1.62649e-14
0.00279994
-1.04807e-13
0.00279994
-3.67934e-13
0.00279994
-1.03507e-12
0.00279994
-2.60233e-12
0.00279994
-6.14869e-12
0.00279994
-1.40421e-11
0.00279994
-3.15008e-11
0.00279994
-7.0014e-11
0.00279994
-1.54787e-10
0.00279994
-3.40851e-10
0.00279993
-7.47753e-10
0.00279993
-1.63429e-09
0.00279991
-3.56185e-09
0.00279988
-7.7671e-09
0.00279981
-1.70964e-08
0.00279966
-3.86798e-08
0.00279933
-9.32276e-08
0.00279866
-2.47939e-07
0.00279673
-9.59861e-07
0.00278757
-1.0334e-05
0.00256417
0.00237026
0.00232423
0.00343931
0.00206528
0.0040181
0.00178904
0.00456608
0.00148871
0.00493765
0.00114267
0.00525182
0.000788565
0.00545811
0.000410195
0.0059632
0.0059434
0.00279994
3.60425e-14
0.00279994
2.15745e-13
0.00279994
6.8182e-13
0.00279994
1.74121e-12
0.00279994
4.0632e-12
0.00279994
9.0905e-12
0.00279994
1.99024e-11
0.00279994
4.30337e-11
0.00279994
9.23239e-11
0.00279994
1.97091e-10
0.00279994
4.19556e-10
0.00279993
8.92245e-10
0.00279993
1.8991e-09
0.00279991
4.05476e-09
0.00279988
8.71204e-09
0.0027998
1.89339e-08
0.00279964
4.194e-08
0.00279928
9.57728e-08
0.00279851
2.27891e-07
0.00279641
4.22297e-07
0.00278622
-2.41532e-06
0.00256301
0.00254713
0.00232146
0.003662
0.00206547
0.00425045
0.00179561
0.004804
0.00149837
0.00519001
0.00115195
0.00552982
0.000798421
0.00579241
0.000419967
0.00639044
0.00640435
0.00279994
9.78447e-14
0.00279994
5.94406e-13
0.00279994
1.9223e-12
0.00279994
5.02766e-12
0.00279994
1.19751e-11
0.00279994
2.72393e-11
0.00279994
6.04766e-11
0.00279994
1.32474e-10
0.00279994
2.87911e-10
0.00279994
6.22759e-10
0.00279994
1.34315e-09
0.00279993
2.89231e-09
0.00279992
6.22611e-09
0.00279991
1.3421e-08
0.00279987
2.90582e-08
0.00279979
6.35649e-08
0.00279962
1.42034e-07
0.00279923
3.30297e-07
0.00279837
8.19467e-07
0.00279602
2.08136e-06
0.0027845
6.98107e-06
0.00256139
0.00272565
0.0023206
0.00388443
0.00206671
0.00448074
0.00180251
0.00503643
0.00150637
0.00544196
0.00116389
0.00580284
0.000810973
0.00612345
0.000430832
0.00682261
0.00687217
0.00279994
1.71346e-13
0.00279994
1.04467e-12
0.00279994
3.3973e-12
0.00279994
8.93664e-12
0.00279994
2.13912e-11
0.00279994
4.88567e-11
0.00279994
1.08858e-10
0.00279994
2.39263e-10
0.00279994
5.21801e-10
0.00279994
1.1327e-09
0.00279993
2.45184e-09
0.00279993
5.2985e-09
0.00279992
1.14445e-08
0.00279991
2.47481e-08
0.00279987
5.37451e-08
0.00279978
1.17944e-07
0.00279959
2.64683e-07
0.00279916
6.20201e-07
0.00279816
1.56286e-06
0.00279537
4.21995e-06
0.00278207
1.83506e-05
0.00256017
0.00290506
0.00231852
0.00410881
0.00206846
0.00470762
0.00181183
0.00526132
0.00151833
0.00569205
0.00117102
0.00608037
0.000819606
0.00644864
0.000440856
0.00725099
0.00735639
0.00279994
2.58686e-13
0.00279994
1.57969e-12
0.00279994
5.14948e-12
0.00279994
1.35763e-11
0.00279994
3.25565e-11
0.00279994
7.44689e-11
0.00279994
1.66154e-10
0.00279994
3.65731e-10
0.00279994
7.98921e-10
0.00279994
1.73747e-09
0.00279993
3.76859e-09
0.00279993
8.16192e-09
0.00279992
1.76702e-08
0.0027999
3.83043e-08
0.00279986
8.34024e-08
0.00279976
1.83568e-07
0.00279955
4.135e-07
0.00279906
9.74336e-07
0.0027979
2.48e-06
0.00279462
6.88906e-06
0.00277938
3.18545e-05
0.00255819
0.00308646
0.00231894
0.0043312
0.00207174
0.00493165
0.00182161
0.00547945
0.00153021
0.00594011
0.0011835
0.0063574
0.000831011
0.00677074
0.000452724
0.00767532
0.00785194
0.00279994
3.61716e-13
0.00279994
2.21091e-12
0.00279994
7.216e-12
0.00279994
1.90402e-11
0.00279994
4.56779e-11
0.00279994
1.04506e-10
0.00279994
2.33229e-10
0.00279994
5.13591e-10
0.00279994
1.12268e-09
0.00279994
2.44391e-09
0.00279993
5.30743e-09
0.00279993
1.15119e-08
0.00279992
2.49664e-08
0.0027999
5.42279e-08
0.00279985
1.18339e-07
0.00279974
2.61139e-07
0.0027995
5.90095e-07
0.00279894
1.39641e-06
0.00279761
3.57853e-06
0.00279383
1.00947e-05
0.00277671
4.74519e-05
0.0025585
0.00326745
0.0023157
0.00455864
0.00207477
0.00515054
0.00183505
0.00568786
0.0015486
0.00618391
0.00119425
0.0066411
0.000842437
0.00708635
0.000465653
0.00809337
0.00835796
0.00279994
4.8191e-13
0.00279994
2.94744e-12
0.00279994
9.62664e-12
0.00279994
2.5404e-11
0.00279994
6.0926e-11
0.00279994
1.39328e-10
0.00279994
3.10824e-10
0.00279994
6.84339e-10
0.00279994
1.49607e-09
0.00279994
3.25808e-09
0.00279993
7.08069e-09
0.00279993
1.53742e-08
0.00279992
3.33872e-08
0.00279989
7.26363e-08
0.00279984
1.58814e-07
0.00279972
3.5123e-07
0.00279944
7.95745e-07
0.00279881
1.88917e-06
0.0027973
4.86333e-06
0.00279302
1.38441e-05
0.00277349
6.56408e-05
0.00255245
0.00345414
0.00231814
0.00477911
0.00207938
0.00536846
0.00184962
0.00588724
0.00156812
0.00642367
0.00121477
0.00692357
0.000861091
0.00740076
0.000484851
0.00850942
0.0088823
0.00279994
6.2031e-13
0.00279994
3.79553e-12
0.00279994
1.24013e-11
0.00279994
3.27193e-11
0.00279994
7.84227e-11
0.00279994
1.79213e-10
0.00279994
3.99559e-10
0.00279994
8.79372e-10
0.00279994
1.92227e-09
0.00279994
4.18719e-09
0.00279993
9.10503e-09
0.00279993
1.97873e-08
0.00279991
4.30236e-08
0.00279989
9.37456e-08
0.00279983
2.05349e-07
0.00279969
4.55133e-07
0.00279938
1.03376e-06
0.00279868
2.46176e-06
0.00279695
6.36347e-06
0.00279206
1.82367e-05
0.0027702
8.6376e-05
0.00255269
0.00364014
0.00231245
0.0050069
0.0020844
0.00557738
0.00186946
0.00607277
0.00159732
0.00665458
0.00123736
0.00721247
0.000882653
0.00771268
0.000508059
0.00892094
0.00943113
0.00279994
7.76988e-13
0.00279994
4.7555e-12
0.00279994
1.55412e-11
0.00279994
4.09918e-11
0.00279994
9.81941e-11
0.00279994
2.24256e-10
0.00279994
4.99743e-10
0.00279994
1.09959e-09
0.00279994
2.40374e-09
0.00279994
5.23773e-09
0.00279993
1.13968e-08
0.00279993
2.47914e-08
0.00279991
5.39718e-08
0.00279988
1.17783e-07
0.00279981
2.58473e-07
0.00279966
5.74072e-07
0.00279933
1.30699e-06
0.00279854
3.12084e-06
0.00279659
8.09434e-06
0.00279107
2.33135e-05
0.00276633
0.000110235
0.00254456
0.00383319
0.00231479
0.00522648
0.00208832
0.00578547
0.0018909
0.00624224
0.00162918
0.00687621
0.00127099
0.00749988
0.000914633
0.00802462
0.000545084
0.00932763
0.0100149
0.00279994
9.50707e-13
0.00279994
5.81967e-12
0.00279994
1.90218e-11
0.00279994
5.01648e-11
0.00279994
1.20132e-10
0.00279994
2.74287e-10
0.00279994
6.11178e-10
0.00279994
1.34497e-09
0.00279994
2.94131e-09
0.00279994
6.41334e-09
0.00279993
1.39677e-08
0.00279993
3.04199e-08
0.00279991
6.63202e-08
0.00279988
1.44973e-07
0.00279981
3.18742e-07
0.00279964
7.09414e-07
0.00279927
1.61885e-06
0.0027984
3.8754e-06
0.00279622
1.00827e-05
0.00279
2.91665e-05
0.0027621
0.000137541
0.00253798
0.00403164
0.0023091
0.00544658
0.00209216
0.00598823
0.00192002
0.00638909
0.00167656
0.00708131
0.00131772
0.00778951
0.000963812
0.00833077
0.000595073
0.00973142
0.010648
0.00279994
1.13883e-12
0.00279994
6.97158e-12
0.00279994
2.27894e-11
0.00279994
6.01038e-11
0.00279994
1.43943e-10
0.00279994
3.28721e-10
0.00279994
7.32771e-10
0.00279994
1.61358e-09
0.00279994
3.53182e-09
0.00279994
7.70932e-09
0.00279993
1.68121e-08
0.00279993
3.66697e-08
0.00279991
8.00801e-08
0.00279988
1.75375e-07
0.0027998
3.86359e-07
0.00279963
8.61739e-07
0.00279923
1.9709e-06
0.00279829
4.72956e-06
0.00279587
1.23399e-05
0.00278886
3.59246e-05
0.00275777
0.000168427
0.00252811
0.00423879
0.00229777
0.00567064
0.00210214
0.00617084
0.00195209
0.00651525
0.00173319
0.0072629
0.00139573
0.00805473
0.00104924
0.00863108
0.000666537
0.0101494
0.0113506
0.00279994
1.33686e-12
0.00279994
8.18338e-12
0.00279994
2.67526e-11
0.00279994
7.05732e-11
0.00279994
1.69089e-10
0.00279994
3.86397e-10
0.00279994
8.62106e-10
0.00279994
1.90051e-09
0.00279994
4.16535e-09
0.00279994
9.10591e-09
0.00279993
1.98909e-08
0.00279993
4.34637e-08
0.00279991
9.51021e-08
0.00279988
2.08704e-07
0.0027998
4.6078e-07
0.00279962
1.03003e-06
0.00279921
2.36124e-06
0.00279821
5.67947e-06
0.00279561
1.48505e-05
0.0027878
4.36295e-05
0.00275293
0.000203537
0.0025131
0.00445954
0.0022733
0.0059059
0.00211741
0.0063171
0.00199293
0.00661938
0.00180794
0.00741368
0.00148791
0.00831112
0.00111103
0.00896295
0.000704256
0.0105897
0.0120817
0.00279994
1.53868e-12
0.00279994
9.41699e-12
0.00279994
3.07849e-11
0.00279994
8.12376e-11
0.00279994
1.94766e-10
0.00279994
4.45492e-10
0.00279994
9.9515e-10
0.00279994
2.19693e-09
0.00279994
4.8228e-09
0.00279994
1.05619e-08
0.00279993
2.31156e-08
0.00279993
5.06136e-08
0.00279991
1.10989e-07
0.00279988
2.44134e-07
0.0027998
5.40339e-07
0.00279963
1.21108e-06
0.00279921
2.78424e-06
0.00279818
6.71862e-06
0.00279539
1.764e-05
0.00278677
5.21902e-05
0.00274851
0.000242661
0.00248522
0.00470725
0.00224884
0.00613941
0.00213577
0.00642383
0.00204045
0.00669563
0.00189968
0.00752348
0.00161101
0.00854264
0.00120647
0.00932056
0.00079701
0.0110299
0.0128975
0.00279994
1.73532e-12
0.00279994
1.06201e-11
0.00279994
3.47198e-11
0.00279994
9.16527e-11
0.00279994
2.19883e-10
0.00279994
5.03421e-10
0.00279994
1.12588e-09
0.00279994
2.48891e-09
0.00279994
5.47186e-09
0.00279994
1.20022e-08
0.00279993
2.63116e-08
0.00279993
5.77123e-08
0.00279992
1.26791e-07
0.00279989
2.7945e-07
0.00279982
6.19856e-07
0.00279966
1.39267e-06
0.00279928
3.2106e-06
0.00279829
7.7738e-06
0.00279554
2.05076e-05
0.00278651
6.12414e-05
0.00274398
0.000286767
0.0024125
0.00502711
0.00222354
0.00632824
0.00216415
0.00648081
0.00209856
0.0067439
0.00196705
0.00762686
0.00168703
0.00877325
0.00128191
0.00967874
0.000898323
0.0114397
0.013807
0.00279994
1.93194e-12
0.00279994
1.17923e-11
0.00279994
3.8469e-11
0.00279994
1.01478e-10
0.00279994
2.43482e-10
0.00279994
5.57762e-10
0.00279994
1.24838e-09
0.00279994
2.76202e-09
0.00279994
6.07738e-09
0.00279994
1.33408e-08
0.00279993
2.92667e-08
0.00279993
6.42344e-08
0.00279992
1.41198e-07
0.0027999
3.11368e-07
0.00279985
6.91037e-07
0.00279973
1.55375e-06
0.00279944
3.58659e-06
0.00279866
8.70822e-06
0.00279629
2.31248e-05
0.00278744
7.02297e-05
0.0027467
0.000329887
0.00226708
0.00549957
0.0022051
0.00639147
0.00221533
0.0064709
0.00216401
0.00678056
0.0020378
0.00772747
0.00175969
0.00900637
0.00137485
0.0100138
0.00104137
0.0118029
0.0148519
0.0111998
2.43507e-12
0.0111998
1.50034e-11
0.0111998
4.93059e-11
0.0111998
1.30499e-10
0.0111998
3.13623e-10
0.0111998
7.18929e-10
0.0111998
1.60896e-09
0.0111998
3.5568e-09
0.0111998
7.8132e-09
0.0111998
1.71085e-08
0.0111998
3.74069e-08
0.0111998
8.17564e-08
0.0111998
1.78805e-07
0.0111998
3.91949e-07
0.0111998
8.6382e-07
0.0111998
1.92627e-06
0.0111998
4.40156e-06
0.0111994
1.05439e-05
0.0111977
2.74417e-05
0.0111894
8.05284e-05
0.0111902
0.000348293
0.0118222
0.00489195
0.0108974
0.00734329
0.0102986
0.00708965
0.00973194
0.00730965
0.00931844
0.00805122
0.00890682
0.00928745
0.00849656
0.0102241
0.00995893
0.0103097
0.00859408
0.0163042
0.0111998
3.47837e-12
0.0111998
2.13722e-11
0.0111998
7.00316e-11
0.0111998
1.84918e-10
0.0111998
4.43525e-10
0.0111998
1.01503e-09
0.0111998
2.2686e-09
0.0111998
5.00975e-09
0.0111998
1.09964e-08
0.0111998
2.40666e-08
0.0111997
5.26079e-08
0.0111997
1.14984e-07
0.0111997
2.51551e-07
0.0111997
5.517e-07
0.0111996
1.21669e-06
0.0111994
2.71481e-06
0.0111987
6.20481e-06
0.0111967
1.48558e-05
0.0111897
3.85967e-05
0.0111619
0.000112686
0.0110893
0.00045312
0.0108375
0.00522091
0.0107226
0.00751227
0.0104344
0.00742227
0.0103102
0.0074299
0.0104248
0.00790693
0.0108099
0.00876793
0.011376
0.00949615
0.012116
0.00942319
0.00713459
0.0135323
0.0111998
5.13174e-12
0.0111998
3.16825e-11
0.0111998
1.04236e-10
0.0111998
2.75754e-10
0.0111998
6.62151e-10
0.0111998
1.51707e-09
0.0111998
3.39551e-09
0.0111998
7.51213e-09
0.0111998
1.65259e-08
0.0111997
3.62602e-08
0.0111997
7.94802e-08
0.0111997
1.74216e-07
0.0111997
3.82231e-07
0.0111997
8.40646e-07
0.0111995
1.85862e-06
0.0111992
4.15558e-06
0.0111981
9.50839e-06
0.0111947
2.2759e-05
0.0111825
5.89911e-05
0.0111331
0.000171611
0.0109949
0.000641608
0.0104871
0.00586507
0.0105027
0.00759711
0.010522
0.00748419
0.010762
0.00720792
0.011144
0.00746102
0.0117658
0.00797879
0.0125265
0.00848
0.0130191
0.0086885
0.00665377
0.0133112
0.0111998
8.42095e-12
0.0111998
5.11792e-11
0.0111998
1.66156e-10
0.0111998
4.37227e-10
0.0111998
1.04921e-09
0.0111998
2.40896e-09
0.0111998
5.41183e-09
0.0111998
1.20277e-08
0.0111998
2.65905e-08
0.0111997
5.86365e-08
0.0111997
1.29158e-07
0.0111997
2.84413e-07
0.0111997
6.26602e-07
0.0111997
1.38288e-06
0.0111995
3.06509e-06
0.0111991
6.86048e-06
0.0111975
1.56853e-05
0.0111914
3.74386e-05
0.0111687
9.66684e-05
0.0110745
0.000281802
0.0107699
0.00102184
0.00930228
0.00753158
0.0103628
0.00668371
0.0108778
0.00705248
0.0111985
0.0069106
0.0115845
0.00702968
0.0120731
0.00733845
0.0127466
0.00765577
0.0133373
0.00789258
0.00704474
0.0127678
0.0111998
1.12891e-11
0.0111998
6.82759e-11
0.0111998
2.21087e-10
0.0111998
5.83232e-10
0.0111998
1.40722e-09
0.0111998
3.25504e-09
0.0111998
7.37883e-09
0.0111998
1.65712e-08
0.0111998
3.70657e-08
0.0111998
8.27806e-08
0.0111998
1.84781e-07
0.0111998
4.12346e-07
0.0111998
9.19892e-07
0.0111996
2.05212e-06
0.0111991
4.58383e-06
0.0111972
1.0289e-05
0.0111913
2.33991e-05
0.0111745
5.48818e-05
0.0111285
0.000137874
0.0109733
0.000411801
0.0105943
0.00142295
0.0114639
0.00624098
0.0115026
0.00668541
0.0116717
0.00694798
0.0116929
0.00698285
0.0119553
0.00683817
0.0123628
0.00695738
0.0128964
0.00708278
0.0134062
0.00724058
0.00672852
0.013556
0.0111998
1.06753e-11
0.0111998
6.44603e-11
0.0111998
2.07934e-10
0.0111998
5.42378e-10
0.0111998
1.28451e-09
0.0111998
2.89705e-09
0.0111998
6.36545e-09
0.0111998
1.37826e-08
0.0111998
2.95816e-08
0.0112
6.31334e-08
0.0112002
1.34233e-07
0.0112006
2.84759e-07
0.0112014
6.03697e-07
0.0112028
1.28157e-06
0.011205
2.7311e-06
0.0112088
5.86211e-06
0.0112162
1.27391e-05
0.011234
2.82925e-05
0.0112853
6.55479e-05
0.0115076
0.000162845
0.0120147
0.000633163
0.0178282
0.000878289
0.0148496
0.00998431
0.0126837
0.00914809
0.0122
0.00734106
0.0125343
0.00671466
0.0127379
0.00670309
0.0130991
0.00662348
0.0135073
0.00663518
0.00625668
0.0137628
0.0111998
7.36045e-12
0.0111998
4.59837e-11
0.0111998
1.52788e-10
0.0111998
4.05055e-10
0.0111998
9.68591e-10
0.0111998
2.19883e-09
0.0111998
4.85676e-09
0.0111998
1.05695e-08
0.0111998
2.28115e-08
0.0111998
4.89914e-08
0.0111999
1.04891e-07
0.0112001
2.2411e-07
0.0112005
4.78204e-07
0.0112013
1.01993e-06
0.0112032
2.17753e-06
0.011207
4.66664e-06
0.0112149
1.00947e-05
0.0112298
2.2281e-05
0.0112568
5.1226e-05
0.0113035
0.000127139
0.0115486
0.000373
0.0114811
0.00110063
0.0129731
0.00867386
0.0148595
0.00738809
0.0142609
0.00790203
0.0131226
0.00752976
0.013182
0.00659471
0.0133563
0.0063332
0.0137097
0.0061763
0.00586079
0.0139075
0.0111998
7.71298e-12
0.0111998
4.64575e-11
0.0111998
1.49763e-10
0.0111998
3.92795e-10
0.0111998
9.39749e-10
0.0111998
2.14891e-09
0.0111998
4.80136e-09
0.0111998
1.05984e-08
0.0111998
2.3244e-08
0.0111998
5.07993e-08
0.0111998
1.10807e-07
0.0111998
2.41448e-07
0.0111998
5.25844e-07
0.0111999
1.14514e-06
0.0112002
2.49517e-06
0.0112011
5.44762e-06
0.0112038
1.19579e-05
0.0112095
2.65931e-05
0.0112177
6.09383e-05
0.0112196
0.000149436
0.0111633
0.000439632
0.0106208
0.00170703
0.0136662
0.00578229
0.0140037
0.00703531
0.014319
0.00753648
0.0136481
0.00801826
0.0136484
0.00658865
0.0136098
0.00624225
0.013861
0.00588473
0.00561007
0.0140302
0.0111998
4.70993e-12
0.0111998
2.9272e-11
0.0111998
9.67961e-11
0.0111998
2.55521e-10
0.0111998
6.08509e-10
0.0111998
1.3763e-09
0.0111998
3.03169e-09
0.0111998
6.59035e-09
0.0111998
1.42386e-08
0.0111998
3.06914e-08
0.0111998
6.61353e-08
0.0111999
1.42613e-07
0.0112
3.07912e-07
0.0112003
6.65847e-07
0.0112009
1.44256e-06
0.0112027
3.13247e-06
0.0112081
6.82375e-06
0.0112245
1.49455e-05
0.0112709
3.30972e-05
0.0113888
7.52514e-05
0.0117273
0.000180886
0.0126931
0.000643869
0.0174891
0.00113348
0.0149121
0.0100789
0.015405
0.00734569
0.0160179
0.00766865
0.0142954
0.00851628
0.0139491
0.00623822
0.0139526
0.00583182
0.00546604
0.0141634
0.0111998
3.74931e-12
0.0111998
2.30446e-11
0.0111998
7.55851e-11
0.0111998
1.99325e-10
0.0111998
4.75732e-10
0.0111998
1.07975e-09
0.0111998
2.3873e-09
0.0111998
5.20692e-09
0.0111998
1.128e-08
0.0111998
2.4364e-08
0.0111998
5.25843e-08
0.0111999
1.13557e-07
0.0112
2.45579e-07
0.0112002
5.32155e-07
0.0112006
1.156e-06
0.0112015
2.51887e-06
0.0112034
5.51144e-06
0.0112082
1.21402e-05
0.0112206
2.70781e-05
0.0112529
6.19952e-05
0.0113349
0.000150485
0.0116398
0.000434601
0.0116265
0.0014193
0.0151633
0.00734534
0.0156444
0.00692782
0.0157247
0.00747926
0.0160085
0.0081228
0.014431
0.00730772
0.0141648
0.00593392
0.00551711
0.0143165
0.0111998
2.86656e-12
0.0111998
1.75891e-11
0.0111998
5.7617e-11
0.0111998
1.52033e-10
0.0111998
3.63767e-10
0.0111998
8.28955e-10
0.0111998
1.84201e-09
0.0111998
4.03926e-09
0.0111998
8.79461e-09
0.0111998
1.90706e-08
0.0111998
4.12456e-08
0.0111999
8.90303e-08
0.0112001
1.91857e-07
0.0112005
4.12846e-07
0.0112014
8.87365e-07
0.0112034
1.90614e-06
0.0112074
4.09632e-06
0.0112154
8.82469e-06
0.0112304
1.9135e-05
0.0112601
4.21208e-05
0.0113303
9.59395e-05
0.0115592
0.000237785
0.0123877
0.000831769
0.0194069
0.0015279
0.0162241
0.0100688
0.0162432
0.00740755
0.0165248
0.00767053
0.0149648
0.00848192
0.014638
0.0060883
0.00566081
0.0147087
0.0111998
2.05856e-12
0.0111998
1.25734e-11
0.0111998
4.10145e-11
0.0111998
1.07997e-10
0.0111998
2.58225e-10
0.0111998
5.88621e-10
0.0111998
1.3093e-09
0.0111998
2.87576e-09
0.0111998
6.2753e-09
0.0111998
1.36473e-08
0.0111998
2.9626e-08
0.0111998
6.4244e-08
0.0111999
1.39213e-07
0.0112001
3.01503e-07
0.0112004
6.52734e-07
0.0112012
1.4129e-06
0.0112029
3.05918e-06
0.0112061
6.63088e-06
0.0112125
1.44132e-05
0.0112253
3.154e-05
0.0112533
7.01771e-05
0.0113303
0.00016329
0.0116898
0.000462296
0.011487
0.00182718
0.016453
0.00520525
0.0160871
0.00782178
0.0161896
0.00762937
0.0170555
0.00763361
0.0152886
0.00793827
0.0058557
0.0152145
0.0111998
1.14605e-12
0.0111998
7.07502e-12
0.0111998
2.32808e-11
0.0111998
6.15508e-11
0.0111998
1.47433e-10
0.0111998
3.36251e-10
0.0111998
7.47764e-10
0.0111998
1.64119e-09
0.0111998
3.57758e-09
0.0111998
7.77119e-09
0.0111998
1.68497e-08
0.0111998
3.64987e-08
0.0111999
7.90164e-08
0.0112
1.70996e-07
0.0112003
3.69925e-07
0.011201
8.00036e-07
0.0112025
1.72976e-06
0.0112058
3.73913e-06
0.0112128
8.08173e-06
0.0112278
1.74691e-05
0.0112607
3.77902e-05
0.011339
8.21202e-05
0.0115995
0.000184283
0.0128276
0.000566012
0.0165359
0.00147084
0.0171993
0.00717259
0.0177656
0.00716372
0.0179423
0.00745152
0.0174476
0.00841302
0.00707333
0.0162213
0.0111998
4.99952e-13
0.0111998
3.17832e-12
0.0111998
1.07182e-11
0.0111998
2.8685e-11
0.0111998
6.91121e-11
0.0111998
1.57969e-10
0.0111998
3.51232e-10
0.0111998
7.69457e-10
0.0111998
1.67209e-09
0.0111998
3.61723e-09
0.0111998
7.8049e-09
0.0111998
1.68147e-08
0.0111998
3.61909e-08
0.0111999
7.78447e-08
0.0112001
1.67356e-07
0.0112006
3.59627e-07
0.0112015
7.72412e-07
0.0112037
1.65817e-06
0.0112084
3.55831e-06
0.0112189
7.63656e-06
0.0112417
1.64107e-05
0.0112909
3.5426e-05
0.0114005
7.74864e-05
0.0117795
0.000183449
0.0126444
0.000571439
0.0184132
0.0013368
0.0178009
0.00767683
0.0187865
0.00642641
0.0196637
0.00748501
0.00978744
0.0168836
0.0111998
3.30292e-13
0.0111998
2.02922e-12
0.0111998
6.6515e-12
0.0111998
1.75365e-11
0.0111998
4.18874e-11
0.0111998
9.52449e-11
0.0111998
2.11155e-10
0.0111998
4.62079e-10
0.0111998
1.00462e-09
0.0111998
2.17737e-09
0.0111998
4.71258e-09
0.0111998
1.01941e-08
0.0111998
2.20485e-08
0.0111998
4.76911e-08
0.0111999
1.03177e-07
0.0112
2.2329e-07
0.0112002
4.83451e-07
0.0112006
1.04737e-06
0.0112016
2.27102e-06
0.0112037
4.93081e-06
0.0112086
1.07319e-05
0.0112201
2.348e-05
0.0112478
5.20072e-05
0.0113228
0.000119038
0.0116207
0.000304995
0.0119192
0.00109292
0.0176657
0.00199855
0.0173845
0.00666339
0.0185245
0.00637972
0.00695537
0.0214145
0.0111998
1.95271e-13
0.0111998
1.20499e-12
0.0111998
3.96304e-12
0.0111998
1.04627e-11
0.0111998
2.49994e-11
0.0111998
5.68286e-11
0.0111998
1.25893e-10
0.0111998
2.75184e-10
0.0111998
5.9743e-10
0.0111998
1.29279e-09
0.0111998
2.79365e-09
0.0111998
6.0347e-09
0.0111998
1.30377e-08
0.0111998
2.81776e-08
0.0111998
6.09258e-08
0.0111999
1.31792e-07
0.0112001
2.85205e-07
0.0112005
6.17437e-07
0.0112014
1.33718e-06
0.0112033
2.89695e-06
0.0112075
6.27804e-06
0.0112167
1.36078e-05
0.0112381
2.94997e-05
0.0112918
6.4053e-05
0.0114551
0.000140804
0.0121976
0.00035754
0.0129132
0.00120639
0.0177527
0.00190199
0.0181751
0.00612658
0.00608425
0.0191908
0.0111998
9.79182e-14
0.0111998
6.1007e-13
0.0111998
2.02196e-12
0.0111998
5.35661e-12
0.0111998
1.28184e-11
0.0111998
2.91515e-11
0.0111998
6.45573e-11
0.0111998
1.40956e-10
0.0111998
3.05426e-10
0.0111998
6.59042e-10
0.0111998
1.41878e-09
0.0111998
3.05043e-09
0.0111998
6.5541e-09
0.0111998
1.40776e-08
0.0111998
3.02351e-08
0.0111999
6.49406e-08
0.0112
1.39498e-07
0.0112004
2.99689e-07
0.0112011
6.43881e-07
0.0112027
1.38339e-06
0.0112062
2.97196e-06
0.0112136
6.38292e-06
0.0112295
1.36998e-05
0.0112639
2.93677e-05
0.0113401
6.28665e-05
0.0115549
0.000136472
0.0124089
0.000339889
0.0132834
0.000957858
0.0179964
0.00147575
0.00580897
0.0183773
0.0111998
4.61309e-14
0.0111998
2.86699e-13
0.0111998
9.48399e-13
0.0111998
2.51209e-12
0.0111998
6.01741e-12
0.0111998
1.37098e-11
0.0111998
3.04367e-11
0.0111998
6.66595e-11
0.0111998
1.44949e-10
0.0111998
3.13989e-10
0.0111998
6.78743e-10
0.0111998
1.46544e-09
0.0111998
3.16155e-09
0.0111998
6.81722e-09
0.0111998
1.46945e-08
0.0111998
3.16662e-08
0.0111999
6.82281e-08
0.0112001
1.46988e-07
0.0112004
3.16628e-07
0.0112011
6.81925e-07
0.0112028
1.46813e-06
0.0112062
3.15847e-06
0.0112137
6.78507e-06
0.0112298
1.45337e-05
0.0112642
3.09552e-05
0.0113399
6.52694e-05
0.0115523
0.00013703
0.0122131
0.000306034
0.0130103
0.000743985
2.05242e-05
0.0188894
0.0111998
1.32737e-14
0.0111998
8.76051e-14
0.0111998
3.03766e-13
0.0111998
8.21781e-13
0.0111998
1.98444e-12
0.0111998
4.52385e-12
0.0111998
9.99985e-12
0.0111998
2.17297e-11
0.0111998
4.6756e-11
0.0111998
1.00011e-10
0.0111998
2.13116e-10
0.0111998
4.52985e-10
0.0111998
9.61132e-10
0.0111998
2.03675e-09
0.0111998
4.31241e-09
0.0111998
9.12564e-09
0.0111998
1.93056e-08
0.0111999
4.08388e-08
0.0112002
8.63987e-08
0.0112007
1.82827e-07
0.0112017
3.86986e-07
0.0112039
8.19333e-07
0.0112087
1.73483e-06
0.0112191
3.67198e-06
0.0112412
7.76277e-06
0.0112879
1.6365e-05
0.0113866
3.43821e-05
0.0116125
7.29879e-05
0.0121834
0.000168685
0.000217307
0.0119881
0.0111998
6.08776e-15
0.0111998
3.79895e-14
0.0111998
1.25523e-13
0.0111998
3.27869e-13
0.0111998
7.66765e-13
0.0111998
1.69242e-12
0.0111998
3.61944e-12
0.0111998
7.6088e-12
0.0111998
1.58564e-11
0.0111998
3.2928e-11
0.0111998
6.83609e-11
0.0111998
1.42156e-10
0.0111998
2.96375e-10
0.0111998
6.19639e-10
0.0111998
1.29884e-09
0.0111998
2.72838e-09
0.0111998
5.74162e-09
0.0111998
1.2103e-08
0.0111999
2.5561e-08
0.0112
5.41135e-08
0.0112004
1.14902e-07
0.0112012
2.44779e-07
0.0112028
5.23029e-07
0.0112062
1.11966e-06
0.0112134
2.3969e-06
0.011228
5.12254e-06
0.0112577
1.09315e-05
0.0113082
2.344e-05
0.0114325
5.14503e-05
0.000116672
0.0114533
0.0111998
3.24687e-15
0.0111998
2.02798e-14
0.0111998
6.74605e-14
0.0111998
1.80077e-13
0.0111998
4.35264e-13
0.0111998
1.0009e-12
0.0111998
2.24063e-12
0.0111998
4.93833e-12
0.0111998
1.07754e-11
0.0111998
2.3342e-11
0.0111998
5.02732e-11
0.0111998
1.07749e-10
0.0111998
2.29958e-10
0.0111998
4.88938e-10
0.0111998
1.03604e-09
0.0111998
2.18815e-09
0.0111998
4.60542e-09
0.0111998
9.65404e-09
0.0111998
2.01361e-08
0.0112
4.17347e-08
0.0112003
8.58274e-08
0.0112009
1.74892e-07
0.0112021
3.52864e-07
0.0112042
7.05328e-07
0.0112071
1.40064e-06
0.01121
2.77837e-06
0.0112122
5.55171e-06
0.0112095
1.13018e-05
0.011219
2.39592e-05
5.8538e-05
0.0112354
0.0111998
1.44764e-15
0.0111998
8.97105e-15
0.0111998
2.9565e-14
0.0111998
7.81174e-14
0.0111998
1.8709e-13
0.0111998
4.2701e-13
0.0111998
9.50755e-13
0.0111998
2.08913e-12
0.0111998
4.5567e-12
0.0111998
9.89462e-12
0.0111998
2.14217e-11
0.0111998
4.62752e-11
0.0111998
9.97827e-11
0.0111998
2.14813e-10
0.0111998
4.61727e-10
0.0111998
9.90802e-10
0.0111998
2.12208e-09
0.0111998
4.53464e-09
0.0111998
9.66301e-09
0.0111998
2.05218e-08
0.0111998
4.3411e-08
0.0111999
9.1423e-08
0.0112001
1.91633e-07
0.0112004
3.99826e-07
0.0112009
8.30768e-07
0.0112022
1.72112e-06
0.0112055
3.56329e-06
0.0112149
7.40767e-06
0.011241
1.55839e-05
3.38634e-05
0.0113002
0.0111998
5.24332e-16
0.0111998
3.38975e-15
0.0111998
1.16172e-14
0.0111998
3.16357e-14
0.0111998
7.78221e-14
0.0111998
1.82248e-13
0.0111998
4.1645e-13
0.0111998
9.39947e-13
0.0111998
2.10814e-12
0.0111998
4.71175e-12
0.0111998
1.05073e-11
0.0111998
2.33899e-11
0.0111998
5.19865e-11
0.0111998
1.15389e-10
0.0111998
2.55846e-10
0.0111998
5.6693e-10
0.0111998
1.25619e-09
0.0111998
2.78506e-09
0.0111997
6.18229e-09
0.0111997
1.37488e-08
0.0111997
3.06475e-08
0.0111996
6.84962e-08
0.0111994
1.53484e-07
0.011199
3.44641e-07
0.0111981
7.74737e-07
0.0111966
1.74162e-06
0.0111952
3.91273e-06
0.0111983
8.79805e-06
0.0112204
1.99317e-05
4.62276e-05
0.0112914
0.0111998
3.06793e-16
0.0111998
1.93847e-15
0.0111998
6.53669e-15
0.0111998
1.76481e-14
0.0111998
4.31429e-14
0.0111998
1.00447e-13
0.0111998
2.28092e-13
0.0111998
5.10991e-13
0.0111998
1.13535e-12
0.0111998
2.50703e-12
0.0111998
5.50515e-12
0.0111998
1.20232e-11
0.0111998
2.61224e-11
0.0111998
5.64968e-11
0.0111998
1.21764e-10
0.0111998
2.61896e-10
0.0111998
5.63035e-10
0.0111998
1.21162e-09
0.0111998
2.61257e-09
0.0111998
5.64738e-09
0.0111998
1.22371e-08
0.0111998
2.65709e-08
0.0111999
5.77971e-08
0.0112
1.25977e-07
0.0112001
2.75506e-07
0.0111996
6.06193e-07
0.0111965
1.3477e-06
0.0111853
3.04141e-06
0.011153
7.00092e-06
1.64223e-05
0.0110896
0.0111998
3.27561e-16
0.0111998
1.95752e-15
0.0111998
6.25277e-15
0.0111998
1.62707e-14
0.0111998
3.86652e-14
0.0111998
8.80246e-14
0.0111998
1.96481e-13
0.0111998
4.35188e-13
0.0111998
9.62289e-13
0.0111998
2.13005e-12
0.0111998
4.72305e-12
0.0111998
1.04846e-11
0.0111998
2.32705e-11
0.0111998
5.15554e-11
0.0111998
1.13833e-10
0.0111998
2.50177e-10
0.0111998
5.46931e-10
0.0111998
1.1895e-09
0.0111998
2.57587e-09
0.0111998
5.5626e-09
0.0111998
1.20023e-08
0.0111998
2.59237e-08
0.0111998
5.61281e-08
0.0111999
1.21889e-07
0.0111999
2.65415e-07
0.0112
5.79032e-07
0.0112002
1.26461e-06
0.0112004
2.76448e-06
0.0112006
6.05936e-06
1.33879e-05
0.0111989
0.0111998
1.63571e-16
0.0111998
1.04171e-15
0.0111998
3.5172e-15
0.0111998
9.38296e-15
0.0111998
2.25279e-14
0.0111998
5.14174e-14
0.0111998
1.14507e-13
0.0111998
2.52057e-13
0.0111998
5.51965e-13
0.0111998
1.2064e-12
0.0111998
2.63639e-12
0.0111998
5.76668e-12
0.0111998
1.26333e-11
0.0111998
2.77261e-11
0.0111998
6.09465e-11
0.0111998
1.34077e-10
0.0111998
2.9478e-10
0.0111998
6.46487e-10
0.0111998
1.41115e-09
0.0111998
3.05898e-09
0.0111998
6.57281e-09
0.0111998
1.39824e-08
0.0111999
2.94436e-08
0.0112
6.14343e-08
0.0112003
1.27295e-07
0.0112008
2.62805e-07
0.0112015
5.42673e-07
0.0112026
1.12591e-06
0.0112047
2.35221e-06
4.97864e-06
0.0112073
0.0111998
1.80274e-16
0.0111998
1.06304e-15
0.0111998
3.33516e-15
0.0111998
8.53142e-15
0.0111998
1.99306e-14
0.0111998
4.45178e-14
0.0111998
9.71419e-14
0.0111998
2.09359e-13
0.0111998
4.48308e-13
0.0111998
9.57133e-13
0.0111998
2.04197e-12
0.0111998
4.35984e-12
0.0111998
9.32646e-12
0.0111998
2.00048e-11
0.0111998
4.30486e-11
0.0111998
9.29655e-11
0.0111998
2.0148e-10
0.0111998
4.38088e-10
0.0111997
9.55084e-10
0.0111997
2.08572e-09
0.0111997
4.55681e-09
0.0111997
9.94557e-09
0.0111997
2.16523e-08
0.0111997
4.69541e-08
0.0111997
1.0131e-07
0.0111997
2.17364e-07
0.0111998
4.6379e-07
0.0112002
9.85406e-07
0.0112019
2.08885e-06
4.44869e-06
0.0112052
0.0111998
8.2353e-17
0.0111998
5.06305e-16
0.0111998
1.66848e-15
0.0111998
4.47693e-15
0.0111998
1.10442e-14
0.0111998
2.61936e-14
0.0111998
6.08543e-14
0.0111998
1.39641e-13
0.0111998
3.17851e-13
0.0111998
7.1962e-13
0.0111998
1.6238e-12
0.0111998
3.65771e-12
0.0111998
8.23506e-12
0.0111998
1.85465e-11
0.0111998
4.18006e-11
0.0111998
9.42884e-11
0.0111998
2.12818e-10
0.0111998
4.80476e-10
0.0111997
1.08456e-09
0.0111997
2.44653e-09
0.0111997
5.51283e-09
0.0111997
1.2404e-08
0.0111997
2.7859e-08
0.0111996
6.24399e-08
0.0111994
1.39617e-07
0.011199
3.11385e-07
0.0111983
6.92603e-07
0.011197
1.53689e-06
0.0111951
3.40625e-06
7.57434e-06
0.0111928
0.0111998
2.40669e-17
0.0111998
1.4669e-16
0.0111998
4.74843e-16
0.0111998
1.25247e-15
0.0111998
3.05557e-15
0.0111998
7.22733e-15
0.0111998
1.68489e-14
0.0111998
3.89778e-14
0.0111998
8.9722e-14
0.0111998
2.05727e-13
0.0111998
4.69858e-13
0.0111998
1.06784e-12
0.0111998
2.41145e-12
0.0111998
5.40226e-12
0.0111998
1.19893e-11
0.0111998
2.63365e-11
0.0111998
5.72596e-11
0.0111998
1.23338e-10
0.0111998
2.63792e-10
0.0111998
5.62141e-10
0.0111998
1.19897e-09
0.0111998
2.57259e-09
0.0111997
5.58032e-09
0.0111997
1.22829e-08
0.0111997
2.74865e-08
0.0111995
6.25135e-08
0.011199
1.44277e-07
0.0111978
3.3678e-07
0.011194
7.95213e-07
1.8945e-06
0.0111849
0.0111998
0.0111998
0.0111998
0.0111998
0.0111998
0.0111998
0.0111998
0.0111998
0.0111998
0.0111998
0.0111998
0.0111998
0.0111998
0.0111998
0.0111998
0.0111998
0.0111998
0.0111998
0.0111998
0.0111998
0.0111997
0.0111997
0.0111997
0.0111997
0.0111997
0.0111997
0.0111997
0.0111998
0.0111999
0.0112002
0.00778532
0.00864173
0.00399935
0.00373339
0.00197227
0.0019723
0.000475092
0.00147492
0.00324918
-0.00282457
0.00379881
-0.00050272
0.00402524
-0.000232658
0.00415205
-0.000143084
0.00402965
0.000108036
0.0037754
0.000212063
0.00370549
5.81119e-05
0.00342269
-2.70082e-05
0.00337276
-0.000143742
0.00338285
-0.000122933
0.00336121
2.11533e-05
0.003395
0.000315692
0.00396671
0.000419266
0.00251087
0.000155035
0.00231302
5.06081e-05
0.00228166
5.25917e-07
0.00224397
-5.48434e-05
0.00222225
-3.36586e-05
0.00222144
-1.2205e-05
0.002219
1.58854e-06
0.00220936
3.0781e-05
0.00230078
-2.81046e-05
0.00244926
-3.39273e-05
0.0032699
2.15305e-05
0.0041182
-1.52749e-05
-7.34261e-05
0.00692725
0.0153201
0.00416509
0.00647295
0.00324094
0.00286879
0.00631635
-0.00169778
0.00416475
-0.000759757
0.00414296
-0.000441367
0.00429753
-0.000295665
0.00437078
-0.00016409
0.00440826
4.96684e-05
0.00429073
0.00019084
0.00400981
0.000252511
0.0037097
0.000264297
0.00367095
0.000324904
0.00371299
0.000198443
0.0035998
1.24564e-05
0.00309983
-6.97618e-05
0.00287954
-8.40725e-06
0.00272282
3.22474e-05
0.00261573
1.07816e-05
0.00254033
-3.05502e-05
0.00248918
-6.51222e-05
0.00245583
-2.21949e-05
0.00243285
2.70993e-05
0.00242604
6.98071e-05
0.00244417
5.33584e-05
0.00251051
1.77611e-05
0.00270333
-3.16792e-05
0.00307311
-9.94871e-05
0.00323952
-0.000159653
-0.000231976
0.00799805
0.0206072
0.00640276
0.00817919
0.00758921
0.00174888
0.00575392
8.12064e-05
0.00503074
-0.000134293
0.00483363
-0.000171834
0.00490328
-0.000279038
0.0050354
-0.000238319
0.00516861
-7.6811e-05
0.0050034
0.000201656
0.00475351
0.000375162
0.00434959
0.000383161
0.0043214
0.000379484
0.00447344
0.000305041
0.00470051
0.000145631
0.00541091
-2.49963e-05
0.00394177
-0.000177223
0.00311686
-0.000191663
0.00296062
-3.26594e-05
0.00286809
9.7493e-07
0.0028252
-3.89313e-06
0.00280709
3.60836e-06
0.0027973
6.44616e-06
0.00281499
-3.40053e-05
0.00284109
-6.88324e-05
0.00286572
-8.93958e-05
0.00292406
-9.68454e-05
0.00309998
-0.000127643
0.00329763
-0.000185629
-0.000459597
0.0128932
0.0203467
0.0108526
0.0102884
0.00832149
0.00446116
0.00654696
0.00174452
0.00561937
0.000628973
0.00536889
0.00013689
0.00540475
-0.00014681
0.00555048
-0.00024116
0.00568333
-0.00016409
0.00569568
9.07205e-05
0.00535192
0.00039621
0.00503072
0.000403321
0.00490899
0.000249089
0.00486994
0.000165587
0.00481346
0.000136098
0.00465795
0.000179022
0.00499114
0.000220762
0.00532823
0.000141999
0.00358643
-3.53067e-05
0.00338437
-8.6508e-05
0.00328471
-8.31384e-05
0.0032344
-6.94061e-05
0.00322579
-5.34288e-05
0.00321513
-5.80423e-05
0.0032241
-8.94036e-05
0.003213
-0.000146298
0.00331118
-0.000285943
0.00353481
-0.000518752
0.00382522
-0.000736754
-0.00084491
0.013353
0.0201639
0.0115703
0.0121276
0.00940141
0.00689541
0.007584
0.0033453
0.00648255
0.00145717
0.00607557
0.000636184
0.00589083
0.000199603
0.00582144
-3.10913e-05
0.00576979
-1.60409e-05
0.00559041
0.000142406
0.00538109
0.00036857
0.0048947
0.000423892
0.004722
0.000466003
0.00464429
0.000458678
0.00457269
0.000323872
0.00436929
0.000139207
0.00415858
-1.19687e-05
0.00398071
-9.83939e-05
0.00386776
-0.000133519
0.00378851
-0.000174721
0.00372535
-0.000258537
0.0036929
-0.000355095
0.00370394
-0.000440589
0.00368436
-0.00048457
0.00366243
-0.000508041
0.00370898
-0.000561714
0.00383321
-0.000602053
0.00406411
-0.000601606
0.00415802
-0.000596656
-0.000660985
0.0133648
0.0196458
0.0121482
0.0133181
0.0104048
0.00867715
0.00857066
0.00478142
0.00716031
0.00241588
0.00650291
0.00133913
0.00624366
0.000656256
0.00611611
0.000282278
0.00601999
0.000278775
0.00589362
0.000387317
0.00546401
0.000619407
0.00521322
0.000691227
0.00504815
0.000595036
0.00492299
0.000468646
0.00480616
0.000255909
0.00462056
3.26059e-05
0.00444509
-0.000145063
0.00431712
-0.000220007
0.00423228
-0.000234255
0.00416505
-0.000298384
0.00412074
-0.000384807
0.00415171
-0.000459649
0.00414842
-0.000413382
0.00416236
-0.000412522
0.00428022
-0.000443622
0.00427289
-0.000488003
0.00427512
-0.000493699
0.00429789
-0.000552293
0.00442457
-0.000626345
-0.000812731
0.0132051
0.0193333
0.0122334
0.0139437
0.0107859
0.0098416
0.00903197
0.00598259
0.00754299
0.0033664
0.00678741
0.00204975
0.00656918
0.00123876
0.00643333
0.00077926
0.00631844
0.000631115
0.00609835
0.000599765
0.005712
0.000635015
0.00539886
0.000638524
0.00518732
0.000519914
0.00504297
0.000384435
0.00496058
0.000220844
0.00485193
2.45238e-05
0.00473533
-0.000145478
0.00462835
-0.00022554
0.00454443
-0.000262602
0.00449391
-0.000345328
0.00448357
-0.000390832
0.00445388
-0.000385786
0.00445618
-0.000467367
0.00449052
-0.000504307
0.00455983
-0.000536198
0.0045491
-0.000544057
0.00456106
-0.000574743
0.00460975
-0.000569848
0.00475825
-0.000638352
-0.000783421
0.0134018
0.0191092
0.012169
0.0145851
0.0109058
0.0107157
0.00930903
0.00709272
0.00781542
0.00434411
0.00702466
0.00273949
0.00690341
0.00188085
0.00679282
0.00137939
0.00659466
0.00105006
0.00629268
0.000807557
0.00585642
0.000640774
0.00551831
0.000562832
0.0052897
0.000499275
0.00516219
0.000320597
0.00513329
0.000252326
0.00510792
5.08565e-05
0.00503358
-0.000115765
0.00493451
-0.000204217
0.00483171
-0.000258013
0.00476679
-0.000287981
0.00475126
-0.000359849
0.00475803
-0.000454779
0.00477201
-0.000502143
0.00479249
-0.000529131
0.00480803
-0.000543642
0.0048253
-0.000557509
0.0048235
-0.000597313
0.00490785
-0.000675469
0.00506757
-0.000765159
-0.000863859
0.0134716
0.01916
0.01227
0.0151523
0.0110413
0.0115635
0.00960331
0.00816219
0.0081686
0.00531621
0.00730481
0.00346465
0.00724363
0.00255897
0.00715362
0.00200767
0.00689553
0.00150158
0.00649581
0.00102758
0.00599247
0.000692898
0.00563069
0.000549285
0.00545226
0.000530867
0.0053193
0.000446624
0.00530451
0.000243048
0.00533938
3.89225e-05
0.00530725
-0.000128142
0.00518846
-0.000206804
0.00505627
-0.000238635
0.00498405
-0.000268818
0.00497211
-0.000336907
0.00499819
-0.000427607
0.00503086
-0.000493035
0.00505848
-0.000523499
0.00509998
-0.000558082
0.00514411
-0.000600735
0.00520692
-0.000660445
0.00529742
-0.000733074
0.00541434
-0.000821334
-0.000935696
0.0136649
0.0195917
0.0124536
0.0159807
0.0112486
0.0124534
0.00991935
0.00916745
0.00858796
0.00624298
0.00765888
0.00420265
0.0075552
0.0032518
0.00749037
0.00260119
0.00718925
0.00193567
0.0067038
0.00135217
0.00615863
0.000922295
0.0057576
0.000695362
0.00560182
0.000538503
0.00557679
0.000440414
0.0055787
0.00028811
0.005574
6.11937e-05
0.00552649
-0.000155759
0.00537096
-0.00022404
0.00521809
-0.000222917
0.00516129
-0.000237971
0.00518584
-0.000282361
0.00525316
-0.000353173
0.00533066
-0.000418056
0.00538591
-0.000475434
0.00542193
-0.000535107
0.00545964
-0.000608264
0.0055283
-0.000693565
0.00560095
-0.000797459
0.00570792
-0.00090168
-0.000981833
0.0140765
0.0200882
0.0128538
0.0169116
0.0115449
0.0134525
0.0102347
0.010089
0.00897123
0.00715109
0.00795389
0.0049445
0.00776906
0.00386234
0.00776575
0.0030724
0.00750958
0.00234653
0.00697978
0.00168209
0.00633981
0.00112489
0.00584805
0.000782422
0.00567031
0.000550702
0.00573023
0.000529607
0.00574735
0.000346081
0.00570483
9.88596e-05
0.00574121
-7.56509e-05
0.00560022
-0.000232807
0.00540446
-0.000242852
0.00536279
-0.000203126
0.00543536
-0.000237819
0.00556342
-0.000289772
0.00569051
-0.000351237
0.00577909
-0.000428334
0.00585469
-0.00051833
0.00592092
-0.000616124
0.00599937
-0.000718812
0.00609092
-0.000829413
0.00615806
-0.000926381
-0.00101069
0.0143757
0.0207106
0.0132123
0.0177956
0.0118321
0.0143082
0.0105395
0.0109325
0.00930743
0.0080402
0.00817813
0.00572282
0.00785536
0.0043352
0.0079951
0.00349541
0.00781426
0.00279979
0.00723245
0.00206596
0.00647648
0.00139597
0.00592334
0.000970334
0.00561747
0.0007305
0.00547518
0.000515182
0.00558483
0.000312417
0.00580073
0.000205015
0.0058642
8.60506e-05
0.00592904
-5.41203e-05
0.00563359
-0.000231531
0.00558146
-0.000236653
0.00570888
-0.000242632
0.00587709
-0.000308004
0.00602527
-0.000391955
0.00613857
-0.000507331
0.00621922
-0.000608847
0.00628462
-0.000715454
0.00632877
-0.000851336
0.00642423
-0.00110262
0.00646924
-0.00119505
-0.00125142
0.014712
0.0219485
0.0136384
0.0185433
0.0122284
0.0151833
0.0108204
0.0118139
0.0096299
0.00884676
0.00849086
0.00646301
0.00802858
0.0048124
0.00821396
0.0039245
0.00806555
0.00328543
0.00747971
0.00251241
0.0067023
0.00176289
0.00603888
0.00122669
0.00568515
0.000857043
0.00551499
0.000559031
0.00560808
0.000394562
0.00578118
0.000275523
0.00590006
0.000131851
0.00599008
1.55282e-05
0.00602358
-4.12965e-05
0.00568527
-0.000186597
0.0058193
-0.00033876
0.0060804
-0.000576597
0.00634727
-0.000912448
0.00663185
-0.00109012
0.00668053
-0.000982668
0.00671383
-0.00108194
0.00686759
-0.0012383
0.00702155
-0.00146696
0.00710679
-0.00158501
-0.00163412
0.0151761
0.0235158
0.0140165
0.0194901
0.0126704
0.016085
0.011152
0.0126899
0.0099471
0.00962977
0.00886589
0.00714251
0.00834036
0.00531235
0.00849502
0.00439311
0.00830302
0.00376903
0.00770047
0.00297919
0.00691514
0.00217217
0.00619266
0.00150492
0.00580413
0.00102828
0.00560094
0.000649224
0.00562977
0.000495215
0.00573289
0.000375654
0.00581464
0.000276717
0.00578281
0.000175062
0.00568278
-3.50317e-05
0.00568084
-0.000327809
0.00587272
-0.000451389
0.00631864
-0.000616219
0.00670269
-0.000743963
0.00686097
-0.000825877
0.00708949
-0.000946572
0.00723718
-0.00101748
0.00724672
-0.00106871
0.00721396
-0.00122133
0.00721887
-0.00130988
-0.00131696
0.015591
0.0293885
0.0144645
0.0204802
0.0132683
0.01707
0.0115714
0.0136002
0.0102728
0.0103641
0.00922206
0.00780693
0.00867999
0.0058709
0.00881201
0.00491631
0.00857083
0.00427785
0.00792049
0.00343523
0.00713063
0.00259056
0.00640649
0.0018023
0.0059935
0.00124894
0.0057534
0.000842712
0.00573196
0.00060015
0.00581062
0.000484004
0.00590118
0.000397684
0.00586345
0.000268075
0.00580498
4.39258e-05
0.00574959
-0.000142804
0.00590848
-0.000330875
0.00639995
-0.000539772
0.00694486
-0.000741098
0.00720588
-0.000938042
0.00753142
-0.00123151
0.00779103
-0.00141237
0.00789372
-0.00135763
0.00759077
-0.00138999
0.00745288
-0.00127656
-0.00124916
0.0158866
0.0327819
0.0148278
0.0212127
0.0138322
0.0181113
0.0122107
0.0145732
0.010753
0.0110321
0.00961652
0.00841453
0.00898608
0.00648208
0.00908695
0.00550404
0.00883485
0.00478794
0.00815701
0.00386206
0.00736279
0.00296172
0.00666455
0.00209408
0.00624559
0.0014627
0.0059973
0.000982037
0.00595591
0.000649411
0.00603479
0.000619752
0.00609175
0.00054621
0.00602629
0.000385514
0.0059558
0.000178807
0.00601588
-0.000111788
0.00652392
-0.000380323
0.0071465
-0.00061362
0.00759574
-0.000818797
0.00806165
-0.00117421
0.00841986
-0.00117727
0.00848543
-0.00111624
0.00860163
-0.00112429
0.00831953
-0.00125834
0.00801399
-0.00124837
-0.00124925
0.0260617
0.0248293
0.0156874
0.0311221
0.0145218
0.0192346
0.012949
0.0156124
0.0115337
0.0116253
0.0101966
0.00901965
0.00941342
0.00705932
0.00935504
0.00612863
0.0091078
0.00533796
0.00844118
0.00427699
0.00763223
0.00328796
0.00698521
0.00232761
0.00660331
0.00164667
0.00644744
0.00107351
0.00651265
0.000882938
0.00651015
0.000837764
0.00644832
0.000665507
0.00634997
0.000438654
0.00631773
0.000152524
0.00649879
-0.000181355
0.00715274
-0.000607349
0.00796472
-0.00103326
0.0087109
-0.00127534
0.00850925
-0.000937526
0.00847659
-0.000844661
0.00849198
-0.000953422
0.00850898
-0.000978596
0.00859275
-0.00104784
0.00862483
-0.00108948
-0.00120236
0.018555
0.0248504
0.0244833
0.0247556
0.016484
0.0264342
0.0138597
0.0172085
0.0123797
0.0124703
0.0108633
0.00981654
0.00997006
0.00782226
0.00966226
0.00679487
0.00932296
0.00587241
0.00874588
0.00471729
0.00797893
0.00356882
0.00741986
0.00260624
0.00711826
0.0017807
0.00718391
0.00127663
0.00723786
0.00112288
0.00706549
0.000966956
0.00691879
0.00068529
0.0068631
0.000322422
0.00655612
-5.32339e-05
0.00748646
-0.00126118
0.00863916
-0.00150242
0.00932118
-0.00131576
0.00945524
-0.000984635
0.00873056
-0.000832965
0.00867124
-0.00078664
0.00868097
-0.000786512
0.00878721
-0.000710159
0.00867786
-0.000828
0.00872555
-0.000819531
-0.000847749
0.0176231
0.0189047
0.0189823
0.0234359
0.0225673
0.0227674
0.0173249
0.02218
0.0134108
0.0156907
0.0115625
0.0112404
0.0105259
0.00867018
0.0100286
0.00747993
0.00955203
0.00637377
0.00904579
0.0051464
0.00844644
0.00388996
0.00797027
0.00280246
0.00781499
0.00204892
0.00791457
0.00166946
0.00789246
0.00138189
0.00768151
0.000971986
0.00756895
0.000405473
0.00783418
-0.00022043
0.008608
-0.00079026
0.00862003
-0.000847549
0.00871844
-0.000852964
0.00894444
-0.000818089
0.00926874
-0.000737446
0.00875975
-0.000771301
0.00864808
-0.000709493
0.00869032
-0.000597015
0.00878456
-0.000623439
0.00879989
-0.000583003
0.00892419
-0.00056271
-0.000635527
0.0231487
0.007439
0.020924
0.0256493
0.0195957
0.0231294
0.0180512
0.0232047
0.0154557
0.0178561
0.0124921
0.0128183
0.0113863
0.00991734
0.0106253
0.00835705
0.00994898
0.00698027
0.00948227
0.00565342
0.00911188
0.00428497
0.00885526
0.00321739
0.00869102
0.00252851
0.0086811
0.00196248
0.00859376
0.00140643
0.00845178
0.00075059
0.00835675
0.000217837
0.00843742
-0.000239555
0.00841002
-0.000591209
0.00852287
-0.000749335
0.00873395
-0.000677185
0.00887642
-0.000500807
0.00872615
-0.00035189
0.00868613
-0.000376527
0.00874696
-0.000307957
0.00878243
-0.000384839
0.00906499
-0.000460737
0.00917761
-0.000324336
0.00879404
-0.000138216
-0.000744832
0.0179564
0.00151218
0.0200524
0.0228187
0.0199461
0.0221572
0.0201364
0.0234087
0.0189028
0.0202411
0.0140112
0.0157305
0.0123729
0.0116876
0.0114031
0.00940561
0.0107136
0.00777144
0.0102595
0.00638325
0.010028
0.00497274
0.00987236
0.00372337
0.00954698
0.00274642
0.00939275
0.00214282
0.00931724
0.0014756
0.00917793
0.000745562
0.00904052
0.000197221
0.00896338
-0.000123699
0.00891607
-0.000424099
0.00897823
-0.000591716
0.00897857
-0.000419584
0.00882027
-0.000299936
0.00859452
-0.000193473
0.0085889
0.000155289
0.00749384
0.000197895
0.00860733
-0.000960946
0.00995124
-0.000995667
0.00997291
0.000984307
0.00944786
0.00192533
0.000963265
0.0121559
0.00161653
0.0184615
0.0167012
0.0200396
0.0207067
0.0214902
0.022289
0.0190033
0.0229198
0.0151907
0.0177966
0.0136109
0.0135094
0.0124571
0.0108697
0.0116968
0.00882437
0.0111816
0.00704624
0.0109626
0.0056076
0.0109807
0.0046044
0.0104804
0.00370331
0.0103363
0.0026571
0.0104011
0.00167742
0.0102686
0.000880128
0.00991396
0.000336344
0.00961625
2.73955e-05
0.00947903
-0.000119715
0.00937214
-0.000104082
0.00927201
-5.90893e-05
0.0090656
-0.000328477
0.00931266
0.000483519
0.00838135
0.00171786
0.00848583
0.00115497
0.00587451
0.000344935
0.00248659
-0.000307131
0.00421562
-0.0555207
0.0135547
-0.0237164
-0.00733723
0.0126396
0.00206383
0.0185759
0.0130258
0.018247
0.0204336
0.0188687
0.0213219
0.0203939
0.0212671
0.0187223
0.0193666
0.0151307
0.0159801
0.0136101
0.0122981
0.0125611
0.00964297
0.0120231
0.00788306
0.0117297
0.0065683
0.0114568
0.00536636
0.0111184
0.00422671
0.0111206
0.00323231
0.0112783
0.00232235
0.0112171
0.00166872
0.0109221
0.00115217
0.0104741
0.000463708
0.00994627
0.000859494
0.00945479
0.00120054
0.00909462
0.00104609
0.00569312
0.000744052
0.00273995
9.39728e-05
0.00330365
-0.0199456
0.0153039
-0.027565
0.0254809
-0.00713149
0.0415114
-0.00731856
0.0368157
-0.00914546
0.0186253
-0.0151986
-0.0121337
0.0113916
0.000575626
0.0180914
0.00515851
0.0182718
0.0198043
0.0194969
0.0198645
0.0191884
0.0206552
0.0182705
0.0195912
0.0163348
0.0174691
0.014882
0.0139149
0.0136987
0.0110086
0.0130115
0.00895334
0.0126475
0.00741541
0.0125158
0.00575778
0.0124417
0.00441383
0.0126201
0.00350087
0.0129036
0.00258043
0.0129164
0.00157342
0.012528
0.000877867
0.0105233
0.000336762
0.00807948
-1.61379e-05
0.0048189
-0.00133386
0.0118539
-0.0258997
0.0223184
-0.0134715
0.0252865
-0.00966322
0.0301411
-0.00927835
0.0185541
-0.0101102
0.0193263
-0.0100029
0.0237842
-0.00860323
0.0272623
-0.00930502
0.0256889
-0.00993287
-0.00655087
0.0111195
0.000619727
0.0129159
0.0032922
0.0201567
0.00910131
0.0187679
0.0202405
0.0188752
0.019694
0.0190608
0.018953
0.0180585
0.0183282
0.0161797
0.0157898
0.0149573
0.0127185
0.0144464
0.00996285
0.0142843
0.00769979
0.0142914
0.00551358
0.0145702
0.00373042
0.012874
0.00180089
0.00881408
0.000504328
0.0137792
-0.0239049
0.0200696
-0.0168085
0.020404
-0.00642763
0.0229131
-0.00451315
0.0356629
-0.00747456
0.0268385
-0.00973887
0.0202043
-0.00723047
0.0200416
-0.00748547
0.0222241
-0.00834349
0.0206313
-0.0081379
0.0189887
-0.00804862
0.0195152
-0.00725322
0.0218987
-0.00783196
0.0220745
-0.00708576
-0.00737998
0.0116593
0.000179241
0.0136847
0.00114323
0.0169372
0.00504346
0.0188289
0.0176581
0.0183428
0.0196833
0.0187311
0.0190146
0.0211357
0.0165082
0.0204239
0.0170208
0.0172769
0.0161011
0.0164191
0.0106325
0.0151201
0.00857333
0.0131966
0.00478116
0.0123262
-0.000200091
0.0206137
-0.0130093
0.0384348
-0.0103016
0.0301509
-0.00998273
0.0247145
-0.0154173
0.0242401
-0.0130603
0.0268604
-0.00833864
0.0265437
-0.00711521
0.0222618
-0.00565859
0.0197332
-0.00730097
0.0198352
-0.00663685
0.0194978
-0.00623336
0.019284
-0.00651413
0.0189839
-0.00623995
0.01938
-0.00594096
0.0193852
-0.00582012
0.0198119
-0.00554921
-0.00545764
0.0113137
0.000175822
0.0118512
0.000887414
0.0131881
0.00407535
0.0191483
0.0124945
0.0192723
0.0190652
0.0196405
0.0187968
0.0201463
0.0166666
0.0211333
0.0166971
0.0223379
0.0141049
0.0179412
0.0128244
0.0202009
0.00218418
0.0333868
-0.011343
0.0418027
-0.00985114
0.0301646
-0.00844854
0.0267507
-0.00713533
0.0266011
-0.00577313
0.0243039
-0.00515881
0.0227095
-0.00522999
0.0230644
-0.0056112
0.0215369
-0.00520036
0.0203406
-0.00474774
0.0196651
-0.00502644
0.0192748
-0.0050097
0.0191475
-0.00484501
0.0187507
-0.00489608
0.0187031
-0.00479788
0.0189295
-0.00468197
0.0189093
-0.00447188
0.0192205
-0.00410467
-0.00397158
0.0111445
0.000315135
0.0106793
0.00159832
0.00751846
0.00774977
0.0196183
0.000589517
0.0164094
0.0214072
0.0207804
0.0136903
0.0250896
0.0152014
0.0294711
0.012713
0.0304375
0.00621247
0.0402346
-0.000662168
0.0439118
-0.00440523
0.0360749
-0.00542234
0.0297161
-0.00518648
0.0268927
-0.00449382
0.0259214
-0.00473337
0.0261512
-0.00501341
0.0258228
-0.0055609
0.0246657
-0.00423784
0.0229594
-0.00342345
0.0211462
-0.00321943
0.0197726
-0.00310833
0.0192376
-0.00302782
0.0189859
-0.00342696
0.0189169
-0.00342438
0.0188516
-0.00343337
0.0188533
-0.00335371
0.0188196
-0.00320535
0.0186953
-0.00293305
0.0188004
-0.00285879
-0.00280875
0.0111594
4.01973e-05
0.0115321
0.000189659
0.0165394
0.000698826
0.0102957
0.00273122
0.0210654
0.00702634
0.0265243
0.00858041
0.038659
0.0100584
0.0399366
0.00818562
0.0419881
0.0025694
0.0403943
-0.000175502
0.0366491
-0.00261096
0.034375
-0.00309938
0.0315261
-0.00299572
0.030396
-0.00351489
0.0289833
-0.00276474
0.0277897
-0.00211783
0.0272336
-0.00356638
0.0249469
-0.00345057
0.0233985
-0.00239223
0.021315
-0.00191546
0.0199422
-0.00185637
0.0194413
-0.00164587
0.0193136
-0.00144211
0.019372
-0.00142406
0.0194464
-0.00170633
0.0190914
-0.00172858
0.0186513
-0.00167896
0.0183705
-0.00145849
0.0186194
-0.00151624
-0.00191596
0.0112185
0.0113488
0.0120493
0.0147017
0.0224546
0.0311217
0.0401454
0.0442969
0.0435228
0.042933
0.04076
0.0389944
0.03621
0.033668
0.0322728
0.0311039
0.0291239
0.026766
0.0247963
0.0222268
0.0206021
0.0200035
0.0197255
0.0195816
0.0192592
0.0189944
0.0184878
0.017782
0.0184879
)
;

boundaryField
{
    inlet
    {
        type            calculated;
        value           nonuniform List<scalar> 
60
(
-0.00279994
-0.00279994
-0.00279994
-0.00279994
-0.00279994
-0.00279994
-0.00279994
-0.00279994
-0.00279994
-0.00279994
-0.00279994
-0.00279994
-0.00279994
-0.00279994
-0.00279994
-0.00279994
-0.00279994
-0.00279994
-0.00279994
-0.00279994
-0.00279994
-0.00279994
-0.00279994
-0.00279994
-0.00279994
-0.00279994
-0.00279994
-0.00279994
-0.00279994
-0.00279994
-0.0111998
-0.0111998
-0.0111998
-0.0111998
-0.0111998
-0.0111998
-0.0111998
-0.0111998
-0.0111998
-0.0111998
-0.0111998
-0.0111998
-0.0111998
-0.0111998
-0.0111998
-0.0111998
-0.0111998
-0.0111998
-0.0111998
-0.0111998
-0.0111998
-0.0111998
-0.0111998
-0.0111998
-0.0111998
-0.0111998
-0.0111998
-0.0111998
-0.0111998
-0.0111998
)
;
    }
    outlet
    {
        type            calculated;
        value           nonuniform List<scalar> 
30
(
0.00395257
0.00373749
0.00386516
0.00415303
0.00445412
0.00468988
0.0050335
0.00532626
0.00561325
0.00586826
0.00624882
0.00655232
0.0070272
0.00762664
0.00795294
0.00824045
0.00858237
0.00899207
0.00916171
0.00923059
0.00927204
0.0254106
0.0229937
0.0212585
0.0203518
0.020253
0.0200133
0.0197347
0.0194284
0.019571
)
;
    }
    top
    {
        type            symmetryPlane;
        value           uniform 0;
    }
    bottom
    {
        type            symmetryPlane;
        value           uniform 0;
    }
    step
    {
        type            calculated;
        value           uniform 0;
    }
    defaultFaces
    {
        type            empty;
        value           nonuniform 0();
    }
}


// ************************************************************************* //
