/*--------------------------------*- C++ -*----------------------------------*\
  =========                 |
  \\      /  F ield         | OpenFOAM: The Open Source CFD Toolbox
   \\    /   O peration     | Website:  https://openfoam.org
    \\  /    A nd           | Version:  6.0
     \\/     M anipulation  |
\*---------------------------------------------------------------------------*/
FoamFile
{
    version     2.0;
    format      ascii;
    class       volVectorField;
    location    "1";
    object      U;
}
// * * * * * * * * * * * * * * * * * * * * * * * * * * * * * * * * * * * * * //

dimensions      [0 1 -1 0 0 0 0];

internalField   nonuniform List<vector> 
2700
(
(3 -4.87355e-12 0)
(3 -3.04109e-11 0)
(3 -1.0212e-10 0)
(3 -2.7715e-10 0)
(3 -6.81583e-10 0)
(2.99999 -1.59394e-09 0)
(2.99998 -3.6325e-09 0)
(2.99996 -8.1752e-09 0)
(2.9999 -1.83005e-08 0)
(2.99979 -4.08952e-08 0)
(2.99955 -9.13749e-08 0)
(2.99902 -2.04265e-07 0)
(2.99786 -4.56966e-07 0)
(2.99534 -1.02343e-06 0)
(2.98981 -2.29702e-06 0)
(2.97763 -5.18005e-06 0)
(2.95027 -1.18105e-05 0)
(2.88655 -2.76094e-05 0)
(2.72584 -6.83245e-05 0)
(2.23734 -0.000198458 0)
(0.037659 -0.000805778 0)
(-1.47574 0.00107485 0)
(-0.808923 0.0039176 0)
(-0.187498 0.00663869 0)
(0.17789 0.0104871 0)
(0.322486 0.0152195 0)
(0.353786 0.0177354 0)
(0.136007 0.0137461 0)
(-0.0816008 0.018534 0)
(0.185772 0.00445152 0)
(3 -1.45457e-11 0)
(3 -9.06961e-11 0)
(3 -3.04228e-10 0)
(3 -8.24449e-10 0)
(3 -2.02421e-09 0)
(2.99999 -4.72568e-09 0)
(2.99998 -1.07505e-08 0)
(2.99996 -2.41504e-08 0)
(2.9999 -5.3961e-08 0)
(2.99979 -1.20357e-07 0)
(2.99955 -2.6842e-07 0)
(2.99902 -5.9894e-07 0)
(2.99786 -1.33745e-06 0)
(2.99534 -2.9898e-06 0)
(2.98981 -6.69688e-06 0)
(2.97762 -1.50655e-05 0)
(2.95026 -3.42327e-05 0)
(2.88653 -7.95706e-05 0)
(2.72578 -0.000194633 0)
(2.23708 -0.000555797 0)
(0.037905 -0.00233933 0)
(-1.47463 0.00458938 0)
(-0.804052 0.01456 0)
(-0.178086 0.023907 0)
(0.190278 0.0353088 0)
(0.333833 0.0460661 0)
(0.360189 0.0499389 0)
(0.140812 0.0355703 0)
(-0.0786481 0.0430782 0)
(0.148921 0.0356394 0)
(3 -2.39928e-11 0)
(3 -1.49416e-10 0)
(3 -5.00203e-10 0)
(3 -1.35185e-09 0)
(3 -3.30902e-09 0)
(2.99999 -7.7006e-09 0)
(2.99998 -1.74609e-08 0)
(2.99996 -3.90943e-08 0)
(2.9999 -8.7057e-08 0)
(2.99979 -1.93529e-07 0)
(2.99955 -4.30211e-07 0)
(2.99902 -9.56985e-07 0)
(2.99786 -2.13074e-06 0)
(2.99534 -4.74988e-06 0)
(2.98981 -1.06102e-05 0)
(2.97762 -2.37994e-05 0)
(2.95025 -5.38857e-05 0)
(2.8865 -0.000124579 0)
(2.72567 -0.000301589 0)
(2.23658 -0.000849264 0)
(0.0389042 -0.00370408 0)
(-1.47168 0.00863173 0)
(-0.797241 0.0249118 0)
(-0.168313 0.040418 0)
(0.202425 0.0580009 0)
(0.344463 0.0737182 0)
(0.364557 0.0804835 0)
(0.149453 0.0582127 0)
(-0.0713115 0.0678225 0)
(0.116111 0.0665234 0)
(3 -3.30605e-11 0)
(3 -2.0557e-10 0)
(3 -6.86417e-10 0)
(3 -1.84836e-09 0)
(3 -4.50576e-09 0)
(2.99999 -1.04406e-08 0)
(2.99998 -2.35699e-08 0)
(2.99996 -5.25375e-08 0)
(2.9999 -1.16473e-07 0)
(2.99979 -2.57798e-07 0)
(2.99955 -5.7072e-07 0)
(2.99902 -1.26472e-06 0)
(2.99786 -2.80633e-06 0)
(2.99533 -6.23733e-06 0)
(2.98981 -1.38972e-05 0)
(2.97761 -3.11029e-05 0)
(2.95023 -7.02738e-05 0)
(2.88645 -0.000162061 0)
(2.72553 -0.000390664 0)
(2.23589 -0.00109505 0)
(0.0406902 -0.00486078 0)
(-1.46691 0.013151 0)
(-0.788996 0.0351121 0)
(-0.157541 0.0572718 0)
(0.214498 0.0805831 0)
(0.354385 0.100574 0)
(0.367309 0.108949 0)
(0.157648 0.0829998 0)
(-0.0615803 0.0918462 0)
(0.0924279 0.0959022 0)
(3 -4.15592e-11 0)
(3 -2.57993e-10 0)
(3 -8.58986e-10 0)
(3 -2.30335e-09 0)
(3 -5.58793e-09 0)
(2.99999 -1.28829e-08 0)
(2.99998 -2.89335e-08 0)
(2.99996 -6.41558e-08 0)
(2.9999 -1.41489e-07 0)
(2.99979 -3.11578e-07 0)
(2.99955 -6.8648e-07 0)
(2.99902 -1.51463e-06 0)
(2.99786 -3.34813e-06 0)
(2.99533 -7.418e-06 0)
(2.9898 -1.64866e-05 0)
(2.9776 -3.68301e-05 0)
(2.9502 -8.31047e-05 0)
(2.88639 -0.000191448 0)
(2.72535 -0.00046074 0)
(2.23504 -0.00129063 0)
(0.0433188 -0.00579926 0)
(-1.46025 0.0181127 0)
(-0.779826 0.045619 0)
(-0.145069 0.0744469 0)
(0.226627 0.102828 0)
(0.363245 0.12694 0)
(0.368715 0.134876 0)
(0.16304 0.109303 0)
(-0.0512309 0.11492 0)
(0.0778213 0.123992 0)
(3 -4.92349e-11 0)
(3 -3.05161e-10 0)
(3 -1.0131e-09 0)
(3 -2.70477e-09 0)
(3 -6.52854e-09 0)
(2.99999 -1.49708e-08 0)
(2.99998 -3.34371e-08 0)
(2.99996 -7.37256e-08 0)
(2.9999 -1.61678e-07 0)
(2.99979 -3.54074e-07 0)
(2.99955 -7.76029e-07 0)
(2.99902 -1.70404e-06 0)
(2.99786 -3.75111e-06 0)
(2.99533 -8.28218e-06 0)
(2.9898 -1.83582e-05 0)
(2.97759 -4.0935e-05 0)
(2.95018 -9.22651e-05 0)
(2.88632 -0.000212436 0)
(2.72515 -0.00051093 0)
(2.23405 -0.00143366 0)
(0.0469079 -0.0065309 0)
(-1.4517 0.0234359 0)
(-0.769275 0.0567488 0)
(-0.131503 0.0914796 0)
(0.238577 0.124311 0)
(0.37133 0.152705 0)
(0.369245 0.16016 0)
(0.165774 0.137427 0)
(-0.0420583 0.139106 0)
(0.0704091 0.151483 0)
(3 -5.57588e-11 0)
(3 -3.45108e-10 0)
(3 -1.14269e-09 0)
(3 -3.03821e-09 0)
(3 -7.29779e-09 0)
(2.99999 -1.66481e-08 0)
(2.99998 -3.69839e-08 0)
(2.99996 -8.10972e-08 0)
(2.9999 -1.76853e-07 0)
(2.99979 -3.85168e-07 0)
(2.99955 -8.39699e-07 0)
(2.99902 -1.83478e-06 0)
(2.99786 -4.02127e-06 0)
(2.99533 -8.84601e-06 0)
(2.98979 -1.95513e-05 0)
(2.97757 -4.35064e-05 0)
(2.95015 -9.79454e-05 0)
(2.88625 -0.000225425 0)
(2.72494 -0.000542106 0)
(2.23297 -0.00152631 0)
(0.0515003 -0.00706014 0)
(-1.44122 0.0290924 0)
(-0.757123 0.0684806 0)
(-0.117732 0.10816 0)
(0.250606 0.145367 0)
(0.379009 0.177639 0)
(0.369335 0.185899 0)
(0.168257 0.166654 0)
(-0.0331442 0.164916 0)
(0.0671167 0.178162 0)
(3 -6.0735e-11 0)
(3 -3.7548e-10 0)
(3 -1.24053e-09 0)
(3 -3.28684e-09 0)
(3 -7.86219e-09 0)
(2.99999 -1.78555e-08 0)
(2.99998 -3.9481e-08 0)
(2.99996 -8.6154e-08 0)
(2.9999 -1.86947e-07 0)
(2.99979 -4.05108e-07 0)
(2.99955 -8.78809e-07 0)
(2.99901 -1.9112e-06 0)
(2.99785 -4.17067e-06 0)
(2.99532 -9.13984e-06 0)
(2.98979 -2.01373e-05 0)
(2.97756 -4.47035e-05 0)
(2.95011 -0.000100484 0)
(2.88617 -0.000231108 0)
(2.72471 -0.00055563 0)
(2.23182 -0.00157085 0)
(0.0571673 -0.0073828 0)
(-1.4288 0.0351122 0)
(-0.743566 0.0805793 0)
(-0.103857 0.12461 0)
(0.26287 0.16636 0)
(0.386473 0.201654 0)
(0.369266 0.212492 0)
(0.171075 0.196705 0)
(-0.0241051 0.191685 0)
(0.0663774 0.203871 0)
(3 -6.37451e-11 0)
(3 -3.93766e-10 0)
(3 -1.29887e-09 0)
(3 -3.43275e-09 0)
(3 -8.18638e-09 0)
(2.99999 -1.85309e-08 0)
(2.99998 -4.08326e-08 0)
(2.99996 -8.87779e-08 0)
(2.9999 -1.91897e-07 0)
(2.99979 -4.14161e-07 0)
(2.99955 -8.94742e-07 0)
(2.99901 -1.93784e-06 0)
(2.99785 -4.21194e-06 0)
(2.99532 -9.19592e-06 0)
(2.98978 -2.01935e-05 0)
(2.97755 -4.47034e-05 0)
(2.95008 -0.000100274 0)
(2.88609 -0.000230328 0)
(2.72448 -0.00055335 0)
(2.23064 -0.00157096 0)
(0.0639823 -0.00749016 0)
(-1.41444 0.0415252 0)
(-0.728736 0.09283 0)
(-0.089768 0.141042 0)
(0.275326 0.187359 0)
(0.393888 0.224917 0)
(0.369412 0.239575 0)
(0.174039 0.227503 0)
(-0.0150955 0.219501 0)
(0.0670951 0.229025 0)
(3 -6.44129e-11 0)
(3 -3.97699e-10 0)
(3 -1.31071e-09 0)
(3 -3.45948e-09 0)
(3 -8.23726e-09 0)
(2.99999 -1.86141e-08 0)
(2.99998 -4.09389e-08 0)
(2.99996 -8.88216e-08 0)
(2.9999 -1.91533e-07 0)
(2.99979 -4.12259e-07 0)
(2.99955 -8.87959e-07 0)
(2.99901 -1.91688e-06 0)
(2.99785 -4.15205e-06 0)
(2.99532 -9.03333e-06 0)
(2.98977 -1.97682e-05 0)
(2.97753 -4.36215e-05 0)
(2.95005 -9.75768e-05 0)
(2.88602 -0.000223667 0)
(2.72426 -0.000536506 0)
(2.22945 -0.00152898 0)
(0.0720177 -0.00737703 0)
(-1.39816 0.0483448 0)
(-0.712755 0.105037 0)
(-0.0753436 0.157675 0)
(0.287927 0.208432 0)
(0.401288 0.247645 0)
(0.369924 0.266277 0)
(0.176993 0.258307 0)
(-0.00616882 0.248565 0)
(0.0686011 0.254566 0)
(3 -6.24827e-11 0)
(3 -3.85732e-10 0)
(3 -1.27114e-09 0)
(3 -3.35508e-09 0)
(3 -7.98911e-09 0)
(2.99999 -1.80534e-08 0)
(2.99998 -3.96996e-08 0)
(2.99996 -8.60966e-08 0)
(2.9999 -1.85509e-07 0)
(2.99979 -3.98791e-07 0)
(2.99955 -8.57427e-07 0)
(2.99901 -1.8467e-06 0)
(2.99785 -3.98884e-06 0)
(2.99532 -8.6503e-06 0)
(2.98977 -1.88635e-05 0)
(2.97752 -4.14741e-05 0)
(2.95002 -9.2449e-05 0)
(2.88595 -0.000211264 0)
(2.72404 -0.000505357 0)
(2.22831 -0.00144539 0)
(0.0813632 -0.00705237 0)
(-1.37996 0.0555316 0)
(-0.695851 0.117185 0)
(-0.0600443 0.174604 0)
(0.300632 0.229584 0)
(0.408513 0.270057 0)
(0.370825 0.292386 0)
(0.179929 0.28872 0)
(0.00277801 0.278378 0)
(0.0707598 0.281231 0)
(3 -5.78732e-11 0)
(3 -3.57337e-10 0)
(3 -1.17827e-09 0)
(3 -3.11394e-09 0)
(3 -7.42666e-09 0)
(2.99999 -1.68094e-08 0)
(2.99998 -3.70172e-08 0)
(2.99996 -8.03702e-08 0)
(2.9999 -1.73289e-07 0)
(2.99979 -3.72561e-07 0)
(2.99955 -8.00564e-07 0)
(2.99901 -1.72193e-06 0)
(2.99785 -3.71148e-06 0)
(2.99531 -8.02585e-06 0)
(2.98976 -1.74404e-05 0)
(2.97751 -3.81927e-05 0)
(2.95 -8.47774e-05 0)
(2.88588 -0.000192947 0)
(2.72384 -0.000459666 0)
(2.22724 -0.00132034 0)
(0.0920855 -0.00653302 0)
(-1.35987 0.0630187 0)
(-0.67792 0.12944 0)
(-0.0438048 0.191746 0)
(0.313362 0.250724 0)
(0.415473 0.292333 0)
(0.372069 0.318113 0)
(0.182849 0.318752 0)
(0.0118268 0.308569 0)
(0.0736449 0.309024 0)
(3 -5.06344e-11 0)
(3 -3.12798e-10 0)
(3 -1.03274e-09 0)
(3 -2.73581e-09 0)
(3 -6.54337e-09 0)
(2.99999 -1.48529e-08 0)
(2.99998 -3.27971e-08 0)
(2.99996 -7.13774e-08 0)
(2.9999 -1.54195e-07 0)
(2.99979 -3.31942e-07 0)
(2.99955 -7.13655e-07 0)
(2.99901 -1.53439e-06 0)
(2.99785 -3.30254e-06 0)
(2.99531 -7.12382e-06 0)
(2.98976 -1.54263e-05 0)
(2.9775 -3.36352e-05 0)
(2.94997 -7.42962e-05 0)
(2.88582 -0.000168246 0)
(2.72367 -0.000398685 0)
(2.22626 -0.00115327 0)
(0.104222 -0.00583129 0)
(-1.33788 0.0707754 0)
(-0.658879 0.141902 0)
(-0.0267338 0.209072 0)
(0.326111 0.271835 0)
(0.422153 0.314577 0)
(0.373647 0.343586 0)
(0.185867 0.348618 0)
(0.0208643 0.3393 0)
(0.0771604 0.337658 0)
(3 -4.08421e-11 0)
(3 -2.52622e-10 0)
(3 -8.36081e-10 0)
(3 -2.2228e-09 0)
(3 -5.33763e-09 0)
(2.99999 -1.21638e-08 0)
(2.99998 -2.69593e-08 0)
(2.99996 -5.88723e-08 0)
(2.9999 -1.27559e-07 0)
(2.99979 -2.75242e-07 0)
(2.99955 -5.92609e-07 0)
(2.99901 -1.27453e-06 0)
(2.99785 -2.74044e-06 0)
(2.99531 -5.8969e-06 0)
(2.98975 -1.27206e-05 0)
(2.97749 -2.75964e-05 0)
(2.94995 -6.05986e-05 0)
(2.88577 -0.00013636 0)
(2.72352 -0.000320469 0)
(2.22542 -0.00093865 0)
(0.117791 -0.00495697 0)
(-1.31398 0.0787949 0)
(-0.638738 0.154647 0)
(-0.00877832 0.226557 0)
(0.338847 0.292913 0)
(0.428571 0.336844 0)
(0.375579 0.368878 0)
(0.189136 0.378422 0)
(0.0297426 0.370714 0)
(0.0810856 0.367217 0)
(3 -2.85481e-11 0)
(3 -1.77224e-10 0)
(3 -5.89769e-10 0)
(3 -1.57777e-09 0)
(3 -3.81174e-09 0)
(2.99999 -8.73475e-09 0)
(2.99998 -1.94572e-08 0)
(2.99996 -4.26862e-08 0)
(2.9999 -9.28683e-08 0)
(2.99979 -2.01059e-07 0)
(2.99955 -4.33868e-07 0)
(2.99901 -9.33896e-07 0)
(2.99785 -2.00632e-06 0)
(2.99531 -4.30578e-06 0)
(2.98975 -9.24673e-06 0)
(2.97748 -1.99371e-05 0)
(2.94994 -4.34374e-05 0)
(2.88574 -9.69671e-05 0)
(2.7234 -0.000224785 0)
(2.22472 -0.000673571 0)
(0.132777 -0.00390629 0)
(-1.28817 0.0870685 0)
(-0.617486 0.16779 0)
(0.00993339 0.244183 0)
(0.351653 0.313914 0)
(0.434784 0.359091 0)
(0.377902 0.393944 0)
(0.192791 0.408298 0)
(0.0384097 0.403033 0)
(0.0852463 0.397647 0)
(3 -1.3795e-11 0)
(3 -8.68933e-11 0)
(3 -2.94724e-10 0)
(3 -8.02286e-10 0)
(3 -1.96595e-09 0)
(2.99999 -4.55633e-09 0)
(2.99998 -1.0246e-08 0)
(2.99996 -2.26699e-08 0)
(2.9999 -4.97158e-08 0)
(2.99979 -1.08442e-07 0)
(2.99955 -2.35591e-07 0)
(2.99901 -5.09982e-07 0)
(2.99785 -1.1002e-06 0)
(2.99531 -2.36675e-06 0)
(2.98975 -5.08416e-06 0)
(2.97748 -1.09451e-05 0)
(2.94993 -2.37761e-05 0)
(2.88572 -5.30304e-05 0)
(2.72333 -0.000122759 0)
(2.22422 -0.000385384 0)
(0.149141 -0.00265855 0)
(-1.26046 0.0956408 0)
(-0.594939 0.181341 0)
(0.0291778 0.262011 0)
(0.364424 0.334845 0)
(0.440818 0.381324 0)
(0.380698 0.418751 0)
(0.197097 0.438413 0)
(0.046854 0.436398 0)
(0.0893358 0.429052 0)
(3 3.53177e-12 0)
(3 1.91283e-11 0)
(3 5.18237e-11 0)
(3 1.12029e-10 0)
(3 2.22975e-10 0)
(2.99999 4.32689e-10 0)
(2.99998 8.30906e-10 0)
(2.99996 1.57026e-09 0)
(2.9999 2.88738e-09 0)
(2.99979 5.10945e-09 0)
(2.99955 8.61383e-09 0)
(2.99901 1.36909e-08 0)
(2.99785 2.02859e-08 0)
(2.99531 2.76461e-08 0)
(2.98975 3.31621e-08 0)
(2.97748 2.17033e-08 0)
(2.94992 -1.13066e-07 0)
(2.88571 -1.05956e-06 0)
(2.72329 -6.02377e-06 0)
(2.2239 -7.3383e-05 0)
(0.167112 -0.00121484 0)
(-1.23078 0.10457 0)
(-0.571233 0.195276 0)
(0.0490691 0.280075 0)
(0.377174 0.355724 0)
(0.446679 0.403557 0)
(0.384061 0.443403 0)
(0.202196 0.468828 0)
(0.0550546 0.47085 0)
(0.0932241 0.461683 0)
(3 2.39089e-11 0)
(3 1.43779e-10 0)
(3 4.59525e-10 0)
(3 1.19059e-09 0)
(3 2.81557e-09 0)
(2.99999 6.37011e-09 0)
(2.99998 1.40821e-08 0)
(2.99996 3.07282e-08 0)
(2.9999 6.65302e-08 0)
(2.99979 1.43348e-07 0)
(2.99955 3.07918e-07 0)
(2.99901 6.60199e-07 0)
(2.99785 1.41417e-06 0)
(2.99531 3.02879e-06 0)
(2.98975 6.49175e-06 0)
(2.97748 1.39416e-05 0)
(2.94993 3.00492e-05 0)
(2.88571 6.52167e-05 0)
(2.7233 0.000143485 0)
(2.2238 0.000297909 0)
(0.186628 0.000456486 0)
(-1.19911 0.113892 0)
(-0.546334 0.209616 0)
(0.0693857 0.298371 0)
(0.389852 0.376579 0)
(0.452413 0.425945 0)
(0.388051 0.468135 0)
(0.208381 0.499647 0)
(0.0632016 0.506401 0)
(0.0967662 0.495303 0)
(3 4.80709e-11 0)
(3 2.91558e-10 0)
(3 9.42963e-10 0)
(3 2.4708e-09 0)
(3 5.89792e-09 0)
(2.99999 1.34436e-08 0)
(2.99998 2.9906e-08 0)
(2.99996 6.56365e-08 0)
(2.9999 1.42934e-07 0)
(2.99979 3.09783e-07 0)
(2.99955 6.69344e-07 0)
(2.99901 1.44328e-06 0)
(2.99785 3.10784e-06 0)
(2.99531 6.68743e-06 0)
(2.98975 1.43925e-05 0)
(2.97749 3.10305e-05 0)
(2.94994 6.72253e-05 0)
(2.88574 0.000147283 0)
(2.72337 0.000330536 0)
(2.22397 0.000762517 0)
(0.207556 0.00245024 0)
(-1.16564 0.12364 0)
(-0.520357 0.224391 0)
(0.0902405 0.316923 0)
(0.402519 0.397377 0)
(0.458077 0.448562 0)
(0.392752 0.493138 0)
(0.215669 0.530932 0)
(0.0712293 0.54298 0)
(0.0998323 0.530548 0)
(3 7.6793e-11 0)
(3 4.6726e-10 0)
(3 1.51778e-09 0)
(3 3.99272e-09 0)
(3 9.5615e-09 0)
(2.99999 2.18508e-08 0)
(2.99998 4.8719e-08 0)
(2.99996 1.07166e-07 0)
(2.9999 2.3392e-07 0)
(2.99979 5.08255e-07 0)
(2.99955 1.10109e-06 0)
(2.99901 2.3807e-06 0)
(2.99785 5.14049e-06 0)
(2.99531 1.10916e-05 0)
(2.98976 2.39377e-05 0)
(2.9775 5.17683e-05 0)
(2.94996 0.000112597 0)
(2.8858 0.000248241 0)
(2.7235 0.000563747 0)
(2.22445 0.00135289 0)
(0.229973 0.00483611 0)
(-1.1304 0.133859 0)
(-0.493431 0.239582 0)
(0.111305 0.335697 0)
(0.41513 0.418105 0)
(0.463788 0.471484 0)
(0.398194 0.518625 0)
(0.224334 0.562773 0)
(0.0795558 0.580677 0)
(0.102579 0.567282 0)
(3 1.10789e-10 0)
(3 6.75313e-10 0)
(3 2.19846e-09 0)
(3 5.79302e-09 0)
(3 1.38885e-08 0)
(2.99999 3.17656e-08 0)
(2.99998 7.0879e-08 0)
(2.99996 1.56048e-07 0)
(2.9999 3.40995e-07 0)
(2.99979 7.41902e-07 0)
(2.99955 1.60983e-06 0)
(2.99901 3.48697e-06 0)
(2.99785 7.54435e-06 0)
(2.99532 1.63144e-05 0)
(2.98977 3.52956e-05 0)
(2.97751 7.65447e-05 0)
(2.95 0.000167063 0)
(2.88589 0.000370116 0)
(2.72373 0.000847334 0)
(2.22531 0.00207576 0)
(0.254125 0.00761809 0)
(-1.0932 0.144526 0)
(-0.465629 0.255284 0)
(0.132875 0.354733 0)
(0.427843 0.438684 0)
(0.469693 0.494665 0)
(0.40448 0.544739 0)
(0.234451 0.595295 0)
(0.0882278 0.6197 0)
(0.104895 0.605873 0)
(3 1.50651e-10 0)
(3 9.1942e-10 0)
(3 2.99712e-09 0)
(3 7.90242e-09 0)
(3 1.89476e-08 0)
(2.99999 4.33313e-08 0)
(2.99998 9.66763e-08 0)
(2.99996 2.1286e-07 0)
(2.9999 4.653e-07 0)
(2.99979 1.013e-06 0)
(2.99955 2.20012e-06 0)
(2.99901 4.7714e-06 0)
(2.99785 1.03388e-05 0)
(2.99532 2.2397e-05 0)
(2.98978 4.85544e-05 0)
(2.97754 0.000105549 0)
(2.95006 0.000231022 0)
(2.88603 0.0005137 0)
(2.72406 0.00118246 0)
(2.22662 0.00293107 0)
(0.280036 0.0108251 0)
(-1.05399 0.155773 0)
(-0.436447 0.271458 0)
(0.154402 0.373978 0)
(0.440563 0.458964 0)
(0.475984 0.518036 0)
(0.411681 0.571564 0)
(0.246395 0.628563 0)
(0.0978389 0.660262 0)
(0.107045 0.646954 0)
(3 1.96829e-10 0)
(3 1.20236e-09 0)
(3 3.92285e-09 0)
(3 1.03443e-08 0)
(3 2.47925e-08 0)
(2.99999 5.66655e-08 0)
(2.99998 1.26361e-07 0)
(2.99996 2.78134e-07 0)
(2.9999 6.07964e-07 0)
(2.99979 1.32396e-06 0)
(2.99955 2.87723e-06 0)
(2.99902 6.24563e-06 0)
(2.99786 1.35501e-05 0)
(2.99533 2.93991e-05 0)
(2.98979 6.3853e-05 0)
(2.97758 0.000139108 0)
(2.95014 0.000305263 0)
(2.88621 0.000680937 0)
(2.72452 0.00157419 0)
(2.22844 0.00393319 0)
(0.307819 0.0145064 0)
(-1.01276 0.167646 0)
(-0.406604 0.288066 0)
(0.176455 0.393438 0)
(0.453448 0.478751 0)
(0.48289 0.541439 0)
(0.419976 0.599111 0)
(0.260313 0.662702 0)
(0.108659 0.702611 0)
(0.109138 0.691239 0)
(3 2.49523e-10 0)
(3 1.52533e-09 0)
(3 4.9796e-09 0)
(3 1.31296e-08 0)
(3 3.14516e-08 0)
(2.99999 7.18392e-08 0)
(2.99998 1.6011e-07 0)
(2.99996 3.52301e-07 0)
(2.9999 7.70042e-07 0)
(2.99979 1.67733e-06 0)
(2.99955 3.64725e-06 0)
(2.99902 7.92417e-06 0)
(2.99786 1.72124e-05 0)
(2.99534 3.74017e-05 0)
(2.98981 8.13817e-05 0)
(2.97762 0.000177672 0)
(2.95024 0.000390849 0)
(2.88645 0.000874406 0)
(2.72513 0.00202905 0)
(2.23085 0.00510039 0)
(0.33759 0.018715 0)
(-0.969459 0.180217 0)
(-0.375409 0.305245 0)
(0.198183 0.413068 0)
(0.466486 0.49776 0)
(0.490715 0.56474 0)
(0.42953 0.627549 0)
(0.276567 0.697846 0)
(0.121479 0.746968 0)
(0.111665 0.739864 0)
(3 3.08524e-10 0)
(3 1.88705e-09 0)
(3 6.1634e-09 0)
(3 1.62498e-08 0)
(3 3.89118e-08 0)
(2.99999 8.88431e-08 0)
(2.99998 1.97952e-07 0)
(2.99996 4.35542e-07 0)
(2.9999 9.52179e-07 0)
(2.99979 2.07506e-06 0)
(2.99955 4.51552e-06 0)
(2.99902 9.82083e-06 0)
(2.99787 2.13603e-05 0)
(2.99535 4.64882e-05 0)
(2.98984 0.000101339 0)
(2.97768 0.000221705 0)
(2.95037 0.00048887 0)
(2.88675 0.00109667 0)
(2.72592 0.00255322 0)
(2.23393 0.00644982 0)
(0.369515 0.0235347 0)
(-0.924159 0.193691 0)
(-0.343238 0.322779 0)
(0.220177 0.432965 0)
(0.479762 0.51563 0)
(0.49987 0.587636 0)
(0.440674 0.656828 0)
(0.295475 0.733959 0)
(0.13713 0.793785 0)
(0.11516 0.794774 0)
(3 3.7314e-10 0)
(3 2.28321e-09 0)
(3 7.46036e-09 0)
(3 1.96711e-08 0)
(3 4.71026e-08 0)
(2.99999 1.07546e-07 0)
(2.99998 2.39667e-07 0)
(2.99996 5.27537e-07 0)
(2.99991 1.15403e-06 0)
(2.99979 2.51716e-06 0)
(2.99955 5.48362e-06 0)
(2.99902 1.19422e-05 0)
(2.99787 2.60145e-05 0)
(2.99536 5.6717e-05 0)
(2.98987 0.000123878 0)
(2.97775 0.000271595 0)
(2.95053 0.000600291 0)
(2.88714 0.00135015 0)
(2.72691 0.00315314 0)
(2.23779 0.0080128 0)
(0.403785 0.0290245 0)
(-0.876782 0.208191 0)
(-0.310066 0.341075 0)
(0.242331 0.452233 0)
(0.493176 0.532063 0)
(0.510806 0.6097 0)
(0.453713 0.686293 0)
(0.317782 0.770685 0)
(0.157524 0.844333 0)
(0.120805 0.858727 0)
(3 4.42098e-10 0)
(3 2.70589e-09 0)
(3 8.84441e-09 0)
(3 2.33269e-08 0)
(3 5.58747e-08 0)
(2.99999 1.27635e-07 0)
(2.99998 2.84628e-07 0)
(2.99996 6.27064e-07 0)
(2.99991 1.37328e-06 0)
(2.99979 2.99928e-06 0)
(2.99955 6.54365e-06 0)
(2.99903 1.42743e-05 0)
(2.99788 3.11511e-05 0)
(2.99538 6.80483e-05 0)
(2.98991 0.000148937 0)
(2.97784 0.000327258 0)
(2.95073 0.000725016 0)
(2.88761 0.00163473 0)
(2.72814 0.00382761 0)
(2.24255 0.00980696 0)
(0.440704 0.0352647 0)
(-0.827266 0.223994 0)
(-0.276106 0.360654 0)
(0.265146 0.469743 0)
(0.507072 0.546745 0)
(0.523853 0.63036 0)
(0.469104 0.715413 0)
(0.344287 0.809577 0)
(0.183801 0.901086 0)
(0.12955 0.933566 0)
(3 5.13501e-10 0)
(3 3.14332e-09 0)
(3 1.02768e-08 0)
(3 2.71164e-08 0)
(3 6.49926e-08 0)
(2.99999 1.48591e-07 0)
(2.99998 3.31727e-07 0)
(2.99996 7.31791e-07 0)
(2.99991 1.60506e-06 0)
(2.9998 3.51139e-06 0)
(2.99955 7.67497e-06 0)
(2.99903 1.67752e-05 0)
(2.99789 3.6686e-05 0)
(2.9954 8.0319e-05 0)
(2.98996 0.000176214 0)
(2.97794 0.000388175 0)
(2.95097 0.00086233 0)
(2.88817 0.00195023 0)
(2.72964 0.00458207 0)
(2.24832 0.0118332 0)
(0.480604 0.0423285 0)
(-0.775295 0.241553 0)
(-0.241409 0.381384 0)
(0.287899 0.484678 0)
(0.52183 0.559037 0)
(0.539468 0.648494 0)
(0.487821 0.743812 0)
(0.376143 0.852731 0)
(0.217688 0.96575 0)
(0.142676 1.02303 0)
(3 5.84655e-10 0)
(3 3.57862e-09 0)
(3 1.17005e-08 0)
(3 3.08832e-08 0)
(3 7.40683e-08 0)
(2.99999 1.69498e-07 0)
(2.99998 3.78848e-07 0)
(2.99996 8.36905e-07 0)
(2.99991 1.83847e-06 0)
(2.9998 4.02889e-06 0)
(2.99956 8.8222e-06 0)
(2.99904 1.93204e-05 0)
(2.9979 4.23406e-05 0)
(2.99543 9.29089e-05 0)
(2.99001 0.000204338 0)
(2.97807 0.000451364 0)
(2.95125 0.00100583 0)
(2.88885 0.00228327 0)
(2.73146 0.00539089 0)
(2.2553 0.0140321 0)
(0.524425 0.0502823 0)
(-0.720828 0.262502 0)
(-0.204458 0.401686 0)
(0.310651 0.496149 0)
(0.537582 0.568787 0)
(0.558121 0.664695 0)
(0.511192 0.772555 0)
(0.414008 0.90136 0)
(0.260962 1.03956 0)
(0.16203 1.13543 0)
(3 6.54881e-10 0)
(3 4.00807e-09 0)
(3 1.31054e-08 0)
(3 3.46066e-08 0)
(3 8.30613e-08 0)
(2.99999 1.90268e-07 0)
(2.99998 4.25762e-07 0)
(2.99996 9.41719e-07 0)
(2.99991 2.07141e-06 0)
(2.9998 4.54535e-06 0)
(2.99956 9.96634e-06 0)
(2.99904 2.18554e-05 0)
(2.99792 4.79617e-05 0)
(2.99546 0.000105395 0)
(2.99008 0.000232167 0)
(2.97821 0.000513785 0)
(2.95158 0.0011477 0)
(2.88965 0.00261479 0)
(2.73361 0.00621359 0)
(2.26369 0.0163888 0)
(0.573922 0.0590284 0)
(-0.663301 0.289869 0)
(-0.163414 0.41919 0)
(0.334373 0.502187 0)
(0.555112 0.57524 0)
(0.580517 0.679234 0)
(0.540211 0.800626 0)
(0.459172 0.949526 0)
(0.318341 1.11438 0)
(0.191725 1.26871 0)
(3 7.7984e-10 0)
(3 4.76625e-09 0)
(3 1.55616e-08 0)
(3 4.10654e-08 0)
(3 9.8556e-08 0)
(2.99999 2.25792e-07 0)
(2.99998 5.05279e-07 0)
(2.99996 1.11732e-06 0)
(2.99991 2.45601e-06 0)
(2.9998 5.38306e-06 0)
(2.99957 1.17833e-05 0)
(2.99906 2.57827e-05 0)
(2.99795 5.64244e-05 0)
(2.99554 0.000123583 0)
(2.99026 0.000271187 0)
(2.97862 0.000597485 0)
(2.95252 0.00132788 0)
(2.89193 0.00300711 0)
(2.73993 0.00709225 0)
(2.28857 0.0185077 0)
(0.7256 0.0645725 0)
(-0.458269 0.321706 0)
(-0.110053 0.452482 0)
(0.326367 0.523082 0)
(0.573096 0.598172 0)
(0.655847 0.711407 0)
(0.670319 0.857008 0)
(0.677234 1.03339 0)
(0.683707 1.23511 0)
(0.587663 1.46656 0)
(3 1.056e-09 0)
(3 6.44119e-09 0)
(3 2.09763e-08 0)
(3 5.52336e-08 0)
(3 1.3234e-07 0)
(2.99999 3.02811e-07 0)
(2.99998 6.76898e-07 0)
(2.99996 1.49517e-06 0)
(2.99991 3.28248e-06 0)
(2.99981 7.18398e-06 0)
(2.99958 1.56987e-05 0)
(2.99909 3.42828e-05 0)
(2.99802 7.48612e-05 0)
(2.9957 0.000163557 0)
(2.9906 0.000357884 0)
(2.97938 0.000785835 0)
(2.95425 0.00173889 0)
(2.89601 0.00391299 0)
(2.7507 0.00913127 0)
(2.32678 0.023263 0)
(0.921001 0.0750284 0)
(-0.195748 0.332425 0)
(0.0178485 0.501971 0)
(0.36409 0.57417 0)
(0.606907 0.644892 0)
(0.723676 0.74427 0)
(0.781997 0.878932 0)
(0.846538 1.03664 0)
(0.970167 1.1998 0)
(1.01661 1.3504 0)
(3 1.53756e-09 0)
(3 9.382e-09 0)
(3 3.05578e-08 0)
(3 8.04333e-08 0)
(3 1.92593e-07 0)
(2.99999 4.40398e-07 0)
(2.99998 9.84062e-07 0)
(2.99996 2.17348e-06 0)
(2.99992 4.7729e-06 0)
(2.99982 1.04521e-05 0)
(2.9996 2.2861e-05 0)
(2.99914 4.99823e-05 0)
(2.99812 0.000109297 0)
(2.99592 0.000239174 0)
(2.99109 0.000524225 0)
(2.98046 0.00115291 0)
(2.9567 0.002554 0)
(2.90182 0.0057467 0)
(2.76584 0.0133752 0)
(2.37665 0.0336326 0)
(1.14117 0.101338 0)
(0.0947241 0.36643 0)
(0.170927 0.553794 0)
(0.420903 0.62635 0)
(0.649061 0.682033 0)
(0.785387 0.765338 0)
(0.874053 0.881046 0)
(0.963197 1.01253 0)
(1.12033 1.13361 0)
(1.24795 1.20212 0)
(3 2.42018e-09 0)
(3 1.47605e-08 0)
(3 4.8065e-08 0)
(3 1.266e-07 0)
(3 3.03613e-07 0)
(2.99999 6.95903e-07 0)
(2.99998 1.55959e-06 0)
(2.99996 3.45615e-06 0)
(2.99992 7.61631e-06 0)
(2.99983 1.67371e-05 0)
(2.99964 3.67284e-05 0)
(2.99921 8.05397e-05 0)
(2.99828 0.000176555 0)
(2.99625 0.000387065 0)
(2.99182 0.000849209 0)
(2.98209 0.00186732 0)
(2.96039 0.00412907 0)
(2.91053 0.00925078 0)
(2.78819 0.0213507 0)
(2.44514 0.0527015 0)
(1.38244 0.149909 0)
(0.392377 0.446393 0)
(0.325723 0.589015 0)
(0.466255 0.653222 0)
(0.675821 0.691737 0)
(0.836502 0.759518 0)
(0.946803 0.854787 0)
(1.04393 0.961883 0)
(1.19127 1.05885 0)
(1.32192 1.09731 0)
(3 3.51973e-09 0)
(3 2.14381e-08 0)
(3 6.97765e-08 0)
(3 1.84199e-07 0)
(3 4.43946e-07 0)
(2.99999 1.02502e-06 0)
(2.99999 2.31847e-06 0)
(2.99997 5.19377e-06 0)
(2.99993 1.1585e-05 0)
(2.99986 2.57954e-05 0)
(2.99969 5.73969e-05 0)
(2.99932 0.000127664 0)
(2.99853 0.000283831 0)
(2.99681 0.000630696 0)
(2.99306 0.00140098 0)
(2.98484 0.00311407 0)
(2.96657 0.00694478 0)
(2.9249 0.0156349 0)
(2.82422 0.0360202 0)
(2.5496 0.087551 0)
(1.69908 0.236826 0)
(0.672201 0.623018 0)
(0.444795 0.621468 0)
(0.521396 0.650665 0)
(0.697163 0.681975 0)
(0.869067 0.735097 0)
(0.992626 0.81153 0)
(1.09571 0.897494 0)
(1.2291 0.979305 0)
(1.35297 1.02078 0)
(3 3.92229e-09 0)
(3 2.39794e-08 0)
(3 7.83049e-08 0)
(3 2.0656e-07 0)
(3 4.95426e-07 0)
(3 1.13428e-06 0)
(2.99999 2.53684e-06 0)
(2.99998 5.60677e-06 0)
(2.99995 1.23179e-05 0)
(2.99989 2.69814e-05 0)
(2.99977 5.90131e-05 0)
(2.99951 0.000128983 0)
(2.99895 0.00028186 0)
(2.99774 0.000616104 0)
(2.99514 0.00134804 0)
(2.98951 0.00295623 0)
(2.97721 0.00651464 0)
(2.94983 0.014506 0)
(2.8865 0.0330246 0)
(2.72445 0.078906 0)
(2.25505 0.209 0)
(1.13448 0.595191 0)
(0.655956 0.62494 0)
(0.645465 0.661445 0)
(0.75457 0.692858 0)
(0.905832 0.725371 0)
(1.02946 0.777244 0)
(1.13268 0.840582 0)
(1.25585 0.90494 0)
(1.37258 0.947885 0)
(3 3.22073e-09 0)
(3 1.97584e-08 0)
(3 6.46662e-08 0)
(3 1.70083e-07 0)
(3 4.04575e-07 0)
(3 9.14192e-07 0)
(2.99999 2.00934e-06 0)
(2.99998 4.34798e-06 0)
(2.99996 9.32104e-06 0)
(2.99992 1.98615e-05 0)
(2.99982 4.21429e-05 0)
(2.99962 8.91515e-05 0)
(2.99918 0.000188234 0)
(2.99824 0.000397155 0)
(2.99619 0.000838612 0)
(2.99174 0.00177563 0)
(2.98203 0.00378091 0)
(2.96052 0.00813774 0)
(2.91142 0.0178832 0)
(2.79159 0.0409706 0)
(2.46034 0.105226 0)
(1.56515 0.287321 0)
(0.796095 0.573792 0)
(0.742449 0.672954 0)
(0.804594 0.719464 0)
(0.936156 0.736501 0)
(1.06843 0.759888 0)
(1.17519 0.798343 0)
(1.29077 0.842639 0)
(1.39711 0.877132 0)
(3 2.69174e-09 0)
(3 1.64502e-08 0)
(3 5.36556e-08 0)
(3 1.41193e-07 0)
(3 3.37385e-07 0)
(3 7.68623e-07 0)
(2.99999 1.70852e-06 0)
(2.99999 3.74886e-06 0)
(2.99997 8.16852e-06 0)
(2.99994 1.77295e-05 0)
(2.99986 3.83943e-05 0)
(2.9997 8.30301e-05 0)
(2.99936 0.000179402 0)
(2.99861 0.000387431 0)
(2.99697 0.000836599 0)
(2.99342 0.0018077 0)
(2.98564 0.00391493 0)
(2.96842 0.00852699 0)
(2.92935 0.0188109 0)
(2.83578 0.0426395 0)
(2.58434 0.102806 0)
(1.85487 0.274547 0)
(0.996575 0.681656 0)
(0.845298 0.736074 0)
(0.868524 0.768848 0)
(0.965708 0.770272 0)
(1.1004 0.764604 0)
(1.21738 0.777853 0)
(1.32941 0.802778 0)
(1.42579 0.824221 0)
(3 2.21843e-09 0)
(3 1.35717e-08 0)
(3 4.43208e-08 0)
(3 1.16719e-07 0)
(3 2.79014e-07 0)
(3 6.35821e-07 0)
(3 1.41401e-06 0)
(2.99999 3.10579e-06 0)
(2.99998 6.77946e-06 0)
(2.99996 1.47551e-05 0)
(2.99991 3.20743e-05 0)
(2.99981 6.9698e-05 0)
(2.99959 0.00015147 0)
(2.99911 0.000329282 0)
(2.99808 0.000716164 0)
(2.99584 0.00155882 0)
(2.99098 0.00339854 0)
(2.98034 0.0074378 0)
(2.9567 0.0164229 0)
(2.90244 0.0369919 0)
(2.76602 0.0872084 0)
(2.3713 0.227052 0)
(1.47347 0.617143 0)
(1.06043 0.727823 0)
(1.00675 0.775172 0)
(1.03348 0.792849 0)
(1.13272 0.785694 0)
(1.25486 0.779215 0)
(1.36449 0.787615 0)
(1.45292 0.797973 0)
(3 1.51061e-09 0)
(3 9.277e-09 0)
(3 3.03956e-08 0)
(3 7.99931e-08 0)
(3 1.90333e-07 0)
(3 4.30311e-07 0)
(3 9.47254e-07 0)
(2.99999 2.05672e-06 0)
(2.99999 4.43584e-06 0)
(2.99997 9.54046e-06 0)
(2.99994 2.05074e-05 0)
(2.99986 4.41102e-05 0)
(2.9997 9.50102e-05 0)
(2.99936 0.000205018 0)
(2.99861 0.000443322 0)
(2.997 0.000960804 0)
(2.99348 0.00208762 0)
(2.9858 0.00455084 0)
(2.96883 0.00997615 0)
(2.93043 0.0221336 0)
(2.83868 0.0504909 0)
(2.59212 0.125678 0)
(1.93918 0.330466 0)
(1.22975 0.705339 0)
(1.10893 0.771292 0)
(1.10652 0.814888 0)
(1.16667 0.824129 0)
(1.27342 0.810793 0)
(1.38794 0.802656 0)
(1.47366 0.801154 0)
(3 1.18143e-09 0)
(3 7.2404e-09 0)
(3 2.36861e-08 0)
(3 6.24046e-08 0)
(3 1.49028e-07 0)
(3 3.38844e-07 0)
(3 7.51123e-07 0)
(3 1.64324e-06 0)
(2.99999 3.57071e-06 0)
(2.99998 7.73303e-06 0)
(2.99996 1.67214e-05 0)
(2.99991 3.61364e-05 0)
(2.9998 7.80928e-05 0)
(2.99958 0.000168817 0)
(2.99909 0.000365148 0)
(2.99804 0.000790481 0)
(2.99576 0.00171345 0)
(2.99085 0.00372213 0)
(2.98014 0.00811888 0)
(2.95638 0.0178612 0)
(2.90182 0.0400344 0)
(2.765 0.0939422 0)
(2.38746 0.241129 0)
(1.5873 0.629095 0)
(1.29402 0.751126 0)
(1.23609 0.82426 0)
(1.23402 0.861238 0)
(1.29802 0.859393 0)
(1.40384 0.839383 0)
(1.48914 0.826985 0)
(3 8.79505e-10 0)
(3 5.38632e-09 0)
(3 1.76143e-08 0)
(3 4.64442e-08 0)
(3 1.1112e-07 0)
(3 2.53329e-07 0)
(3 5.63361e-07 0)
(3 1.2367e-06 0)
(2.99999 2.69631e-06 0)
(2.99999 5.85652e-06 0)
(2.99997 1.26916e-05 0)
(2.99994 2.74592e-05 0)
(2.99988 5.93297e-05 0)
(2.99974 0.000128035 0)
(2.99944 0.000276005 0)
(2.99879 0.000594495 0)
(2.99739 0.00128005 0)
(2.99434 0.0027577 0)
(2.9877 0.00595461 0)
(2.97305 0.0129311 0)
(2.94 0.0284383 0)
(2.8613 0.06436 0)
(2.64909 0.157158 0)
(2.09817 0.403045 0)
(1.48452 0.777202 0)
(1.36165 0.871148 0)
(1.32854 0.905442 0)
(1.34305 0.909901 0)
(1.41841 0.892797 0)
(1.50591 0.867643 0)
(3 5.72264e-10 0)
(3 3.49922e-09 0)
(3 1.14216e-08 0)
(3 3.00746e-08 0)
(3 7.18994e-08 0)
(3 1.63871e-07 0)
(3 3.64463e-07 0)
(3 8.00423e-07 0)
(3 1.74644e-06 0)
(2.99999 3.79775e-06 0)
(2.99999 8.24379e-06 0)
(2.99997 1.7877e-05 0)
(2.99994 3.87433e-05 0)
(2.99987 8.39292e-05 0)
(2.99971 0.000181763 0)
(2.99937 0.000393592 0)
(2.99865 0.000852431 0)
(2.99708 0.00184742 0)
(2.99368 0.00401047 0)
(2.98628 0.0087378 0)
(2.96993 0.0191858 0)
(2.93276 0.0428473 0)
(2.84102 0.0999574 0)
(2.56937 0.259283 0)
(1.97983 0.63478 0)
(1.5967 0.86432 0)
(1.47579 0.919209 0)
(1.44998 0.941254 0)
(1.47682 0.938611 0)
(1.53781 0.916079 0)
(3 2.93935e-10 0)
(3 1.79628e-09 0)
(3 5.85862e-09 0)
(3 1.54175e-08 0)
(3 3.68322e-08 0)
(3 8.38552e-08 0)
(3 1.86205e-07 0)
(3 4.08075e-07 0)
(3 8.88077e-07 0)
(3 1.92545e-06 0)
(2.99999 4.16606e-06 0)
(2.99999 9.00356e-06 0)
(2.99997 1.94445e-05 0)
(2.99993 4.19729e-05 0)
(2.99986 9.05688e-05 0)
(2.99969 0.00019537 0)
(2.99933 0.000421357 0)
(2.99855 0.00090878 0)
(2.99688 0.00196116 0)
(2.99327 0.00423951 0)
(2.98542 0.00920329 0)
(2.9681 0.0201703 0)
(2.92867 0.0452017 0)
(2.8284 0.108793 0)
(2.55297 0.283358 0)
(1.94693 0.663301 0)
(1.66461 0.822369 0)
(1.59312 0.894506 0)
(1.57622 0.933407 0)
(1.60138 0.938067 0)
(3 1.48261e-10 0)
(3 9.078e-10 0)
(3 2.96701e-09 0)
(3 7.81604e-09 0)
(3 1.86703e-08 0)
(3 4.24603e-08 0)
(3 9.41156e-08 0)
(3 2.05791e-07 0)
(3 4.46728e-07 0)
(3 9.66005e-07 0)
(3 2.08455e-06 0)
(2.99999 4.49321e-06 0)
(2.99998 9.67897e-06 0)
(2.99996 2.08423e-05 0)
(2.99991 4.4871e-05 0)
(2.99981 9.65871e-05 0)
(2.9996 0.000207886 0)
(2.99913 0.000447414 0)
(2.99812 0.000963057 0)
(2.99593 0.00207421 0)
(2.99114 0.004475 0)
(2.98063 0.00969503 0)
(2.95717 0.0212123 0)
(2.90275 0.0475874 0)
(2.76382 0.114902 0)
(2.39645 0.296527 0)
(1.88727 0.682698 0)
(1.73759 0.815514 0)
(1.69161 0.89137 0)
(1.678 0.932371 0)
(3 9.38527e-11 0)
(3 5.74783e-10 0)
(3 1.87854e-09 0)
(3 4.9445e-09 0)
(3 1.17979e-08 0)
(3 2.68064e-08 0)
(3 5.93951e-08 0)
(3 1.29915e-07 0)
(3 2.82336e-07 0)
(3 6.11727e-07 0)
(3 1.32373e-06 0)
(3 2.86344e-06 0)
(2.99999 6.19459e-06 0)
(2.99998 1.3405e-05 0)
(2.99996 2.90199e-05 0)
(2.99991 6.28539e-05 0)
(2.9998 0.000136209 0)
(2.99956 0.000295357 0)
(2.99905 0.000640933 0)
(2.99796 0.00139218 0)
(2.99558 0.0030284 0)
(2.99041 0.00660462 0)
(2.97907 0.0144783 0)
(2.95368 0.0320972 0)
(2.89376 0.0731315 0)
(2.72982 0.179971 0)
(2.35723 0.446388 0)
(1.96921 0.740925 0)
(1.85866 0.851397 0)
(1.816 0.908924 0)
(3 5.23563e-11 0)
(3 3.20115e-10 0)
(3 1.04409e-09 0)
(3 2.7438e-09 0)
(3 6.53913e-09 0)
(3 1.48426e-08 0)
(3 3.28494e-08 0)
(3 7.17464e-08 0)
(3 1.55625e-07 0)
(3 3.36381e-07 0)
(3 7.25849e-07 0)
(3 1.56513e-06 0)
(3 3.37422e-06 0)
(2.99999 7.27507e-06 0)
(2.99998 1.56892e-05 0)
(2.99996 3.38447e-05 0)
(2.99991 7.30325e-05 0)
(2.99981 0.000157647 0)
(2.99959 0.000340428 0)
(2.99911 0.000735518 0)
(2.99809 0.00159047 0)
(2.9959 0.00344442 0)
(2.99117 0.00748164 0)
(2.98084 0.0163514 0)
(2.9578 0.0362248 0)
(2.90282 0.083243 0)
(2.75007 0.209932 0)
(2.43889 0.475698 0)
(2.09714 0.7417 0)
(1.98479 0.843865 0)
(3 2.57236e-11 0)
(3 1.57176e-10 0)
(3 5.12287e-10 0)
(3 1.34588e-09 0)
(3 3.20765e-09 0)
(3 7.28193e-09 0)
(3 1.61185e-08 0)
(3 3.52037e-08 0)
(3 7.63364e-08 0)
(3 1.64882e-07 0)
(3 3.55357e-07 0)
(3 7.64908e-07 0)
(3 1.64524e-06 0)
(3 3.53721e-06 0)
(2.99999 7.60302e-06 0)
(2.99998 1.63403e-05 0)
(2.99996 3.51167e-05 0)
(2.99992 7.54691e-05 0)
(2.99982 0.000162196 0)
(2.99962 0.000348615 0)
(2.99919 0.000749454 0)
(2.99827 0.00161202 0)
(2.99628 0.00347145 0)
(2.99198 0.00749546 0)
(2.98262 0.0162781 0)
(2.96179 0.0358239 0)
(2.91233 0.0818756 0)
(2.78318 0.200005 0)
(2.51257 0.444741 0)
(2.23073 0.729148 0)
(3 1.06082e-11 0)
(3 6.47803e-11 0)
(3 2.11011e-10 0)
(3 5.54319e-10 0)
(3 1.32135e-09 0)
(3 3.00046e-09 0)
(3 6.64287e-09 0)
(3 1.45103e-08 0)
(3 3.14663e-08 0)
(3 6.79645e-08 0)
(3 1.46464e-07 0)
(3 3.15201e-07 0)
(3 6.7774e-07 0)
(3 1.45641e-06 0)
(3 3.12849e-06 0)
(2.99999 6.71866e-06 0)
(2.99999 1.44273e-05 0)
(2.99998 3.09801e-05 0)
(2.99995 6.65292e-05 0)
(2.99989 0.000142889 0)
(2.99978 0.000306952 0)
(2.99953 0.000659595 0)
(2.99901 0.00141821 0)
(2.99792 0.00305313 0)
(2.99561 0.00659041 0)
(2.99067 0.014309 0)
(2.97985 0.0314699 0)
(2.95434 0.071505 0)
(2.88769 0.170524 0)
(2.76925 0.351887 0)
(3 3.45746e-12 0)
(3 2.11282e-11 0)
(3 6.87177e-11 0)
(3 1.79357e-10 0)
(3 4.22731e-10 0)
(3 9.45046e-10 0)
(3 2.05249e-09 0)
(3 4.38543e-09 0)
(3 9.28221e-09 0)
(3 1.95388e-08 0)
(3 4.09956e-08 0)
(3 8.58516e-08 0)
(3 1.79586e-07 0)
(3 3.75409e-07 0)
(3 7.84443e-07 0)
(3 1.63876e-06 0)
(2.99999 3.42324e-06 0)
(2.99999 7.1518e-06 0)
(2.99997 1.49476e-05 0)
(2.99994 3.12653e-05 0)
(2.99988 6.54707e-05 0)
(2.99975 0.000137296 0)
(2.99947 0.000288376 0)
(2.99887 0.000606618 0)
(2.99762 0.00127777 0)
(2.99495 0.00269576 0)
(2.98928 0.00570773 0)
(2.97706 0.0122113 0)
(2.94998 0.0270435 0)
(2.87856 0.0586349 0)
(3 1.66695e-12 0)
(3 1.01939e-11 0)
(3 3.3173e-11 0)
(3 8.65154e-11 0)
(3 2.0362e-10 0)
(3 4.54548e-10 0)
(3 9.86183e-10 0)
(3 2.10647e-09 0)
(3 4.4615e-09 0)
(3 9.40822e-09 0)
(3 1.98002e-08 0)
(3 4.16449e-08 0)
(3 8.75979e-08 0)
(3 1.84326e-07 0)
(3 3.87996e-07 0)
(3 8.16811e-07 0)
(3 1.71921e-06 0)
(2.99999 3.61657e-06 0)
(2.99998 7.60122e-06 0)
(2.99996 1.59575e-05 0)
(2.99992 3.34529e-05 0)
(2.99983 7.00164e-05 0)
(2.99964 0.000146279 0)
(2.99924 0.000305017 0)
(2.99841 0.000634795 0)
(2.99666 0.00131909 0)
(2.99294 0.00273993 0)
(2.98499 0.00570225 0)
(2.96773 0.0119611 0)
(2.92492 0.0255081 0)
(3 8.38326e-13 0)
(3 5.09594e-12 0)
(3 1.65409e-11 0)
(3 4.35496e-11 0)
(3 1.04595e-10 0)
(3 2.4021e-10 0)
(3 5.38954e-10 0)
(3 1.19353e-09 0)
(3 2.62151e-09 0)
(3 5.72417e-09 0)
(3 1.24395e-08 0)
(3 2.69206e-08 0)
(3 5.80403e-08 0)
(3 1.24697e-07 0)
(3 2.67019e-07 0)
(3 5.6989e-07 0)
(3 1.21201e-06 0)
(3 2.56728e-06 0)
(2.99999 5.41172e-06 0)
(2.99998 1.13405e-05 0)
(2.99995 2.35956e-05 0)
(2.9999 4.86907e-05 0)
(2.99978 9.95763e-05 0)
(2.99953 0.000201842 0)
(2.99897 0.000406094 0)
(2.99776 0.00081332 0)
(2.99513 0.00162838 0)
(2.98938 0.00327376 0)
(2.97673 0.00665298 0)
(2.94517 0.0138147 0)
(3 3.52116e-13 0)
(3 2.1439e-12 0)
(3 6.96785e-12 0)
(3 1.83408e-11 0)
(3 4.39729e-11 0)
(3 1.00715e-10 0)
(3 2.25339e-10 0)
(3 4.97992e-10 0)
(3 1.09316e-09 0)
(3 2.39032e-09 0)
(3 5.21391e-09 0)
(3 1.13538e-08 0)
(3 2.46934e-08 0)
(3 5.36557e-08 0)
(3 1.16505e-07 0)
(3 2.5284e-07 0)
(3 5.48495e-07 0)
(3 1.18949e-06 0)
(2.99999 2.5789e-06 0)
(2.99999 5.59007e-06 0)
(2.99997 1.21159e-05 0)
(2.99993 2.62619e-05 0)
(2.99984 5.69427e-05 0)
(2.99965 0.000123535 0)
(2.99923 0.000268167 0)
(2.99828 0.000582313 0)
(2.9962 0.00126392 0)
(2.99158 0.00273975 0)
(2.98137 0.00593 0)
(2.95672 0.0128435 0)
(3 1.48432e-13 0)
(3 9.10756e-13 0)
(3 2.99717e-12 0)
(3 8.02038e-12 0)
(3 1.95858e-11 0)
(3 4.5735e-11 0)
(3 1.0441e-10 0)
(3 2.35613e-10 0)
(3 5.28346e-10 0)
(3 1.18008e-09 0)
(3 2.62755e-09 0)
(3 5.83377e-09 0)
(3 1.29177e-08 0)
(3 2.85367e-08 0)
(3 6.29313e-08 0)
(3 1.38656e-07 0)
(3 3.05518e-07 0)
(3 6.7388e-07 0)
(3 1.48917e-06 0)
(2.99999 3.29914e-06 0)
(2.99998 7.33022e-06 0)
(2.99996 1.63361e-05 0)
(2.99991 3.65126e-05 0)
(2.99981 8.18177e-05 0)
(2.99958 0.0001837 0)
(2.99909 0.000412919 0)
(2.998 0.000928226 0)
(2.99559 0.00208405 0)
(2.99017 0.00467113 0)
(2.97733 0.0104486 0)
(3 1.133e-13 0)
(3 6.94752e-13 0)
(3 2.2774e-12 0)
(3 6.03338e-12 0)
(3 1.45381e-11 0)
(3 3.34657e-11 0)
(3 7.53337e-11 0)
(3 1.67767e-10 0)
(3 3.71659e-10 0)
(3 8.20922e-10 0)
(3 1.80902e-09 0)
(3 3.97637e-09 0)
(3 8.71422e-09 0)
(3 1.90319e-08 0)
(3 4.14138e-08 0)
(3 8.97942e-08 0)
(3 1.94067e-07 0)
(3 4.18355e-07 0)
(3 9.00342e-07 0)
(2.99999 1.93628e-06 0)
(2.99999 4.16536e-06 0)
(2.99997 8.97049e-06 0)
(2.99993 1.93523e-05 0)
(2.99985 4.18419e-05 0)
(2.99967 9.07231e-05 0)
(2.99928 0.000197476 0)
(2.99843 0.000432377 0)
(2.99658 0.000954724 0)
(2.99254 0.00213413 0)
(2.98349 0.00483656 0)
(3 8.76841e-14 0)
(3 5.3643e-13 0)
(3 1.74903e-12 0)
(3 4.59113e-12 0)
(3 1.09423e-11 0)
(3 2.49111e-11 0)
(3 5.55124e-11 0)
(3 1.22598e-10 0)
(3 2.70021e-10 0)
(3 5.94876e-10 0)
(3 1.31243e-09 0)
(3 2.8999e-09 0)
(3 6.41351e-09 0)
(3 1.41839e-08 0)
(3 3.13319e-08 0)
(3 6.90513e-08 0)
(3 1.51679e-07 0)
(3 3.31848e-07 0)
(3 7.22895e-07 0)
(3 1.56805e-06 0)
(2.99999 3.38834e-06 0)
(2.99998 7.29912e-06 0)
(2.99995 1.56891e-05 0)
(2.9999 3.36795e-05 0)
(2.99979 7.22664e-05 0)
(2.99954 0.000155102 0)
(2.99901 0.000333172 0)
(2.99786 0.000716799 0)
(2.99536 0.00154571 0)
(2.98988 0.00334926 0)
(3 6.14267e-14 0)
(3 3.74077e-13 0)
(3 1.21305e-12 0)
(3 3.16485e-12 0)
(3 7.48773e-12 0)
(3 1.68829e-11 0)
(3 3.71505e-11 0)
(3 8.07443e-11 0)
(3 1.74424e-10 0)
(3 3.75771e-10 0)
(3 8.08959e-10 0)
(3 1.74252e-09 0)
(3 3.75894e-09 0)
(3 8.12535e-09 0)
(3 1.76037e-08 0)
(3 3.82167e-08 0)
(3 8.30771e-08 0)
(3 1.80616e-07 0)
(3 3.92079e-07 0)
(3 8.48262e-07 0)
(2.99999 1.82574e-06 0)
(2.99998 3.90341e-06 0)
(2.99996 8.28174e-06 0)
(2.99992 1.74322e-05 0)
(2.99983 3.64212e-05 0)
(2.99962 7.56272e-05 0)
(2.99918 0.000156349 0)
(2.9982 0.000322684 0)
(2.99605 0.000665688 0)
(2.99133 0.00138007 0)
(3 4.68996e-14 0)
(3 2.81936e-13 0)
(3 9.03011e-13 0)
(3 2.35191e-12 0)
(3 5.60839e-12 0)
(3 1.28275e-11 0)
(3 2.87283e-11 0)
(3 6.362e-11 0)
(3 1.40015e-10 0)
(3 3.07127e-10 0)
(3 6.72757e-10 0)
(3 1.47372e-09 0)
(3 3.23189e-09 0)
(3 7.1009e-09 0)
(3 1.56384e-08 0)
(3 3.45283e-08 0)
(3 7.64237e-08 0)
(3 1.69518e-07 0)
(3 3.76631e-07 0)
(3 8.37614e-07 0)
(2.99999 1.86325e-06 0)
(2.99999 4.14235e-06 0)
(2.99997 9.19655e-06 0)
(2.99994 2.03744e-05 0)
(2.99987 4.50145e-05 0)
(2.9997 9.91343e-05 0)
(2.99934 0.000217547 0)
(2.99854 0.000475679 0)
(2.99677 0.0010361 0)
(2.99284 0.0022504 0)
(3 1.89888e-14 0)
(3 1.12363e-13 0)
(3 3.5706e-13 0)
(3 9.41147e-13 0)
(3 2.31025e-12 0)
(3 5.49729e-12 0)
(3 1.28692e-11 0)
(3 2.98208e-11 0)
(3 6.86128e-11 0)
(3 1.57074e-10 0)
(3 3.58303e-10 0)
(3 8.15199e-10 0)
(3 1.85089e-09 0)
(3 4.19459e-09 0)
(3 9.48828e-09 0)
(3 2.14207e-08 0)
(3 4.82624e-08 0)
(3 1.08531e-07 0)
(3 2.43661e-07 0)
(3 5.46378e-07 0)
(3 1.22434e-06 0)
(2.99999 2.74313e-06 0)
(2.99999 6.14766e-06 0)
(2.99997 1.37849e-05 0)
(2.99993 3.0927e-05 0)
(2.99985 6.94097e-05 0)
(2.99968 0.00015577 0)
(2.99929 0.000349354 0)
(2.99841 0.0007829 0)
(2.99647 0.00175282 0)
(3 4.30307e-15 0)
(3 2.46895e-14 0)
(3 7.54719e-14 0)
(3 1.92291e-13 0)
(3 4.61232e-13 0)
(3 1.08397e-12 0)
(3 2.52234e-12 0)
(3 5.82952e-12 0)
(3 1.33993e-11 0)
(3 3.06583e-11 0)
(3 6.98305e-11 0)
(3 1.58167e-10 0)
(3 3.55587e-10 0)
(3 7.91629e-10 0)
(3 1.74111e-09 0)
(3 3.77576e-09 0)
(3 8.06316e-09 0)
(3 1.69522e-08 0)
(3 3.51289e-08 0)
(3 7.19565e-08 0)
(3 1.46421e-07 0)
(2.99999 2.98122e-07 0)
(2.99999 6.12894e-07 0)
(2.99997 1.28468e-06 0)
(2.99994 2.76846e-06 0)
(2.99987 6.16132e-06 0)
(2.99971 1.41701e-05 0)
(2.99938 3.3513e-05 0)
(2.99864 8.14638e-05 0)
(2.99704 0.000202172 0)
(1.13328 1.40785 0)
(1.33697 1.28486 0)
(1.44043 0.994703 0)
(1.36506 0.468471 0)
(1.47244 -0.0945208 0)
(1.47858 -0.0809976 0)
(1.50735 -0.0584286 0)
(1.5334 -0.0359802 0)
(1.55577 -0.0116933 0)
(1.58928 0.01085 0)
(1.63283 0.0221901 0)
(1.67007 0.0195365 0)
(1.69808 0.0055636 0)
(1.73232 -0.00246036 0)
(1.77309 0.00088484 0)
(1.81591 0.0216585 0)
(1.86597 0.0326391 0)
(1.92489 0.0185103 0)
(1.98584 0.00405244 0)
(2.04452 -0.00603316 0)
(2.09317 -0.0158971 0)
(2.13421 -0.0104321 0)
(2.18488 -0.00193988 0)
(2.24292 0.000931144 0)
(2.30509 0.000761614 0)
(2.37181 -0.0184814 0)
(2.43517 -0.0460679 0)
(2.5004 -0.0769184 0)
(2.559 -0.10466 0)
(2.61058 -0.128048 0)
(1.35785 1.2408 0)
(1.48773 0.948179 0)
(1.52381 0.366358 0)
(1.53819 0.0144231 0)
(1.58303 -0.0576301 0)
(1.63809 -0.0521005 0)
(1.67335 -0.0385891 0)
(1.69952 -0.0191327 0)
(1.7173 0.0097907 0)
(1.7423 0.0353222 0)
(1.78368 0.0486531 0)
(1.82023 0.0466048 0)
(1.84933 0.0332702 0)
(1.88565 0.0161295 0)
(1.9271 0.00258862 0)
(1.96063 0.00685276 0)
(1.98873 0.0250227 0)
(2.02611 0.0270243 0)
(2.07197 0.0171893 0)
(2.11831 0.00409722 0)
(2.15996 -0.012695 0)
(2.1972 -0.0111331 0)
(2.23848 -0.00166169 0)
(2.28683 0.00241495 0)
(2.33728 0.00187 0)
(2.39148 -0.00233853 0)
(2.44893 -0.00714005 0)
(2.50785 -0.0172812 0)
(2.56081 -0.0354331 0)
(2.60802 -0.056826 0)
(1.49698 1.0099 0)
(1.5771 0.645948 0)
(1.64148 0.226838 0)
(1.74777 0.0651602 0)
(1.82082 0.0123922 0)
(1.85608 -0.0136927 0)
(1.87684 -0.0296012 0)
(1.89719 -0.0304124 0)
(1.91262 -0.0116449 0)
(1.92866 0.0190656 0)
(1.95354 0.0462254 0)
(1.98008 0.0576671 0)
(2.00511 0.0616057 0)
(2.03763 0.0465318 0)
(2.07603 0.0176779 0)
(2.11223 -0.0174885 0)
(2.13853 -0.0360958 0)
(2.16072 -0.0354402 0)
(2.18791 -0.0221247 0)
(2.22045 -0.0173976 0)
(2.25261 -0.0198151 0)
(2.28301 -0.0213751 0)
(2.31442 -0.0218166 0)
(2.35002 -0.0256864 0)
(2.39179 -0.0345855 0)
(2.44055 -0.0409955 0)
(2.49042 -0.0457857 0)
(2.5408 -0.0496154 0)
(2.58917 -0.0571115 0)
(2.63723 -0.0653181 0)
(1.55419 0.909895 0)
(1.67568 0.642822 0)
(1.78191 0.447042 0)
(1.88504 0.280022 0)
(1.95504 0.150669 0)
(1.98363 0.0541837 0)
(1.99869 -0.00243508 0)
(2.01776 -0.0267072 0)
(2.03984 -0.0239297 0)
(2.05868 0.00677262 0)
(2.07886 0.0445216 0)
(2.09868 0.0640324 0)
(2.11614 0.0655331 0)
(2.13775 0.056468 0)
(2.16491 0.0407953 0)
(2.19155 0.0214991 0)
(2.21569 -0.00369321 0)
(2.24133 -0.0238471 0)
(2.26719 -0.0353333 0)
(2.28925 -0.0392322 0)
(2.31089 -0.0362678 0)
(2.33276 -0.03167 0)
(2.35732 -0.029721 0)
(2.38654 -0.0314565 0)
(2.42029 -0.0351555 0)
(2.45966 -0.0459283 0)
(2.50361 -0.0657498 0)
(2.55081 -0.0868085 0)
(2.59834 -0.105157 0)
(2.65356 -0.117379 0)
(1.59271 0.937038 0)
(1.72244 0.722979 0)
(1.83213 0.500364 0)
(1.94253 0.303831 0)
(2.02621 0.15829 0)
(2.07072 0.0642513 0)
(2.09412 0.00789253 0)
(2.11504 -0.0158338 0)
(2.14124 -0.0145738 0)
(2.16657 0.0112552 0)
(2.18346 0.0462281 0)
(2.19389 0.0625651 0)
(2.20434 0.0591424 0)
(2.22439 0.0512508 0)
(2.25207 0.0372008 0)
(2.27822 0.0245178 0)
(2.29732 0.0115273 0)
(2.31358 -0.00489114 0)
(2.33282 -0.0289116 0)
(2.35452 -0.0462885 0)
(2.37427 -0.0580893 0)
(2.39079 -0.0643268 0)
(2.40785 -0.0671095 0)
(2.42978 -0.0730184 0)
(2.4578 -0.0803088 0)
(2.49194 -0.0884159 0)
(2.53109 -0.0979999 0)
(2.57468 -0.107729 0)
(2.6211 -0.116123 0)
(2.67439 -0.12269 0)
(1.61681 0.921393 0)
(1.74811 0.74925 0)
(1.86646 0.545292 0)
(1.99053 0.358014 0)
(2.08964 0.21558 0)
(2.14224 0.126013 0)
(2.16679 0.0642613 0)
(2.18723 0.0323618 0)
(2.21297 0.027208 0)
(2.24079 0.0385186 0)
(2.25914 0.0624118 0)
(2.26698 0.076994 0)
(2.27599 0.0796934 0)
(2.29304 0.0749241 0)
(2.31555 0.053272 0)
(2.3365 0.0204553 0)
(2.35131 -0.0093491 0)
(2.36402 -0.0270836 0)
(2.37855 -0.0348924 0)
(2.39418 -0.0515827 0)
(2.41055 -0.070153 0)
(2.42738 -0.0861931 0)
(2.44442 -0.09416 0)
(2.46534 -0.100876 0)
(2.4923 -0.107358 0)
(2.52491 -0.113317 0)
(2.56196 -0.117782 0)
(2.60307 -0.12287 0)
(2.64697 -0.129706 0)
(2.69305 -0.139603 0)
(1.63464 0.875621 0)
(1.77078 0.757002 0)
(1.8981 0.596712 0)
(2.03198 0.431673 0)
(2.14194 0.291166 0)
(2.19955 0.195435 0)
(2.22189 0.122972 0)
(2.24179 0.0794012 0)
(2.26805 0.064445 0)
(2.29873 0.0648359 0)
(2.3202 0.075417 0)
(2.32753 0.0852076 0)
(2.33499 0.083379 0)
(2.34792 0.0703621 0)
(2.36429 0.0420133 0)
(2.38243 0.00397939 0)
(2.39835 -0.0250697 0)
(2.41261 -0.0383712 0)
(2.4239 -0.0434599 0)
(2.43565 -0.0561822 0)
(2.45113 -0.0694729 0)
(2.46874 -0.079928 0)
(2.48792 -0.0890421 0)
(2.50934 -0.0958251 0)
(2.53566 -0.100638 0)
(2.56665 -0.104179 0)
(2.60146 -0.108151 0)
(2.63895 -0.115914 0)
(2.67849 -0.127755 0)
(2.71972 -0.142837 0)
(1.65132 0.838814 0)
(1.79015 0.769938 0)
(1.92248 0.655369 0)
(2.06008 0.517044 0)
(2.17652 0.385247 0)
(2.23759 0.287139 0)
(2.25733 0.208517 0)
(2.27678 0.151801 0)
(2.30523 0.115833 0)
(2.33942 0.0977986 0)
(2.36596 0.088331 0)
(2.37681 0.0856507 0)
(2.38481 0.0806541 0)
(2.39668 0.0631274 0)
(2.41082 0.0410448 0)
(2.42829 0.0100026 0)
(2.445 -0.0149356 0)
(2.45833 -0.0280351 0)
(2.46629 -0.0370754 0)
(2.47396 -0.0445784 0)
(2.48765 -0.0559756 0)
(2.50385 -0.0678434 0)
(2.52123 -0.0796706 0)
(2.54225 -0.0889187 0)
(2.56813 -0.095607 0)
(2.59874 -0.101569 0)
(2.63224 -0.109648 0)
(2.66778 -0.12112 0)
(2.70478 -0.134773 0)
(2.74099 -0.148983 0)
(1.66452 0.820091 0)
(1.80119 0.78216 0)
(1.93411 0.701749 0)
(2.07158 0.587155 0)
(2.19179 0.4632 0)
(2.25717 0.363225 0)
(2.27672 0.282141 0)
(2.29678 0.2154 0)
(2.32891 0.162332 0)
(2.36834 0.125845 0)
(2.40118 0.101034 0)
(2.41888 0.0871249 0)
(2.42932 0.0807018 0)
(2.44254 0.0655069 0)
(2.45667 0.0406591 0)
(2.47256 0.0084798 0)
(2.49027 -0.018725 0)
(2.50424 -0.0329534 0)
(2.51227 -0.0408392 0)
(2.5188 -0.0457608 0)
(2.52919 -0.0550644 0)
(2.54342 -0.0680541 0)
(2.55994 -0.0782179 0)
(2.57972 -0.0848606 0)
(2.60405 -0.0905186 0)
(2.63203 -0.0971499 0)
(2.66215 -0.107276 0)
(2.6945 -0.120095 0)
(2.72871 -0.134098 0)
(2.76139 -0.147374 0)
(1.67065 0.81554 0)
(1.80126 0.790797 0)
(1.93292 0.730803 0)
(2.06899 0.636211 0)
(2.19181 0.519913 0)
(2.26373 0.418007 0)
(2.28705 0.33915 0)
(2.30882 0.267163 0)
(2.34444 0.204047 0)
(2.38937 0.153414 0)
(2.42961 0.117504 0)
(2.45637 0.0947732 0)
(2.47378 0.0822292 0)
(2.48759 0.0713099 0)
(2.5006 0.0439151 0)
(2.51722 0.00899453 0)
(2.53705 -0.0201004 0)
(2.55309 -0.0335365 0)
(2.56051 -0.0361807 0)
(2.56374 -0.0394075 0)
(2.56987 -0.0457064 0)
(2.58057 -0.0545019 0)
(2.5949 -0.0631704 0)
(2.61252 -0.0703619 0)
(2.63401 -0.0795908 0)
(2.65915 -0.0911666 0)
(2.68702 -0.105078 0)
(2.71757 -0.119665 0)
(2.75043 -0.134236 0)
(2.7812 -0.147211 0)
(1.67441 0.823152 0)
(1.796 0.798989 0)
(1.92455 0.750219 0)
(2.05862 0.670929 0)
(2.18282 0.565115 0)
(2.26301 0.463486 0)
(2.29304 0.388253 0)
(2.31651 0.311318 0)
(2.3552 0.24208 0)
(2.4057 0.183498 0)
(2.45387 0.139175 0)
(2.48934 0.107235 0)
(2.51542 0.0843788 0)
(2.53313 0.0725614 0)
(2.54417 0.0466965 0)
(2.55887 0.0121342 0)
(2.57977 -0.0142142 0)
(2.59803 -0.0300061 0)
(2.60432 -0.0331504 0)
(2.60333 -0.0326656 0)
(2.60475 -0.0375106 0)
(2.61132 -0.044509 0)
(2.62275 -0.052609 0)
(2.63809 -0.0622872 0)
(2.65792 -0.0741199 0)
(2.68221 -0.0880888 0)
(2.70974 -0.102823 0)
(2.74003 -0.117535 0)
(2.77258 -0.131167 0)
(2.80225 -0.143486 0)
(1.68284 0.839121 0)
(1.79446 0.809638 0)
(1.91762 0.764722 0)
(2.04796 0.697838 0)
(2.17197 0.605079 0)
(2.25964 0.507908 0)
(2.29621 0.433628 0)
(2.3204 0.353906 0)
(2.36244 0.281403 0)
(2.41836 0.217945 0)
(2.47377 0.163323 0)
(2.51737 0.125416 0)
(2.55273 0.0961826 0)
(2.57499 0.0745199 0)
(2.58398 0.0448802 0)
(2.59777 0.0186167 0)
(2.61837 -0.000467284 0)
(2.63752 -0.0194363 0)
(2.6459 -0.0339139 0)
(2.64266 -0.0351134 0)
(2.63945 -0.0380156 0)
(2.64274 -0.0442895 0)
(2.65132 -0.0527964 0)
(2.66462 -0.0652562 0)
(2.68311 -0.0782043 0)
(2.70679 -0.0929957 0)
(2.73445 -0.108573 0)
(2.76517 -0.123815 0)
(2.7979 -0.136349 0)
(2.82755 -0.146916 0)
(1.70516 0.861128 0)
(1.80327 0.823489 0)
(1.91721 0.777595 0)
(2.04175 0.720877 0)
(2.16312 0.639691 0)
(2.25487 0.54784 0)
(2.29634 0.47027 0)
(2.32135 0.391901 0)
(2.36644 0.321347 0)
(2.42677 0.256745 0)
(2.48966 0.195837 0)
(2.54213 0.152881 0)
(2.58255 0.11958 0)
(2.60747 0.0853733 0)
(2.61863 0.0527664 0)
(2.63298 0.0313686 0)
(2.65066 0.0134146 0)
(2.66463 -0.0048188 0)
(2.67108 -0.0214863 0)
(2.66743 -0.0336504 0)
(2.65983 -0.0440931 0)
(2.65864 -0.056343 0)
(2.66458 -0.0692515 0)
(2.67762 -0.0808447 0)
(2.69759 -0.091715 0)
(2.72297 -0.105269 0)
(2.75247 -0.119596 0)
(2.78511 -0.133032 0)
(2.81899 -0.145223 0)
(2.85145 -0.155531 0)
(1.73849 0.884432 0)
(1.82242 0.842055 0)
(1.92526 0.792255 0)
(2.04187 0.739065 0)
(2.15757 0.667872 0)
(2.24949 0.580195 0)
(2.29431 0.498085 0)
(2.32199 0.422921 0)
(2.37033 0.358945 0)
(2.43411 0.298538 0)
(2.50245 0.238131 0)
(2.56199 0.18749 0)
(2.60637 0.146554 0)
(2.63294 0.10606 0)
(2.64581 0.0728546 0)
(2.65994 0.0492888 0)
(2.6754 0.0301461 0)
(2.68726 0.0139723 0)
(2.68933 -0.00684613 0)
(2.68033 -0.0348316 0)
(2.67009 -0.055859 0)
(2.66823 -0.0717338 0)
(2.67633 -0.0837411 0)
(2.69259 -0.0913587 0)
(2.71452 -0.100774 0)
(2.74097 -0.11141 0)
(2.77131 -0.122538 0)
(2.8037 -0.132254 0)
(2.83615 -0.142033 0)
(2.86819 -0.150337 0)
(1.76398 0.908504 0)
(1.84072 0.865021 0)
(1.93513 0.81006 0)
(2.04539 0.750846 0)
(2.15516 0.688029 0)
(2.24404 0.609133 0)
(2.29128 0.527483 0)
(2.32333 0.455182 0)
(2.37533 0.395664 0)
(2.44151 0.339198 0)
(2.51282 0.280891 0)
(2.57666 0.224791 0)
(2.624 0.17659 0)
(2.65262 0.131821 0)
(2.66715 0.0990825 0)
(2.68091 0.0769026 0)
(2.69446 0.0591699 0)
(2.70117 0.039789 0)
(2.69733 0.00544421 0)
(2.6887 -0.0293577 0)
(2.6821 -0.0569674 0)
(2.68326 -0.0730261 0)
(2.69427 -0.0819901 0)
(2.71153 -0.0905394 0)
(2.73376 -0.100071 0)
(2.76024 -0.109248 0)
(2.78936 -0.118037 0)
(2.81985 -0.125302 0)
(2.84988 -0.131088 0)
(2.87874 -0.13334 0)
(1.81292 0.928046 0)
(1.86686 0.886265 0)
(1.94827 0.830251 0)
(2.05183 0.760925 0)
(2.15743 0.695556 0)
(2.2415 0.629461 0)
(2.28855 0.557942 0)
(2.3245 0.491776 0)
(2.38022 0.432025 0)
(2.44871 0.375009 0)
(2.52137 0.318657 0)
(2.58704 0.259131 0)
(2.63604 0.206534 0)
(2.66632 0.159826 0)
(2.68325 0.128495 0)
(2.69741 0.112499 0)
(2.70943 0.0935219 0)
(2.7137 0.0624921 0)
(2.71068 0.0217478 0)
(2.70484 -0.0193594 0)
(2.70189 -0.0560369 0)
(2.7069 -0.078298 0)
(2.71846 -0.0906375 0)
(2.73601 -0.0979651 0)
(2.75694 -0.103425 0)
(2.78084 -0.108808 0)
(2.80757 -0.11437 0)
(2.83553 -0.119006 0)
(2.86383 -0.121778 0)
(2.88926 -0.121384 0)
(1.88493 0.938409 0)
(1.89871 0.921814 0)
(1.96441 0.856236 0)
(2.0585 0.777348 0)
(2.1615 0.697928 0)
(2.24398 0.639072 0)
(2.29017 0.580969 0)
(2.32701 0.525848 0)
(2.38422 0.466219 0)
(2.45505 0.403795 0)
(2.52827 0.34695 0)
(2.59355 0.284681 0)
(2.64267 0.227536 0)
(2.67391 0.173369 0)
(2.69409 0.144455 0)
(2.7089 0.133452 0)
(2.71778 0.11186 0)
(2.72073 0.0714994 0)
(2.71848 0.0248465 0)
(2.71505 -0.0274006 0)
(2.71669 -0.0654095 0)
(2.72632 -0.0875217 0)
(2.74214 -0.0964331 0)
(2.76032 -0.0944751 0)
(2.78092 -0.0942154 0)
(2.80398 -0.0973141 0)
(2.82865 -0.101255 0)
(2.85423 -0.104665 0)
(2.87993 -0.107271 0)
(2.90357 -0.108952 0)
(2.00513 0.937332 0)
(1.94915 0.952666 0)
(1.97994 0.907558 0)
(2.0621 0.816037 0)
(2.16403 0.720053 0)
(2.24945 0.65856 0)
(2.29651 0.605647 0)
(2.33271 0.55678 0)
(2.38826 0.498933 0)
(2.4599 0.430595 0)
(2.53337 0.366487 0)
(2.59636 0.303502 0)
(2.64244 0.240307 0)
(2.67497 0.181623 0)
(2.70094 0.149558 0)
(2.7172 0.128965 0)
(2.72341 0.0967352 0)
(2.72512 0.0401518 0)
(2.72412 -0.0226855 0)
(2.7269 -0.0735681 0)
(2.73745 -0.0943838 0)
(2.75254 -0.0992154 0)
(2.77177 -0.0943494 0)
(2.79183 -0.0862193 0)
(2.81031 -0.0832731 0)
(2.83034 -0.0848727 0)
(2.85244 -0.0860107 0)
(2.87492 -0.0886206 0)
(2.89742 -0.0902895 0)
(2.9191 -0.0914378 0)
(2.12355 0.933473 0)
(2.01534 0.957585 0)
(2.0091 0.936863 0)
(2.06185 0.876583 0)
(2.15832 0.788927 0)
(2.2526 0.708393 0)
(2.30368 0.638821 0)
(2.34045 0.586971 0)
(2.39328 0.530944 0)
(2.46269 0.461334 0)
(2.53588 0.386196 0)
(2.59631 0.316648 0)
(2.63938 0.250933 0)
(2.67393 0.195883 0)
(2.70418 0.151202 0)
(2.72287 0.102203 0)
(2.72749 0.0382226 0)
(2.72838 -0.0273628 0)
(2.73637 -0.0732103 0)
(2.74951 -0.0924952 0)
(2.76538 -0.0967207 0)
(2.78459 -0.0905798 0)
(2.80584 -0.0804078 0)
(2.8236 -0.0782356 0)
(2.83871 -0.0765812 0)
(2.85609 -0.0735897 0)
(2.87482 -0.0730359 0)
(2.89386 -0.0734834 0)
(2.91422 -0.0721918 0)
(2.93291 -0.0729109 0)
(2.26479 0.80344 0)
(2.10133 0.875152 0)
(2.06846 0.921051 0)
(2.09166 0.91239 0)
(2.16849 0.854078 0)
(2.2554 0.762333 0)
(2.31028 0.674421 0)
(2.35102 0.613647 0)
(2.40055 0.556262 0)
(2.46451 0.489204 0)
(2.53405 0.406917 0)
(2.59345 0.325239 0)
(2.63769 0.259968 0)
(2.67378 0.201906 0)
(2.70381 0.14127 0)
(2.72065 0.0714637 0)
(2.729 0.00484074 0)
(2.74242 -0.0412504 0)
(2.7586 -0.064686 0)
(2.77413 -0.0755853 0)
(2.79192 -0.0755727 0)
(2.81181 -0.0664828 0)
(2.82947 -0.0602967 0)
(2.84404 -0.0618307 0)
(2.85844 -0.0578426 0)
(2.87317 -0.0554259 0)
(2.88973 -0.0523085 0)
(2.90917 -0.0458737 0)
(2.92901 -0.0378095 0)
(2.94599 -0.0326877 0)
(2.43937 0.517182 0)
(2.2057 0.767922 0)
(2.15557 0.887863 0)
(2.14626 0.931055 0)
(2.19184 0.905019 0)
(2.25957 0.814892 0)
(2.31716 0.714338 0)
(2.36323 0.640166 0)
(2.41187 0.575848 0)
(2.46917 0.509344 0)
(2.53184 0.427275 0)
(2.59151 0.337887 0)
(2.63902 0.261734 0)
(2.67573 0.20136 0)
(2.70617 0.13809 0)
(2.7285 0.0757149 0)
(2.74529 0.0332171 0)
(2.76098 0.00122533 0)
(2.77757 -0.0307363 0)
(2.79696 -0.0477711 0)
(2.81884 -0.0487366 0)
(2.83916 -0.0417273 0)
(2.85512 -0.0354081 0)
(2.86953 -0.0192933 0)
(2.88274 0.00938236 0)
(2.89783 0.0255828 0)
(2.91556 0.0204578 0)
(2.93365 0.00373261 0)
(2.95558 -0.216752 0)
(2.95849 -0.596225 0)
(2.65397 0.229472 0)
(2.29698 0.735327 0)
(2.23029 0.886751 0)
(2.20225 0.952164 0)
(2.22018 0.942877 0)
(2.26893 0.857213 0)
(2.32556 0.747927 0)
(2.37635 0.666651 0)
(2.42548 0.596279 0)
(2.47881 0.519802 0)
(2.53539 0.441908 0)
(2.59218 0.366581 0)
(2.64415 0.295289 0)
(2.68622 0.226028 0)
(2.7184 0.155545 0)
(2.74457 0.0929583 0)
(2.76435 0.047639 0)
(2.77975 0.0155276 0)
(2.79827 -0.00593594 0)
(2.82194 -0.0111427 0)
(2.84623 -0.000435517 0)
(2.86767 0.0121573 0)
(2.88758 0.0124195 0)
(2.90885 -0.0292129 0)
(2.9281 -0.326 0)
(2.93714 -0.691803 0)
(2.93213 -0.935878 0)
(2.88143 -1.10728 0)
(2.86927 -1.12683 0)
(2.97189 -1.19787 0)
(2.74111 0.148751 0)
(2.40013 0.749604 0)
(2.30633 0.88402 0)
(2.26078 0.942717 0)
(2.25237 0.948051 0)
(2.28111 0.888538 0)
(2.33338 0.788332 0)
(2.38954 0.690452 0)
(2.43827 0.607232 0)
(2.49019 0.529681 0)
(2.54899 0.462478 0)
(2.60719 0.398187 0)
(2.65598 0.330763 0)
(2.69366 0.255117 0)
(2.72592 0.181983 0)
(2.7557 0.116804 0)
(2.78138 0.0648189 0)
(2.80357 0.0179535 0)
(2.82666 -0.0289341 0)
(2.8536 -0.0784475 0)
(2.88047 -0.195679 0)
(2.89678 -0.438525 0)
(2.89557 -0.709707 0)
(2.83785 -0.925878 0)
(2.82569 -1.05132 0)
(2.85158 -1.12002 0)
(2.87953 -1.1531 0)
(2.9089 -1.16409 0)
(2.92908 -1.08972 0)
(2.94315 -0.946032 0)
(2.85932 0.102506 0)
(2.54943 0.5995 0)
(2.36834 0.81276 0)
(2.31267 0.873733 0)
(2.29439 0.909068 0)
(2.3042 0.892528 0)
(2.34265 0.821891 0)
(2.3965 0.716495 0)
(2.45023 0.624415 0)
(2.50597 0.547207 0)
(2.56415 0.473755 0)
(2.61871 0.393958 0)
(2.66472 0.306179 0)
(2.70226 0.220955 0)
(2.73627 0.136298 0)
(2.76869 0.00905048 0)
(2.79396 -0.167777 0)
(2.80922 -0.340262 0)
(2.82555 -0.505003 0)
(2.83494 -0.640078 0)
(2.8279 -0.801839 0)
(2.82327 -0.92761 0)
(2.83848 -1.00441 0)
(2.85933 -1.02731 0)
(2.87565 -0.953371 0)
(2.89281 -0.842484 0)
(2.91129 -0.777911 0)
(2.93188 -0.741676 0)
(2.95318 -0.716759 0)
(2.96356 -0.67151 0)
(2.9032 0.0498451 0)
(2.69279 0.298428 0)
(2.44234 0.721185 0)
(2.36923 0.797802 0)
(2.34287 0.859167 0)
(2.33696 0.871846 0)
(2.35784 0.830954 0)
(2.40321 0.738278 0)
(2.45928 0.629161 0)
(2.51542 0.530289 0)
(2.57129 0.421994 0)
(2.62299 0.293658 0)
(2.66817 0.133211 0)
(2.7056 -0.0807882 0)
(2.72656 -0.298293 0)
(2.74098 -0.500507 0)
(2.76936 -0.602401 0)
(2.79258 -0.663139 0)
(2.81626 -0.726255 0)
(2.8345 -0.790973 0)
(2.85071 -0.824201 0)
(2.86121 -0.791826 0)
(2.87113 -0.755675 0)
(2.88841 -0.702924 0)
(2.90408 -0.666718 0)
(2.91786 -0.630978 0)
(2.93397 -0.593609 0)
(2.95268 -0.555627 0)
(2.97175 -0.524264 0)
(2.98283 -0.487361 0)
(2.94256 0.0344887 0)
(2.82179 0.16869 0)
(2.56864 0.543468 0)
(2.43015 0.716222 0)
(2.39469 0.806004 0)
(2.37601 0.833725 0)
(2.38162 0.797434 0)
(2.41087 0.709475 0)
(2.45906 0.572057 0)
(2.51617 0.413679 0)
(2.56644 0.227227 0)
(2.60782 -0.0142839 0)
(2.63478 -0.231452 0)
(2.66898 -0.38939 0)
(2.71529 -0.480542 0)
(2.76183 -0.529745 0)
(2.80089 -0.538726 0)
(2.82578 -0.544759 0)
(2.84577 -0.555166 0)
(2.86307 -0.550443 0)
(2.87268 -0.548345 0)
(2.88 -0.543852 0)
(2.88728 -0.525036 0)
(2.90078 -0.507001 0)
(2.91604 -0.495087 0)
(2.93204 -0.478298 0)
(2.94928 -0.454273 0)
(2.96679 -0.42576 0)
(2.98415 -0.397503 0)
(2.99553 -0.37148 0)
(2.95427 0.0149981 0)
(2.87307 0.0727489 0)
(2.66688 0.300109 0)
(2.48872 0.620096 0)
(2.44146 0.761775 0)
(2.41038 0.795715 0)
(2.40393 0.709393 0)
(2.42009 0.565598 0)
(2.45884 0.36327 0)
(2.50407 0.136047 0)
(2.54177 -0.0795771 0)
(2.59568 -0.239937 0)
(2.65584 -0.296319 0)
(2.70201 -0.2995 0)
(2.74384 -0.289679 0)
(2.78777 -0.305221 0)
(2.82538 -0.343232 0)
(2.85051 -0.371925 0)
(2.87262 -0.381598 0)
(2.88828 -0.38554 0)
(2.89181 -0.383282 0)
(2.89205 -0.389302 0)
(2.8984 -0.379107 0)
(2.90981 -0.364271 0)
(2.92448 -0.353342 0)
(2.94159 -0.341271 0)
(2.9591 -0.32922 0)
(2.97599 -0.314725 0)
(2.99181 -0.298939 0)
(3.00226 -0.282673 0)
(2.96428 0.0202149 0)
(2.90466 0.0824628 0)
(2.74759 0.262861 0)
(2.57417 0.679138 0)
(2.50722 0.778063 0)
(2.43206 0.763993 0)
(2.40123 0.542406 0)
(2.40565 0.272673 0)
(2.44357 0.118405 0)
(2.50543 -0.0126051 0)
(2.56819 -0.0928331 0)
(2.63067 -0.105844 0)
(2.69203 -0.0955798 0)
(2.74275 -0.100922 0)
(2.78612 -0.113444 0)
(2.82443 -0.143356 0)
(2.85675 -0.186413 0)
(2.88001 -0.218113 0)
(2.89733 -0.238311 0)
(2.90718 -0.244872 0)
(2.90494 -0.249029 0)
(2.90209 -0.249212 0)
(2.90784 -0.243614 0)
(2.91813 -0.235598 0)
(2.9318 -0.228941 0)
(2.94832 -0.224377 0)
(2.96554 -0.221689 0)
(2.98202 -0.21844 0)
(2.99668 -0.214056 0)
(3.00597 -0.207489 0)
(2.9818 0.0146696 0)
(2.94978 0.0598084 0)
(2.86885 0.188181 0)
(2.77023 0.437897 0)
(2.52083 0.71699 0)
(2.40663 0.635263 0)
(2.35576 0.319813 0)
(2.40778 0.174775 0)
(2.49426 0.114607 0)
(2.56589 0.0993038 0)
(2.63246 0.114588 0)
(2.69772 0.140907 0)
(2.75263 0.155451 0)
(2.79249 0.160112 0)
(2.82105 0.136926 0)
(2.84331 0.102024 0)
(2.86755 0.0690631 0)
(2.89008 0.0281996 0)
(2.90512 -0.0149858 0)
(2.91127 -0.0444712 0)
(2.90697 -0.0709275 0)
(2.90405 -0.0907166 0)
(2.90918 -0.103154 0)
(2.91897 -0.109378 0)
(2.93228 -0.112141 0)
(2.94912 -0.116835 0)
(2.96724 -0.121522 0)
(2.98442 -0.126193 0)
(2.99919 -0.129625 0)
(3.00907 -0.125754 0)
(2.98437 0.00164137 0)
(2.95897 0.00761503 0)
(2.90639 0.0283718 0)
(2.79713 0.103309 0)
(2.59934 0.285658 0)
(2.39203 0.326805 0)
(2.38032 0.239597 0)
(2.48193 0.319634 0)
(2.56578 0.405164 0)
(2.63641 0.509106 0)
(2.69768 0.60264 0)
(2.7521 0.6646 0)
(2.79092 0.690203 0)
(2.81283 0.68628 0)
(2.83006 0.657113 0)
(2.84492 0.611397 0)
(2.86264 0.548193 0)
(2.88105 0.474887 0)
(2.89149 0.399202 0)
(2.89277 0.32221 0)
(2.88669 0.246208 0)
(2.88576 0.179821 0)
(2.89458 0.12796 0)
(2.90784 0.0903027 0)
(2.92382 0.0644336 0)
(2.94307 0.048256 0)
(2.96312 0.0403321 0)
(2.98191 0.0381929 0)
(2.99889 0.0400635 0)
(3.01181 0.0463365 0)
)
;

boundaryField
{
    inlet
    {
        type            fixedValue;
        value           uniform (3 0 0);
    }
    outlet
    {
        type            inletOutlet;
        inletValue      uniform (3 0 0);
        value           nonuniform List<vector> 
30
(
(2.61058 -0.128048 0)
(2.60802 -0.056826 0)
(2.63723 -0.0653181 0)
(2.65356 -0.117379 0)
(2.67439 -0.12269 0)
(2.69305 -0.139603 0)
(2.71972 -0.142837 0)
(2.74099 -0.148983 0)
(2.76139 -0.147374 0)
(2.7812 -0.147211 0)
(2.80225 -0.143486 0)
(2.82755 -0.146916 0)
(2.85145 -0.155531 0)
(2.86819 -0.150337 0)
(2.87874 -0.13334 0)
(2.88926 -0.121384 0)
(2.90357 -0.108952 0)
(2.9191 -0.0914378 0)
(2.93291 -0.0729109 0)
(2.94599 -0.0326877 0)
(2.95849 -0.596225 0)
(2.97189 -1.19787 0)
(2.94315 -0.946032 0)
(2.96356 -0.67151 0)
(2.98283 -0.487361 0)
(2.99553 -0.37148 0)
(3.00226 -0.282673 0)
(3.00597 -0.207489 0)
(3.00907 -0.125754 0)
(3.01181 0.0463365 0)
)
;
    }
    top
    {
        type            symmetryPlane;
    }
    bottom
    {
        type            symmetryPlane;
    }
    step
    {
        type            slip;
    }
    defaultFaces
    {
        type            empty;
    }
}


// ************************************************************************* //
