/*--------------------------------*- C++ -*----------------------------------*\
  =========                 |
  \\      /  F ield         | OpenFOAM: The Open Source CFD Toolbox
   \\    /   O peration     | Website:  https://openfoam.org
    \\  /    A nd           | Version:  6.0
     \\/     M anipulation  |
\*---------------------------------------------------------------------------*/
FoamFile
{
    version     2.0;
    format      ascii;
    class       volVectorField;
    location    "2.50067029";
    object      U;
}
// * * * * * * * * * * * * * * * * * * * * * * * * * * * * * * * * * * * * * //

dimensions      [0 1 -1 0 0 0 0];

internalField   nonuniform List<vector> 
4800
(
(3 1.42191e-16 0)
(3 1.21249e-16 0)
(3 -4.193e-16 0)
(3 -5.01806e-17 0)
(3 1.26941e-16 0)
(3 3.42632e-16 0)
(3 7.36535e-16 0)
(3 4.73972e-16 0)
(3 -3.55369e-17 0)
(3 -4.17426e-16 0)
(3 -4.30338e-16 0)
(3 -6.89958e-16 0)
(3 -1.66147e-16 0)
(3 -2.05047e-16 0)
(3 -3.18961e-16 0)
(3 4.22768e-16 0)
(3 1.8638e-16 0)
(3 4.80558e-16 0)
(3 -2.10598e-16 0)
(3 -4.02904e-16 0)
(2.84876 0.00181856 0)
(0.961663 0.00591683 0)
(0.721356 0.00460858 0)
(0.687272 0.0038719 0)
(0.642775 0.00406405 0)
(0.589563 0.0156999 0)
(0.543398 0.0338644 0)
(0.521977 0.0335782 0)
(0.510332 -0.0145075 0)
(0.486236 -0.0618315 0)
(0.425663 -0.100242 0)
(0.343306 -0.0905892 0)
(0.294075 -0.0391171 0)
(0.259475 0.00112291 0)
(0.219378 0.0128344 0)
(0.183395 0.00594765 0)
(0.147482 -0.0151075 0)
(0.128119 -0.0400224 0)
(0.0961066 -0.0794565 0)
(0.0269227 -0.106844 0)
(3 1.6724e-16 0)
(3 1.71988e-16 0)
(3 -2.8461e-16 0)
(3 2.25322e-16 0)
(3 4.12508e-16 0)
(3 -2.37452e-17 0)
(3 1.85737e-16 0)
(3 4.95296e-16 0)
(3 -4.2438e-16 0)
(3 -5.29598e-16 0)
(3 -4.57624e-16 0)
(3 -5.4975e-16 0)
(3 5.1641e-17 0)
(3 -4.56593e-16 0)
(3 -3.90913e-16 0)
(3 1.08893e-15 0)
(3 8.24846e-16 0)
(3 -1.06621e-16 0)
(3 4.10774e-16 0)
(3 5.16678e-16 0)
(2.85233 0.00688504 0)
(0.964348 0.019406 0)
(0.718398 0.0183763 0)
(0.684361 0.00332588 0)
(0.642073 -0.008253 0)
(0.602405 0.00895925 0)
(0.561144 0.0673416 0)
(0.528912 0.107022 0)
(0.493814 0.0880518 0)
(0.442126 -0.038197 0)
(0.38969 -0.17902 0)
(0.342735 -0.226496 0)
(0.305832 -0.171246 0)
(0.272075 -0.102436 0)
(0.234285 -0.0581477 0)
(0.195283 0.00122887 0)
(0.139078 0.0194696 0)
(0.0873887 -0.0512662 0)
(0.0550857 -0.21555 0)
(0.0244668 -0.309544 0)
(3 -2.03212e-17 0)
(3 1.87742e-16 0)
(3 8.27657e-16 0)
(3 9.55103e-16 0)
(3 1.32819e-15 0)
(3 3.06055e-16 0)
(3 -5.25124e-16 0)
(3 1.58985e-16 0)
(3 -8.14204e-16 0)
(3 -3.56741e-16 0)
(3 -2.39194e-16 0)
(3 -4.70775e-16 0)
(3 -1.87438e-16 0)
(3 7.52411e-16 0)
(3 -3.35644e-16 0)
(3 -2.6179e-16 0)
(3 -3.78772e-16 0)
(3 -5.74796e-16 0)
(3 2.94338e-16 0)
(3 8.60539e-16 0)
(2.85594 0.0080745 0)
(0.970575 0.0295005 0)
(0.712406 0.0335593 0)
(0.67777 0.0104143 0)
(0.640657 0.00153966 0)
(0.613238 0.0211669 0)
(0.578152 0.0600426 0)
(0.52965 0.0902316 0)
(0.464113 0.0679242 0)
(0.403096 -0.0163174 0)
(0.371768 -0.0810724 0)
(0.362856 -0.0778423 0)
(0.335425 -0.0431844 0)
(0.290678 0.0189075 0)
(0.243604 0.0287454 0)
(0.204947 0.00876165 0)
(0.134117 0.00795002 0)
(0.0605317 -0.032862 0)
(0.0130138 -0.0844528 0)
(0.0250404 -0.11288 0)
(3 -9.48488e-17 0)
(3 3.30791e-16 0)
(3 6.77353e-16 0)
(3 3.59347e-16 0)
(3 8.60997e-16 0)
(3 9.04607e-16 0)
(3 -2.44478e-16 0)
(3 -1.31698e-16 0)
(3 -4.02971e-16 0)
(3 -4.01411e-16 0)
(3 -6.76155e-16 0)
(3 -4.30063e-16 0)
(3 2.20567e-16 0)
(3 6.23395e-16 0)
(3 2.6786e-16 0)
(3 -9.78658e-16 0)
(3 -1.07912e-15 0)
(3 -1.0803e-15 0)
(3 -7.32933e-16 0)
(3 7.15998e-16 0)
(2.85827 0.0099162 0)
(0.977282 0.0376141 0)
(0.705922 0.0399797 0)
(0.674567 0.0330745 0)
(0.645828 0.0326278 0)
(0.618053 0.0392467 0)
(0.586227 0.0386395 0)
(0.532223 0.0428465 0)
(0.45295 0.041474 0)
(0.389027 0.0467838 0)
(0.365729 0.0639956 0)
(0.364064 0.10294 0)
(0.344148 0.118827 0)
(0.295985 0.123083 0)
(0.239522 0.124675 0)
(0.188765 0.0674541 0)
(0.134438 0.00940509 0)
(0.0590595 0.0370027 0)
(0.0148696 0.102621 0)
(0.0266634 0.13259 0)
(3 5.62393e-17 0)
(3 7.35151e-16 0)
(3 3.49454e-16 0)
(3 -6.59105e-17 0)
(3 -2.68976e-16 0)
(3 -1.16767e-16 0)
(3 5.07884e-16 0)
(3 3.03822e-16 0)
(3 -2.55744e-16 0)
(3 -9.84192e-16 0)
(3 -5.66585e-16 0)
(3 2.56933e-16 0)
(3 7.30534e-16 0)
(3 1.09424e-15 0)
(3 6.76239e-16 0)
(3 -1.28611e-15 0)
(3 -1.03252e-15 0)
(3 -8.25974e-16 0)
(3 -2.4757e-16 0)
(3 4.51919e-16 0)
(2.8653 0.0148483 0)
(0.982978 0.0435723 0)
(0.706092 0.0416528 0)
(0.672184 0.0597174 0)
(0.640257 0.0681152 0)
(0.614935 0.0495817 0)
(0.579774 0.0239132 0)
(0.528907 -0.0163884 0)
(0.466294 -0.00311162 0)
(0.418253 0.0860259 0)
(0.408617 0.192261 0)
(0.387537 0.243058 0)
(0.345979 0.264434 0)
(0.286717 0.21724 0)
(0.218727 0.144303 0)
(0.166298 0.0737424 0)
(0.125957 0.0584967 0)
(0.0956619 0.117832 0)
(0.0694926 0.260417 0)
(0.0338202 0.36725 0)
(3 4.62108e-16 0)
(3 4.56287e-16 0)
(3 -1.77183e-16 0)
(3 -8.12016e-17 0)
(3 -6.22588e-16 0)
(3 -5.77503e-16 0)
(3 8.70028e-16 0)
(3 5.8801e-16 0)
(3 4.82396e-16 0)
(3 -4.9389e-17 0)
(3 6.21934e-16 0)
(3 4.22503e-16 0)
(3 4.54196e-16 0)
(3 8.92639e-16 0)
(3 4.67136e-16 0)
(3 -6.86568e-16 0)
(3 -6.02902e-16 0)
(3 -3.90528e-16 0)
(3 3.09873e-16 0)
(3 6.79925e-16 0)
(2.87391 0.0194705 0)
(0.98393 0.0528517 0)
(0.711761 0.0412017 0)
(0.678387 0.0728459 0)
(0.641699 0.0900769 0)
(0.605869 0.082388 0)
(0.562589 0.0345815 0)
(0.521056 -0.0163708 0)
(0.492702 -0.00543441 0)
(0.46739 0.11198 0)
(0.435922 0.254074 0)
(0.389027 0.307926 0)
(0.341497 0.241855 0)
(0.265053 0.110468 0)
(0.202969 0.0663021 0)
(0.155233 0.075295 0)
(0.144264 0.0988245 0)
(0.132964 0.170434 0)
(0.12062 0.269222 0)
(0.0450908 0.316335 0)
(3 -5.73461e-17 0)
(3 -2.5666e-16 0)
(3 -3.99604e-16 0)
(3 -4.92604e-16 0)
(3 -1.32519e-16 0)
(3 2.75058e-18 0)
(3 -4.36033e-17 0)
(3 2.46287e-18 0)
(3 5.89026e-16 0)
(3 9.93312e-16 0)
(3 5.41021e-16 0)
(3 1.03021e-16 0)
(3 1.29916e-16 0)
(3 -3.64665e-16 0)
(3 -4.59185e-17 0)
(3 7.26238e-17 0)
(3 -1.0044e-16 0)
(3 -2.15448e-16 0)
(3 6.98973e-16 0)
(3 1.31922e-15 0)
(2.88299 0.0223665 0)
(0.982253 0.0676842 0)
(0.715108 0.0584228 0)
(0.684135 0.077886 0)
(0.645357 0.0886648 0)
(0.599931 0.0899553 0)
(0.548668 0.0606863 0)
(0.514444 0.0495186 0)
(0.506834 0.0814622 0)
(0.494222 0.125331 0)
(0.464648 0.151628 0)
(0.384971 0.123906 0)
(0.282335 0.0314254 0)
(0.236556 -0.00351866 0)
(0.202506 -0.0161306 0)
(0.186469 0.0456047 0)
(0.162826 0.126801 0)
(0.149121 0.153053 0)
(0.11413 0.0807274 0)
(0.0309255 -0.0352164 0)
(3 4.68112e-17 0)
(3 -1.83494e-16 0)
(3 4.47063e-17 0)
(3 1.38532e-16 0)
(3 3.76011e-16 0)
(3 5.11315e-16 0)
(3 -1.56178e-16 0)
(3 -3.37752e-16 0)
(3 -6.026e-17 0)
(3 1.92837e-17 0)
(3 2.87177e-16 0)
(3 -4.31094e-17 0)
(3 -8.41221e-16 0)
(3 -1.03169e-15 0)
(3 -1.16551e-15 0)
(3 -1.10326e-15 0)
(3 -7.35191e-17 0)
(3 9.43548e-16 0)
(3 1.28782e-15 0)
(3 1.09588e-15 0)
(2.88883 0.0263588 0)
(0.982773 0.0846292 0)
(0.716145 0.0787759 0)
(0.686578 0.0788553 0)
(0.64798 0.0787598 0)
(0.60023 0.0780024 0)
(0.549805 0.0935023 0)
(0.527655 0.126735 0)
(0.517591 0.142799 0)
(0.497686 0.116704 0)
(0.44525 0.0266579 0)
(0.349663 -0.0852005 0)
(0.282589 -0.106173 0)
(0.246337 -0.0766618 0)
(0.235148 -0.00180865 0)
(0.223037 0.114267 0)
(0.172774 0.144703 0)
(0.138268 0.0945418 0)
(0.0494484 -0.0797927 0)
(0.0252413 -0.23166 0)
(3 3.78836e-17 0)
(3 4.68584e-17 0)
(3 5.11274e-16 0)
(3 5.28415e-16 0)
(3 4.3418e-16 0)
(3 7.99732e-16 0)
(3 6.25627e-16 0)
(3 4.07517e-16 0)
(3 -1.56583e-16 0)
(3 1.29535e-16 0)
(3 6.60056e-16 0)
(3 5.01935e-16 0)
(3 -6.0999e-16 0)
(3 -1.1285e-15 0)
(3 -1.24171e-15 0)
(3 -7.89114e-16 0)
(3 3.57508e-16 0)
(3 6.62103e-16 0)
(3 2.07076e-15 0)
(3 9.2709e-16 0)
(2.89927 0.0322969 0)
(0.992504 0.101015 0)
(0.718187 0.0927005 0)
(0.687496 0.0815576 0)
(0.647167 0.0690247 0)
(0.603775 0.0650876 0)
(0.56642 0.107655 0)
(0.541039 0.163837 0)
(0.514971 0.180147 0)
(0.466455 0.112155 0)
(0.39813 -0.0172585 0)
(0.341853 -0.0821708 0)
(0.305687 -0.0543492 0)
(0.272729 0.0335746 0)
(0.262962 0.134614 0)
(0.234057 0.1553 0)
(0.171851 0.167478 0)
(0.0771492 0.0451892 0)
(0.00841967 -0.0840628 0)
(0.0212321 -0.115581 0)
(3 -1.55323e-16 0)
(3 3.23559e-17 0)
(3 -8.48693e-17 0)
(3 -1.25749e-16 0)
(3 -2.19558e-16 0)
(3 4.9937e-16 0)
(3 6.86917e-16 0)
(3 6.02014e-16 0)
(3 4.59647e-17 0)
(3 2.72524e-16 0)
(3 -1.3573e-16 0)
(3 3.41339e-16 0)
(3 -6.58757e-16 0)
(3 -1.37584e-15 0)
(3 -8.1185e-16 0)
(3 4.8709e-16 0)
(3 4.81929e-16 0)
(3 -2.72809e-16 0)
(3 4.69381e-16 0)
(3 5.12319e-16 0)
(2.92366 0.0386727 0)
(1.01351 0.112592 0)
(0.725818 0.101252 0)
(0.690745 0.0929194 0)
(0.648334 0.0757153 0)
(0.614615 0.0771051 0)
(0.588588 0.110395 0)
(0.554287 0.141824 0)
(0.508278 0.140578 0)
(0.429991 0.07875 0)
(0.370088 0.0122986 0)
(0.32927 0.0202746 0)
(0.318511 0.0749172 0)
(0.316051 0.196196 0)
(0.278394 0.251198 0)
(0.235754 0.250771 0)
(0.14217 0.142571 0)
(0.0466137 0.0608535 0)
(-0.00112498 0.0495161 0)
(0.0242779 0.088579 0)
(3 -9.55371e-17 0)
(3 6.49244e-17 0)
(3 -6.6473e-16 0)
(3 -5.51237e-16 0)
(3 -6.18083e-16 0)
(3 -3.92902e-17 0)
(3 2.28475e-16 0)
(3 3.06999e-16 0)
(3 2.73402e-16 0)
(3 -3.11031e-16 0)
(3 -1.0124e-16 0)
(3 -3.55972e-18 0)
(3 -3.74871e-16 0)
(3 -9.95806e-16 0)
(3 -4.1047e-16 0)
(3 4.8683e-16 0)
(3 3.12114e-17 0)
(3 -6.09922e-16 0)
(3 -3.35796e-16 0)
(3 -6.08475e-17 0)
(2.95115 0.035019 0)
(1.03516 0.117892 0)
(0.735699 0.103138 0)
(0.695339 0.100437 0)
(0.652143 0.103059 0)
(0.626446 0.119331 0)
(0.598407 0.128851 0)
(0.558945 0.118732 0)
(0.503073 0.0944167 0)
(0.422568 0.077404 0)
(0.364608 0.101574 0)
(0.347459 0.154841 0)
(0.357764 0.232009 0)
(0.337964 0.295282 0)
(0.287566 0.322548 0)
(0.198873 0.215418 0)
(0.116356 0.0965978 0)
(0.0529506 0.13573 0)
(0.0299039 0.247482 0)
(0.0366407 0.315651 0)
(3 6.95126e-17 0)
(3 -3.37188e-17 0)
(3 -2.10875e-16 0)
(3 -2.98313e-16 0)
(3 1.60151e-16 0)
(3 -2.33783e-16 0)
(3 -2.91435e-16 0)
(3 -5.2314e-16 0)
(3 -4.70175e-16 0)
(3 3.30571e-16 0)
(3 4.94015e-16 0)
(3 -9.87958e-17 0)
(3 -3.49517e-16 0)
(3 7.85918e-16 0)
(3 -2.11485e-16 0)
(3 -1.56879e-16 0)
(3 -1.01593e-16 0)
(3 -2.48285e-16 0)
(3 1.29104e-17 0)
(3 7.59299e-16 0)
(2.96978 0.0234981 0)
(1.04792 0.123226 0)
(0.740175 0.101028 0)
(0.702381 0.11024 0)
(0.664618 0.130078 0)
(0.634075 0.154638 0)
(0.597576 0.152849 0)
(0.551447 0.126321 0)
(0.489238 0.0689664 0)
(0.442602 0.0508049 0)
(0.409135 0.134611 0)
(0.395711 0.261812 0)
(0.367438 0.34576 0)
(0.340208 0.324482 0)
(0.260676 0.189451 0)
(0.164158 0.0949413 0)
(0.112006 0.11433 0)
(0.10838 0.222134 0)
(0.0827442 0.359605 0)
(0.0439169 0.402887 0)
(3 2.4704e-16 0)
(3 -3.4116e-16 0)
(3 1.01301e-16 0)
(3 -2.58929e-16 0)
(3 2.97314e-16 0)
(3 -1.73561e-16 0)
(3 -1.23761e-15 0)
(3 -1.85391e-15 0)
(3 -1.39332e-15 0)
(3 5.37987e-16 0)
(3 8.55589e-16 0)
(3 -1.39861e-16 0)
(3 -2.43519e-16 0)
(3 2.03104e-16 0)
(3 3.02927e-16 0)
(3 4.48707e-16 0)
(3 1.06335e-16 0)
(3 1.61971e-17 0)
(3 6.27436e-16 0)
(3 9.94544e-16 0)
(2.96995 0.0192213 0)
(1.05431 0.127085 0)
(0.738878 0.104833 0)
(0.712825 0.110834 0)
(0.680178 0.1384 0)
(0.645136 0.165983 0)
(0.598 0.176705 0)
(0.541769 0.146505 0)
(0.47496 0.115448 0)
(0.451916 0.140517 0)
(0.455344 0.233039 0)
(0.424819 0.303123 0)
(0.380069 0.306127 0)
(0.30213 0.206833 0)
(0.210114 0.0374666 0)
(0.171004 0.0178509 0)
(0.163545 0.120334 0)
(0.149318 0.266491 0)
(0.105524 0.311952 0)
(0.0500754 0.321116 0)
(3 -6.49247e-17 0)
(3 9.68051e-17 0)
(3 -8.47042e-18 0)
(3 -6.91779e-17 0)
(3 -4.6192e-16 0)
(3 -5.72615e-16 0)
(3 -7.82553e-16 0)
(3 -1.16579e-15 0)
(3 -1.38817e-15 0)
(3 -6.10517e-16 0)
(3 3.57922e-17 0)
(3 -7.90712e-16 0)
(3 -7.86913e-16 0)
(3 -6.67529e-16 0)
(3 1.87452e-16 0)
(3 3.02642e-16 0)
(3 -6.03573e-17 0)
(3 1.52526e-16 0)
(3 6.46886e-16 0)
(3 3.58449e-16 0)
(2.96986 0.0169574 0)
(1.06356 0.138404 0)
(0.734391 0.118574 0)
(0.717039 0.136817 0)
(0.689522 0.149282 0)
(0.653431 0.159361 0)
(0.601484 0.162191 0)
(0.535529 0.162413 0)
(0.489942 0.187557 0)
(0.480721 0.242512 0)
(0.468868 0.262154 0)
(0.434691 0.259295 0)
(0.358795 0.19464 0)
(0.239299 0.0400865 0)
(0.209836 0.00470121 0)
(0.201396 0.0569757 0)
(0.208126 0.203594 0)
(0.173983 0.257413 0)
(0.0927337 0.251169 0)
(0.0382952 0.139835 0)
(3 -3.98908e-17 0)
(3 4.00408e-16 0)
(3 3.73608e-16 0)
(3 1.59498e-16 0)
(3 2.15509e-17 0)
(3 -1.06873e-16 0)
(3 -9.72316e-16 0)
(3 -6.40652e-16 0)
(3 -8.04586e-16 0)
(3 1.98321e-16 0)
(3 -3.9017e-16 0)
(3 -7.61176e-16 0)
(3 -8.09358e-16 0)
(3 -8.81196e-17 0)
(3 2.00872e-16 0)
(3 -3.70266e-16 0)
(3 4.33673e-16 0)
(3 9.77539e-16 0)
(3 1.3742e-15 0)
(3 -1.42624e-16 0)
(2.98528 0.0146217 0)
(1.08086 0.153004 0)
(0.740798 0.13287 0)
(0.71431 0.163856 0)
(0.685803 0.1669 0)
(0.655695 0.153746 0)
(0.60558 0.145119 0)
(0.553402 0.163868 0)
(0.514826 0.232563 0)
(0.497201 0.296037 0)
(0.468816 0.306555 0)
(0.407997 0.217033 0)
(0.301639 0.0472047 0)
(0.243351 0.0457989 0)
(0.218275 0.129 0)
(0.239382 0.254472 0)
(0.225134 0.276242 0)
(0.169854 0.265217 0)
(0.0618336 0.163666 0)
(0.0392677 0.142957 0)
(3 4.29658e-16 0)
(3 2.55048e-16 0)
(3 3.86626e-16 0)
(3 6.08699e-16 0)
(3 6.02755e-16 0)
(3 1.04768e-16 0)
(3 -3.45304e-16 0)
(3 -7.58133e-16 0)
(3 1.38366e-16 0)
(3 1.43677e-15 0)
(3 4.40391e-16 0)
(3 6.34458e-16 0)
(3 -3.3444e-16 0)
(3 9.08178e-19 0)
(3 4.47721e-16 0)
(3 5.7143e-16 0)
(3 9.8458e-16 0)
(3 1.67709e-15 0)
(3 7.14914e-16 0)
(3 -4.46064e-16 0)
(3.00107 0.00383615 0)
(1.10129 0.1654 0)
(0.749335 0.147758 0)
(0.71867 0.176466 0)
(0.685184 0.190129 0)
(0.648278 0.18475 0)
(0.602593 0.143026 0)
(0.571143 0.15054 0)
(0.547395 0.21672 0)
(0.514675 0.264333 0)
(0.459897 0.230961 0)
(0.358941 0.0788086 0)
(0.296569 0.0519652 0)
(0.267328 0.141732 0)
(0.285241 0.307912 0)
(0.252401 0.369894 0)
(0.220055 0.347788 0)
(0.139625 0.225838 0)
(0.054374 0.16859 0)
(0.041883 0.183785 0)
(3 1.37142e-17 0)
(3 -2.40275e-16 0)
(3 1.93252e-16 0)
(3 7.52007e-16 0)
(3 -2.67355e-16 0)
(3 -8.60124e-16 0)
(3 -5.06643e-16 0)
(3 -3.66263e-16 0)
(3 4.86366e-16 0)
(3 7.68947e-17 0)
(3 4.49305e-16 0)
(3 -2.21811e-16 0)
(3 2.47949e-16 0)
(3 1.75732e-16 0)
(3 6.08614e-16 0)
(3 8.84992e-16 0)
(3 1.22561e-15 0)
(3 1.4632e-15 0)
(3 8.9056e-16 0)
(3 1.36188e-16 0)
(3.00037 0.000116426 0)
(1.12799 0.171413 0)
(0.752828 0.154293 0)
(0.722325 0.175972 0)
(0.686554 0.182296 0)
(0.640127 0.17191 0)
(0.593295 0.178085 0)
(0.581872 0.200576 0)
(0.563598 0.211125 0)
(0.522449 0.192069 0)
(0.426306 0.11301 0)
(0.342317 0.090578 0)
(0.31283 0.133638 0)
(0.328425 0.240197 0)
(0.322963 0.392571 0)
(0.250126 0.430483 0)
(0.181966 0.341078 0)
(0.110341 0.168101 0)
(0.0693459 0.167561 0)
(0.0522651 0.2021 0)
(3 -3.45795e-16 0)
(3 -6.17156e-16 0)
(3 -1.86233e-16 0)
(3 7.03134e-17 0)
(3 -5.72925e-16 0)
(3 -1.24756e-15 0)
(3 -1.53695e-16 0)
(3 5.29501e-16 0)
(3 3.14371e-16 0)
(3 -1.4468e-15 0)
(3 -6.47041e-16 0)
(3 -8.49499e-16 0)
(3 4.56854e-16 0)
(3 7.08293e-16 0)
(3 9.48944e-16 0)
(3 5.18846e-16 0)
(3 9.86347e-16 0)
(3 1.6947e-15 0)
(3 2.2978e-15 0)
(3 6.06237e-16 0)
(3.00003 -7.28154e-06 0)
(1.16143 0.177095 0)
(0.754534 0.165606 0)
(0.718037 0.161989 0)
(0.677584 0.162037 0)
(0.63586 0.172163 0)
(0.608018 0.219706 0)
(0.591145 0.262174 0)
(0.560185 0.240287 0)
(0.503509 0.156469 0)
(0.418097 0.0798036 0)
(0.373639 0.0833841 0)
(0.356722 0.172795 0)
(0.377647 0.323898 0)
(0.345353 0.367097 0)
(0.255131 0.352433 0)
(0.120059 0.195579 0)
(0.0982003 0.17589 0)
(0.0795955 0.172943 0)
(0.0590604 0.17764 0)
(3 -1.51951e-16 0)
(3 -5.96124e-17 0)
(3 2.52623e-16 0)
(3 -8.23931e-18 0)
(3 -1.51369e-16 0)
(3 -1.61127e-16 0)
(3 -5.44601e-16 0)
(3 -2.34758e-16 0)
(3 -4.67299e-16 0)
(3 -8.88743e-16 0)
(3 -4.40186e-16 0)
(3 2.99647e-16 0)
(3 1.27954e-16 0)
(3 2.69765e-16 0)
(3 -1.07661e-16 0)
(3 -2.73363e-17 0)
(3 1.63547e-16 0)
(3 8.22301e-16 0)
(3 1.65416e-15 0)
(3 6.69125e-17 0)
(3.00001 -3.79603e-06 0)
(1.20262 0.187837 0)
(0.749087 0.169246 0)
(0.709319 0.150055 0)
(0.67482 0.148372 0)
(0.650351 0.189113 0)
(0.629152 0.256586 0)
(0.591464 0.281154 0)
(0.547988 0.260001 0)
(0.475164 0.162313 0)
(0.416806 0.109979 0)
(0.400942 0.174952 0)
(0.398445 0.318876 0)
(0.389901 0.342855 0)
(0.338949 0.28832 0)
(0.208152 0.127743 0)
(0.11966 0.150344 0)
(0.110719 0.189837 0)
(0.0760364 0.218045 0)
(0.0567337 0.22221 0)
(3 -2.45797e-17 0)
(3 8.35735e-17 0)
(3 -1.09409e-16 0)
(3 8.11998e-17 0)
(3 1.1957e-16 0)
(3 3.09854e-16 0)
(3 -8.25361e-16 0)
(3 -6.03366e-16 0)
(3 -8.98696e-16 0)
(3 5.17709e-16 0)
(3 4.49157e-16 0)
(3 8.99859e-16 0)
(3 6.19734e-16 0)
(3 4.91973e-16 0)
(3 -3.96991e-16 0)
(3 -9.6197e-16 0)
(3 -1.0351e-15 0)
(3 -4.38579e-17 0)
(3 1.38279e-16 0)
(3 -5.31776e-18 0)
(3 -1.48063e-07 0)
(1.2475 0.194871 0)
(0.74405 0.160117 0)
(0.705151 0.166748 0)
(0.678484 0.18624 0)
(0.661526 0.229176 0)
(0.63563 0.250503 0)
(0.599394 0.263342 0)
(0.532905 0.231748 0)
(0.461939 0.208292 0)
(0.431795 0.250058 0)
(0.449034 0.369252 0)
(0.413932 0.386513 0)
(0.382138 0.352186 0)
(0.278634 0.15766 0)
(0.214473 0.0720592 0)
(0.153871 0.146495 0)
(0.134449 0.250568 0)
(0.101394 0.304585 0)
(0.0592343 0.270888 0)
(3 -1.95314e-17 0)
(3 1.80682e-16 0)
(3 -7.42084e-16 0)
(3 -1.93034e-16 0)
(3 4.63723e-16 0)
(3 4.51487e-16 0)
(3 3.2001e-16 0)
(3 -7.89057e-17 0)
(3 4.99242e-16 0)
(3 1.13774e-15 0)
(3 3.36123e-16 0)
(3 1.19262e-16 0)
(3 9.67167e-16 0)
(3 1.6016e-15 0)
(3 8.3201e-16 0)
(3 7.44097e-16 0)
(3 5.87005e-17 0)
(3 2.90798e-17 0)
(3 1.58864e-16 0)
(3 3.48338e-16 0)
(3 -4.8208e-07 0)
(1.2938 0.205868 0)
(0.746031 0.165024 0)
(0.707529 0.195203 0)
(0.677166 0.237934 0)
(0.654362 0.252289 0)
(0.632875 0.243885 0)
(0.593828 0.228936 0)
(0.527716 0.21654 0)
(0.480228 0.245907 0)
(0.486768 0.389219 0)
(0.464108 0.45332 0)
(0.407461 0.452128 0)
(0.331289 0.320811 0)
(0.237335 0.140675 0)
(0.205059 0.144939 0)
(0.199882 0.227817 0)
(0.17108 0.403925 0)
(0.082168 0.366271 0)
(0.0522217 0.271516 0)
(3 -1.32826e-16 0)
(3 2.05331e-16 0)
(3 3.49287e-16 0)
(3 1.08807e-16 0)
(3 6.13688e-17 0)
(3 3.59461e-16 0)
(3 2.81206e-16 0)
(3 8.4818e-16 0)
(3 1.34763e-15 0)
(3 1.72956e-15 0)
(3 2.18579e-16 0)
(3 -1.8702e-16 0)
(3 1.26506e-15 0)
(3 1.32369e-15 0)
(3 1.16029e-15 0)
(3 1.86979e-15 0)
(3 1.55179e-15 0)
(3 1.57514e-16 0)
(3 3.75415e-16 0)
(3 1.19265e-15 0)
(3 -5.76678e-07 0)
(1.34357 0.225539 0)
(0.759155 0.185471 0)
(0.716082 0.228453 0)
(0.683268 0.253007 0)
(0.652924 0.270394 0)
(0.618252 0.272524 0)
(0.576115 0.222747 0)
(0.537644 0.204617 0)
(0.526993 0.31728 0)
(0.52504 0.403773 0)
(0.48443 0.455124 0)
(0.402232 0.411752 0)
(0.258381 0.231385 0)
(0.235852 0.198027 0)
(0.238847 0.259811 0)
(0.25892 0.408884 0)
(0.191283 0.46954 0)
(0.0650978 0.465994 0)
(0.053395 0.473584 0)
(3 -2.02785e-16 0)
(3 -8.03357e-16 0)
(3 1.66938e-16 0)
(3 4.8534e-16 0)
(3 5.62725e-16 0)
(3 4.85959e-17 0)
(3 6.68325e-16 0)
(3 1.29153e-15 0)
(3 1.39217e-15 0)
(3 1.02897e-15 0)
(3 7.3414e-16 0)
(3 3.01121e-16 0)
(3 9.45698e-16 0)
(3 2.24314e-16 0)
(3 5.27411e-16 0)
(3 4.4621e-16 0)
(3 5.15276e-16 0)
(3 -7.02499e-16 0)
(3 -8.63315e-16 0)
(3 -2.93936e-16 0)
(3 -4.23038e-07 0)
(1.40219 0.243276 0)
(0.774271 0.214118 0)
(0.720633 0.234467 0)
(0.686502 0.249229 0)
(0.653618 0.255605 0)
(0.605225 0.234206 0)
(0.563569 0.235319 0)
(0.545697 0.27065 0)
(0.55908 0.338077 0)
(0.546459 0.37782 0)
(0.484948 0.335971 0)
(0.352047 0.186778 0)
(0.259382 0.224526 0)
(0.272596 0.333648 0)
(0.277512 0.489066 0)
(0.268229 0.508885 0)
(0.199192 0.498745 0)
(0.0807663 0.519064 0)
(0.0585827 0.537649 0)
(3 2.50742e-16 0)
(3 -4.74272e-17 0)
(3 7.03155e-16 0)
(3 1.24769e-15 0)
(3 7.02162e-16 0)
(3 2.68079e-16 0)
(3 1.15438e-15 0)
(3 1.17761e-15 0)
(3 9.12319e-16 0)
(3 3.83582e-16 0)
(3 4.5768e-16 0)
(3 2.53766e-16 0)
(3 2.2334e-16 0)
(3 1.8961e-16 0)
(3 6.85815e-16 0)
(3 8.2533e-17 0)
(3 -2.78189e-16 0)
(3 -1.17749e-15 0)
(3 -1.73162e-15 0)
(3 -1.11513e-15 0)
(3 -1.09488e-07 0)
(1.4717 0.259866 0)
(0.781243 0.243315 0)
(0.720584 0.239803 0)
(0.683234 0.22848 0)
(0.637393 0.21378 0)
(0.597133 0.220231 0)
(0.572283 0.251978 0)
(0.572359 0.348909 0)
(0.56505 0.371768 0)
(0.536161 0.333208 0)
(0.428789 0.151686 0)
(0.363298 0.14468 0)
(0.317824 0.236056 0)
(0.343479 0.48005 0)
(0.296327 0.536171 0)
(0.264176 0.507527 0)
(0.187418 0.421331 0)
(0.121454 0.443638 0)
(0.0675558 0.553201 0)
(3 -1.1399e-16 0)
(3 6.41502e-16 0)
(3 8.05259e-16 0)
(3 4.58399e-16 0)
(3 2.49111e-16 0)
(3 9.70825e-16 0)
(3 1.07411e-15 0)
(3 3.37503e-16 0)
(3 8.27407e-17 0)
(3 2.28755e-18 0)
(3 5.67707e-16 0)
(3 1.09047e-15 0)
(3 6.20894e-16 0)
(3 3.57714e-16 0)
(3 4.88122e-16 0)
(3 1.57092e-16 0)
(3 -7.30603e-16 0)
(3 -1.09418e-15 0)
(3 -1.4312e-15 0)
(3 -8.10797e-16 0)
(3 -1.86804e-08 0)
(1.55149 0.272632 0)
(0.790653 0.25739 0)
(0.712472 0.250692 0)
(0.669854 0.209315 0)
(0.63351 0.189399 0)
(0.607697 0.21024 0)
(0.600359 0.307606 0)
(0.57967 0.3498 0)
(0.563462 0.361851 0)
(0.484922 0.248744 0)
(0.40604 0.168808 0)
(0.376359 0.173855 0)
(0.390332 0.365159 0)
(0.383243 0.502395 0)
(0.304708 0.551467 0)
(0.237734 0.480853 0)
(0.163144 0.324283 0)
(0.137709 0.298224 0)
(0.0749653 0.278351 0)
(3 5.06016e-17 0)
(3 3.99001e-16 0)
(3 -1.43968e-16 0)
(3 -4.02527e-16 0)
(3 4.32632e-16 0)
(3 4.15571e-16 0)
(3 1.52944e-17 0)
(3 -7.30164e-17 0)
(3 -1.16824e-15 0)
(3 -9.83231e-16 0)
(3 1.57507e-16 0)
(3 1.064e-15 0)
(3 1.87729e-16 0)
(3 4.09392e-17 0)
(3 -1.57604e-16 0)
(3 -4.83873e-16 0)
(3 -1.37596e-15 0)
(3 -9.86941e-16 0)
(3 -1.01368e-15 0)
(3 -8.05623e-16 0)
(3 -1.46631e-08 0)
(1.64077 0.273448 0)
(0.798145 0.255491 0)
(0.704795 0.231687 0)
(0.659519 0.217934 0)
(0.63152 0.2237 0)
(0.628494 0.28363 0)
(0.609693 0.321957 0)
(0.585298 0.32859 0)
(0.545708 0.293358 0)
(0.454276 0.242682 0)
(0.401516 0.218064 0)
(0.424568 0.324266 0)
(0.452918 0.459691 0)
(0.398687 0.544839 0)
(0.290144 0.499566 0)
(0.187104 0.339147 0)
(0.160285 0.310382 0)
(0.134018 0.287371 0)
(0.0713576 0.22847 0)
(3 4.35613e-16 0)
(3 3.23622e-16 0)
(3 -5.16181e-16 0)
(3 1.21758e-16 0)
(3 4.11141e-16 0)
(3 4.25501e-16 0)
(3 -7.58267e-16 0)
(3 -1.23126e-16 0)
(3 -2.12235e-16 0)
(3 -2.20112e-16 0)
(3 -7.81742e-17 0)
(3 5.81082e-16 0)
(3 4.0149e-16 0)
(3 1.00245e-17 0)
(3 -4.91703e-16 0)
(3 -9.88973e-16 0)
(3 -8.98904e-16 0)
(3 -3.10087e-16 0)
(3 -5.87569e-16 0)
(3 -5.74156e-16 0)
(3 -1.37743e-08 0)
(1.73978 0.269987 0)
(0.79954 0.250486 0)
(0.698894 0.232829 0)
(0.664454 0.244109 0)
(0.644149 0.296714 0)
(0.626704 0.330905 0)
(0.606999 0.337298 0)
(0.577828 0.335466 0)
(0.515863 0.265015 0)
(0.461559 0.237182 0)
(0.444074 0.379693 0)
(0.457331 0.499639 0)
(0.466562 0.488527 0)
(0.39371 0.433136 0)
(0.242681 0.277714 0)
(0.177104 0.311782 0)
(0.152964 0.330387 0)
(0.115838 0.292314 0)
(0.0716372 0.216605 0)
(3 -1.48806e-16 0)
(3 -3.91324e-16 0)
(3 -5.68688e-16 0)
(3 -5.17609e-16 0)
(3 3.35112e-16 0)
(3 8.09114e-16 0)
(3 -2.35572e-16 0)
(3 1.29991e-16 0)
(3 1.3553e-15 0)
(3 1.12149e-15 0)
(3 4.56923e-16 0)
(3 -1.8138e-16 0)
(3 8.10059e-16 0)
(3 9.09707e-16 0)
(3 1.11663e-16 0)
(3 -1.55428e-16 0)
(3 -7.68964e-17 0)
(3 1.47936e-16 0)
(3 -1.92686e-16 0)
(3 4.8236e-17 0)
(3 -9.10943e-09 0)
(1.84623 0.273643 0)
(0.795294 0.249691 0)
(0.708243 0.246542 0)
(0.681395 0.300745 0)
(0.655041 0.331514 0)
(0.629141 0.348475 0)
(0.597288 0.364497 0)
(0.554562 0.319749 0)
(0.501349 0.289414 0)
(0.481177 0.350849 0)
(0.502679 0.487542 0)
(0.466393 0.518183 0)
(0.450954 0.47918 0)
(0.334372 0.260465 0)
(0.253214 0.255062 0)
(0.193192 0.332923 0)
(0.163972 0.369885 0)
(0.0999056 0.335393 0)
(0.0658158 0.250059 0)
(3 -2.23965e-16 0)
(3 -4.7645e-16 0)
(3 -2.64772e-16 0)
(3 -1.82122e-16 0)
(3 8.24681e-16 0)
(3 8.54031e-16 0)
(3 1.01962e-15 0)
(3 1.23649e-15 0)
(3 5.90222e-16 0)
(3 5.89655e-16 0)
(3 6.26143e-16 0)
(3 -3.00147e-16 0)
(3 -3.60357e-16 0)
(3 -1.91195e-16 0)
(3 -4.65061e-16 0)
(3 -2.24343e-16 0)
(3 -3.99208e-16 0)
(3 -5.62658e-17 0)
(3 1.24027e-16 0)
(3 1.12502e-16 0)
(3 -2.3882e-09 0)
(1.94536 0.29435 0)
(0.809932 0.280497 0)
(0.723545 0.310653 0)
(0.69362 0.320872 0)
(0.661176 0.328663 0)
(0.637158 0.332697 0)
(0.593058 0.30905 0)
(0.539435 0.298201 0)
(0.508035 0.328101 0)
(0.526839 0.452886 0)
(0.515411 0.500759 0)
(0.47367 0.514154 0)
(0.394228 0.386734 0)
(0.306721 0.227999 0)
(0.281137 0.236655 0)
(0.240303 0.348855 0)
(0.17413 0.46905 0)
(0.079204 0.400419 0)
(0.0615349 0.306565 0)
(3 -1.35461e-17 0)
(3 4.01211e-16 0)
(3 8.01746e-16 0)
(3 1.00494e-15 0)
(3 6.23305e-16 0)
(3 -1.71832e-16 0)
(3 1.77123e-16 0)
(3 9.08815e-16 0)
(3 8.42391e-16 0)
(3 5.33085e-16 0)
(3 3.88939e-16 0)
(3 -5.20751e-16 0)
(3 -1.55505e-15 0)
(3 -1.61945e-15 0)
(3 -1.03928e-15 0)
(3 -5.15831e-16 0)
(3 -3.86187e-16 0)
(3 5.00878e-18 0)
(3 -2.01555e-16 0)
(3 -1.40552e-16 0)
(3 -7.01155e-10 0)
(2.04781 0.3235 0)
(0.833958 0.336625 0)
(0.726494 0.333929 0)
(0.697361 0.320304 0)
(0.663766 0.316522 0)
(0.623414 0.288958 0)
(0.57755 0.257507 0)
(0.550977 0.287155 0)
(0.542947 0.392689 0)
(0.540054 0.48469 0)
(0.51722 0.508273 0)
(0.459218 0.448275 0)
(0.331097 0.323451 0)
(0.296214 0.274004 0)
(0.295989 0.355228 0)
(0.307465 0.517561 0)
(0.214172 0.63746 0)
(0.0405138 0.626764 0)
(0.0614741 0.568118 0)
(3 -1.90979e-16 0)
(3 4.98879e-16 0)
(3 1.05473e-15 0)
(3 9.32837e-16 0)
(3 -3.88031e-16 0)
(3 -6.29877e-16 0)
(3 -3.14231e-16 0)
(3 -1.4339e-16 0)
(3 8.50743e-16 0)
(3 9.6659e-16 0)
(3 -2.35087e-16 0)
(3 -4.90792e-16 0)
(3 -5.95994e-16 0)
(3 -6.00365e-16 0)
(3 -4.06188e-16 0)
(3 -1.1104e-16 0)
(3 1.18587e-16 0)
(3 -1.83073e-16 0)
(3 -1.04819e-15 0)
(3 -4.9458e-16 0)
(3 -5.49619e-10 0)
(2.18054 0.330918 0)
(0.86173 0.376466 0)
(0.728001 0.355937 0)
(0.694922 0.336691 0)
(0.653034 0.295193 0)
(0.610854 0.250647 0)
(0.581946 0.25704 0)
(0.573133 0.293341 0)
(0.580532 0.424335 0)
(0.554639 0.466091 0)
(0.512418 0.444131 0)
(0.407625 0.309609 0)
(0.340482 0.337819 0)
(0.34267 0.481726 0)
(0.356908 0.650657 0)
(0.315941 0.668925 0)
(0.232621 0.659593 0)
(0.100179 0.770742 0)
(0.0775068 0.882664 0)
(3 1.34671e-16 0)
(3 1.81511e-17 0)
(3 7.32436e-17 0)
(3 -2.0278e-16 0)
(3 -4.42336e-16 0)
(3 -4.07581e-16 0)
(3 -2.58895e-16 0)
(3 -3.08206e-16 0)
(3 -7.85996e-17 0)
(3 1.42422e-16 0)
(3 -2.06603e-16 0)
(3 3.17936e-16 0)
(3 -4.70404e-17 0)
(3 -6.55153e-16 0)
(3 -6.70404e-16 0)
(3 -1.83465e-16 0)
(3 -7.81607e-16 0)
(3 -1.27346e-15 0)
(3 -2.06573e-15 0)
(3 -1.15406e-15 0)
(3 -4.01731e-10 0)
(2.33175 0.32386 0)
(0.897264 0.383888 0)
(0.730873 0.350329 0)
(0.693176 0.293243 0)
(0.643227 0.264823 0)
(0.607339 0.274657 0)
(0.587088 0.302341 0)
(0.601351 0.399692 0)
(0.592673 0.420038 0)
(0.556627 0.440353 0)
(0.461935 0.330385 0)
(0.409371 0.31759 0)
(0.378957 0.388675 0)
(0.424288 0.642422 0)
(0.372358 0.732985 0)
(0.312287 0.735197 0)
(0.24136 0.704829 0)
(0.154485 0.820462 0)
(0.0860854 0.927702 0)
(3 9.96339e-17 0)
(3 2.45582e-16 0)
(3 2.44609e-17 0)
(3 -4.84042e-16 0)
(3 -2.45576e-16 0)
(3 -3.15074e-16 0)
(3 -1.80383e-16 0)
(3 6.76294e-17 0)
(3 3.83127e-17 0)
(3 2.80133e-16 0)
(3 -1.4328e-16 0)
(3 1.01544e-16 0)
(3 -5.17626e-16 0)
(3 -1.04717e-15 0)
(3 -1.3672e-15 0)
(3 -4.61594e-16 0)
(3 -7.28386e-16 0)
(3 -7.57123e-16 0)
(3 -1.49998e-15 0)
(3 -9.06184e-16 0)
(3 -1.48288e-10 0)
(2.48561 0.313139 0)
(0.927493 0.38456 0)
(0.727149 0.317565 0)
(0.689551 0.271868 0)
(0.651085 0.26825 0)
(0.628875 0.309098 0)
(0.619675 0.418284 0)
(0.604163 0.444788 0)
(0.584425 0.440972 0)
(0.524027 0.351149 0)
(0.454308 0.32826 0)
(0.426037 0.349795 0)
(0.453322 0.540014 0)
(0.455622 0.650741 0)
(0.395479 0.717281 0)
(0.320347 0.721305 0)
(0.250499 0.654215 0)
(0.207018 0.719064 0)
(0.0918126 0.781883 0)
(3 -3.96846e-16 0)
(3 -1.19242e-16 0)
(3 -6.46213e-17 0)
(3 -6.58485e-17 0)
(3 -1.06121e-15 0)
(3 -2.77873e-16 0)
(3 2.19952e-16 0)
(3 1.19287e-16 0)
(3 3.33229e-16 0)
(3 1.60881e-16 0)
(3 2.85869e-16 0)
(3 1.42935e-16 0)
(3 -2.06235e-16 0)
(3 -9.34923e-16 0)
(3 -1.1256e-15 0)
(3 -1.01101e-15 0)
(3 2.92908e-17 0)
(3 -2.81741e-16 0)
(3 -7.97816e-16 0)
(3 -9.83207e-16 0)
(3 -2.75084e-11 0)
(2.66259 0.283573 0)
(0.962855 0.391973 0)
(0.732626 0.299953 0)
(0.702626 0.273425 0)
(0.675536 0.32148 0)
(0.667842 0.41596 0)
(0.63465 0.442553 0)
(0.606562 0.440143 0)
(0.568028 0.383576 0)
(0.50267 0.324521 0)
(0.468633 0.339175 0)
(0.475117 0.490769 0)
(0.486371 0.574071 0)
(0.475348 0.631196 0)
(0.395725 0.583455 0)
(0.284987 0.464433 0)
(0.246832 0.468021 0)
(0.201594 0.455311 0)
(0.0877289 0.398877 0)
(3 -4.81348e-17 0)
(3 -2.03021e-16 0)
(3 -2.11989e-16 0)
(3 -4.36606e-16 0)
(3 -3.36307e-16 0)
(3 -1.7433e-16 0)
(3 -7.61258e-17 0)
(3 2.11273e-16 0)
(3 -8.42388e-17 0)
(3 -1.12597e-15 0)
(3 -8.48685e-17 0)
(3 -3.68283e-16 0)
(3 -9.1711e-16 0)
(3 -1.07857e-15 0)
(3 -1.60034e-15 0)
(3 -1.89599e-15 0)
(3 -1.44437e-15 0)
(3 -6.82909e-16 0)
(3 -8.82577e-16 0)
(3 -1.54894e-15 0)
(3 -1.65413e-11 0)
(2.88908 0.235006 0)
(1.02454 0.39389 0)
(0.758057 0.317603 0)
(0.746925 0.356447 0)
(0.725417 0.413114 0)
(0.689151 0.428032 0)
(0.643345 0.447157 0)
(0.591922 0.413778 0)
(0.53289 0.325686 0)
(0.508612 0.330835 0)
(0.50517 0.424691 0)
(0.515299 0.553881 0)
(0.500371 0.576217 0)
(0.455369 0.527537 0)
(0.341725 0.364466 0)
(0.313539 0.395487 0)
(0.259904 0.454975 0)
(0.193103 0.4617 0)
(0.086902 0.418605 0)
(3 5.12929e-17 0)
(3 -2.80663e-16 0)
(3 -5.83604e-17 0)
(3 -2.80887e-16 0)
(3 1.2959e-16 0)
(3 1.34955e-16 0)
(3 2.62519e-16 0)
(3 2.2507e-16 0)
(3 7.04905e-16 0)
(3 -2.02858e-16 0)
(3 -2.66285e-16 0)
(3 -7.03385e-16 0)
(3 -7.99323e-16 0)
(3 -1.28948e-15 0)
(3 -1.72245e-15 0)
(3 -1.55217e-15 0)
(3 -7.19391e-16 0)
(3 -2.71215e-16 0)
(3 -1.15e-16 0)
(3 -1.18086e-15 0)
(3 -1.30717e-11 0)
(3.06033 0.123569 0)
(1.10595 0.424718 0)
(0.837996 0.393705 0)
(0.811643 0.435661 0)
(0.753324 0.448748 0)
(0.700805 0.443422 0)
(0.639274 0.390716 0)
(0.568499 0.323454 0)
(0.533331 0.342643 0)
(0.522156 0.383418 0)
(0.554733 0.530812 0)
(0.527166 0.563813 0)
(0.499058 0.568798 0)
(0.388725 0.377297 0)
(0.343265 0.36253 0)
(0.327165 0.411945 0)
(0.274917 0.471431 0)
(0.203729 0.499 0)
(0.0927756 0.473173 0)
(3 -5.67034e-18 0)
(3 -2.43658e-16 0)
(3 -5.32301e-17 0)
(3 1.32379e-16 0)
(3 -2.06361e-16 0)
(3 -2.12709e-16 0)
(3 3.56242e-16 0)
(3 2.28778e-16 0)
(3 9.36158e-16 0)
(3 1.25399e-15 0)
(3 -7.0395e-17 0)
(3 -4.11538e-16 0)
(3 -6.00337e-16 0)
(3 -1.18896e-15 0)
(3 -1.23832e-15 0)
(3 -1.14078e-15 0)
(3 -2.74178e-16 0)
(3 -2.05613e-16 0)
(3 -2.69428e-16 0)
(3 -6.75135e-16 0)
(3 -7.27761e-12 0)
(3.06586 0.0410193 0)
(1.17955 0.436467 0)
(0.878974 0.450243 0)
(0.84866 0.459835 0)
(0.780603 0.453953 0)
(0.709009 0.393828 0)
(0.626483 0.305928 0)
(0.579537 0.319037 0)
(0.55721 0.364044 0)
(0.567447 0.531843 0)
(0.561337 0.566534 0)
(0.53032 0.576387 0)
(0.456494 0.454374 0)
(0.360743 0.361051 0)
(0.363604 0.384478 0)
(0.352895 0.450394 0)
(0.295299 0.522964 0)
(0.214481 0.553858 0)
(0.0980067 0.519066 0)
(3 1.17311e-16 0)
(3 4.73956e-16 0)
(3 -4.09507e-16 0)
(3 -2.64001e-16 0)
(3 -3.74362e-16 0)
(3 -4.83395e-16 0)
(3 3.93793e-17 0)
(3 6.03128e-16 0)
(3 1.1327e-15 0)
(3 1.04185e-15 0)
(3 -8.40087e-18 0)
(3 5.8906e-17 0)
(3 -8.1133e-16 0)
(3 -6.29794e-16 0)
(3 -4.20591e-16 0)
(3 -6.55856e-16 0)
(3 -3.42015e-16 0)
(3 -2.44221e-16 0)
(3 -5.14524e-16 0)
(3 -9.94486e-16 0)
(3 -1.83907e-12 0)
(3.0133 0.00433495 0)
(1.20836 0.428504 0)
(0.879028 0.45226 0)
(0.873984 0.448124 0)
(0.805945 0.419897 0)
(0.704033 0.321458 0)
(0.642266 0.317055 0)
(0.611205 0.341021 0)
(0.615766 0.495679 0)
(0.590593 0.563749 0)
(0.569036 0.56661 0)
(0.520042 0.515647 0)
(0.405833 0.396057 0)
(0.366621 0.357531 0)
(0.378443 0.407081 0)
(0.367297 0.541762 0)
(0.320691 0.604505 0)
(0.234779 0.639826 0)
(0.110394 0.572059 0)
(3 2.77977e-16 0)
(3 6.06134e-16 0)
(3 1.37867e-16 0)
(3 -1.05691e-16 0)
(3 -1.30953e-16 0)
(3 -7.13e-17 0)
(3 3.87949e-16 0)
(3 1.35316e-15 0)
(3 9.2235e-16 0)
(3 6.9326e-16 0)
(3 9.24466e-16 0)
(3 9.74476e-16 0)
(3 2.21801e-16 0)
(3 2.67974e-16 0)
(3 4.52524e-17 0)
(3 -2.04571e-16 0)
(3 -9.17197e-16 0)
(3 -1.10299e-15 0)
(3 -9.32686e-16 0)
(3 -1.84443e-16 0)
(3 -8.21932e-13 0)
(3.00051 -7.16438e-06 0)
(1.25209 0.402032 0)
(0.858729 0.433245 0)
(0.864745 0.419749 0)
(0.791564 0.351737 0)
(0.725511 0.32317 0)
(0.680073 0.342887 0)
(0.676798 0.462936 0)
(0.662079 0.546085 0)
(0.613121 0.560419 0)
(0.570516 0.545852 0)
(0.485743 0.412447 0)
(0.416413 0.428942 0)
(0.394231 0.530269 0)
(0.464024 0.780895 0)
(0.429755 0.897641 0)
(0.329122 0.967665 0)
(0.194571 0.749764 0)
(0.117815 0.666133 0)
(3 6.44678e-17 0)
(3 -3.0776e-16 0)
(3 -2.55938e-16 0)
(3 -3.56337e-16 0)
(3 -1.67284e-16 0)
(3 -2.52201e-17 0)
(3 -3.2656e-16 0)
(3 4.8987e-16 0)
(3 3.21876e-16 0)
(3 4.15827e-16 0)
(3 3.92014e-16 0)
(3 6.11878e-16 0)
(3 4.02453e-16 0)
(3 2.72314e-16 0)
(3 7.67731e-17 0)
(3 -1.03487e-15 0)
(3 -2.07244e-15 0)
(3 -2.48732e-15 0)
(3 -7.87884e-16 0)
(3 5.66368e-18 0)
(3 -4.37272e-13 0)
(3.00001 -6.59156e-07 0)
(1.32002 0.358784 0)
(0.830436 0.385141 0)
(0.817405 0.375651 0)
(0.775163 0.364399 0)
(0.740276 0.397415 0)
(0.740454 0.495063 0)
(0.729215 0.558524 0)
(0.69169 0.566557 0)
(0.63217 0.51191 0)
(0.560547 0.405126 0)
(0.517823 0.414211 0)
(0.475596 0.527526 0)
(0.52359 0.775399 0)
(0.507676 0.904983 0)
(0.476829 0.966509 0)
(0.395021 1.07228 0)
(0.256762 1.22367 0)
(0.16477 1.26728 0)
(3 -1.66684e-16 0)
(3 -6.91343e-16 0)
(3 -7.70399e-16 0)
(3 -7.40403e-16 0)
(3 -3.89026e-16 0)
(3 -6.86907e-17 0)
(3 -4.17793e-16 0)
(3 -6.70145e-16 0)
(3 -2.78668e-17 0)
(3 5.33684e-16 0)
(3 4.41826e-16 0)
(3 3.35829e-16 0)
(3 1.70106e-16 0)
(3 4.3874e-17 0)
(3 -3.62948e-16 0)
(3 -7.62889e-16 0)
(3 -6.67163e-16 0)
(3 -2.78123e-16 0)
(3 -3.0126e-16 0)
(3 -3.17401e-16 0)
(3 -6.668e-14 0)
(3 -4.9902e-07 0)
(1.55654 0.401268 0)
(0.810628 0.408771 0)
(0.79641 0.435235 0)
(0.791096 0.473915 0)
(0.79246 0.509332 0)
(0.777397 0.524564 0)
(0.741084 0.502859 0)
(0.689116 0.471018 0)
(0.648626 0.461068 0)
(0.625203 0.49377 0)
(0.620704 0.566409 0)
(0.609927 0.64501 0)
(0.592032 0.699374 0)
(0.558903 0.725577 0)
(0.538635 0.770245 0)
(0.544196 0.871578 0)
(0.544111 1.15259 0)
(0.599314 1.56583 0)
(3 5.8951e-17 0)
(3 -8.75784e-17 0)
(3 -2.57216e-16 0)
(3 -1.43443e-16 0)
(3 -2.90194e-16 0)
(3 -3.70129e-16 0)
(3 -2.70916e-16 0)
(3 -4.48817e-16 0)
(3 -6.06501e-16 0)
(3 -3.16521e-16 0)
(3 6.50513e-17 0)
(3 1.36018e-16 0)
(3 5.19387e-16 0)
(3 6.00423e-16 0)
(3 2.98084e-16 0)
(3 1.55117e-16 0)
(3 1.26429e-16 0)
(3 -6.36536e-18 0)
(3 -1.43149e-16 0)
(3 3.7272e-16 0)
(3 -1.03287e-15 0)
(3 -2.79359e-07 0)
(2.21852 0.415044 0)
(0.91221 0.500283 0)
(0.819656 0.461262 0)
(0.810426 0.478414 0)
(0.801513 0.489739 0)
(0.785062 0.496321 0)
(0.758766 0.508007 0)
(0.73931 0.525895 0)
(0.729071 0.557959 0)
(0.709227 0.580025 0)
(0.679181 0.599607 0)
(0.652956 0.620698 0)
(0.634089 0.6471 0)
(0.624058 0.700558 0)
(0.650829 0.775711 0)
(0.705633 0.872306 0)
(0.837761 0.97992 0)
(1.07256 1.09955 0)
(3 1.78769e-16 0)
(3 2.28653e-16 0)
(3 3.26903e-16 0)
(3 3.76637e-16 0)
(3 8.59356e-17 0)
(3 -3.54877e-16 0)
(3 -4.05167e-16 0)
(3 -4.49539e-16 0)
(3 -7.41118e-16 0)
(3 -1.17359e-15 0)
(3 -8.66961e-16 0)
(3 -1.90902e-16 0)
(3 5.0126e-16 0)
(3 7.11749e-16 0)
(3 6.83247e-16 0)
(3 6.37155e-16 0)
(3 4.53553e-16 0)
(3 3.28116e-16 0)
(3 9.67863e-17 0)
(3 -2.64373e-16 0)
(3 -2.49481e-17 0)
(3 -5.49132e-08 0)
(3.02004 0.107402 0)
(1.17007 0.521158 0)
(0.88513 0.467069 0)
(0.853623 0.489046 0)
(0.83165 0.508035 0)
(0.817926 0.529065 0)
(0.806986 0.552923 0)
(0.791361 0.577867 0)
(0.771385 0.593383 0)
(0.746819 0.605987 0)
(0.719446 0.622122 0)
(0.704452 0.65628 0)
(0.708807 0.714428 0)
(0.727208 0.79122 0)
(0.762113 0.877568 0)
(0.818223 0.966136 0)
(0.938286 1.04783 0)
(1.17642 1.11717 0)
(3 4.62491e-17 0)
(3 2.23835e-16 0)
(3 4.58279e-16 0)
(3 6.61931e-17 0)
(3 1.92179e-16 0)
(3 1.79035e-16 0)
(3 -1.80359e-16 0)
(3 -4.66666e-16 0)
(3 -6.33809e-16 0)
(3 -5.74797e-16 0)
(3 -6.38588e-17 0)
(3 4.29997e-16 0)
(3 7.6612e-16 0)
(3 6.40407e-16 0)
(3 7.06905e-16 0)
(3 8.26652e-16 0)
(3 7.35215e-16 0)
(3 2.38049e-16 0)
(3 -3.35475e-16 0)
(3 -6.27519e-16 0)
(3 -2.96751e-16 0)
(3 -2.13054e-09 0)
(3.0156 0.00161367 0)
(1.50134 0.496625 0)
(0.903859 0.545487 0)
(0.859651 0.548604 0)
(0.841058 0.559852 0)
(0.830869 0.570649 0)
(0.824424 0.581627 0)
(0.815511 0.593832 0)
(0.804493 0.613235 0)
(0.79312 0.6399 0)
(0.783227 0.670316 0)
(0.780578 0.706158 0)
(0.787524 0.752442 0)
(0.804804 0.810449 0)
(0.844641 0.879335 0)
(0.917507 0.958043 0)
(1.04969 1.03689 0)
(1.25813 1.09006 0)
(3 -6.29391e-17 0)
(3 1.15968e-16 0)
(3 -2.86594e-17 0)
(3 -1.94737e-16 0)
(3 2.49807e-17 0)
(3 2.45423e-16 0)
(3 8.52582e-17 0)
(3 -5.79911e-16 0)
(3 -8.67222e-16 0)
(3 -5.77769e-16 0)
(3 -1.23918e-16 0)
(3 7.20505e-17 0)
(3 1.51899e-17 0)
(3 9.74319e-17 0)
(3 4.89889e-16 0)
(3 5.05031e-16 0)
(3 5.62105e-16 0)
(3 1.94776e-16 0)
(3 -2.79806e-16 0)
(3 -4.62146e-16 0)
(3 -4.17641e-16 0)
(3 -9.10534e-12 0)
(3.00012 2.02682e-06 0)
(2.33683 0.425943 0)
(1.01328 0.616163 0)
(0.896837 0.588987 0)
(0.872935 0.581752 0)
(0.857754 0.585806 0)
(0.851193 0.596362 0)
(0.848905 0.613608 0)
(0.848654 0.638812 0)
(0.846745 0.667939 0)
(0.841515 0.697351 0)
(0.842256 0.728827 0)
(0.856803 0.767894 0)
(0.88881 0.81541 0)
(0.944615 0.867273 0)
(1.02289 0.928976 0)
(1.13811 0.984099 0)
(1.31422 1.02798 0)
(3 3.48689e-17 0)
(3 4.44934e-19 0)
(3 1.02435e-16 0)
(3 3.54026e-16 0)
(3 4.54809e-16 0)
(3 6.46091e-16 0)
(3 4.12651e-16 0)
(3 5.88238e-17 0)
(3 -2.62744e-16 0)
(3 7.09511e-17 0)
(3 2.11288e-16 0)
(3 -4.03531e-16 0)
(3 -1.35539e-15 0)
(3 -5.97374e-16 0)
(3 -1.6798e-16 0)
(3 -3.72858e-16 0)
(3 -1.26482e-15 0)
(3 -9.19927e-16 0)
(3 -1.72975e-16 0)
(3 -4.41391e-16 0)
(3 -6.20114e-16 0)
(3 -1.80373e-15 0)
(3.00001 -4.53046e-06 0)
(3.05666 0.0541048 0)
(1.3552 0.616715 0)
(0.975027 0.605372 0)
(0.937151 0.600679 0)
(0.91662 0.608718 0)
(0.906151 0.620037 0)
(0.900422 0.636804 0)
(0.895026 0.655582 0)
(0.892258 0.677935 0)
(0.895226 0.7067 0)
(0.907136 0.742055 0)
(0.928052 0.779425 0)
(0.965327 0.818228 0)
(1.0208 0.854422 0)
(1.09524 0.898882 0)
(1.19592 0.935862 0)
(1.34483 0.964024 0)
(3 1.26922e-16 0)
(3 1.45985e-16 0)
(3 2.31786e-16 0)
(3 3.3368e-16 0)
(3 6.23739e-16 0)
(3 6.21094e-16 0)
(3 6.77327e-16 0)
(3 1.15313e-15 0)
(3 1.21681e-15 0)
(3 9.90738e-16 0)
(3 7.36621e-16 0)
(3 3.2203e-16 0)
(3 -3.97112e-16 0)
(3 -2.10639e-16 0)
(3 -6.93219e-17 0)
(3 -2.58316e-16 0)
(3 -3.31812e-16 0)
(3 -4.06194e-17 0)
(3 2.23533e-16 0)
(3 3.46789e-16 0)
(3 -5.09548e-16 0)
(3 -1.8894e-16 0)
(3 -7.44104e-07 0)
(3.00538 0.000308974 0)
(1.98486 0.565916 0)
(1.01619 0.675185 0)
(0.965372 0.656039 0)
(0.957542 0.662579 0)
(0.949547 0.664074 0)
(0.94208 0.669341 0)
(0.935916 0.681339 0)
(0.93803 0.70081 0)
(0.9505 0.726994 0)
(0.968446 0.755433 0)
(0.991955 0.784542 0)
(1.03056 0.816599 0)
(1.08703 0.847367 0)
(1.16306 0.880675 0)
(1.2521 0.906115 0)
(1.37437 0.925804 0)
(3 -5.56784e-17 0)
(3 -9.41347e-17 0)
(3 -8.12055e-17 0)
(3 -6.67962e-17 0)
(3 -1.74752e-16 0)
(3 -1.99966e-17 0)
(3 4.70642e-16 0)
(3 9.72489e-16 0)
(3 1.27794e-15 0)
(3 1.11747e-15 0)
(3 6.25391e-16 0)
(3 5.83351e-16 0)
(3 4.68613e-16 0)
(3 4.08e-16 0)
(3 1.44421e-16 0)
(3 2.56294e-16 0)
(3 4.45503e-16 0)
(3 1.3793e-15 0)
(3 2.00557e-15 0)
(3 1.97619e-15 0)
(3 5.39579e-16 0)
(3 5.06943e-16 0)
(3 -3.36784e-08 0)
(3.00002 5.98115e-07 0)
(3.00695 0.128524 0)
(1.29032 0.673222 0)
(1.02808 0.667554 0)
(1.01669 0.673839 0)
(1.00273 0.680864 0)
(0.996397 0.687509 0)
(0.994613 0.698906 0)
(0.998189 0.716664 0)
(1.00692 0.736344 0)
(1.02125 0.757734 0)
(1.04723 0.779067 0)
(1.08694 0.80406 0)
(1.14155 0.828962 0)
(1.21064 0.851832 0)
(1.29073 0.870586 0)
(1.39374 0.886032 0)
(3 -7.43788e-17 0)
(3 -2.05483e-16 0)
(3 -3.4423e-16 0)
(3 -1.77241e-16 0)
(3 -1.97861e-16 0)
(3 -3.66936e-16 0)
(3 -2.08956e-16 0)
(3 -6.35859e-17 0)
(3 6.31074e-17 0)
(3 1.76768e-16 0)
(3 4.72998e-16 0)
(3 3.61471e-16 0)
(3 8.0643e-17 0)
(3 5.35691e-17 0)
(3 -1.07819e-16 0)
(3 1.54331e-16 0)
(3 4.71488e-16 0)
(3 4.76587e-16 0)
(3 5.95216e-16 0)
(3 1.1822e-15 0)
(3 1.76359e-15 0)
(3 1.87893e-15 0)
(3 -6.5234e-11 0)
(3 -5.72765e-07 0)
(3.01265 0.00122881 0)
(1.85549 0.627925 0)
(1.05522 0.726387 0)
(1.02942 0.708072 0)
(1.03187 0.718524 0)
(1.03464 0.729594 0)
(1.04102 0.738861 0)
(1.04683 0.750725 0)
(1.05379 0.763752 0)
(1.06698 0.777967 0)
(1.09385 0.794842 0)
(1.13495 0.812598 0)
(1.1852 0.826299 0)
(1.24979 0.838774 0)
(1.32295 0.849044 0)
(1.41161 0.857313 0)
(3 -1.19159e-16 0)
(3 -1.51964e-16 0)
(3 -3.0673e-16 0)
(3 -6.70289e-16 0)
(3 -6.3947e-16 0)
(3 -4.77651e-16 0)
(3 -3.54071e-16 0)
(3 -2.40336e-16 0)
(3 -4.20465e-17 0)
(3 5.37968e-17 0)
(3 1.17424e-16 0)
(3 -4.72868e-16 0)
(3 -8.20311e-16 0)
(3 -1.21233e-15 0)
(3 -8.58319e-16 0)
(3 -4.83744e-16 0)
(3 -8.80812e-17 0)
(3 -2.65864e-16 0)
(3 -1.75781e-16 0)
(3 4.88139e-16 0)
(3 9.48401e-16 0)
(3 1.22484e-15 0)
(3 -3.46089e-14 0)
(3 -8.2683e-08 0)
(3.00007 8.64853e-06 0)
(2.95965 0.17472 0)
(1.33225 0.722734 0)
(1.07725 0.702274 0)
(1.08226 0.728698 0)
(1.08209 0.744734 0)
(1.08807 0.756177 0)
(1.09551 0.766848 0)
(1.10514 0.777172 0)
(1.12038 0.788411 0)
(1.14369 0.801361 0)
(1.17849 0.813337 0)
(1.22098 0.822066 0)
(1.2792 0.829498 0)
(1.34591 0.83451 0)
(1.42549 0.837576 0)
(3 -3.51032e-17 0)
(3 -2.25018e-17 0)
(3 9.82128e-17 0)
(3 1.96544e-16 0)
(3 -1.04012e-16 0)
(3 -2.95866e-16 0)
(3 -2.34883e-16 0)
(3 -1.59945e-16 0)
(3 -3.22326e-16 0)
(3 -4.40391e-16 0)
(3 -4.46468e-16 0)
(3 -3.70683e-16 0)
(3 -2.41359e-16 0)
(3 -6.90715e-16 0)
(3 -3.97319e-16 0)
(3 6.29158e-16 0)
(3 6.49688e-16 0)
(3 2.11472e-16 0)
(3 -2.28931e-16 0)
(3 -2.99058e-16 0)
(3 -4.37323e-16 0)
(3 -4.98435e-16 0)
(3 -1.98851e-16 0)
(3 -9.07711e-10 0)
(3 -1.40513e-06 0)
(3.01479 0.00279926 0)
(1.94294 0.626192 0)
(1.13163 0.763765 0)
(1.0959 0.756192 0)
(1.09954 0.769346 0)
(1.10871 0.783752 0)
(1.12368 0.794816 0)
(1.14133 0.805168 0)
(1.16323 0.814541 0)
(1.1873 0.823035 0)
(1.21746 0.829275 0)
(1.25408 0.833029 0)
(1.30524 0.835601 0)
(1.36353 0.836513 0)
(1.43032 0.835941 0)
(3 1.52498e-16 0)
(3 1.62938e-16 0)
(3 4.09082e-16 0)
(3 5.99157e-16 0)
(3 3.08838e-16 0)
(3 -1.94755e-16 0)
(3 -2.06788e-16 0)
(3 -2.02743e-16 0)
(3 -5.54728e-16 0)
(3 -1.02717e-15 0)
(3 -1.12579e-15 0)
(3 -9.26367e-17 0)
(3 1.19336e-15 0)
(3 9.93036e-16 0)
(3 5.8418e-16 0)
(3 4.75037e-16 0)
(3 4.07081e-16 0)
(3 3.58574e-16 0)
(3 1.21308e-16 0)
(3 1.66628e-17 0)
(3 -3.35596e-16 0)
(3 -5.82114e-16 0)
(3 -4.60535e-16 0)
(3 -9.52995e-13 0)
(3 -2.26427e-07 0)
(3.00008 2.48293e-05 0)
(2.96409 0.146329 0)
(1.47322 0.766834 0)
(1.14324 0.764586 0)
(1.13671 0.769663 0)
(1.14058 0.788813 0)
(1.15397 0.803255 0)
(1.1723 0.814459 0)
(1.19743 0.822321 0)
(1.2244 0.826729 0)
(1.25439 0.830125 0)
(1.28849 0.833207 0)
(1.33362 0.835229 0)
(1.38401 0.835343 0)
(1.44019 0.832834 0)
(3 -1.36051e-17 0)
(3 -2.31672e-17 0)
(3 7.21501e-17 0)
(3 -4.35964e-17 0)
(3 -2.72474e-16 0)
(3 -3.01047e-16 0)
(3 -2.24342e-16 0)
(3 2.16604e-17 0)
(3 -3.09598e-16 0)
(3 -1.12701e-16 0)
(3 -2.83269e-17 0)
(3 8.98887e-16 0)
(3 1.62249e-15 0)
(3 1.62533e-15 0)
(3 7.828e-16 0)
(3 1.96337e-16 0)
(3 2.92859e-16 0)
(3 6.82459e-16 0)
(3 1.11086e-15 0)
(3 1.38285e-15 0)
(3 8.36473e-16 0)
(3 -7.5022e-16 0)
(3 -1.16679e-15 0)
(3 1.5772e-13 0)
(3 -4.51049e-09 0)
(3 -7.87863e-08 0)
(3.00801 0.00373462 0)
(2.33325 0.54607 0)
(1.26378 0.812772 0)
(1.17476 0.813344 0)
(1.17418 0.811911 0)
(1.18043 0.821465 0)
(1.19625 0.828374 0)
(1.22066 0.833393 0)
(1.24955 0.836676 0)
(1.28151 0.839096 0)
(1.31779 0.841098 0)
(1.36049 0.842661 0)
(1.4054 0.843381 0)
(1.45361 0.840314 0)
(3 -5.85305e-17 0)
(3 -7.79803e-17 0)
(3 -2.74413e-16 0)
(3 -2.22998e-16 0)
(3 2.84099e-16 0)
(3 5.12734e-16 0)
(3 2.51326e-16 0)
(3 1.39161e-16 0)
(3 -5.3747e-17 0)
(3 1.0548e-16 0)
(3 4.70627e-16 0)
(3 4.72889e-16 0)
(3 1.21659e-15 0)
(3 1.35505e-15 0)
(3 1.39354e-15 0)
(3 1.30733e-15 0)
(3 5.53237e-16 0)
(3 4.23896e-16 0)
(3 8.14516e-16 0)
(3 7.14031e-16 0)
(3 -6.02302e-17 0)
(3 -9.30477e-16 0)
(3 -8.74269e-16 0)
(3 2.59233e-14 0)
(3 -7.29661e-12 0)
(3 -1.71441e-08 0)
(3.00003 3.03222e-05 0)
(3.02015 0.0579567 0)
(1.74308 0.753926 0)
(1.23463 0.831186 0)
(1.22892 0.826594 0)
(1.22502 0.828867 0)
(1.23188 0.831371 0)
(1.2487 0.834546 0)
(1.27449 0.836697 0)
(1.3061 0.837988 0)
(1.34468 0.839652 0)
(1.38566 0.841541 0)
(1.4274 0.841241 0)
(1.47067 0.837278 0)
(3 1.04467e-16 0)
(3 -6.19149e-17 0)
(3 3.71233e-17 0)
(3 1.81172e-16 0)
(3 2.08209e-16 0)
(3 1.64019e-16 0)
(3 1.48369e-16 0)
(3 -6.26945e-16 0)
(3 -9.80006e-16 0)
(3 -7.26465e-16 0)
(3 6.81003e-16 0)
(3 8.16984e-16 0)
(3 3.31592e-16 0)
(3 1.0756e-15 0)
(3 1.29519e-15 0)
(3 1.21915e-15 0)
(3 3.46191e-16 0)
(3 2.02971e-16 0)
(3 2.36181e-16 0)
(3 9.29995e-17 0)
(3 -1.97201e-16 0)
(3 -5.06205e-16 0)
(3 -9.99635e-16 0)
(3 6.05748e-16 0)
(3 1.94646e-17 0)
(3 -1.09257e-09 0)
(3 6.79988e-09 0)
(3.00186 0.00175341 0)
(2.80024 0.302473 0)
(1.52215 0.852403 0)
(1.26626 0.866872 0)
(1.26682 0.861085 0)
(1.26755 0.858951 0)
(1.27781 0.855759 0)
(1.29638 0.852998 0)
(1.32381 0.850879 0)
(1.36109 0.850126 0)
(1.40001 0.84986 0)
(1.44 0.846174 0)
(1.48064 0.841453 0)
(3 7.47651e-17 0)
(3 1.71781e-16 0)
(3 2.60099e-16 0)
(3 7.17417e-17 0)
(3 -2.45581e-16 0)
(3 -2.25798e-16 0)
(3 -3.97415e-16 0)
(3 -9.44254e-16 0)
(3 -7.8866e-16 0)
(3 -5.96992e-16 0)
(3 2.11388e-16 0)
(3 7.24806e-16 0)
(3 1.56834e-16 0)
(3 5.95636e-17 0)
(3 -9.36392e-17 0)
(3 -7.80122e-17 0)
(3 5.33449e-16 0)
(3 6.52411e-16 0)
(3 5.60943e-16 0)
(3 6.85854e-16 0)
(3 9.27699e-16 0)
(3 1.0142e-15 0)
(3 6.76455e-16 0)
(3 3.26279e-16 0)
(3 7.90046e-16 0)
(3 -1.37767e-11 0)
(3 -2.15905e-11 0)
(3 4.76886e-06 0)
(3.00936 0.0147063 0)
(2.40827 0.579374 0)
(1.3972 0.883793 0)
(1.30554 0.876917 0)
(1.31726 0.868604 0)
(1.32116 0.866344 0)
(1.33261 0.8622 0)
(1.35269 0.858819 0)
(1.38338 0.856188 0)
(1.4166 0.853999 0)
(1.45246 0.848107 0)
(1.4917 0.842841 0)
(3 8.49471e-18 0)
(3 6.60945e-18 0)
(3 9.32227e-17 0)
(3 2.10732e-16 0)
(3 3.66789e-16 0)
(3 2.10339e-16 0)
(3 -2.2642e-16 0)
(3 -4.71733e-16 0)
(3 -7.83686e-16 0)
(3 -6.22387e-16 0)
(3 -3.07222e-16 0)
(3 -2.65654e-16 0)
(3 -4.59599e-16 0)
(3 -1.2127e-15 0)
(3 -1.89866e-15 0)
(3 -9.74487e-16 0)
(3 9.69105e-16 0)
(3 1.77039e-15 0)
(3 1.25528e-15 0)
(3 6.34095e-16 0)
(3 6.00799e-16 0)
(3 1.04743e-15 0)
(3 1.69372e-15 0)
(3 1.36457e-15 0)
(3 1.65715e-15 0)
(3 -2.18702e-14 0)
(3 -7.52417e-12 0)
(3 6.79772e-10 0)
(3.00006 0.000239403 0)
(3.0108 0.0587984 0)
(1.93479 0.753933 0)
(1.36075 0.891863 0)
(1.35675 0.892851 0)
(1.36488 0.889006 0)
(1.37345 0.884655 0)
(1.38739 0.880309 0)
(1.4098 0.875075 0)
(1.435 0.869193 0)
(1.4651 0.860336 0)
(1.5006 0.854211 0)
(3 -4.242e-17 0)
(3 1.29865e-16 0)
(3 1.6056e-16 0)
(3 6.63895e-16 0)
(3 9.24258e-16 0)
(3 4.31381e-16 0)
(3 7.75039e-17 0)
(3 3.83934e-17 0)
(3 5.11986e-16 0)
(3 2.83677e-16 0)
(3 -2.9528e-17 0)
(3 -3.25465e-16 0)
(3 -5.74238e-16 0)
(3 -1.23776e-15 0)
(3 -2.02722e-15 0)
(3 -1.01225e-15 0)
(3 1.08733e-15 0)
(3 1.51619e-15 0)
(3 5.68406e-17 0)
(3 -7.77923e-16 0)
(3 -1.85983e-16 0)
(3 5.81762e-16 0)
(3 9.40642e-16 0)
(3 1.24471e-15 0)
(3 1.84935e-15 0)
(3 2.27238e-15 0)
(3 -1.03156e-12 0)
(3 -1.12345e-12 0)
(3 1.62893e-07 0)
(3.00094 0.00188892 0)
(2.87124 0.220503 0)
(1.72253 0.840824 0)
(1.39631 0.911845 0)
(1.40091 0.908431 0)
(1.41108 0.905336 0)
(1.42383 0.90049 0)
(1.44136 0.893105 0)
(1.46024 0.884855 0)
(1.48492 0.875565 0)
(1.51571 0.868049 0)
(3 -1.56609e-16 0)
(3 -1.8663e-17 0)
(3 -1.04357e-17 0)
(3 1.43215e-16 0)
(3 2.59905e-17 0)
(3 -9.51801e-17 0)
(3 3.18487e-17 0)
(3 4.82918e-16 0)
(3 1.00234e-15 0)
(3 8.41564e-16 0)
(3 -1.51301e-16 0)
(3 -7.8798e-16 0)
(3 -7.74873e-16 0)
(3 -5.18789e-16 0)
(3 -1.42653e-16 0)
(3 -1.66429e-17 0)
(3 -3.21741e-16 0)
(3 -4.13588e-16 0)
(3 -7.82133e-16 0)
(3 -1.3431e-15 0)
(3 -1.17004e-15 0)
(3 -6.4849e-16 0)
(3 1.16107e-16 0)
(3 1.95915e-15 0)
(3 2.40964e-15 0)
(3 2.49185e-15 0)
(3 -2.10955e-14 0)
(3 -3.25827e-13 0)
(3 3.18266e-11 0)
(3 4.07434e-06 0)
(3.002 0.0111221 0)
(2.655 0.405084 0)
(1.62831 0.891892 0)
(1.42679 0.92429 0)
(1.44413 0.917023 0)
(1.45574 0.915106 0)
(1.47218 0.908463 0)
(1.48926 0.901069 0)
(1.51179 0.892363 0)
(1.53697 0.885017 0)
(3 1.39395e-16 0)
(3 -2.71363e-16 0)
(3 -4.35842e-16 0)
(3 -3.45221e-16 0)
(3 -3.6872e-16 0)
(3 -3.38912e-16 0)
(3 -1.42766e-16 0)
(3 2.35144e-16 0)
(3 1.73022e-16 0)
(3 -1.13927e-16 0)
(3 -6.25076e-16 0)
(3 -8.74701e-16 0)
(3 -6.69338e-16 0)
(3 -1.54531e-16 0)
(3 1.33305e-16 0)
(3 1.45174e-16 0)
(3 -5.84027e-17 0)
(3 -6.35154e-16 0)
(3 -1.54666e-16 0)
(3 -6.24545e-16 0)
(3 -1.33819e-15 0)
(3 -1.45343e-15 0)
(3 1.52136e-16 0)
(3 1.23621e-15 0)
(3 1.99223e-15 0)
(3 1.61005e-15 0)
(3 9.16238e-16 0)
(3 -2.45931e-14 0)
(3 -1.97005e-14 0)
(3 9.69747e-10 0)
(3 9.60682e-05 0)
(2.99886 0.0291969 0)
(2.42249 0.564568 0)
(1.57618 0.922428 0)
(1.45857 0.926498 0)
(1.48354 0.920291 0)
(1.49726 0.918147 0)
(1.51559 0.91379 0)
(1.53775 0.907557 0)
(1.55924 0.901884 0)
(3 7.01351e-17 0)
(3 -4.13003e-17 0)
(3 1.88928e-17 0)
(3 -2.94002e-16 0)
(3 -3.40887e-16 0)
(3 1.27014e-16 0)
(3 2.49984e-16 0)
(3 -1.2777e-16 0)
(3 3.0806e-17 0)
(3 -9.54302e-17 0)
(3 -6.48102e-16 0)
(3 -8.57094e-16 0)
(3 -1.10115e-16 0)
(3 3.20439e-16 0)
(3 3.0683e-16 0)
(3 6.81576e-17 0)
(3 -7.79264e-16 0)
(3 -8.03259e-16 0)
(3 9.62338e-17 0)
(3 4.31103e-16 0)
(3 8.58961e-17 0)
(3 -8.41846e-16 0)
(3 -9.34968e-16 0)
(3 -2.39287e-16 0)
(3 5.29094e-16 0)
(3 2.92053e-16 0)
(3 1.92589e-16 0)
(3 -9.9056e-16 0)
(3 -4.11136e-15 0)
(3 1.20093e-13 0)
(3 5.00189e-08 0)
(3 0.000572943 0)
(2.98101 0.0636848 0)
(2.21623 0.686811 0)
(1.54897 0.935446 0)
(1.49666 0.930557 0)
(1.52062 0.92489 0)
(1.53723 0.922774 0)
(1.55642 0.919796 0)
(1.5783 0.914917 0)
(3 -2.27152e-17 0)
(3 1.11265e-16 0)
(3 2.44079e-16 0)
(3 3.60763e-16 0)
(3 4.53369e-16 0)
(3 5.1549e-16 0)
(3 3.56925e-16 0)
(3 8.16191e-17 0)
(3 4.02079e-16 0)
(3 -2.4899e-16 0)
(3 -1.1473e-15 0)
(3 -1.36981e-15 0)
(3 -1.41453e-15 0)
(3 -1.10692e-15 0)
(3 -7.11746e-16 0)
(3 -1.07637e-15 0)
(3 -1.24916e-15 0)
(3 -1.12294e-15 0)
(3 -1.33165e-15 0)
(3 -5.481e-16 0)
(3 -6.47439e-18 0)
(3 -4.03999e-16 0)
(3 -1.45026e-15 0)
(3 -7.72661e-16 0)
(3 -7.3342e-16 0)
(3 -3.66522e-16 0)
(3 -9.37545e-16 0)
(3 -1.26328e-15 0)
(3 -3.78808e-16 0)
(3 -7.23656e-16 0)
(3 1.27695e-11 0)
(3 5.6224e-07 0)
(3 0.00202361 0)
(2.93323 0.127599 0)
(2.07274 0.765888 0)
(1.5493 0.937588 0)
(1.53661 0.939645 0)
(1.55727 0.932023 0)
(1.57716 0.924887 0)
(1.597 0.920205 0)
(3 1.04514e-16 0)
(3 1.40892e-16 0)
(3 1.4359e-16 0)
(3 4.40319e-16 0)
(3 4.96262e-16 0)
(3 1.14797e-16 0)
(3 6.29107e-17 0)
(3 2.22942e-16 0)
(3 -7.21733e-16 0)
(3 -4.2462e-16 0)
(3 8.20699e-17 0)
(3 1.96284e-16 0)
(3 4.64612e-16 0)
(3 4.02808e-16 0)
(3 -5.56215e-17 0)
(3 -9.41241e-16 0)
(3 -9.34311e-16 0)
(3 -7.6552e-16 0)
(3 1.93821e-17 0)
(3 5.42254e-16 0)
(3 1.03493e-15 0)
(3 1.02634e-15 0)
(3 5.94258e-16 0)
(3 3.32352e-16 0)
(3 -3.4919e-16 0)
(3 -4.43685e-16 0)
(3 -6.06528e-16 0)
(3 -7.1171e-16 0)
(3 -6.16934e-16 0)
(3 -6.28401e-16 0)
(3 -2.69243e-16 0)
(3 2.10831e-10 0)
(3 3.94732e-06 0)
(2.99956 0.00545673 0)
(2.86017 0.212332 0)
(1.98251 0.810731 0)
(1.57865 0.946042 0)
(1.5729 0.946646 0)
(1.59664 0.936297 0)
(1.61636 0.928884 0)
(3 1.13845e-16 0)
(3 2.54286e-16 0)
(3 3.01058e-16 0)
(3 2.73129e-17 0)
(3 -4.00211e-16 0)
(3 -2.38746e-16 0)
(3 -7.42684e-17 0)
(3 -1.44428e-16 0)
(3 -7.31279e-16 0)
(3 -6.20269e-16 0)
(3 7.9448e-16 0)
(3 8.34289e-16 0)
(3 1.35508e-15 0)
(3 1.31012e-15 0)
(3 9.50755e-16 0)
(3 4.58381e-16 0)
(3 2.67683e-16 0)
(3 3.82275e-16 0)
(3 1.10185e-17 0)
(3 -1.36406e-16 0)
(3 6.0389e-16 0)
(3 1.85444e-15 0)
(3 2.43614e-15 0)
(3 7.98665e-17 0)
(3 -1.67281e-15 0)
(3 -1.67081e-15 0)
(3 -1.64681e-15 0)
(3 -8.19335e-16 0)
(3 -2.61019e-16 0)
(3 9.40524e-17 0)
(3 -3.49815e-16 0)
(3 1.44636e-14 0)
(3 1.96293e-09 0)
(3 2.12507e-05 0)
(2.99798 0.0114051 0)
(2.7784 0.290483 0)
(1.94174 0.838598 0)
(1.61304 0.951572 0)
(1.61036 0.952072 0)
(1.63377 0.940986 0)
(3 -3.88752e-17 0)
(3 -3.14756e-17 0)
(3 1.58901e-17 0)
(3 -2.57293e-16 0)
(3 -4.54215e-16 0)
(3 -2.5202e-16 0)
(3 -1.93221e-16 0)
(3 2.26294e-16 0)
(3 5.74595e-16 0)
(3 1.04454e-15 0)
(3 4.59876e-16 0)
(3 8.07631e-16 0)
(3 1.23127e-15 0)
(3 1.91552e-15 0)
(3 1.1915e-15 0)
(3 7.94003e-16 0)
(3 3.80136e-16 0)
(3 1.55516e-16 0)
(3 -8.94471e-16 0)
(3 -1.00745e-15 0)
(3 -3.7472e-16 0)
(3 6.42817e-16 0)
(3 6.16689e-16 0)
(3 4.11892e-17 0)
(3 -8.95407e-16 0)
(3 -1.59585e-15 0)
(3 -2.00954e-15 0)
(3 -1.19285e-15 0)
(3 1.11052e-16 0)
(3 2.31483e-16 0)
(3 -3.22035e-16 0)
(3 -6.77634e-16 0)
(3 1.7134e-13 0)
(3 1.39292e-08 0)
(2.99998 7.87787e-05 0)
(2.9949 0.0186351 0)
(2.70991 0.349948 0)
(1.92695 0.854457 0)
(1.64549 0.956972 0)
(1.64309 0.957322 0)
(3 -2.21402e-16 0)
(3 -1.88192e-16 0)
(3 -9.002e-18 0)
(3 -4.8113e-17 0)
(3 -2.38762e-16 0)
(3 -6.53554e-16 0)
(3 -2.41047e-16 0)
(3 6.51745e-16 0)
(3 8.14746e-16 0)
(3 6.44882e-16 0)
(3 3.56911e-16 0)
(3 2.73143e-16 0)
(3 6.20902e-16 0)
(3 7.89701e-16 0)
(3 1.07996e-15 0)
(3 1.25172e-15 0)
(3 1.21663e-15 0)
(3 -1.50414e-16 0)
(3 -7.8899e-16 0)
(3 -1.02542e-15 0)
(3 -5.12715e-16 0)
(3 4.88545e-16 0)
(3 5.36742e-16 0)
(3 6.97847e-16 0)
(3 3.41532e-16 0)
(3 -9.62499e-16 0)
(3 -7.80624e-16 0)
(3 -2.6916e-16 0)
(3 4.35843e-16 0)
(3 6.16917e-16 0)
(3 -2.207e-16 0)
(3 -2.92325e-16 0)
(3 -6.66458e-16 0)
(3 1.97844e-12 0)
(3 6.68315e-08 0)
(2.99995 0.000190935 0)
(2.99071 0.0257801 0)
(2.66119 0.39124 0)
(1.92541 0.867165 0)
(1.67781 0.958848 0)
(3 -7.74779e-17 0)
(3 -4.20259e-17 0)
(3 -1.06469e-16 0)
(3 4.46901e-17 0)
(3 2.21306e-17 0)
(3 -5.66886e-17 0)
(3 -9.87926e-17 0)
(3 -1.52489e-16 0)
(3 2.39813e-16 0)
(3 -3.1283e-16 0)
(3 -6.60836e-16 0)
(3 -8.49269e-16 0)
(3 -8.99565e-16 0)
(3 -6.19736e-16 0)
(3 -3.77014e-16 0)
(3 9.69971e-16 0)
(3 1.07588e-15 0)
(3 3.51749e-16 0)
(3 -2.94115e-16 0)
(3 -5.63993e-16 0)
(3 -6.29487e-16 0)
(3 -2.15544e-16 0)
(3 3.76532e-16 0)
(3 3.81144e-16 0)
(3 -3.32527e-16 0)
(3 -4.51859e-16 0)
(3 1.57903e-16 0)
(3 -1.94327e-16 0)
(3 -6.08808e-17 0)
(3 2.24327e-16 0)
(3 7.97985e-16 0)
(3 3.06397e-16 0)
(3 -5.83051e-16 0)
(3 -8.17084e-16 0)
(3 1.39604e-11 0)
(3 2.15922e-07 0)
(2.99992 0.000315321 0)
(2.98393 0.0353645 0)
(2.67369 0.402413 0)
(1.88853 0.898102 0)
(3 1.15744e-16 0)
(3 -2.15495e-16 0)
(3 -4.02969e-16 0)
(3 -3.62658e-16 0)
(3 -2.32444e-16 0)
(3 4.43283e-17 0)
(3 7.90721e-17 0)
(3 3.96416e-17 0)
(3 6.17222e-16 0)
(3 5.09393e-16 0)
(3 1.59284e-16 0)
(3 -5.44266e-16 0)
(3 -6.19871e-16 0)
(3 -4.86697e-16 0)
(3 -7.79614e-17 0)
(3 3.19858e-16 0)
(3 5.85184e-16 0)
(3 4.94187e-16 0)
(3 7.06469e-16 0)
(3 1.27834e-15 0)
(3 1.11399e-15 0)
(3 9.50166e-16 0)
(3 5.15023e-16 0)
(3 1.79416e-16 0)
(3 -6.07036e-18 0)
(3 2.5625e-16 0)
(3 7.75685e-17 0)
(3 -3.66353e-16 0)
(3 -1.20491e-15 0)
(3 -1.22265e-15 0)
(3 -5.60622e-16 0)
(3 -3.4378e-16 0)
(3 -5.94281e-16 0)
(3 -1.73895e-15 0)
(3 -1.82664e-15 0)
(3 6.39394e-11 0)
(3 3.54479e-07 0)
(2.99981 0.00060085 0)
(2.99262 0.0305008 0)
(2.54981 0.516449 0)
(3 5.25822e-17 0)
(3 3.42445e-17 0)
(3 1.47827e-17 0)
(3 3.22941e-17 0)
(3 1.67452e-16 0)
(3 4.03271e-16 0)
(3 5.58901e-16 0)
(3 8.94287e-16 0)
(3 9.81364e-16 0)
(3 3.83161e-16 0)
(3 2.58052e-16 0)
(3 -3.38695e-16 0)
(3 -1.00439e-16 0)
(3 -4.10498e-17 0)
(3 6.44549e-17 0)
(3 7.20831e-17 0)
(3 4.54308e-16 0)
(3 9.67488e-16 0)
(3 2.20228e-15 0)
(3 2.46171e-15 0)
(3 2.28286e-15 0)
(3 2.13048e-15 0)
(3 6.80449e-16 0)
(3 -7.25625e-17 0)
(3 -1.55392e-16 0)
(3 3.89207e-16 0)
(3 2.5586e-16 0)
(3 -3.37786e-17 0)
(3 -2.95425e-16 0)
(3 -5.29341e-16 0)
(3 -7.86705e-16 0)
(3 -7.9657e-16 0)
(3 -4.62375e-16 0)
(3 -1.53663e-15 0)
(3 -2.28138e-15 0)
(3 9.03243e-16 0)
(3 1.53987e-10 0)
(3 5.97449e-07 0)
(2.99989 0.00072834 0)
(3.00589 0.0374695 0)
(3 5.57335e-17 0)
(3 3.02952e-16 0)
(3 5.75613e-16 0)
(3 7.21429e-17 0)
(3 1.80459e-16 0)
(3 3.38916e-16 0)
(3 6.58288e-16 0)
(3 9.21407e-16 0)
(3 4.36336e-16 0)
(3 -5.21095e-17 0)
(3 -3.92614e-16 0)
(3 -2.37725e-16 0)
(3 -1.48347e-16 0)
(3 -3.26148e-17 0)
(3 -6.58412e-16 0)
(3 -7.39695e-16 0)
(3 1.97899e-16 0)
(3 6.2356e-16 0)
(3 1.34172e-15 0)
(3 1.51937e-15 0)
(3 1.25696e-15 0)
(3 1.35254e-15 0)
(3 1.37383e-15 0)
(3 2.3426e-16 0)
(3 -2.24105e-16 0)
(3 5.46285e-16 0)
(3 6.77835e-16 0)
(3 -7.52339e-17 0)
(3 -1.09952e-16 0)
(3 -1.90527e-16 0)
(3 -8.71839e-16 0)
(3 -1.32497e-15 0)
(3 -1.21507e-15 0)
(3 -5.81603e-16 0)
(3 -3.85437e-16 0)
(3 -4.5909e-16 0)
(3 1.32937e-14 0)
(3 1.79186e-10 0)
(3 1.91887e-06 0)
(3.00166 0.000203778 0)
(3 -4.95998e-17 0)
(3 8.31201e-17 0)
(3 1.45103e-16 0)
(3 -2.881e-16 0)
(3 -3.79143e-16 0)
(3 -3.40858e-16 0)
(3 -2.77507e-16 0)
(3 -4.28252e-16 0)
(3 -6.89683e-16 0)
(3 -3.57558e-16 0)
(3 3.31511e-16 0)
(3 3.87656e-16 0)
(3 -3.53176e-16 0)
(3 -4.60043e-16 0)
(3 -1.25291e-16 0)
(3 -1.37843e-16 0)
(3 -2.44141e-16 0)
(3 -4.71822e-16 0)
(3 -3.28695e-16 0)
(3 -2.75866e-16 0)
(3 -1.85781e-16 0)
(3 -4.98497e-17 0)
(3 5.44552e-17 0)
(3 1.37621e-16 0)
(3 -4.20313e-16 0)
(3 -7.35688e-16 0)
(3 1.13442e-16 0)
(3 2.79017e-16 0)
(3 4.54906e-17 0)
(3 -1.39395e-16 0)
(3 -7.99665e-16 0)
(3 -8.50385e-16 0)
(3 -9.98186e-16 0)
(3 -1.02413e-15 0)
(3 -4.79e-16 0)
(3 -3.16306e-16 0)
(3 7.95531e-16 0)
(3 9.09021e-15 0)
(3 1.36725e-09 0)
(3 -3.3174e-08 0)
(3 1.7269e-17 0)
(3 -2.04484e-16 0)
(3 -4.51914e-16 0)
(3 -4.15557e-17 0)
(3 -4.19961e-17 0)
(3 -5.88667e-18 0)
(3 -3.14608e-16 0)
(3 -1.04766e-15 0)
(3 -7.95822e-16 0)
(3 -2.39942e-16 0)
(3 4.21776e-16 0)
(3 2.1488e-16 0)
(3 -4.9088e-17 0)
(3 -2.61066e-16 0)
(3 4.92463e-16 0)
(3 5.10507e-16 0)
(3 -7.75736e-16 0)
(3 -1.14107e-15 0)
(3 -1.08254e-15 0)
(3 -1.06148e-15 0)
(3 -1.1152e-15 0)
(3 -1.14836e-15 0)
(3 -6.48368e-16 0)
(3 1.83546e-16 0)
(3 9.87852e-16 0)
(3 7.81151e-16 0)
(3 9.85468e-16 0)
(3 1.01612e-15 0)
(3 8.5666e-16 0)
(3 7.00088e-16 0)
(3 5.11975e-16 0)
(3 2.71908e-16 0)
(3 -1.42501e-16 0)
(3 -8.06609e-16 0)
(3 -6.10841e-16 0)
(3 1.51478e-16 0)
(3 9.76423e-16 0)
(3 8.1691e-16 0)
(3 3.36324e-13 0)
(3 -2.0734e-08 0)
(3 -3.54667e-17 0)
(3 -1.58036e-16 0)
(3 -1.44434e-16 0)
(3 1.34808e-16 0)
(3 3.05454e-16 0)
(3 9.56151e-17 0)
(3 -1.76864e-16 0)
(3 -2.38498e-16 0)
(3 -2.45265e-16 0)
(3 -3.68429e-16 0)
(3 -4.12638e-16 0)
(3 -1.74983e-16 0)
(3 1.93105e-16 0)
(3 2.36196e-16 0)
(3 3.59953e-16 0)
(3 5.20775e-16 0)
(3 -4.25423e-16 0)
(3 -3.89623e-16 0)
(3 -3.7284e-16 0)
(3 1.2561e-16 0)
(3 4.08756e-16 0)
(3 -1.40197e-16 0)
(3 -7.54749e-16 0)
(3 3.03994e-16 0)
(3 1.63701e-15 0)
(3 2.11783e-15 0)
(3 1.6087e-15 0)
(3 1.07999e-15 0)
(3 6.38265e-16 0)
(3 8.08904e-16 0)
(3 1.73887e-15 0)
(3 1.95154e-15 0)
(3 1.46985e-15 0)
(3 1.19088e-15 0)
(3 1.33204e-15 0)
(3 1.07366e-15 0)
(3 6.80655e-16 0)
(3 6.88634e-16 0)
(3 6.82469e-16 0)
(3 -3.07591e-09 0)
(3 -4.12747e-17 0)
(3 -6.391e-17 0)
(3 2.20372e-16 0)
(3 4.06963e-16 0)
(3 4.77005e-16 0)
(3 3.17048e-16 0)
(3 2.36229e-16 0)
(3 4.75806e-16 0)
(3 4.53765e-16 0)
(3 -6.11437e-16 0)
(3 -7.64075e-16 0)
(3 -5.1117e-16 0)
(3 -1.02863e-16 0)
(3 4.0675e-16 0)
(3 7.76775e-16 0)
(3 9.11383e-16 0)
(3 7.80148e-16 0)
(3 2.12061e-16 0)
(3 3.2178e-17 0)
(3 -1.6993e-17 0)
(3 1.35167e-16 0)
(3 9.62502e-18 0)
(3 2.03349e-16 0)
(3 6.89355e-16 0)
(3 1.06774e-15 0)
(3 1.02545e-15 0)
(3 1.01084e-15 0)
(3 1.11404e-15 0)
(3 8.71712e-16 0)
(3 1.51011e-15 0)
(3 1.64239e-15 0)
(3 2.18058e-15 0)
(3 2.13679e-15 0)
(3 2.35522e-15 0)
(3 2.63619e-15 0)
(3 1.94495e-15 0)
(3 1.2054e-15 0)
(3 1.11795e-15 0)
(3 8.755e-16 0)
(3 -1.06726e-10 0)
(3 1.24776e-16 0)
(3 1.13763e-16 0)
(3 2.10228e-16 0)
(3 1.80388e-16 0)
(3 6.82201e-17 0)
(3 1.74139e-16 0)
(3 5.86629e-16 0)
(3 6.00017e-16 0)
(3 4.24163e-16 0)
(3 1.31163e-16 0)
(3 -1.6109e-16 0)
(3 -2.20636e-16 0)
(3 -9.22793e-17 0)
(3 4.21218e-16 0)
(3 7.80818e-16 0)
(3 8.97395e-16 0)
(3 2.85002e-16 0)
(3 1.04854e-16 0)
(3 -9.29297e-16 0)
(3 -1.53158e-15 0)
(3 -1.62333e-15 0)
(3 2.784e-17 0)
(3 7.73017e-16 0)
(3 8.99623e-16 0)
(3 7.02408e-16 0)
(3 1.55834e-16 0)
(3 -1.71437e-16 0)
(3 3.69246e-16 0)
(3 1.55925e-15 0)
(3 1.23821e-15 0)
(3 9.18227e-16 0)
(3 1.86422e-15 0)
(3 2.66893e-15 0)
(3 2.7962e-15 0)
(3 2.11015e-15 0)
(3 1.84523e-15 0)
(3 1.38413e-15 0)
(3 8.73477e-16 0)
(3 3.90495e-16 0)
(3 -7.73748e-13 0)
(3 8.24459e-17 0)
(3 1.81633e-16 0)
(3 -1.97694e-16 0)
(3 -4.14321e-16 0)
(3 -4.56214e-16 0)
(3 -1.00165e-16 0)
(3 -2.62932e-17 0)
(3 -2.29129e-17 0)
(3 3.02317e-16 0)
(3 5.15137e-16 0)
(3 5.76167e-16 0)
(3 6.06481e-16 0)
(3 7.78063e-16 0)
(3 7.23029e-16 0)
(3 -3.75292e-16 0)
(3 -3.57115e-17 0)
(3 -2.45157e-16 0)
(3 -7.15212e-16 0)
(3 -1.35548e-15 0)
(3 -2.62114e-15 0)
(3 -2.3265e-15 0)
(3 -6.22191e-16 0)
(3 1.13496e-17 0)
(3 1.62663e-16 0)
(3 -5.96511e-17 0)
(3 -6.91477e-16 0)
(3 -3.68924e-16 0)
(3 3.55985e-16 0)
(3 6.86671e-16 0)
(3 8.58189e-16 0)
(3 1.02534e-15 0)
(3 1.24138e-15 0)
(3 2.15303e-15 0)
(3 2.20963e-15 0)
(3 2.01384e-15 0)
(3 1.96118e-15 0)
(3 1.34075e-15 0)
(3 -1.70025e-16 0)
(3 -8.68566e-16 0)
(3 -1.44178e-15 0)
(3 -1.31108e-16 0)
(3 -9.1856e-17 0)
(3 -8.27535e-17 0)
(3 1.70032e-16 0)
(3 1.18509e-16 0)
(3 1.51691e-16 0)
(3 -2.57123e-16 0)
(3 -4.18184e-16 0)
(3 -2.84858e-16 0)
(3 -3.74474e-16 0)
(3 5.91688e-16 0)
(3 1.65463e-15 0)
(3 1.86299e-15 0)
(3 1.64865e-15 0)
(3 1.00874e-15 0)
(3 5.48453e-16 0)
(3 2.75893e-16 0)
(3 2.28145e-16 0)
(3 1.43223e-16 0)
(3 1.45919e-16 0)
(3 -5.95957e-16 0)
(3 -1.08895e-15 0)
(3 -9.72447e-16 0)
(3 -7.02737e-16 0)
(3 -5.61863e-16 0)
(3 -5.9277e-16 0)
(3 -2.35462e-16 0)
(3 -1.76524e-16 0)
(3 6.27846e-16 0)
(3 1.24152e-15 0)
(3 1.19366e-15 0)
(3 8.27124e-16 0)
(3 6.42575e-16 0)
(3 8.2613e-16 0)
(3 7.95165e-16 0)
(3 1.53987e-15 0)
(3 2.19398e-15 0)
(3 1.22883e-15 0)
(3 -7.58976e-18 0)
(3 3.65719e-16 0)
(3 -5.78239e-17 0)
(3 -4.1869e-16 0)
(3 -4.61103e-16 0)
(3 -2.28638e-16 0)
(3 6.46865e-18 0)
(3 -8.33008e-17 0)
(3 -1.42609e-16 0)
(3 -3.39891e-16 0)
(3 -8.46072e-16 0)
(3 -9.43663e-16 0)
(3 -8.79747e-17 0)
(3 1.01645e-15 0)
(3 1.33496e-15 0)
(3 1.64028e-15 0)
(3 2.11752e-15 0)
(3 1.76399e-15 0)
(3 1.04803e-15 0)
(3 1.44974e-15 0)
(3 1.83741e-15 0)
(3 1.47276e-15 0)
(3 -1.88159e-17 0)
(3 -1.30676e-15 0)
(3 -1.29959e-15 0)
(3 -4.70865e-16 0)
(3 6.01308e-16 0)
(3 -1.14691e-16 0)
(3 -6.77812e-16 0)
(3 -1.09236e-15 0)
(3 -2.01924e-16 0)
(3 1.56164e-15 0)
(3 1.47051e-15 0)
(3 1.02152e-15 0)
(3 5.68808e-16 0)
(3 3.07688e-16 0)
(3 2.89228e-16 0)
(3 1.02819e-15 0)
(3 9.27971e-16 0)
(3 7.21561e-16 0)
(3 6.45352e-16 0)
(3 8.56652e-16 0)
(3 1.62572e-16 0)
(3 -2.59165e-17 0)
(3 -3.0814e-16 0)
(3 -5.49545e-16 0)
(3 -5.25128e-16 0)
(3 -2.63618e-16 0)
(3 -2.63519e-17 0)
(3 -4.46859e-16 0)
(3 -1.37305e-15 0)
(3 -1.6397e-15 0)
(3 -2.97376e-16 0)
(3 3.61612e-16 0)
(3 7.91256e-16 0)
(3 1.53954e-15 0)
(3 1.48031e-15 0)
(3 1.00433e-15 0)
(3 1.46433e-15 0)
(3 1.73616e-15 0)
(3 1.5106e-15 0)
(3 6.69097e-16 0)
(3 -1.08535e-15 0)
(3 -1.21813e-15 0)
(3 -1.00958e-15 0)
(3 3.93239e-16 0)
(3 1.12816e-15 0)
(3 -2.18919e-16 0)
(3 -1.35424e-15 0)
(3 -1.05542e-15 0)
(3 4.41463e-17 0)
(3 6.19789e-16 0)
(3 1.01488e-15 0)
(3 1.39183e-15 0)
(3 1.65539e-15 0)
(3 1.29677e-16 0)
(3 -4.04252e-16 0)
(3 -5.65093e-16 0)
(3 -4.44172e-16 0)
(3 7.93047e-16 0)
(3 1.07099e-15 0)
(3 1.42163e-15 0)
(3 2.65265e-17 0)
(3 4.71588e-18 0)
(3 -6.29453e-17 0)
(3 5.93805e-17 0)
(3 -9.15544e-17 0)
(3 -9.39548e-17 0)
(3 -1.41554e-16 0)
(3 -3.35984e-16 0)
(3 -7.09472e-16 0)
(3 -7.72239e-16 0)
(3 -6.25465e-16 0)
(3 -5.93866e-16 0)
(3 -1.84749e-16 0)
(3 3.37649e-16 0)
(3 5.01602e-16 0)
(3 3.68133e-16 0)
(3 5.31462e-16 0)
(3 5.02313e-16 0)
(3 4.84662e-16 0)
(3 3.44507e-16 0)
(3 -2.22157e-16 0)
(3 -2.93783e-16 0)
(3 -1.04185e-17 0)
(3 6.08452e-16 0)
(3 7.6362e-16 0)
(3 1.67579e-16 0)
(3 -5.76154e-16 0)
(3 -3.51399e-16 0)
(3 -1.74289e-16 0)
(3 -1.53423e-16 0)
(3 1.12179e-16 0)
(3 8.85918e-16 0)
(3 7.31486e-16 0)
(3 -1.72996e-16 0)
(3 -7.31446e-16 0)
(3 -8.20103e-16 0)
(3 -6.68268e-16 0)
(3 1.39159e-16 0)
(3 4.72992e-16 0)
(3 5.99424e-16 0)
(1.62526 1.23917 0)
(2.43285 0.327688 0)
(2.44943 -0.0731743 0)
(2.38163 -0.0969105 0)
(2.33631 -0.0483524 0)
(2.30906 -0.0276936 0)
(2.26793 -0.024454 0)
(2.24211 -0.0104017 0)
(2.22364 -0.012865 0)
(2.2117 -0.0112048 0)
(2.20802 -0.00655349 0)
(2.20749 -0.00918273 0)
(2.22084 -0.0123027 0)
(2.24446 -0.000265671 0)
(2.23267 -0.0158024 0)
(1.25663 -0.0682534 0)
(0.984318 -0.0584742 0)
(1.09404 -0.0480323 0)
(1.21839 -0.0372945 0)
(1.34073 -0.0247873 0)
(1.45025 -0.0138525 0)
(1.54339 -0.00816321 0)
(1.61307 -0.00604881 0)
(1.66925 -0.00640365 0)
(1.7234 -0.0064894 0)
(1.77525 -0.0054338 0)
(1.82523 -0.00235131 0)
(1.8745 0.00312748 0)
(1.92368 0.0075272 0)
(1.97162 0.00921179 0)
(2.02054 0.00867089 0)
(2.06749 0.00679603 0)
(2.11187 0.00492033 0)
(2.15533 0.00121468 0)
(2.19002 -0.00395089 0)
(2.20592 0.000283679 0)
(2.21633 0.00852612 0)
(2.25025 0.0105479 0)
(2.28615 0.01027 0)
(2.34985 0.00963665 0)
(1.86815 0.654519 0)
(2.45994 0.0577423 0)
(2.53732 -0.352449 0)
(2.50046 -0.257498 0)
(2.44979 -0.0949358 0)
(2.39812 -0.0393361 0)
(2.36163 -0.0212565 0)
(2.32232 0.00157498 0)
(2.29376 -0.00574796 0)
(2.27616 -0.0129531 0)
(2.26729 -0.0116351 0)
(2.26484 -0.018077 0)
(2.27561 -0.00698909 0)
(2.2921 -0.000433217 0)
(2.25155 -0.10119 0)
(1.59315 -0.0931357 0)
(1.15824 -0.0539328 0)
(1.20525 -0.0437356 0)
(1.29379 -0.0296431 0)
(1.39263 -0.0248765 0)
(1.4913 -0.0155717 0)
(1.57533 -0.00584308 0)
(1.63831 -0.000474459 0)
(1.69167 -0.00106825 0)
(1.74125 -0.00613844 0)
(1.78875 -0.0116449 0)
(1.83584 -0.0129244 0)
(1.88493 -0.00778851 0)
(1.93415 0.00284282 0)
(1.98247 0.0153258 0)
(2.0278 0.0248538 0)
(2.07083 0.0268551 0)
(2.11442 0.0227151 0)
(2.15602 0.0119561 0)
(2.18972 -0.00570102 0)
(2.21265 -0.0170201 0)
(2.22997 0.00382849 0)
(2.25465 0.0290544 0)
(2.28783 0.0327412 0)
(2.34965 0.0316859 0)
(1.81935 0.852637 0)
(2.35986 0.349823 0)
(2.52802 -0.103727 0)
(2.61199 -0.244061 0)
(2.60111 -0.209119 0)
(2.52626 -0.0857888 0)
(2.48571 0.00362276 0)
(2.44787 -0.00789681 0)
(2.42451 -0.0363853 0)
(2.40907 -0.0235645 0)
(2.39462 -0.0139235 0)
(2.38804 -0.0218001 0)
(2.39178 -0.0261373 0)
(2.39787 -0.0166761 0)
(2.29228 -0.196952 0)
(2.02552 -0.297038 0)
(1.45105 -0.0458064 0)
(1.40427 -0.0757167 0)
(1.44034 -0.0624298 0)
(1.50306 -0.0495321 0)
(1.57883 -0.0439808 0)
(1.64627 -0.0226743 0)
(1.7006 -0.00841084 0)
(1.74314 0.000580034 0)
(1.7799 0.00473601 0)
(1.81845 0.00646006 0)
(1.86314 0.00793943 0)
(1.91188 0.00958351 0)
(1.96019 0.0137047 0)
(2.00538 0.0222446 0)
(2.0469 0.0304046 0)
(2.08741 0.0340204 0)
(2.1269 0.0325461 0)
(2.16284 0.0229245 0)
(2.19287 0.00652023 0)
(2.22129 -0.00467256 0)
(2.24784 0.0049877 0)
(2.27143 0.0361062 0)
(2.29897 0.0510696 0)
(2.35688 0.0506339 0)
(1.81546 0.884135 0)
(2.27659 0.480435 0)
(2.54989 -0.0909592 0)
(2.66367 -0.285784 0)
(2.63804 -0.31639 0)
(2.57406 -0.220766 0)
(2.54617 -0.111559 0)
(2.52881 -0.00501512 0)
(2.51448 -0.00292642 0)
(2.5188 -0.00718017 0)
(2.50946 -0.0126795 0)
(2.50597 -0.0200318 0)
(2.50089 -0.00774741 0)
(2.49528 -0.00758104 0)
(2.3028 -0.291314 0)
(2.17571 -0.581208 0)
(1.66359 -0.154204 0)
(1.54635 -0.0221153 0)
(1.57185 -0.0463842 0)
(1.61643 -0.041321 0)
(1.66835 -0.018172 0)
(1.72248 -0.00816151 0)
(1.76969 -0.00599888 0)
(1.80547 -0.00358335 0)
(1.83685 -0.00238953 0)
(1.87113 -0.000633204 0)
(1.91147 0.00557816 0)
(1.95483 0.0154019 0)
(1.998 0.0265162 0)
(2.03906 0.0361835 0)
(2.0773 0.0415229 0)
(2.11273 0.0395863 0)
(2.14603 0.0299354 0)
(2.17789 0.0167565 0)
(2.20891 0.00780854 0)
(2.24009 0.00996922 0)
(2.26967 0.0193736 0)
(2.29609 0.0400133 0)
(2.31867 0.0619968 0)
(2.36836 0.0653689 0)
(1.77901 0.888303 0)
(2.21057 0.539563 0)
(2.49592 0.125181 0)
(2.604 -0.0724308 0)
(2.62928 -0.27365 0)
(2.6377 -0.267458 0)
(2.61786 -0.201668 0)
(2.58531 -0.109314 0)
(2.55293 -0.0471644 0)
(2.56157 0.00782433 0)
(2.55938 0.00148506 0)
(2.56388 -0.0134603 0)
(2.56161 -0.00936587 0)
(2.53326 -0.0623011 0)
(2.23174 -0.428239 0)
(2.14229 -0.706744 0)
(1.84612 -0.323484 0)
(1.63437 -0.0701236 0)
(1.64025 -0.0386186 0)
(1.68542 -0.0409105 0)
(1.72677 -0.0224157 0)
(1.77334 -0.00592095 0)
(1.81899 0.00161911 0)
(1.85857 0.00510914 0)
(1.89358 0.00512002 0)
(1.92685 0.00719862 0)
(1.96212 0.0137825 0)
(1.99987 0.0243542 0)
(2.03806 0.0364316 0)
(2.07537 0.0457431 0)
(2.11095 0.0494077 0)
(2.14292 0.0472215 0)
(2.17158 0.0393708 0)
(2.20008 0.0291367 0)
(2.23095 0.0252534 0)
(2.26278 0.0294956 0)
(2.29306 0.0374036 0)
(2.32135 0.0513252 0)
(2.34254 0.0713961 0)
(2.38327 0.0790631 0)
(1.73545 0.873912 0)
(2.13684 0.598534 0)
(2.40356 0.304516 0)
(2.56196 -0.0269857 0)
(2.61902 -0.28893 0)
(2.67449 -0.286618 0)
(2.65812 -0.26465 0)
(2.61248 -0.191463 0)
(2.58366 -0.111219 0)
(2.57155 -0.0323281 0)
(2.57641 -0.022326 0)
(2.58051 -0.021642 0)
(2.58294 -0.0188583 0)
(2.49928 -0.149983 0)
(2.13471 -0.512867 0)
(2.06937 -0.719916 0)
(1.99158 -0.54742 0)
(1.72839 -0.146816 0)
(1.68016 -0.0369342 0)
(1.71686 -0.0313089 0)
(1.75184 -0.0188493 0)
(1.79792 -0.00171295 0)
(1.84709 0.0163383 0)
(1.89214 0.025686 0)
(1.93302 0.029433 0)
(1.96861 0.034799 0)
(2.00224 0.0422323 0)
(2.03726 0.049428 0)
(2.07177 0.0541649 0)
(2.10482 0.0531061 0)
(2.1374 0.0470406 0)
(2.16922 0.0391663 0)
(2.19872 0.0340306 0)
(2.22637 0.0364026 0)
(2.25453 0.0453116 0)
(2.28428 0.0549618 0)
(2.31435 0.0622045 0)
(2.34393 0.0683976 0)
(2.366 0.0778667 0)
(2.40217 0.0828216 0)
(1.69752 0.866705 0)
(2.05717 0.644307 0)
(2.32509 0.391184 0)
(2.50817 0.08642 0)
(2.5892 -0.108109 0)
(2.65377 -0.212634 0)
(2.65025 -0.265676 0)
(2.64265 -0.244344 0)
(2.61697 -0.161295 0)
(2.58213 -0.070221 0)
(2.58455 -0.0569071 0)
(2.58965 -0.0389865 0)
(2.58476 -0.0487654 0)
(2.3684 -0.315642 0)
(2.06576 -0.562234 0)
(2.0396 -0.694958 0)
(2.04164 -0.661718 0)
(1.90956 -0.325024 0)
(1.74185 -0.0597944 0)
(1.72651 -0.0194706 0)
(1.75995 -0.00726092 0)
(1.81252 0.00515976 0)
(1.86556 0.0243353 0)
(1.91374 0.03912 0)
(1.95842 0.0441597 0)
(1.99713 0.0462623 0)
(2.02942 0.0473087 0)
(2.0595 0.0503353 0)
(2.09024 0.0522721 0)
(2.12169 0.0500617 0)
(2.15468 0.045948 0)
(2.18812 0.0418489 0)
(2.21957 0.0426139 0)
(2.2484 0.0500197 0)
(2.27588 0.0621177 0)
(2.30356 0.0740667 0)
(2.333 0.0812624 0)
(2.36256 0.0830363 0)
(2.38466 0.0845349 0)
(2.41872 0.0874219 0)
(1.66506 0.844191 0)
(1.99707 0.656664 0)
(2.24653 0.460044 0)
(2.42682 0.211881 0)
(2.56774 -0.0243246 0)
(2.65181 -0.177818 0)
(2.63492 -0.291141 0)
(2.66571 -0.262103 0)
(2.65473 -0.220943 0)
(2.62049 -0.141064 0)
(2.6037 -0.0991427 0)
(2.60906 -0.0422405 0)
(2.58735 -0.0850316 0)
(2.21167 -0.486686 0)
(2.03653 -0.608289 0)
(2.03546 -0.656198 0)
(2.05919 -0.654514 0)
(2.02997 -0.507453 0)
(1.84877 -0.139805 0)
(1.74235 -0.0171473 0)
(1.77968 -0.00347364 0)
(1.82714 0.0116768 0)
(1.87726 0.0340192 0)
(1.92357 0.0490025 0)
(1.96931 0.0522048 0)
(2.00988 0.0525419 0)
(2.04188 0.0529958 0)
(2.06833 0.0528336 0)
(2.09637 0.0542009 0)
(2.12941 0.0554034 0)
(2.16526 0.0538494 0)
(2.19998 0.0532646 0)
(2.2333 0.0575841 0)
(2.26274 0.0677957 0)
(2.2882 0.0835297 0)
(2.31362 0.0990463 0)
(2.34101 0.105377 0)
(2.37163 0.0996824 0)
(2.39542 0.0909043 0)
(2.43008 0.0922431 0)
(1.63814 0.822705 0)
(1.9492 0.668744 0)
(2.17221 0.515011 0)
(2.37934 0.26433 0)
(2.51127 0.102235 0)
(2.60626 -0.0692708 0)
(2.63647 -0.205577 0)
(2.66776 -0.224014 0)
(2.66843 -0.230728 0)
(2.65286 -0.199772 0)
(2.62923 -0.140329 0)
(2.62591 -0.0682355 0)
(2.5327 -0.195554 0)
(2.14336 -0.595509 0)
(2.03384 -0.645323 0)
(2.04147 -0.645663 0)
(2.06302 -0.64551 0)
(2.07657 -0.591102 0)
(1.96617 -0.299405 0)
(1.80371 -0.0465359 0)
(1.80633 0.0049387 0)
(1.83738 0.0234986 0)
(1.88134 0.0453872 0)
(1.92938 0.0577437 0)
(1.97564 0.0611101 0)
(2.01804 0.0591968 0)
(2.05364 0.0548536 0)
(2.08135 0.0534194 0)
(2.10807 0.0579286 0)
(2.13907 0.0658023 0)
(2.17387 0.0706879 0)
(2.20932 0.0733293 0)
(2.24302 0.0776567 0)
(2.27283 0.0873438 0)
(2.29819 0.10218 0)
(2.32165 0.116874 0)
(2.34577 0.120189 0)
(2.37312 0.110448 0)
(2.39817 0.101602 0)
(2.43813 0.102512 0)
(1.61984 0.803981 0)
(1.89791 0.688558 0)
(2.11992 0.545939 0)
(2.31555 0.343695 0)
(2.45428 0.194919 0)
(2.55787 0.00569148 0)
(2.63292 -0.144072 0)
(2.67679 -0.207812 0)
(2.67412 -0.244881 0)
(2.6689 -0.228186 0)
(2.65301 -0.18966 0)
(2.64814 -0.112831 0)
(2.37864 -0.375391 0)
(2.10271 -0.640306 0)
(2.04035 -0.660067 0)
(2.04607 -0.651507 0)
(2.06701 -0.640491 0)
(2.09479 -0.615213 0)
(2.06042 -0.481862 0)
(1.90248 -0.140731 0)
(1.8353 -0.00175293 0)
(1.85592 0.0283498 0)
(1.89527 0.0497973 0)
(1.9404 0.0635784 0)
(1.98425 0.0704267 0)
(2.02531 0.0683597 0)
(2.06275 0.0629216 0)
(2.09466 0.0585287 0)
(2.12216 0.0645932 0)
(2.15037 0.0787879 0)
(2.18268 0.0909933 0)
(2.21823 0.0971794 0)
(2.25199 0.100588 0)
(2.28303 0.105432 0)
(2.3094 0.11313 0)
(2.33108 0.122789 0)
(2.35182 0.127511 0)
(2.37596 0.121328 0)
(2.39887 0.116623 0)
(2.44274 0.119714 0)
(1.60019 0.804004 0)
(1.86309 0.705485 0)
(2.06903 0.583153 0)
(2.27043 0.393529 0)
(2.39361 0.274035 0)
(2.51113 0.0743916 0)
(2.59941 -0.040343 0)
(2.63924 -0.129686 0)
(2.6638 -0.203033 0)
(2.67039 -0.213841 0)
(2.66316 -0.206836 0)
(2.65487 -0.199846 0)
(2.20925 -0.56454 0)
(2.07261 -0.7011 0)
(2.049 -0.673496 0)
(2.05724 -0.659639 0)
(2.07068 -0.642805 0)
(2.10318 -0.629076 0)
(2.10983 -0.574715 0)
(2.02265 -0.306234 0)
(1.89156 -0.0426641 0)
(1.89169 0.0292185 0)
(1.91774 0.0473786 0)
(1.952 0.0721427 0)
(1.99199 0.0837955 0)
(2.03326 0.0826583 0)
(2.0719 0.0769251 0)
(2.10602 0.0726076 0)
(2.13615 0.0776015 0)
(2.16458 0.0931137 0)
(2.19308 0.110208 0)
(2.22395 0.119023 0)
(2.25831 0.12087 0)
(2.29022 0.119844 0)
(2.31769 0.120878 0)
(2.33866 0.127954 0)
(2.3567 0.134954 0)
(2.37843 0.134367 0)
(2.40424 0.133667 0)
(2.45026 0.137194 0)
(1.59388 0.802494 0)
(1.83376 0.725752 0)
(2.03184 0.60756 0)
(2.22331 0.445674 0)
(2.34203 0.330141 0)
(2.46615 0.138024 0)
(2.54212 0.0645324 0)
(2.61517 -0.0963548 0)
(2.65715 -0.188814 0)
(2.67093 -0.203529 0)
(2.65935 -0.212771 0)
(2.60775 -0.322735 0)
(2.12041 -0.710103 0)
(2.07968 -0.762164 0)
(2.05768 -0.699818 0)
(2.06821 -0.674668 0)
(2.07539 -0.654879 0)
(2.11309 -0.63619 0)
(2.13785 -0.600771 0)
(2.1276 -0.47183 0)
(1.99852 -0.141038 0)
(1.92864 0.0139255 0)
(1.94209 0.0460977 0)
(1.97097 0.066569 0)
(2.00944 0.0909914 0)
(2.04685 0.0996689 0)
(2.08301 0.0977816 0)
(2.11709 0.0955847 0)
(2.15002 0.0981063 0)
(2.18133 0.107803 0)
(2.20934 0.122785 0)
(2.23579 0.13357 0)
(2.26393 0.136589 0)
(2.29324 0.133419 0)
(2.32248 0.13047 0)
(2.34757 0.131521 0)
(2.36611 0.142413 0)
(2.38437 0.150932 0)
(2.40902 0.155041 0)
(2.45706 0.158988 0)
(1.59082 0.811217 0)
(1.80748 0.744322 0)
(1.99567 0.630277 0)
(2.1807 0.490249 0)
(2.29696 0.375386 0)
(2.42115 0.206761 0)
(2.49987 0.127011 0)
(2.57888 -0.0245098 0)
(2.62373 -0.100847 0)
(2.65314 -0.172061 0)
(2.63549 -0.216281 0)
(2.46141 -0.480606 0)
(2.07524 -0.784695 0)
(2.0755 -0.806197 0)
(2.07357 -0.76699 0)
(2.08697 -0.724127 0)
(2.09321 -0.678803 0)
(2.12823 -0.639783 0)
(2.16289 -0.600059 0)
(2.18511 -0.541825 0)
(2.12419 -0.299629 0)
(1.98429 -0.0256607 0)
(1.97442 0.0532634 0)
(1.99763 0.0645457 0)
(2.02938 0.0936236 0)
(2.06054 0.116475 0)
(2.09413 0.121132 0)
(2.13032 0.119719 0)
(2.16561 0.11839 0)
(2.19856 0.119935 0)
(2.22808 0.129826 0)
(2.25251 0.143243 0)
(2.27648 0.148124 0)
(2.30289 0.145932 0)
(2.32907 0.142323 0)
(2.35493 0.142341 0)
(2.37824 0.148487 0)
(2.39779 0.162651 0)
(2.41858 0.175196 0)
(2.46564 0.181122 0)
(1.59599 0.811281 0)
(1.79007 0.752382 0)
(1.97168 0.641955 0)
(2.13908 0.530958 0)
(2.26095 0.409945 0)
(2.38663 0.265578 0)
(2.45318 0.193676 0)
(2.53816 0.0324033 0)
(2.59331 -0.0439138 0)
(2.6356 -0.14882 0)
(2.6045 -0.239943 0)
(2.26575 -0.637331 0)
(2.0629 -0.813677 0)
(2.07178 -0.843369 0)
(2.09673 -0.82786 0)
(2.11327 -0.775157 0)
(2.12525 -0.705627 0)
(2.14234 -0.641847 0)
(2.19188 -0.593354 0)
(2.21925 -0.561242 0)
(2.21445 -0.445489 0)
(2.09102 -0.133064 0)
(2.01622 0.0297007 0)
(2.02601 0.0749053 0)
(2.05021 0.0920863 0)
(2.08103 0.119294 0)
(2.11113 0.136622 0)
(2.1456 0.138855 0)
(2.1811 0.135792 0)
(2.21451 0.132888 0)
(2.24574 0.135016 0)
(2.27242 0.145044 0)
(2.29331 0.157504 0)
(2.31508 0.159835 0)
(2.34018 0.15528 0)
(2.36605 0.154162 0)
(2.39003 0.160937 0)
(2.41146 0.176195 0)
(2.43011 0.194155 0)
(2.47265 0.202575 0)
(1.59681 0.820467 0)
(1.77416 0.760855 0)
(1.94587 0.659808 0)
(2.10103 0.56608 0)
(2.22663 0.445335 0)
(2.35458 0.328165 0)
(2.41303 0.245392 0)
(2.50164 0.0752802 0)
(2.55228 0.0278756 0)
(2.61304 -0.113211 0)
(2.5494 -0.278388 0)
(2.12693 -0.73514 0)
(2.04292 -0.841912 0)
(2.0673 -0.846264 0)
(2.10734 -0.836494 0)
(2.13977 -0.798225 0)
(2.16669 -0.738499 0)
(2.17688 -0.655291 0)
(2.21693 -0.591302 0)
(2.24256 -0.567434 0)
(2.26477 -0.517627 0)
(2.21445 -0.313685 0)
(2.07683 -0.0195714 0)
(2.05522 0.0729037 0)
(2.08161 0.0885326 0)
(2.10439 0.113937 0)
(2.1299 0.144874 0)
(2.1587 0.156601 0)
(2.19221 0.155252 0)
(2.22696 0.150144 0)
(2.25994 0.148581 0)
(2.28928 0.153991 0)
(2.31212 0.165137 0)
(2.33109 0.173224 0)
(2.35246 0.173781 0)
(2.37693 0.174202 0)
(2.40208 0.180096 0)
(2.42547 0.194161 0)
(2.4443 0.210676 0)
(2.48208 0.219361 0)
(1.60234 0.823447 0)
(1.76424 0.764816 0)
(1.93037 0.672793 0)
(2.06727 0.59649 0)
(2.20175 0.473561 0)
(2.3202 0.388022 0)
(2.39079 0.270881 0)
(2.47128 0.123123 0)
(2.51176 0.0969319 0)
(2.56776 -0.0731438 0)
(2.40492 -0.383477 0)
(2.06884 -0.73507 0)
(2.04771 -0.833214 0)
(2.07495 -0.832246 0)
(2.12424 -0.823596 0)
(2.1588 -0.807955 0)
(2.18861 -0.765313 0)
(2.2104 -0.689287 0)
(2.24266 -0.622861 0)
(2.26877 -0.57677 0)
(2.2932 -0.545181 0)
(2.29145 -0.452819 0)
(2.19366 -0.159228 0)
(2.09838 0.03347 0)
(2.11567 0.106269 0)
(2.13213 0.119386 0)
(2.15471 0.140957 0)
(2.1809 0.16301 0)
(2.21093 0.169919 0)
(2.24288 0.168678 0)
(2.27386 0.166144 0)
(2.30332 0.1674 0)
(2.32818 0.175846 0)
(2.34762 0.186447 0)
(2.36709 0.192966 0)
(2.39028 0.197569 0)
(2.41563 0.203961 0)
(2.44023 0.214368 0)
(2.45983 0.226143 0)
(2.49313 0.233347 0)
(1.60157 0.835118 0)
(1.75329 0.774181 0)
(1.91138 0.695192 0)
(2.03887 0.622613 0)
(2.17626 0.508479 0)
(2.27711 0.436372 0)
(2.36858 0.297152 0)
(2.45199 0.176368 0)
(2.49097 0.147373 0)
(2.49476 -0.0560669 0)
(2.23145 -0.50037 0)
(2.02048 -0.744451 0)
(2.03931 -0.77864 0)
(2.08123 -0.792979 0)
(2.13234 -0.79864 0)
(2.17818 -0.796411 0)
(2.20785 -0.78681 0)
(2.24089 -0.748927 0)
(2.26571 -0.675338 0)
(2.29747 -0.616473 0)
(2.31676 -0.574516 0)
(2.33255 -0.510521 0)
(2.31916 -0.351527 0)
(2.18516 -0.0312985 0)
(2.15109 0.0916257 0)
(2.16697 0.124793 0)
(2.18397 0.145528 0)
(2.20463 0.168925 0)
(2.22947 0.185758 0)
(2.26088 0.189798 0)
(2.2906 0.189436 0)
(2.31739 0.189 0)
(2.34188 0.192799 0)
(2.36317 0.20184 0)
(2.38233 0.212371 0)
(2.40416 0.221119 0)
(2.42922 0.229031 0)
(2.45483 0.236099 0)
(2.47555 0.241279 0)
(2.50665 0.244138 0)
(1.60649 0.844576 0)
(1.74917 0.782165 0)
(1.89973 0.715069 0)
(2.01977 0.641652 0)
(2.1571 0.541579 0)
(2.24034 0.462447 0)
(2.34408 0.314221 0)
(2.42867 0.241044 0)
(2.47515 0.176265 0)
(2.41692 -0.069535 0)
(2.08886 -0.579737 0)
(2.00323 -0.732209 0)
(2.0374 -0.742897 0)
(2.08915 -0.759584 0)
(2.14066 -0.774149 0)
(2.19 -0.781359 0)
(2.22708 -0.784272 0)
(2.25701 -0.770992 0)
(2.29587 -0.735748 0)
(2.32506 -0.672943 0)
(2.34838 -0.605787 0)
(2.3659 -0.54539 0)
(2.38071 -0.455158 0)
(2.32425 -0.206976 0)
(2.20982 0.0436687 0)
(2.19516 0.132124 0)
(2.21681 0.151302 0)
(2.23086 0.164826 0)
(2.25028 0.193645 0)
(2.26931 0.216105 0)
(2.29772 0.217485 0)
(2.32932 0.213853 0)
(2.35731 0.213194 0)
(2.3803 0.216931 0)
(2.39977 0.227 0)
(2.41989 0.238362 0)
(2.44346 0.248132 0)
(2.46921 0.254112 0)
(2.4905 0.255886 0)
(2.51993 0.255565 0)
(1.61378 0.860344 0)
(1.74704 0.797517 0)
(1.8852 0.738939 0)
(2.00497 0.658353 0)
(2.13337 0.576645 0)
(2.21135 0.477942 0)
(2.31426 0.341619 0)
(2.39096 0.308473 0)
(2.44486 0.174812 0)
(2.30582 -0.162445 0)
(2.01127 -0.565503 0)
(1.99711 -0.679143 0)
(2.04061 -0.697115 0)
(2.09334 -0.710878 0)
(2.14416 -0.727385 0)
(2.19383 -0.746002 0)
(2.23593 -0.762301 0)
(2.27793 -0.764552 0)
(2.31259 -0.749297 0)
(2.35521 -0.712388 0)
(2.3856 -0.653643 0)
(2.41063 -0.583412 0)
(2.41328 -0.498343 0)
(2.41809 -0.372601 0)
(2.30228 -0.0483482 0)
(2.23611 0.10846 0)
(2.24402 0.173082 0)
(2.25717 0.187239 0)
(2.27472 0.206338 0)
(2.2901 0.231716 0)
(2.31123 0.239514 0)
(2.3406 0.237448 0)
(2.37119 0.234835 0)
(2.39716 0.23587 0)
(2.41753 0.241153 0)
(2.43595 0.250958 0)
(2.45622 0.262491 0)
(2.47949 0.26931 0)
(2.50046 0.270477 0)
(2.52969 0.26963 0)
(1.62728 0.874404 0)
(1.75186 0.812769 0)
(1.87465 0.757898 0)
(1.99445 0.672891 0)
(2.10516 0.605919 0)
(2.1966 0.48583 0)
(2.29326 0.381014 0)
(2.36035 0.361083 0)
(2.38193 0.175053 0)
(2.12533 -0.304586 0)
(1.95461 -0.562889 0)
(1.99022 -0.630325 0)
(2.04915 -0.665334 0)
(2.10508 -0.68192 0)
(2.1558 -0.699859 0)
(2.20444 -0.720333 0)
(2.24922 -0.738406 0)
(2.28988 -0.743081 0)
(2.33807 -0.73594 0)
(2.37382 -0.72068 0)
(2.4117 -0.680323 0)
(2.44149 -0.617978 0)
(2.45566 -0.550374 0)
(2.45734 -0.449617 0)
(2.43037 -0.25078 0)
(2.30812 0.0641189 0)
(2.27015 0.176395 0)
(2.28173 0.197783 0)
(2.29991 0.216817 0)
(2.30988 0.24356 0)
(2.32847 0.253593 0)
(2.35694 0.254284 0)
(2.38867 0.254011 0)
(2.41587 0.253786 0)
(2.43578 0.255747 0)
(2.45249 0.261278 0)
(2.46998 0.271388 0)
(2.49031 0.279709 0)
(2.50875 0.283746 0)
(2.5377 0.284792 0)
(1.64333 0.887518 0)
(1.75887 0.832288 0)
(1.86664 0.77453 0)
(1.98442 0.691638 0)
(2.07983 0.621349 0)
(2.18189 0.504982 0)
(2.28125 0.435989 0)
(2.34401 0.388412 0)
(2.29352 0.114932 0)
(1.98632 -0.388869 0)
(1.92825 -0.555347 0)
(1.97914 -0.576042 0)
(2.04668 -0.610532 0)
(2.10761 -0.635921 0)
(2.15957 -0.654215 0)
(2.20756 -0.671558 0)
(2.25553 -0.693816 0)
(2.30356 -0.710377 0)
(2.35148 -0.715152 0)
(2.39849 -0.706001 0)
(2.43125 -0.688178 0)
(2.46571 -0.646339 0)
(2.48635 -0.584815 0)
(2.49126 -0.50928 0)
(2.49764 -0.39504 0)
(2.41733 -0.098424 0)
(2.34075 0.126774 0)
(2.30619 0.206785 0)
(2.31062 0.233265 0)
(2.32385 0.251283 0)
(2.33936 0.266398 0)
(2.36249 0.269909 0)
(2.39313 0.272366 0)
(2.42554 0.275144 0)
(2.45098 0.276118 0)
(2.46773 0.278151 0)
(2.48338 0.285151 0)
(2.50298 0.290502 0)
(2.52095 0.295099 0)
(2.54939 0.29823 0)
(1.65825 0.898278 0)
(1.76606 0.851274 0)
(1.86352 0.786318 0)
(1.97576 0.710971 0)
(2.05988 0.633037 0)
(2.16917 0.527508 0)
(2.25704 0.496684 0)
(2.32347 0.374941 0)
(2.16939 -0.00618568 0)
(1.90336 -0.410901 0)
(1.91714 -0.519154 0)
(1.97639 -0.542005 0)
(2.04553 -0.56964 0)
(2.11242 -0.600033 0)
(2.17085 -0.626789 0)
(2.22193 -0.647801 0)
(2.26901 -0.660337 0)
(2.31538 -0.67082 0)
(2.36256 -0.677461 0)
(2.40972 -0.679642 0)
(2.45354 -0.670316 0)
(2.48418 -0.652856 0)
(2.50977 -0.613838 0)
(2.53066 -0.55936 0)
(2.52984 -0.470036 0)
(2.52221 -0.317339 0)
(2.41045 0.048001 0)
(2.35113 0.186813 0)
(2.33743 0.23493 0)
(2.33925 0.255002 0)
(2.35456 0.276118 0)
(2.37183 0.286188 0)
(2.39719 0.290576 0)
(2.42495 0.293758 0)
(2.4519 0.297855 0)
(2.47499 0.297951 0)
(2.49662 0.301012 0)
(2.51695 0.304266 0)
(2.53448 0.309661 0)
(2.5627 0.314634 0)
(1.67423 0.905624 0)
(1.77144 0.865549 0)
(1.86439 0.794922 0)
(1.96686 0.729158 0)
(2.05077 0.647248 0)
(2.1594 0.562175 0)
(2.23069 0.544285 0)
(2.27207 0.357775 0)
(1.96947 -0.177352 0)
(1.86004 -0.409319 0)
(1.91273 -0.474784 0)
(1.98274 -0.511134 0)
(2.05215 -0.538391 0)
(2.11925 -0.567622 0)
(2.17859 -0.590012 0)
(2.22946 -0.604899 0)
(2.27686 -0.617078 0)
(2.3241 -0.624993 0)
(2.37248 -0.633408 0)
(2.41901 -0.639699 0)
(2.46322 -0.643676 0)
(2.50024 -0.634546 0)
(2.52891 -0.616552 0)
(2.55141 -0.586587 0)
(2.56626 -0.531493 0)
(2.56602 -0.430879 0)
(2.531 -0.212544 0)
(2.40421 0.132998 0)
(2.35244 0.252285 0)
(2.35566 0.270277 0)
(2.37283 0.288419 0)
(2.38431 0.302321 0)
(2.40468 0.307732 0)
(2.43362 0.31099 0)
(2.46267 0.314147 0)
(2.48898 0.31351 0)
(2.50527 0.319317 0)
(2.5205 0.323602 0)
(2.53507 0.332647 0)
(2.56303 0.341212 0)
(1.6873 0.91773 0)
(1.77576 0.873543 0)
(1.86799 0.800528 0)
(1.95962 0.741955 0)
(2.05221 0.654041 0)
(2.15188 0.607116 0)
(2.22146 0.552552 0)
(2.17965 0.259105 0)
(1.86495 -0.237238 0)
(1.84651 -0.403512 0)
(1.90694 -0.429745 0)
(1.98731 -0.470469 0)
(2.05996 -0.504619 0)
(2.12598 -0.532464 0)
(2.18663 -0.558826 0)
(2.24126 -0.578258 0)
(2.29085 -0.589511 0)
(2.3382 -0.594667 0)
(2.38462 -0.596199 0)
(2.42951 -0.599881 0)
(2.46933 -0.602394 0)
(2.50794 -0.605243 0)
(2.54075 -0.59836 0)
(2.56589 -0.580089 0)
(2.58894 -0.553536 0)
(2.59624 -0.488807 0)
(2.59396 -0.376931 0)
(2.51092 -0.0739525 0)
(2.41563 0.182866 0)
(2.37677 0.28015 0)
(2.38025 0.303443 0)
(2.39349 0.31274 0)
(2.41351 0.321571 0)
(2.43671 0.330919 0)
(2.46281 0.334077 0)
(2.48999 0.33628 0)
(2.51209 0.338717 0)
(2.53414 0.339904 0)
(2.54816 0.349417 0)
(2.57432 0.360185 0)
(1.70051 0.927722 0)
(1.78057 0.874098 0)
(1.8714 0.807709 0)
(1.95562 0.752169 0)
(2.05061 0.675467 0)
(2.13693 0.653933 0)
(2.2074 0.544916 0)
(2.01435 0.0877904 0)
(1.80251 -0.287493 0)
(1.84141 -0.362216 0)
(1.91449 -0.398394 0)
(1.99452 -0.435137 0)
(2.06908 -0.472572 0)
(2.13524 -0.504443 0)
(2.19534 -0.527809 0)
(2.2496 -0.543309 0)
(2.29848 -0.551315 0)
(2.34438 -0.552918 0)
(2.38887 -0.552756 0)
(2.43168 -0.554566 0)
(2.47302 -0.559459 0)
(2.50893 -0.563344 0)
(2.54658 -0.567111 0)
(2.58082 -0.558973 0)
(2.60211 -0.539993 0)
(2.62057 -0.513424 0)
(2.62672 -0.440779 0)
(2.60747 -0.29187 0)
(2.48795 0.0762367 0)
(2.42768 0.230147 0)
(2.40032 0.301133 0)
(2.40026 0.32049 0)
(2.42058 0.338967 0)
(2.44404 0.351895 0)
(2.46617 0.357815 0)
(2.48566 0.358646 0)
(2.50962 0.358697 0)
(2.53247 0.363842 0)
(2.55307 0.372182 0)
(2.58513 0.378745 0)
(1.70367 0.938684 0)
(1.78775 0.871585 0)
(1.87964 0.814762 0)
(1.95841 0.760463 0)
(2.05926 0.704875 0)
(2.12807 0.690501 0)
(2.15992 0.486511 0)
(1.8219 -0.0667686 0)
(1.7831 -0.254342 0)
(1.85207 -0.327113 0)
(1.9332 -0.372611 0)
(2.00872 -0.409639 0)
(2.07893 -0.441825 0)
(2.14239 -0.467627 0)
(2.20051 -0.489768 0)
(2.25437 -0.507611 0)
(2.30517 -0.521422 0)
(2.35404 -0.527947 0)
(2.40013 -0.527989 0)
(2.44118 -0.525176 0)
(2.47736 -0.523046 0)
(2.51198 -0.524307 0)
(2.54293 -0.52642 0)
(2.57801 -0.527929 0)
(2.61319 -0.516282 0)
(2.63407 -0.497965 0)
(2.65306 -0.474578 0)
(2.64936 -0.389455 0)
(2.61567 -0.189804 0)
(2.46831 0.200061 0)
(2.41352 0.320939 0)
(2.41283 0.341766 0)
(2.42695 0.361508 0)
(2.44873 0.37226 0)
(2.47305 0.384173 0)
(2.49847 0.38591 0)
(2.51969 0.380738 0)
(2.53839 0.383845 0)
(2.55552 0.390551 0)
(2.58445 0.394669 0)
(1.71823 0.932591 0)
(1.79322 0.879106 0)
(1.87966 0.839702 0)
(1.9626 0.779128 0)
(2.04693 0.749285 0)
(2.12309 0.676257 0)
(2.07625 0.352365 0)
(1.69799 -0.158741 0)
(1.77467 -0.262481 0)
(1.85442 -0.287788 0)
(1.94383 -0.332121 0)
(2.01982 -0.374364 0)
(2.08801 -0.408907 0)
(2.15113 -0.435404 0)
(2.20799 -0.456517 0)
(2.25974 -0.473304 0)
(2.30904 -0.484504 0)
(2.35764 -0.489699 0)
(2.40354 -0.489888 0)
(2.44322 -0.4873 0)
(2.47574 -0.483052 0)
(2.50648 -0.481587 0)
(2.54062 -0.484802 0)
(2.57442 -0.487508 0)
(2.60985 -0.484693 0)
(2.64406 -0.471456 0)
(2.66254 -0.462473 0)
(2.67884 -0.42399 0)
(2.67645 -0.337681 0)
(2.60569 -0.0586794 0)
(2.46502 0.272054 0)
(2.42721 0.362308 0)
(2.44042 0.376858 0)
(2.45488 0.390335 0)
(2.47346 0.402703 0)
(2.49595 0.40386 0)
(2.52007 0.403132 0)
(2.54466 0.402581 0)
(2.56614 0.406052 0)
(2.59286 0.410138 0)
(1.76621 0.88287 0)
(1.79842 0.891001 0)
(1.90063 0.865574 0)
(1.98088 0.804356 0)
(2.05461 0.782964 0)
(2.10747 0.669952 0)
(1.87469 0.139923 0)
(1.69675 -0.149957 0)
(1.77248 -0.216692 0)
(1.865 -0.258654 0)
(1.95362 -0.305007 0)
(2.03057 -0.348927 0)
(2.09833 -0.380156 0)
(2.15896 -0.400978 0)
(2.21212 -0.417781 0)
(2.26138 -0.432192 0)
(2.31118 -0.44434 0)
(2.36132 -0.452379 0)
(2.4088 -0.456585 0)
(2.45028 -0.457511 0)
(2.48469 -0.4547 0)
(2.51615 -0.451164 0)
(2.55071 -0.451341 0)
(2.58765 -0.453171 0)
(2.62396 -0.452108 0)
(2.65706 -0.445214 0)
(2.68174 -0.435964 0)
(2.6906 -0.425046 0)
(2.70592 -0.376045 0)
(2.6893 -0.252972 0)
(2.57481 0.0952829 0)
(2.4975 0.288532 0)
(2.46426 0.372522 0)
(2.46271 0.397429 0)
(2.47798 0.417505 0)
(2.49817 0.422038 0)
(2.51922 0.421394 0)
(2.54401 0.41746 0)
(2.56607 0.419258 0)
(2.59606 0.426288 0)
(1.82229 0.791308 0)
(1.79872 0.938406 0)
(1.88882 0.906194 0)
(1.99258 0.835332 0)
(2.05702 0.814198 0)
(2.06063 0.580123 0)
(1.69255 -0.0169986 0)
(1.70439 -0.149008 0)
(1.79341 -0.199522 0)
(1.8829 -0.243255 0)
(1.96282 -0.281775 0)
(2.03618 -0.31741 0)
(2.10298 -0.344134 0)
(2.16211 -0.36422 0)
(2.21317 -0.380206 0)
(2.26154 -0.391965 0)
(2.31175 -0.401109 0)
(2.36267 -0.408554 0)
(2.41055 -0.415166 0)
(2.45264 -0.420294 0)
(2.4876 -0.420812 0)
(2.5166 -0.415244 0)
(2.54455 -0.409312 0)
(2.57687 -0.406644 0)
(2.61273 -0.406359 0)
(2.64919 -0.40505 0)
(2.6837 -0.404586 0)
(2.70684 -0.395874 0)
(2.71254 -0.381991 0)
(2.73568 -0.327104 0)
(2.69882 -0.161665 0)
(2.54773 0.2432 0)
(2.48433 0.376874 0)
(2.47817 0.412515 0)
(2.48819 0.433624 0)
(2.50845 0.441492 0)
(2.52496 0.441685 0)
(2.54529 0.434597 0)
(2.56577 0.43499 0)
(2.59687 0.442101 0)
(1.90094 0.745969 0)
(1.76347 0.942888 0)
(1.85433 0.912176 0)
(1.96443 0.865711 0)
(2.0484 0.787074 0)
(1.96376 0.388162 0)
(1.63705 -0.0367859 0)
(1.70643 -0.12259 0)
(1.79633 -0.166721 0)
(1.88759 -0.219759 0)
(1.96748 -0.260204 0)
(2.0411 -0.290321 0)
(2.10772 -0.315485 0)
(2.16543 -0.335173 0)
(2.21557 -0.348863 0)
(2.26416 -0.355887 0)
(2.31488 -0.360059 0)
(2.36611 -0.365019 0)
(2.41353 -0.373413 0)
(2.45466 -0.382922 0)
(2.49064 -0.387779 0)
(2.52303 -0.385434 0)
(2.55419 -0.379702 0)
(2.58717 -0.374626 0)
(2.62142 -0.37209 0)
(2.65405 -0.371185 0)
(2.68 -0.369015 0)
(2.70944 -0.36669 0)
(2.72756 -0.359406 0)
(2.74836 -0.333361 0)
(2.75327 -0.270694 0)
(2.70105 -0.0367776 0)
(2.53149 0.326248 0)
(2.49275 0.439674 0)
(2.49757 0.457222 0)
(2.51038 0.465299 0)
(2.53161 0.463204 0)
(2.55595 0.453459 0)
(2.57605 0.451354 0)
(2.60313 0.459328 0)
(2.2601 0.655301 0)
(1.78863 0.921951 0)
(1.8347 0.902931 0)
(1.93662 0.870218 0)
(2.01311 0.755194 0)
(1.7535 0.192239 0)
(1.60814 -0.0513111 0)
(1.70237 -0.112923 0)
(1.7962 -0.16048 0)
(1.88603 -0.204048 0)
(1.96706 -0.237648 0)
(2.0411 -0.263511 0)
(2.10567 -0.286477 0)
(2.1606 -0.305796 0)
(2.21144 -0.31796 0)
(2.26339 -0.320994 0)
(2.31644 -0.321051 0)
(2.36895 -0.323287 0)
(2.41747 -0.330999 0)
(2.45892 -0.343044 0)
(2.49448 -0.351572 0)
(2.52804 -0.351066 0)
(2.55992 -0.344247 0)
(2.59098 -0.336996 0)
(2.62341 -0.334003 0)
(2.65714 -0.335505 0)
(2.68828 -0.342672 0)
(2.71378 -0.33718 0)
(2.73989 -0.332639 0)
(2.75344 -0.321228 0)
(2.7827 -0.28829 0)
(2.77405 -0.192932 0)
(2.67548 0.107116 0)
(2.57189 0.359997 0)
(2.5253 0.460628 0)
(2.52123 0.484727 0)
(2.53421 0.486905 0)
(2.55523 0.477254 0)
(2.57542 0.472593 0)
(2.60871 0.479937 0)
(2.84931 0.406466 0)
(1.86009 0.917101 0)
(1.83766 0.90435 0)
(1.91358 0.871277 0)
(1.95372 0.623195 0)
(1.54704 0.078621 0)
(1.57725 -0.0432835 0)
(1.6922 -0.102167 0)
(1.78783 -0.143627 0)
(1.87652 -0.179617 0)
(1.95977 -0.209796 0)
(2.03447 -0.234902 0)
(2.09794 -0.258717 0)
(2.15399 -0.279759 0)
(2.20988 -0.291434 0)
(2.26676 -0.291532 0)
(2.32114 -0.287685 0)
(2.37165 -0.285695 0)
(2.41787 -0.289762 0)
(2.45999 -0.300401 0)
(2.49841 -0.311291 0)
(2.53365 -0.314451 0)
(2.56586 -0.309156 0)
(2.59456 -0.300853 0)
(2.62206 -0.294986 0)
(2.65164 -0.293012 0)
(2.68513 -0.29834 0)
(2.71965 -0.306546 0)
(2.74974 -0.304234 0)
(2.77445 -0.296099 0)
(2.78368 -0.283589 0)
(2.81565 -0.24264 0)
(2.78573 -0.0993272 0)
(2.6466 0.272353 0)
(2.57212 0.434583 0)
(2.55477 0.492598 0)
(2.55142 0.502308 0)
(2.56542 0.497509 0)
(2.58229 0.494512 0)
(2.61146 0.501971 0)
(3.16654 0.0546307 0)
(2.06537 0.85399 0)
(1.85191 0.906965 0)
(1.91321 0.875712 0)
(1.78878 0.392322 0)
(1.4271 0.0393997 0)
(1.55086 -0.0393783 0)
(1.6731 -0.088834 0)
(1.7771 -0.126644 0)
(1.86844 -0.153774 0)
(1.9518 -0.178299 0)
(2.02624 -0.205339 0)
(2.09176 -0.232574 0)
(2.15254 -0.25378 0)
(2.2138 -0.263415 0)
(2.27465 -0.262798 0)
(2.33025 -0.258906 0)
(2.37911 -0.255639 0)
(2.42226 -0.255407 0)
(2.46157 -0.260682 0)
(2.5006 -0.2689 0)
(2.54043 -0.275098 0)
(2.57758 -0.276222 0)
(2.60972 -0.272196 0)
(2.63879 -0.268461 0)
(2.66884 -0.267495 0)
(2.7002 -0.268691 0)
(2.729 -0.267409 0)
(2.75841 -0.267251 0)
(2.78759 -0.267022 0)
(2.80847 -0.257714 0)
(2.83195 -0.241071 0)
(2.83733 -0.189454 0)
(2.79131 0.0180941 0)
(2.64147 0.382098 0)
(2.57943 0.506319 0)
(2.57401 0.525017 0)
(2.58132 0.523276 0)
(2.59829 0.518144 0)
(2.62293 0.521113 0)
(3.04299 0.000448704 0)
(2.26412 0.776121 0)
(1.8534 0.957652 0)
(1.88225 0.874873 0)
(1.51377 0.23043 0)
(1.36873 0.0298409 0)
(1.53265 -0.0332987 0)
(1.65764 -0.0720924 0)
(1.76728 -0.101504 0)
(1.86591 -0.126483 0)
(1.95422 -0.152505 0)
(2.03 -0.180039 0)
(2.09605 -0.205917 0)
(2.15888 -0.222976 0)
(2.22275 -0.230095 0)
(2.28575 -0.230352 0)
(2.34196 -0.229061 0)
(2.38928 -0.226942 0)
(2.43054 -0.224792 0)
(2.46985 -0.225533 0)
(2.50992 -0.229741 0)
(2.55079 -0.234503 0)
(2.59026 -0.237731 0)
(2.62486 -0.237098 0)
(2.6531 -0.231923 0)
(2.67962 -0.227833 0)
(2.70931 -0.227355 0)
(2.74127 -0.230753 0)
(2.77105 -0.229505 0)
(2.79755 -0.224748 0)
(2.82924 -0.228107 0)
(2.84603 -0.226745 0)
(2.8748 -0.201332 0)
(2.86665 -0.125127 0)
(2.77547 0.158337 0)
(2.68679 0.423382 0)
(2.59862 0.536617 0)
(2.59184 0.551118 0)
(2.60249 0.551634 0)
(2.63117 0.547306 0)
(3.00144 -0.000102982 0)
(2.62297 0.621954 0)
(1.96208 1.0236 0)
(1.77978 0.697572 0)
(1.32121 0.137885 0)
(1.34697 0.0158338 0)
(1.52076 -0.029999 0)
(1.65237 -0.0610337 0)
(1.76835 -0.0836352 0)
(1.87156 -0.105116 0)
(1.96112 -0.128251 0)
(2.03673 -0.151785 0)
(2.10402 -0.171462 0)
(2.17049 -0.183726 0)
(2.23707 -0.191148 0)
(2.30175 -0.194398 0)
(2.35927 -0.197132 0)
(2.40711 -0.199419 0)
(2.44813 -0.198721 0)
(2.48805 -0.196132 0)
(2.52874 -0.195308 0)
(2.5697 -0.197594 0)
(2.60947 -0.201991 0)
(2.64527 -0.205245 0)
(2.67539 -0.204989 0)
(2.70222 -0.201105 0)
(2.72975 -0.196905 0)
(2.75889 -0.195578 0)
(2.78894 -0.194336 0)
(2.8181 -0.195508 0)
(2.84405 -0.18919 0)
(2.86876 -0.193733 0)
(2.88572 -0.19605 0)
(2.90577 -0.163203 0)
(2.87891 -0.045067 0)
(2.76871 0.309959 0)
(2.68603 0.488581 0)
(2.63607 0.553238 0)
(2.61736 0.574197 0)
(2.63231 0.573082 0)
(3.00022 -0.000130028 0)
(3.06515 0.311621 0)
(2.18438 1.05587 0)
(1.58771 0.497988 0)
(1.18808 0.107075 0)
(1.35115 0.0160478 0)
(1.52809 -0.0261211 0)
(1.66175 -0.0519364 0)
(1.77995 -0.070932 0)
(1.88399 -0.0897464 0)
(1.97336 -0.109965 0)
(2.05057 -0.127565 0)
(2.12076 -0.138133 0)
(2.18889 -0.142566 0)
(2.25526 -0.147513 0)
(2.31915 -0.154282 0)
(2.37927 -0.161468 0)
(2.42839 -0.168287 0)
(2.47041 -0.169975 0)
(2.51139 -0.166434 0)
(2.55276 -0.161886 0)
(2.59258 -0.1602 0)
(2.62948 -0.162435 0)
(2.6632 -0.166602 0)
(2.69379 -0.169237 0)
(2.72244 -0.168881 0)
(2.75 -0.165016 0)
(2.77724 -0.161749 0)
(2.80459 -0.157981 0)
(2.8312 -0.157166 0)
(2.85833 -0.155362 0)
(2.88613 -0.158708 0)
(2.90541 -0.159796 0)
(2.91052 -0.161831 0)
(2.9177 -0.109603 0)
(2.87922 0.0559301 0)
(2.75881 0.41938 0)
(2.69095 0.557116 0)
(2.64715 0.583779 0)
(2.64878 0.584913 0)
(3.00003 -6.51919e-05 0)
(3.14108 0.0654442 0)
(2.4945 1.08308 0)
(1.33274 0.35153 0)
(1.12831 0.0611205 0)
(1.3741 0.000466743 0)
(1.55157 -0.0316337 0)
(1.68236 -0.0462907 0)
(1.79855 -0.0650536 0)
(1.90108 -0.0837573 0)
(1.9903 -0.0995814 0)
(2.0693 -0.107652 0)
(2.1424 -0.106685 0)
(2.2118 -0.103872 0)
(2.27804 -0.106002 0)
(2.33975 -0.115409 0)
(2.39681 -0.125009 0)
(2.44716 -0.135427 0)
(2.49366 -0.138407 0)
(2.53613 -0.135185 0)
(2.57715 -0.129711 0)
(2.61612 -0.127249 0)
(2.65158 -0.128957 0)
(2.68193 -0.132247 0)
(2.70683 -0.133431 0)
(2.72968 -0.131433 0)
(2.75544 -0.128025 0)
(2.78351 -0.125552 0)
(2.81073 -0.122242 0)
(2.83598 -0.121912 0)
(2.85615 -0.120904 0)
(2.87864 -0.119445 0)
(2.90724 -0.124147 0)
(2.92107 -0.126293 0)
(2.92955 -0.110576 0)
(2.92146 -0.0526871 0)
(2.86611 0.170876 0)
(2.76077 0.483119 0)
(2.67629 0.616549 0)
(2.66895 0.601881 0)
(3 -3.19522e-05 0)
(3.02797 0.00702173 0)
(2.73355 0.9506 0)
(1.27679 0.241299 0)
(1.13885 0.0440061 0)
(1.41267 0.00621766 0)
(1.57877 -0.0192998 0)
(1.70397 -0.0362671 0)
(1.81515 -0.0534173 0)
(1.91462 -0.0691441 0)
(2.00451 -0.0807723 0)
(2.08777 -0.0863812 0)
(2.16565 -0.0836671 0)
(2.23865 -0.0756858 0)
(2.30121 -0.0698646 0)
(2.35719 -0.0761996 0)
(2.41271 -0.0908435 0)
(2.46583 -0.102393 0)
(2.51177 -0.102374 0)
(2.55492 -0.0982741 0)
(2.59272 -0.090236 0)
(2.62434 -0.0845376 0)
(2.65272 -0.0856693 0)
(2.67993 -0.0897741 0)
(2.70625 -0.0927516 0)
(2.73111 -0.092694 0)
(2.75398 -0.0892784 0)
(2.77657 -0.0865791 0)
(2.80055 -0.0842374 0)
(2.82574 -0.0842273 0)
(2.85197 -0.0860097 0)
(2.87502 -0.085003 0)
(2.89517 -0.0827792 0)
(2.91849 -0.0845269 0)
(2.93868 -0.0845536 0)
(2.94409 -0.070876 0)
(2.92779 0.0127267 0)
(2.87441 0.257007 0)
(2.70981 0.615961 0)
(2.68411 0.573992 0)
(3 -1.26505e-05 0)
(3.00094 0.000289252 0)
(2.70267 0.645777 0)
(1.25261 0.113197 0)
(1.1678 -0.00406771 0)
(1.43633 -0.0107501 0)
(1.59965 -0.0165763 0)
(1.72161 -0.0246167 0)
(1.82913 -0.0353119 0)
(1.92557 -0.0472999 0)
(2.0132 -0.0543266 0)
(2.09621 -0.0536129 0)
(2.17776 -0.0475997 0)
(2.25203 -0.0396963 0)
(2.31756 -0.0389087 0)
(2.37259 -0.040807 0)
(2.41255 -0.0534442 0)
(2.46179 -0.0629385 0)
(2.51743 -0.0618421 0)
(2.56632 -0.0570299 0)
(2.60551 -0.0515369 0)
(2.63688 -0.0496846 0)
(2.66405 -0.0522785 0)
(2.68959 -0.0557717 0)
(2.71457 -0.0572414 0)
(2.73861 -0.0560945 0)
(2.76123 -0.0536826 0)
(2.78352 -0.0524843 0)
(2.80657 -0.0513319 0)
(2.83082 -0.0515604 0)
(2.8552 -0.0524911 0)
(2.87685 -0.0510556 0)
(2.89806 -0.047597 0)
(2.92247 -0.0495596 0)
(2.94627 -0.0498592 0)
(2.95361 -0.06262 0)
(2.95778 -0.00181391 0)
(2.93319 0.0997419 0)
(2.80463 0.463586 0)
(2.70233 0.4322 0)
(3 -2.41437e-06 0)
(3.00001 1.4341e-06 0)
(2.62211 0.254753 0)
(1.27438 0.104406 0)
(1.19805 0.0249581 0)
(1.45247 -0.00148095 0)
(1.61392 -0.00727952 0)
(1.72863 -0.00943599 0)
(1.83151 -0.0124818 0)
(1.92992 -0.0160222 0)
(2.02298 -0.0191672 0)
(2.1081 -0.0173975 0)
(2.18285 -0.0131534 0)
(2.24811 -0.0161738 0)
(2.30756 -0.018092 0)
(2.35971 -0.0193769 0)
(2.41392 -0.0206741 0)
(2.4645 -0.0212015 0)
(2.50949 -0.0262887 0)
(2.55279 -0.0257555 0)
(2.59182 -0.0251796 0)
(2.62336 -0.0263873 0)
(2.64865 -0.0286893 0)
(2.67229 -0.0299421 0)
(2.69715 -0.0300092 0)
(2.7224 -0.0293698 0)
(2.74643 -0.0289241 0)
(2.76913 -0.0291401 0)
(2.79189 -0.028699 0)
(2.81582 -0.0289576 0)
(2.83945 -0.0285253 0)
(2.86201 -0.0278385 0)
(2.88529 -0.026378 0)
(2.90904 -0.0279575 0)
(2.92998 -0.0282428 0)
(2.94449 -0.0304716 0)
(2.95227 -0.0217607 0)
(2.94903 0.00171644 0)
(2.85485 0.136443 0)
(2.67372 0.191749 0)
)
;

boundaryField
{
    inlet
    {
        type            fixedValue;
        value           uniform (3 0 0);
    }
    outlet
    {
        type            inletOutlet;
        inletValue      uniform (3 0 0);
        value           nonuniform List<vector> 
40
(
(2.34985 0.00963665 0)
(2.34965 0.0316859 0)
(2.35688 0.0506339 0)
(2.36836 0.0653689 0)
(2.38327 0.0790631 0)
(2.40217 0.0828216 0)
(2.41872 0.0874219 0)
(2.43008 0.0922431 0)
(2.43813 0.102512 0)
(2.44274 0.119714 0)
(2.45026 0.137194 0)
(2.45706 0.158988 0)
(2.46564 0.181122 0)
(2.47265 0.202575 0)
(2.48208 0.219361 0)
(2.49313 0.233347 0)
(2.50665 0.244138 0)
(2.51993 0.255565 0)
(2.52969 0.26963 0)
(2.5377 0.284792 0)
(2.54939 0.29823 0)
(2.5627 0.314634 0)
(2.56303 0.341212 0)
(2.57432 0.360185 0)
(2.58513 0.378745 0)
(2.58445 0.394669 0)
(2.59286 0.410138 0)
(2.59606 0.426288 0)
(2.59687 0.442101 0)
(2.60313 0.459328 0)
(2.60871 0.479937 0)
(2.61146 0.501971 0)
(2.62293 0.521113 0)
(2.63117 0.547306 0)
(2.63231 0.573082 0)
(2.64878 0.584913 0)
(2.66895 0.601881 0)
(2.68411 0.573992 0)
(2.70233 0.4322 0)
(2.67372 0.191749 0)
)
;
    }
    top
    {
        type            symmetryPlane;
    }
    bottom
    {
        type            symmetryPlane;
    }
    step
    {
        type            slip;
    }
    defaultFaces
    {
        type            empty;
    }
}


// ************************************************************************* //
