/*--------------------------------*- C++ -*----------------------------------*\
  =========                 |
  \\      /  F ield         | OpenFOAM: The Open Source CFD Toolbox
   \\    /   O peration     | Website:  https://openfoam.org
    \\  /    A nd           | Version:  6.0
     \\/     M anipulation  |
\*---------------------------------------------------------------------------*/
FoamFile
{
    version     2.0;
    format      ascii;
    class       vectorField;
    location    "constant/polyMesh";
    object      points;
}
// * * * * * * * * * * * * * * * * * * * * * * * * * * * * * * * * * * * * * //


2562
(
(0 0 -0.05)
(0.03 0 -0.05)
(0.06 0 -0.05)
(0.09 0 -0.05)
(0.12 0 -0.05)
(0.15 0 -0.05)
(0.18 0 -0.05)
(0.21 0 -0.05)
(0.24 0 -0.05)
(0.27 0 -0.05)
(0.3 0 -0.05)
(0.33 0 -0.05)
(0.36 0 -0.05)
(0.39 0 -0.05)
(0.42 0 -0.05)
(0.45 0 -0.05)
(0.48 0 -0.05)
(0.51 0 -0.05)
(0.54 0 -0.05)
(0.57 0 -0.05)
(0.6 0 -0.05)
(0 0.01 -0.05)
(0.03 0.01 -0.05)
(0.06 0.01 -0.05)
(0.09 0.01 -0.05)
(0.12 0.01 -0.05)
(0.15 0.01 -0.05)
(0.18 0.01 -0.05)
(0.21 0.01 -0.05)
(0.24 0.01 -0.05)
(0.27 0.01 -0.05)
(0.3 0.01 -0.05)
(0.33 0.01 -0.05)
(0.36 0.01 -0.05)
(0.39 0.01 -0.05)
(0.42 0.01 -0.05)
(0.45 0.01 -0.05)
(0.48 0.01 -0.05)
(0.51 0.01 -0.05)
(0.54 0.01 -0.05)
(0.57 0.01 -0.05)
(0.6 0.01 -0.05)
(0 0.02 -0.05)
(0.03 0.02 -0.05)
(0.06 0.02 -0.05)
(0.09 0.02 -0.05)
(0.12 0.02 -0.05)
(0.15 0.02 -0.05)
(0.18 0.02 -0.05)
(0.21 0.02 -0.05)
(0.24 0.02 -0.05)
(0.27 0.02 -0.05)
(0.3 0.02 -0.05)
(0.33 0.02 -0.05)
(0.36 0.02 -0.05)
(0.39 0.02 -0.05)
(0.42 0.02 -0.05)
(0.45 0.02 -0.05)
(0.48 0.02 -0.05)
(0.51 0.02 -0.05)
(0.54 0.02 -0.05)
(0.57 0.02 -0.05)
(0.6 0.02 -0.05)
(0 0.03 -0.05)
(0.03 0.03 -0.05)
(0.06 0.03 -0.05)
(0.09 0.03 -0.05)
(0.12 0.03 -0.05)
(0.15 0.03 -0.05)
(0.18 0.03 -0.05)
(0.21 0.03 -0.05)
(0.24 0.03 -0.05)
(0.27 0.03 -0.05)
(0.3 0.03 -0.05)
(0.33 0.03 -0.05)
(0.36 0.03 -0.05)
(0.39 0.03 -0.05)
(0.42 0.03 -0.05)
(0.45 0.03 -0.05)
(0.48 0.03 -0.05)
(0.51 0.03 -0.05)
(0.54 0.03 -0.05)
(0.57 0.03 -0.05)
(0.6 0.03 -0.05)
(0 0.04 -0.05)
(0.03 0.04 -0.05)
(0.06 0.04 -0.05)
(0.09 0.04 -0.05)
(0.12 0.04 -0.05)
(0.15 0.04 -0.05)
(0.18 0.04 -0.05)
(0.21 0.04 -0.05)
(0.24 0.04 -0.05)
(0.27 0.04 -0.05)
(0.3 0.04 -0.05)
(0.33 0.04 -0.05)
(0.36 0.04 -0.05)
(0.39 0.04 -0.05)
(0.42 0.04 -0.05)
(0.45 0.04 -0.05)
(0.48 0.04 -0.05)
(0.51 0.04 -0.05)
(0.54 0.04 -0.05)
(0.57 0.04 -0.05)
(0.6 0.04 -0.05)
(0 0.05 -0.05)
(0.03 0.05 -0.05)
(0.06 0.05 -0.05)
(0.09 0.05 -0.05)
(0.12 0.05 -0.05)
(0.15 0.05 -0.05)
(0.18 0.05 -0.05)
(0.21 0.05 -0.05)
(0.24 0.05 -0.05)
(0.27 0.05 -0.05)
(0.3 0.05 -0.05)
(0.33 0.05 -0.05)
(0.36 0.05 -0.05)
(0.39 0.05 -0.05)
(0.42 0.05 -0.05)
(0.45 0.05 -0.05)
(0.48 0.05 -0.05)
(0.51 0.05 -0.05)
(0.54 0.05 -0.05)
(0.57 0.05 -0.05)
(0.6 0.05 -0.05)
(0 0.06 -0.05)
(0.03 0.06 -0.05)
(0.06 0.06 -0.05)
(0.09 0.06 -0.05)
(0.12 0.06 -0.05)
(0.15 0.06 -0.05)
(0.18 0.06 -0.05)
(0.21 0.06 -0.05)
(0.24 0.06 -0.05)
(0.27 0.06 -0.05)
(0.3 0.06 -0.05)
(0.33 0.06 -0.05)
(0.36 0.06 -0.05)
(0.39 0.06 -0.05)
(0.42 0.06 -0.05)
(0.45 0.06 -0.05)
(0.48 0.06 -0.05)
(0.51 0.06 -0.05)
(0.54 0.06 -0.05)
(0.57 0.06 -0.05)
(0.6 0.06 -0.05)
(0 0.07 -0.05)
(0.03 0.07 -0.05)
(0.06 0.07 -0.05)
(0.09 0.07 -0.05)
(0.12 0.07 -0.05)
(0.15 0.07 -0.05)
(0.18 0.07 -0.05)
(0.21 0.07 -0.05)
(0.24 0.07 -0.05)
(0.27 0.07 -0.05)
(0.3 0.07 -0.05)
(0.33 0.07 -0.05)
(0.36 0.07 -0.05)
(0.39 0.07 -0.05)
(0.42 0.07 -0.05)
(0.45 0.07 -0.05)
(0.48 0.07 -0.05)
(0.51 0.07 -0.05)
(0.54 0.07 -0.05)
(0.57 0.07 -0.05)
(0.6 0.07 -0.05)
(0 0.08 -0.05)
(0.03 0.08 -0.05)
(0.06 0.08 -0.05)
(0.09 0.08 -0.05)
(0.12 0.08 -0.05)
(0.15 0.08 -0.05)
(0.18 0.08 -0.05)
(0.21 0.08 -0.05)
(0.24 0.08 -0.05)
(0.27 0.08 -0.05)
(0.3 0.08 -0.05)
(0.33 0.08 -0.05)
(0.36 0.08 -0.05)
(0.39 0.08 -0.05)
(0.42 0.08 -0.05)
(0.45 0.08 -0.05)
(0.48 0.08 -0.05)
(0.51 0.08 -0.05)
(0.54 0.08 -0.05)
(0.57 0.08 -0.05)
(0.6 0.08 -0.05)
(0 0.09 -0.05)
(0.03 0.09 -0.05)
(0.06 0.09 -0.05)
(0.09 0.09 -0.05)
(0.12 0.09 -0.05)
(0.15 0.09 -0.05)
(0.18 0.09 -0.05)
(0.21 0.09 -0.05)
(0.24 0.09 -0.05)
(0.27 0.09 -0.05)
(0.3 0.09 -0.05)
(0.33 0.09 -0.05)
(0.36 0.09 -0.05)
(0.39 0.09 -0.05)
(0.42 0.09 -0.05)
(0.45 0.09 -0.05)
(0.48 0.09 -0.05)
(0.51 0.09 -0.05)
(0.54 0.09 -0.05)
(0.57 0.09 -0.05)
(0.6 0.09 -0.05)
(0 0.1 -0.05)
(0.03 0.1 -0.05)
(0.06 0.1 -0.05)
(0.09 0.1 -0.05)
(0.12 0.1 -0.05)
(0.15 0.1 -0.05)
(0.18 0.1 -0.05)
(0.21 0.1 -0.05)
(0.24 0.1 -0.05)
(0.27 0.1 -0.05)
(0.3 0.1 -0.05)
(0.33 0.1 -0.05)
(0.36 0.1 -0.05)
(0.39 0.1 -0.05)
(0.42 0.1 -0.05)
(0.45 0.1 -0.05)
(0.48 0.1 -0.05)
(0.51 0.1 -0.05)
(0.54 0.1 -0.05)
(0.57 0.1 -0.05)
(0.6 0.1 -0.05)
(0 0.11 -0.05)
(0.03 0.11 -0.05)
(0.06 0.11 -0.05)
(0.09 0.11 -0.05)
(0.12 0.11 -0.05)
(0.15 0.11 -0.05)
(0.18 0.11 -0.05)
(0.21 0.11 -0.05)
(0.24 0.11 -0.05)
(0.27 0.11 -0.05)
(0.3 0.11 -0.05)
(0.33 0.11 -0.05)
(0.36 0.11 -0.05)
(0.39 0.11 -0.05)
(0.42 0.11 -0.05)
(0.45 0.11 -0.05)
(0.48 0.11 -0.05)
(0.51 0.11 -0.05)
(0.54 0.11 -0.05)
(0.57 0.11 -0.05)
(0.6 0.11 -0.05)
(0 0.12 -0.05)
(0.03 0.12 -0.05)
(0.06 0.12 -0.05)
(0.09 0.12 -0.05)
(0.12 0.12 -0.05)
(0.15 0.12 -0.05)
(0.18 0.12 -0.05)
(0.21 0.12 -0.05)
(0.24 0.12 -0.05)
(0.27 0.12 -0.05)
(0.3 0.12 -0.05)
(0.33 0.12 -0.05)
(0.36 0.12 -0.05)
(0.39 0.12 -0.05)
(0.42 0.12 -0.05)
(0.45 0.12 -0.05)
(0.48 0.12 -0.05)
(0.51 0.12 -0.05)
(0.54 0.12 -0.05)
(0.57 0.12 -0.05)
(0.6 0.12 -0.05)
(0 0.13 -0.05)
(0.03 0.13 -0.05)
(0.06 0.13 -0.05)
(0.09 0.13 -0.05)
(0.12 0.13 -0.05)
(0.15 0.13 -0.05)
(0.18 0.13 -0.05)
(0.21 0.13 -0.05)
(0.24 0.13 -0.05)
(0.27 0.13 -0.05)
(0.3 0.13 -0.05)
(0.33 0.13 -0.05)
(0.36 0.13 -0.05)
(0.39 0.13 -0.05)
(0.42 0.13 -0.05)
(0.45 0.13 -0.05)
(0.48 0.13 -0.05)
(0.51 0.13 -0.05)
(0.54 0.13 -0.05)
(0.57 0.13 -0.05)
(0.6 0.13 -0.05)
(0 0.14 -0.05)
(0.03 0.14 -0.05)
(0.06 0.14 -0.05)
(0.09 0.14 -0.05)
(0.12 0.14 -0.05)
(0.15 0.14 -0.05)
(0.18 0.14 -0.05)
(0.21 0.14 -0.05)
(0.24 0.14 -0.05)
(0.27 0.14 -0.05)
(0.3 0.14 -0.05)
(0.33 0.14 -0.05)
(0.36 0.14 -0.05)
(0.39 0.14 -0.05)
(0.42 0.14 -0.05)
(0.45 0.14 -0.05)
(0.48 0.14 -0.05)
(0.51 0.14 -0.05)
(0.54 0.14 -0.05)
(0.57 0.14 -0.05)
(0.6 0.14 -0.05)
(0 0.15 -0.05)
(0.03 0.15 -0.05)
(0.06 0.15 -0.05)
(0.09 0.15 -0.05)
(0.12 0.15 -0.05)
(0.15 0.15 -0.05)
(0.18 0.15 -0.05)
(0.21 0.15 -0.05)
(0.24 0.15 -0.05)
(0.27 0.15 -0.05)
(0.3 0.15 -0.05)
(0.33 0.15 -0.05)
(0.36 0.15 -0.05)
(0.39 0.15 -0.05)
(0.42 0.15 -0.05)
(0.45 0.15 -0.05)
(0.48 0.15 -0.05)
(0.51 0.15 -0.05)
(0.54 0.15 -0.05)
(0.57 0.15 -0.05)
(0.6 0.15 -0.05)
(0 0.16 -0.05)
(0.03 0.16 -0.05)
(0.06 0.16 -0.05)
(0.09 0.16 -0.05)
(0.12 0.16 -0.05)
(0.15 0.16 -0.05)
(0.18 0.16 -0.05)
(0.21 0.16 -0.05)
(0.24 0.16 -0.05)
(0.27 0.16 -0.05)
(0.3 0.16 -0.05)
(0.33 0.16 -0.05)
(0.36 0.16 -0.05)
(0.39 0.16 -0.05)
(0.42 0.16 -0.05)
(0.45 0.16 -0.05)
(0.48 0.16 -0.05)
(0.51 0.16 -0.05)
(0.54 0.16 -0.05)
(0.57 0.16 -0.05)
(0.6 0.16 -0.05)
(0 0.17 -0.05)
(0.03 0.17 -0.05)
(0.06 0.17 -0.05)
(0.09 0.17 -0.05)
(0.12 0.17 -0.05)
(0.15 0.17 -0.05)
(0.18 0.17 -0.05)
(0.21 0.17 -0.05)
(0.24 0.17 -0.05)
(0.27 0.17 -0.05)
(0.3 0.17 -0.05)
(0.33 0.17 -0.05)
(0.36 0.17 -0.05)
(0.39 0.17 -0.05)
(0.42 0.17 -0.05)
(0.45 0.17 -0.05)
(0.48 0.17 -0.05)
(0.51 0.17 -0.05)
(0.54 0.17 -0.05)
(0.57 0.17 -0.05)
(0.6 0.17 -0.05)
(0 0.18 -0.05)
(0.03 0.18 -0.05)
(0.06 0.18 -0.05)
(0.09 0.18 -0.05)
(0.12 0.18 -0.05)
(0.15 0.18 -0.05)
(0.18 0.18 -0.05)
(0.21 0.18 -0.05)
(0.24 0.18 -0.05)
(0.27 0.18 -0.05)
(0.3 0.18 -0.05)
(0.33 0.18 -0.05)
(0.36 0.18 -0.05)
(0.39 0.18 -0.05)
(0.42 0.18 -0.05)
(0.45 0.18 -0.05)
(0.48 0.18 -0.05)
(0.51 0.18 -0.05)
(0.54 0.18 -0.05)
(0.57 0.18 -0.05)
(0.6 0.18 -0.05)
(0 0.19 -0.05)
(0.03 0.19 -0.05)
(0.06 0.19 -0.05)
(0.09 0.19 -0.05)
(0.12 0.19 -0.05)
(0.15 0.19 -0.05)
(0.18 0.19 -0.05)
(0.21 0.19 -0.05)
(0.24 0.19 -0.05)
(0.27 0.19 -0.05)
(0.3 0.19 -0.05)
(0.33 0.19 -0.05)
(0.36 0.19 -0.05)
(0.39 0.19 -0.05)
(0.42 0.19 -0.05)
(0.45 0.19 -0.05)
(0.48 0.19 -0.05)
(0.51 0.19 -0.05)
(0.54 0.19 -0.05)
(0.57 0.19 -0.05)
(0.6 0.19 -0.05)
(0 0.2 -0.05)
(0.03 0.2 -0.05)
(0.06 0.2 -0.05)
(0.09 0.2 -0.05)
(0.12 0.2 -0.05)
(0.15 0.2 -0.05)
(0.18 0.2 -0.05)
(0.21 0.2 -0.05)
(0.24 0.2 -0.05)
(0.27 0.2 -0.05)
(0.3 0.2 -0.05)
(0.33 0.2 -0.05)
(0.36 0.2 -0.05)
(0.39 0.2 -0.05)
(0.42 0.2 -0.05)
(0.45 0.2 -0.05)
(0.48 0.2 -0.05)
(0.51 0.2 -0.05)
(0.54 0.2 -0.05)
(0.57 0.2 -0.05)
(0.6 0.2 -0.05)
(0 0 0.05)
(0.03 0 0.05)
(0.06 0 0.05)
(0.09 0 0.05)
(0.12 0 0.05)
(0.15 0 0.05)
(0.18 0 0.05)
(0.21 0 0.05)
(0.24 0 0.05)
(0.27 0 0.05)
(0.3 0 0.05)
(0.33 0 0.05)
(0.36 0 0.05)
(0.39 0 0.05)
(0.42 0 0.05)
(0.45 0 0.05)
(0.48 0 0.05)
(0.51 0 0.05)
(0.54 0 0.05)
(0.57 0 0.05)
(0.6 0 0.05)
(0 0.01 0.05)
(0.03 0.01 0.05)
(0.06 0.01 0.05)
(0.09 0.01 0.05)
(0.12 0.01 0.05)
(0.15 0.01 0.05)
(0.18 0.01 0.05)
(0.21 0.01 0.05)
(0.24 0.01 0.05)
(0.27 0.01 0.05)
(0.3 0.01 0.05)
(0.33 0.01 0.05)
(0.36 0.01 0.05)
(0.39 0.01 0.05)
(0.42 0.01 0.05)
(0.45 0.01 0.05)
(0.48 0.01 0.05)
(0.51 0.01 0.05)
(0.54 0.01 0.05)
(0.57 0.01 0.05)
(0.6 0.01 0.05)
(0 0.02 0.05)
(0.03 0.02 0.05)
(0.06 0.02 0.05)
(0.09 0.02 0.05)
(0.12 0.02 0.05)
(0.15 0.02 0.05)
(0.18 0.02 0.05)
(0.21 0.02 0.05)
(0.24 0.02 0.05)
(0.27 0.02 0.05)
(0.3 0.02 0.05)
(0.33 0.02 0.05)
(0.36 0.02 0.05)
(0.39 0.02 0.05)
(0.42 0.02 0.05)
(0.45 0.02 0.05)
(0.48 0.02 0.05)
(0.51 0.02 0.05)
(0.54 0.02 0.05)
(0.57 0.02 0.05)
(0.6 0.02 0.05)
(0 0.03 0.05)
(0.03 0.03 0.05)
(0.06 0.03 0.05)
(0.09 0.03 0.05)
(0.12 0.03 0.05)
(0.15 0.03 0.05)
(0.18 0.03 0.05)
(0.21 0.03 0.05)
(0.24 0.03 0.05)
(0.27 0.03 0.05)
(0.3 0.03 0.05)
(0.33 0.03 0.05)
(0.36 0.03 0.05)
(0.39 0.03 0.05)
(0.42 0.03 0.05)
(0.45 0.03 0.05)
(0.48 0.03 0.05)
(0.51 0.03 0.05)
(0.54 0.03 0.05)
(0.57 0.03 0.05)
(0.6 0.03 0.05)
(0 0.04 0.05)
(0.03 0.04 0.05)
(0.06 0.04 0.05)
(0.09 0.04 0.05)
(0.12 0.04 0.05)
(0.15 0.04 0.05)
(0.18 0.04 0.05)
(0.21 0.04 0.05)
(0.24 0.04 0.05)
(0.27 0.04 0.05)
(0.3 0.04 0.05)
(0.33 0.04 0.05)
(0.36 0.04 0.05)
(0.39 0.04 0.05)
(0.42 0.04 0.05)
(0.45 0.04 0.05)
(0.48 0.04 0.05)
(0.51 0.04 0.05)
(0.54 0.04 0.05)
(0.57 0.04 0.05)
(0.6 0.04 0.05)
(0 0.05 0.05)
(0.03 0.05 0.05)
(0.06 0.05 0.05)
(0.09 0.05 0.05)
(0.12 0.05 0.05)
(0.15 0.05 0.05)
(0.18 0.05 0.05)
(0.21 0.05 0.05)
(0.24 0.05 0.05)
(0.27 0.05 0.05)
(0.3 0.05 0.05)
(0.33 0.05 0.05)
(0.36 0.05 0.05)
(0.39 0.05 0.05)
(0.42 0.05 0.05)
(0.45 0.05 0.05)
(0.48 0.05 0.05)
(0.51 0.05 0.05)
(0.54 0.05 0.05)
(0.57 0.05 0.05)
(0.6 0.05 0.05)
(0 0.06 0.05)
(0.03 0.06 0.05)
(0.06 0.06 0.05)
(0.09 0.06 0.05)
(0.12 0.06 0.05)
(0.15 0.06 0.05)
(0.18 0.06 0.05)
(0.21 0.06 0.05)
(0.24 0.06 0.05)
(0.27 0.06 0.05)
(0.3 0.06 0.05)
(0.33 0.06 0.05)
(0.36 0.06 0.05)
(0.39 0.06 0.05)
(0.42 0.06 0.05)
(0.45 0.06 0.05)
(0.48 0.06 0.05)
(0.51 0.06 0.05)
(0.54 0.06 0.05)
(0.57 0.06 0.05)
(0.6 0.06 0.05)
(0 0.07 0.05)
(0.03 0.07 0.05)
(0.06 0.07 0.05)
(0.09 0.07 0.05)
(0.12 0.07 0.05)
(0.15 0.07 0.05)
(0.18 0.07 0.05)
(0.21 0.07 0.05)
(0.24 0.07 0.05)
(0.27 0.07 0.05)
(0.3 0.07 0.05)
(0.33 0.07 0.05)
(0.36 0.07 0.05)
(0.39 0.07 0.05)
(0.42 0.07 0.05)
(0.45 0.07 0.05)
(0.48 0.07 0.05)
(0.51 0.07 0.05)
(0.54 0.07 0.05)
(0.57 0.07 0.05)
(0.6 0.07 0.05)
(0 0.08 0.05)
(0.03 0.08 0.05)
(0.06 0.08 0.05)
(0.09 0.08 0.05)
(0.12 0.08 0.05)
(0.15 0.08 0.05)
(0.18 0.08 0.05)
(0.21 0.08 0.05)
(0.24 0.08 0.05)
(0.27 0.08 0.05)
(0.3 0.08 0.05)
(0.33 0.08 0.05)
(0.36 0.08 0.05)
(0.39 0.08 0.05)
(0.42 0.08 0.05)
(0.45 0.08 0.05)
(0.48 0.08 0.05)
(0.51 0.08 0.05)
(0.54 0.08 0.05)
(0.57 0.08 0.05)
(0.6 0.08 0.05)
(0 0.09 0.05)
(0.03 0.09 0.05)
(0.06 0.09 0.05)
(0.09 0.09 0.05)
(0.12 0.09 0.05)
(0.15 0.09 0.05)
(0.18 0.09 0.05)
(0.21 0.09 0.05)
(0.24 0.09 0.05)
(0.27 0.09 0.05)
(0.3 0.09 0.05)
(0.33 0.09 0.05)
(0.36 0.09 0.05)
(0.39 0.09 0.05)
(0.42 0.09 0.05)
(0.45 0.09 0.05)
(0.48 0.09 0.05)
(0.51 0.09 0.05)
(0.54 0.09 0.05)
(0.57 0.09 0.05)
(0.6 0.09 0.05)
(0 0.1 0.05)
(0.03 0.1 0.05)
(0.06 0.1 0.05)
(0.09 0.1 0.05)
(0.12 0.1 0.05)
(0.15 0.1 0.05)
(0.18 0.1 0.05)
(0.21 0.1 0.05)
(0.24 0.1 0.05)
(0.27 0.1 0.05)
(0.3 0.1 0.05)
(0.33 0.1 0.05)
(0.36 0.1 0.05)
(0.39 0.1 0.05)
(0.42 0.1 0.05)
(0.45 0.1 0.05)
(0.48 0.1 0.05)
(0.51 0.1 0.05)
(0.54 0.1 0.05)
(0.57 0.1 0.05)
(0.6 0.1 0.05)
(0 0.11 0.05)
(0.03 0.11 0.05)
(0.06 0.11 0.05)
(0.09 0.11 0.05)
(0.12 0.11 0.05)
(0.15 0.11 0.05)
(0.18 0.11 0.05)
(0.21 0.11 0.05)
(0.24 0.11 0.05)
(0.27 0.11 0.05)
(0.3 0.11 0.05)
(0.33 0.11 0.05)
(0.36 0.11 0.05)
(0.39 0.11 0.05)
(0.42 0.11 0.05)
(0.45 0.11 0.05)
(0.48 0.11 0.05)
(0.51 0.11 0.05)
(0.54 0.11 0.05)
(0.57 0.11 0.05)
(0.6 0.11 0.05)
(0 0.12 0.05)
(0.03 0.12 0.05)
(0.06 0.12 0.05)
(0.09 0.12 0.05)
(0.12 0.12 0.05)
(0.15 0.12 0.05)
(0.18 0.12 0.05)
(0.21 0.12 0.05)
(0.24 0.12 0.05)
(0.27 0.12 0.05)
(0.3 0.12 0.05)
(0.33 0.12 0.05)
(0.36 0.12 0.05)
(0.39 0.12 0.05)
(0.42 0.12 0.05)
(0.45 0.12 0.05)
(0.48 0.12 0.05)
(0.51 0.12 0.05)
(0.54 0.12 0.05)
(0.57 0.12 0.05)
(0.6 0.12 0.05)
(0 0.13 0.05)
(0.03 0.13 0.05)
(0.06 0.13 0.05)
(0.09 0.13 0.05)
(0.12 0.13 0.05)
(0.15 0.13 0.05)
(0.18 0.13 0.05)
(0.21 0.13 0.05)
(0.24 0.13 0.05)
(0.27 0.13 0.05)
(0.3 0.13 0.05)
(0.33 0.13 0.05)
(0.36 0.13 0.05)
(0.39 0.13 0.05)
(0.42 0.13 0.05)
(0.45 0.13 0.05)
(0.48 0.13 0.05)
(0.51 0.13 0.05)
(0.54 0.13 0.05)
(0.57 0.13 0.05)
(0.6 0.13 0.05)
(0 0.14 0.05)
(0.03 0.14 0.05)
(0.06 0.14 0.05)
(0.09 0.14 0.05)
(0.12 0.14 0.05)
(0.15 0.14 0.05)
(0.18 0.14 0.05)
(0.21 0.14 0.05)
(0.24 0.14 0.05)
(0.27 0.14 0.05)
(0.3 0.14 0.05)
(0.33 0.14 0.05)
(0.36 0.14 0.05)
(0.39 0.14 0.05)
(0.42 0.14 0.05)
(0.45 0.14 0.05)
(0.48 0.14 0.05)
(0.51 0.14 0.05)
(0.54 0.14 0.05)
(0.57 0.14 0.05)
(0.6 0.14 0.05)
(0 0.15 0.05)
(0.03 0.15 0.05)
(0.06 0.15 0.05)
(0.09 0.15 0.05)
(0.12 0.15 0.05)
(0.15 0.15 0.05)
(0.18 0.15 0.05)
(0.21 0.15 0.05)
(0.24 0.15 0.05)
(0.27 0.15 0.05)
(0.3 0.15 0.05)
(0.33 0.15 0.05)
(0.36 0.15 0.05)
(0.39 0.15 0.05)
(0.42 0.15 0.05)
(0.45 0.15 0.05)
(0.48 0.15 0.05)
(0.51 0.15 0.05)
(0.54 0.15 0.05)
(0.57 0.15 0.05)
(0.6 0.15 0.05)
(0 0.16 0.05)
(0.03 0.16 0.05)
(0.06 0.16 0.05)
(0.09 0.16 0.05)
(0.12 0.16 0.05)
(0.15 0.16 0.05)
(0.18 0.16 0.05)
(0.21 0.16 0.05)
(0.24 0.16 0.05)
(0.27 0.16 0.05)
(0.3 0.16 0.05)
(0.33 0.16 0.05)
(0.36 0.16 0.05)
(0.39 0.16 0.05)
(0.42 0.16 0.05)
(0.45 0.16 0.05)
(0.48 0.16 0.05)
(0.51 0.16 0.05)
(0.54 0.16 0.05)
(0.57 0.16 0.05)
(0.6 0.16 0.05)
(0 0.17 0.05)
(0.03 0.17 0.05)
(0.06 0.17 0.05)
(0.09 0.17 0.05)
(0.12 0.17 0.05)
(0.15 0.17 0.05)
(0.18 0.17 0.05)
(0.21 0.17 0.05)
(0.24 0.17 0.05)
(0.27 0.17 0.05)
(0.3 0.17 0.05)
(0.33 0.17 0.05)
(0.36 0.17 0.05)
(0.39 0.17 0.05)
(0.42 0.17 0.05)
(0.45 0.17 0.05)
(0.48 0.17 0.05)
(0.51 0.17 0.05)
(0.54 0.17 0.05)
(0.57 0.17 0.05)
(0.6 0.17 0.05)
(0 0.18 0.05)
(0.03 0.18 0.05)
(0.06 0.18 0.05)
(0.09 0.18 0.05)
(0.12 0.18 0.05)
(0.15 0.18 0.05)
(0.18 0.18 0.05)
(0.21 0.18 0.05)
(0.24 0.18 0.05)
(0.27 0.18 0.05)
(0.3 0.18 0.05)
(0.33 0.18 0.05)
(0.36 0.18 0.05)
(0.39 0.18 0.05)
(0.42 0.18 0.05)
(0.45 0.18 0.05)
(0.48 0.18 0.05)
(0.51 0.18 0.05)
(0.54 0.18 0.05)
(0.57 0.18 0.05)
(0.6 0.18 0.05)
(0 0.19 0.05)
(0.03 0.19 0.05)
(0.06 0.19 0.05)
(0.09 0.19 0.05)
(0.12 0.19 0.05)
(0.15 0.19 0.05)
(0.18 0.19 0.05)
(0.21 0.19 0.05)
(0.24 0.19 0.05)
(0.27 0.19 0.05)
(0.3 0.19 0.05)
(0.33 0.19 0.05)
(0.36 0.19 0.05)
(0.39 0.19 0.05)
(0.42 0.19 0.05)
(0.45 0.19 0.05)
(0.48 0.19 0.05)
(0.51 0.19 0.05)
(0.54 0.19 0.05)
(0.57 0.19 0.05)
(0.6 0.19 0.05)
(0 0.2 0.05)
(0.03 0.2 0.05)
(0.06 0.2 0.05)
(0.09 0.2 0.05)
(0.12 0.2 0.05)
(0.15 0.2 0.05)
(0.18 0.2 0.05)
(0.21 0.2 0.05)
(0.24 0.2 0.05)
(0.27 0.2 0.05)
(0.3 0.2 0.05)
(0.33 0.2 0.05)
(0.36 0.2 0.05)
(0.39 0.2 0.05)
(0.42 0.2 0.05)
(0.45 0.2 0.05)
(0.48 0.2 0.05)
(0.51 0.2 0.05)
(0.54 0.2 0.05)
(0.57 0.2 0.05)
(0.6 0.2 0.05)
(0 0.24 -0.05)
(0.03 0.24 -0.05)
(0.06 0.24 -0.05)
(0.09 0.24 -0.05)
(0.12 0.24 -0.05)
(0.15 0.24 -0.05)
(0.18 0.24 -0.05)
(0.21 0.24 -0.05)
(0.24 0.24 -0.05)
(0.27 0.24 -0.05)
(0.3 0.24 -0.05)
(0.33 0.24 -0.05)
(0.36 0.24 -0.05)
(0.39 0.24 -0.05)
(0.42 0.24 -0.05)
(0.45 0.24 -0.05)
(0.48 0.24 -0.05)
(0.51 0.24 -0.05)
(0.54 0.24 -0.05)
(0.57 0.24 -0.05)
(0.6 0.24 -0.05)
(0 0.28 -0.05)
(0.03 0.28 -0.05)
(0.06 0.28 -0.05)
(0.09 0.28 -0.05)
(0.12 0.28 -0.05)
(0.15 0.28 -0.05)
(0.18 0.28 -0.05)
(0.21 0.28 -0.05)
(0.24 0.28 -0.05)
(0.27 0.28 -0.05)
(0.3 0.28 -0.05)
(0.33 0.28 -0.05)
(0.36 0.28 -0.05)
(0.39 0.28 -0.05)
(0.42 0.28 -0.05)
(0.45 0.28 -0.05)
(0.48 0.28 -0.05)
(0.51 0.28 -0.05)
(0.54 0.28 -0.05)
(0.57 0.28 -0.05)
(0.6 0.28 -0.05)
(0 0.32 -0.05)
(0.03 0.32 -0.05)
(0.06 0.32 -0.05)
(0.09 0.32 -0.05)
(0.12 0.32 -0.05)
(0.15 0.32 -0.05)
(0.18 0.32 -0.05)
(0.21 0.32 -0.05)
(0.24 0.32 -0.05)
(0.27 0.32 -0.05)
(0.3 0.32 -0.05)
(0.33 0.32 -0.05)
(0.36 0.32 -0.05)
(0.39 0.32 -0.05)
(0.42 0.32 -0.05)
(0.45 0.32 -0.05)
(0.48 0.32 -0.05)
(0.51 0.32 -0.05)
(0.54 0.32 -0.05)
(0.57 0.32 -0.05)
(0.6 0.32 -0.05)
(0 0.36 -0.05)
(0.03 0.36 -0.05)
(0.06 0.36 -0.05)
(0.09 0.36 -0.05)
(0.12 0.36 -0.05)
(0.15 0.36 -0.05)
(0.18 0.36 -0.05)
(0.21 0.36 -0.05)
(0.24 0.36 -0.05)
(0.27 0.36 -0.05)
(0.3 0.36 -0.05)
(0.33 0.36 -0.05)
(0.36 0.36 -0.05)
(0.39 0.36 -0.05)
(0.42 0.36 -0.05)
(0.45 0.36 -0.05)
(0.48 0.36 -0.05)
(0.51 0.36 -0.05)
(0.54 0.36 -0.05)
(0.57 0.36 -0.05)
(0.6 0.36 -0.05)
(0 0.4 -0.05)
(0.03 0.4 -0.05)
(0.06 0.4 -0.05)
(0.09 0.4 -0.05)
(0.12 0.4 -0.05)
(0.15 0.4 -0.05)
(0.18 0.4 -0.05)
(0.21 0.4 -0.05)
(0.24 0.4 -0.05)
(0.27 0.4 -0.05)
(0.3 0.4 -0.05)
(0.33 0.4 -0.05)
(0.36 0.4 -0.05)
(0.39 0.4 -0.05)
(0.42 0.4 -0.05)
(0.45 0.4 -0.05)
(0.48 0.4 -0.05)
(0.51 0.4 -0.05)
(0.54 0.4 -0.05)
(0.57 0.4 -0.05)
(0.6 0.4 -0.05)
(0 0.44 -0.05)
(0.03 0.44 -0.05)
(0.06 0.44 -0.05)
(0.09 0.44 -0.05)
(0.12 0.44 -0.05)
(0.15 0.44 -0.05)
(0.18 0.44 -0.05)
(0.21 0.44 -0.05)
(0.24 0.44 -0.05)
(0.27 0.44 -0.05)
(0.3 0.44 -0.05)
(0.33 0.44 -0.05)
(0.36 0.44 -0.05)
(0.39 0.44 -0.05)
(0.42 0.44 -0.05)
(0.45 0.44 -0.05)
(0.48 0.44 -0.05)
(0.51 0.44 -0.05)
(0.54 0.44 -0.05)
(0.57 0.44 -0.05)
(0.6 0.44 -0.05)
(0 0.48 -0.05)
(0.03 0.48 -0.05)
(0.06 0.48 -0.05)
(0.09 0.48 -0.05)
(0.12 0.48 -0.05)
(0.15 0.48 -0.05)
(0.18 0.48 -0.05)
(0.21 0.48 -0.05)
(0.24 0.48 -0.05)
(0.27 0.48 -0.05)
(0.3 0.48 -0.05)
(0.33 0.48 -0.05)
(0.36 0.48 -0.05)
(0.39 0.48 -0.05)
(0.42 0.48 -0.05)
(0.45 0.48 -0.05)
(0.48 0.48 -0.05)
(0.51 0.48 -0.05)
(0.54 0.48 -0.05)
(0.57 0.48 -0.05)
(0.6 0.48 -0.05)
(0 0.52 -0.05)
(0.03 0.52 -0.05)
(0.06 0.52 -0.05)
(0.09 0.52 -0.05)
(0.12 0.52 -0.05)
(0.15 0.52 -0.05)
(0.18 0.52 -0.05)
(0.21 0.52 -0.05)
(0.24 0.52 -0.05)
(0.27 0.52 -0.05)
(0.3 0.52 -0.05)
(0.33 0.52 -0.05)
(0.36 0.52 -0.05)
(0.39 0.52 -0.05)
(0.42 0.52 -0.05)
(0.45 0.52 -0.05)
(0.48 0.52 -0.05)
(0.51 0.52 -0.05)
(0.54 0.52 -0.05)
(0.57 0.52 -0.05)
(0.6 0.52 -0.05)
(0 0.56 -0.05)
(0.03 0.56 -0.05)
(0.06 0.56 -0.05)
(0.09 0.56 -0.05)
(0.12 0.56 -0.05)
(0.15 0.56 -0.05)
(0.18 0.56 -0.05)
(0.21 0.56 -0.05)
(0.24 0.56 -0.05)
(0.27 0.56 -0.05)
(0.3 0.56 -0.05)
(0.33 0.56 -0.05)
(0.36 0.56 -0.05)
(0.39 0.56 -0.05)
(0.42 0.56 -0.05)
(0.45 0.56 -0.05)
(0.48 0.56 -0.05)
(0.51 0.56 -0.05)
(0.54 0.56 -0.05)
(0.57 0.56 -0.05)
(0.6 0.56 -0.05)
(0 0.6 -0.05)
(0.03 0.6 -0.05)
(0.06 0.6 -0.05)
(0.09 0.6 -0.05)
(0.12 0.6 -0.05)
(0.15 0.6 -0.05)
(0.18 0.6 -0.05)
(0.21 0.6 -0.05)
(0.24 0.6 -0.05)
(0.27 0.6 -0.05)
(0.3 0.6 -0.05)
(0.33 0.6 -0.05)
(0.36 0.6 -0.05)
(0.39 0.6 -0.05)
(0.42 0.6 -0.05)
(0.45 0.6 -0.05)
(0.48 0.6 -0.05)
(0.51 0.6 -0.05)
(0.54 0.6 -0.05)
(0.57 0.6 -0.05)
(0.6 0.6 -0.05)
(0 0.64 -0.05)
(0.03 0.64 -0.05)
(0.06 0.64 -0.05)
(0.09 0.64 -0.05)
(0.12 0.64 -0.05)
(0.15 0.64 -0.05)
(0.18 0.64 -0.05)
(0.21 0.64 -0.05)
(0.24 0.64 -0.05)
(0.27 0.64 -0.05)
(0.3 0.64 -0.05)
(0.33 0.64 -0.05)
(0.36 0.64 -0.05)
(0.39 0.64 -0.05)
(0.42 0.64 -0.05)
(0.45 0.64 -0.05)
(0.48 0.64 -0.05)
(0.51 0.64 -0.05)
(0.54 0.64 -0.05)
(0.57 0.64 -0.05)
(0.6 0.64 -0.05)
(0 0.68 -0.05)
(0.03 0.68 -0.05)
(0.06 0.68 -0.05)
(0.09 0.68 -0.05)
(0.12 0.68 -0.05)
(0.15 0.68 -0.05)
(0.18 0.68 -0.05)
(0.21 0.68 -0.05)
(0.24 0.68 -0.05)
(0.27 0.68 -0.05)
(0.3 0.68 -0.05)
(0.33 0.68 -0.05)
(0.36 0.68 -0.05)
(0.39 0.68 -0.05)
(0.42 0.68 -0.05)
(0.45 0.68 -0.05)
(0.48 0.68 -0.05)
(0.51 0.68 -0.05)
(0.54 0.68 -0.05)
(0.57 0.68 -0.05)
(0.6 0.68 -0.05)
(0 0.72 -0.05)
(0.03 0.72 -0.05)
(0.06 0.72 -0.05)
(0.09 0.72 -0.05)
(0.12 0.72 -0.05)
(0.15 0.72 -0.05)
(0.18 0.72 -0.05)
(0.21 0.72 -0.05)
(0.24 0.72 -0.05)
(0.27 0.72 -0.05)
(0.3 0.72 -0.05)
(0.33 0.72 -0.05)
(0.36 0.72 -0.05)
(0.39 0.72 -0.05)
(0.42 0.72 -0.05)
(0.45 0.72 -0.05)
(0.48 0.72 -0.05)
(0.51 0.72 -0.05)
(0.54 0.72 -0.05)
(0.57 0.72 -0.05)
(0.6 0.72 -0.05)
(0 0.76 -0.05)
(0.03 0.76 -0.05)
(0.06 0.76 -0.05)
(0.09 0.76 -0.05)
(0.12 0.76 -0.05)
(0.15 0.76 -0.05)
(0.18 0.76 -0.05)
(0.21 0.76 -0.05)
(0.24 0.76 -0.05)
(0.27 0.76 -0.05)
(0.3 0.76 -0.05)
(0.33 0.76 -0.05)
(0.36 0.76 -0.05)
(0.39 0.76 -0.05)
(0.42 0.76 -0.05)
(0.45 0.76 -0.05)
(0.48 0.76 -0.05)
(0.51 0.76 -0.05)
(0.54 0.76 -0.05)
(0.57 0.76 -0.05)
(0.6 0.76 -0.05)
(0 0.8 -0.05)
(0.03 0.8 -0.05)
(0.06 0.8 -0.05)
(0.09 0.8 -0.05)
(0.12 0.8 -0.05)
(0.15 0.8 -0.05)
(0.18 0.8 -0.05)
(0.21 0.8 -0.05)
(0.24 0.8 -0.05)
(0.27 0.8 -0.05)
(0.3 0.8 -0.05)
(0.33 0.8 -0.05)
(0.36 0.8 -0.05)
(0.39 0.8 -0.05)
(0.42 0.8 -0.05)
(0.45 0.8 -0.05)
(0.48 0.8 -0.05)
(0.51 0.8 -0.05)
(0.54 0.8 -0.05)
(0.57 0.8 -0.05)
(0.6 0.8 -0.05)
(0 0.84 -0.05)
(0.03 0.84 -0.05)
(0.06 0.84 -0.05)
(0.09 0.84 -0.05)
(0.12 0.84 -0.05)
(0.15 0.84 -0.05)
(0.18 0.84 -0.05)
(0.21 0.84 -0.05)
(0.24 0.84 -0.05)
(0.27 0.84 -0.05)
(0.3 0.84 -0.05)
(0.33 0.84 -0.05)
(0.36 0.84 -0.05)
(0.39 0.84 -0.05)
(0.42 0.84 -0.05)
(0.45 0.84 -0.05)
(0.48 0.84 -0.05)
(0.51 0.84 -0.05)
(0.54 0.84 -0.05)
(0.57 0.84 -0.05)
(0.6 0.84 -0.05)
(0 0.88 -0.05)
(0.03 0.88 -0.05)
(0.06 0.88 -0.05)
(0.09 0.88 -0.05)
(0.12 0.88 -0.05)
(0.15 0.88 -0.05)
(0.18 0.88 -0.05)
(0.21 0.88 -0.05)
(0.24 0.88 -0.05)
(0.27 0.88 -0.05)
(0.3 0.88 -0.05)
(0.33 0.88 -0.05)
(0.36 0.88 -0.05)
(0.39 0.88 -0.05)
(0.42 0.88 -0.05)
(0.45 0.88 -0.05)
(0.48 0.88 -0.05)
(0.51 0.88 -0.05)
(0.54 0.88 -0.05)
(0.57 0.88 -0.05)
(0.6 0.88 -0.05)
(0 0.92 -0.05)
(0.03 0.92 -0.05)
(0.06 0.92 -0.05)
(0.09 0.92 -0.05)
(0.12 0.92 -0.05)
(0.15 0.92 -0.05)
(0.18 0.92 -0.05)
(0.21 0.92 -0.05)
(0.24 0.92 -0.05)
(0.27 0.92 -0.05)
(0.3 0.92 -0.05)
(0.33 0.92 -0.05)
(0.36 0.92 -0.05)
(0.39 0.92 -0.05)
(0.42 0.92 -0.05)
(0.45 0.92 -0.05)
(0.48 0.92 -0.05)
(0.51 0.92 -0.05)
(0.54 0.92 -0.05)
(0.57 0.92 -0.05)
(0.6 0.92 -0.05)
(0 0.96 -0.05)
(0.03 0.96 -0.05)
(0.06 0.96 -0.05)
(0.09 0.96 -0.05)
(0.12 0.96 -0.05)
(0.15 0.96 -0.05)
(0.18 0.96 -0.05)
(0.21 0.96 -0.05)
(0.24 0.96 -0.05)
(0.27 0.96 -0.05)
(0.3 0.96 -0.05)
(0.33 0.96 -0.05)
(0.36 0.96 -0.05)
(0.39 0.96 -0.05)
(0.42 0.96 -0.05)
(0.45 0.96 -0.05)
(0.48 0.96 -0.05)
(0.51 0.96 -0.05)
(0.54 0.96 -0.05)
(0.57 0.96 -0.05)
(0.6 0.96 -0.05)
(0 1 -0.05)
(0.03 1 -0.05)
(0.06 1 -0.05)
(0.09 1 -0.05)
(0.12 1 -0.05)
(0.15 1 -0.05)
(0.18 1 -0.05)
(0.21 1 -0.05)
(0.24 1 -0.05)
(0.27 1 -0.05)
(0.3 1 -0.05)
(0.33 1 -0.05)
(0.36 1 -0.05)
(0.39 1 -0.05)
(0.42 1 -0.05)
(0.45 1 -0.05)
(0.48 1 -0.05)
(0.51 1 -0.05)
(0.54 1 -0.05)
(0.57 1 -0.05)
(0.6 1 -0.05)
(0 0.24 0.05)
(0.03 0.24 0.05)
(0.06 0.24 0.05)
(0.09 0.24 0.05)
(0.12 0.24 0.05)
(0.15 0.24 0.05)
(0.18 0.24 0.05)
(0.21 0.24 0.05)
(0.24 0.24 0.05)
(0.27 0.24 0.05)
(0.3 0.24 0.05)
(0.33 0.24 0.05)
(0.36 0.24 0.05)
(0.39 0.24 0.05)
(0.42 0.24 0.05)
(0.45 0.24 0.05)
(0.48 0.24 0.05)
(0.51 0.24 0.05)
(0.54 0.24 0.05)
(0.57 0.24 0.05)
(0.6 0.24 0.05)
(0 0.28 0.05)
(0.03 0.28 0.05)
(0.06 0.28 0.05)
(0.09 0.28 0.05)
(0.12 0.28 0.05)
(0.15 0.28 0.05)
(0.18 0.28 0.05)
(0.21 0.28 0.05)
(0.24 0.28 0.05)
(0.27 0.28 0.05)
(0.3 0.28 0.05)
(0.33 0.28 0.05)
(0.36 0.28 0.05)
(0.39 0.28 0.05)
(0.42 0.28 0.05)
(0.45 0.28 0.05)
(0.48 0.28 0.05)
(0.51 0.28 0.05)
(0.54 0.28 0.05)
(0.57 0.28 0.05)
(0.6 0.28 0.05)
(0 0.32 0.05)
(0.03 0.32 0.05)
(0.06 0.32 0.05)
(0.09 0.32 0.05)
(0.12 0.32 0.05)
(0.15 0.32 0.05)
(0.18 0.32 0.05)
(0.21 0.32 0.05)
(0.24 0.32 0.05)
(0.27 0.32 0.05)
(0.3 0.32 0.05)
(0.33 0.32 0.05)
(0.36 0.32 0.05)
(0.39 0.32 0.05)
(0.42 0.32 0.05)
(0.45 0.32 0.05)
(0.48 0.32 0.05)
(0.51 0.32 0.05)
(0.54 0.32 0.05)
(0.57 0.32 0.05)
(0.6 0.32 0.05)
(0 0.36 0.05)
(0.03 0.36 0.05)
(0.06 0.36 0.05)
(0.09 0.36 0.05)
(0.12 0.36 0.05)
(0.15 0.36 0.05)
(0.18 0.36 0.05)
(0.21 0.36 0.05)
(0.24 0.36 0.05)
(0.27 0.36 0.05)
(0.3 0.36 0.05)
(0.33 0.36 0.05)
(0.36 0.36 0.05)
(0.39 0.36 0.05)
(0.42 0.36 0.05)
(0.45 0.36 0.05)
(0.48 0.36 0.05)
(0.51 0.36 0.05)
(0.54 0.36 0.05)
(0.57 0.36 0.05)
(0.6 0.36 0.05)
(0 0.4 0.05)
(0.03 0.4 0.05)
(0.06 0.4 0.05)
(0.09 0.4 0.05)
(0.12 0.4 0.05)
(0.15 0.4 0.05)
(0.18 0.4 0.05)
(0.21 0.4 0.05)
(0.24 0.4 0.05)
(0.27 0.4 0.05)
(0.3 0.4 0.05)
(0.33 0.4 0.05)
(0.36 0.4 0.05)
(0.39 0.4 0.05)
(0.42 0.4 0.05)
(0.45 0.4 0.05)
(0.48 0.4 0.05)
(0.51 0.4 0.05)
(0.54 0.4 0.05)
(0.57 0.4 0.05)
(0.6 0.4 0.05)
(0 0.44 0.05)
(0.03 0.44 0.05)
(0.06 0.44 0.05)
(0.09 0.44 0.05)
(0.12 0.44 0.05)
(0.15 0.44 0.05)
(0.18 0.44 0.05)
(0.21 0.44 0.05)
(0.24 0.44 0.05)
(0.27 0.44 0.05)
(0.3 0.44 0.05)
(0.33 0.44 0.05)
(0.36 0.44 0.05)
(0.39 0.44 0.05)
(0.42 0.44 0.05)
(0.45 0.44 0.05)
(0.48 0.44 0.05)
(0.51 0.44 0.05)
(0.54 0.44 0.05)
(0.57 0.44 0.05)
(0.6 0.44 0.05)
(0 0.48 0.05)
(0.03 0.48 0.05)
(0.06 0.48 0.05)
(0.09 0.48 0.05)
(0.12 0.48 0.05)
(0.15 0.48 0.05)
(0.18 0.48 0.05)
(0.21 0.48 0.05)
(0.24 0.48 0.05)
(0.27 0.48 0.05)
(0.3 0.48 0.05)
(0.33 0.48 0.05)
(0.36 0.48 0.05)
(0.39 0.48 0.05)
(0.42 0.48 0.05)
(0.45 0.48 0.05)
(0.48 0.48 0.05)
(0.51 0.48 0.05)
(0.54 0.48 0.05)
(0.57 0.48 0.05)
(0.6 0.48 0.05)
(0 0.52 0.05)
(0.03 0.52 0.05)
(0.06 0.52 0.05)
(0.09 0.52 0.05)
(0.12 0.52 0.05)
(0.15 0.52 0.05)
(0.18 0.52 0.05)
(0.21 0.52 0.05)
(0.24 0.52 0.05)
(0.27 0.52 0.05)
(0.3 0.52 0.05)
(0.33 0.52 0.05)
(0.36 0.52 0.05)
(0.39 0.52 0.05)
(0.42 0.52 0.05)
(0.45 0.52 0.05)
(0.48 0.52 0.05)
(0.51 0.52 0.05)
(0.54 0.52 0.05)
(0.57 0.52 0.05)
(0.6 0.52 0.05)
(0 0.56 0.05)
(0.03 0.56 0.05)
(0.06 0.56 0.05)
(0.09 0.56 0.05)
(0.12 0.56 0.05)
(0.15 0.56 0.05)
(0.18 0.56 0.05)
(0.21 0.56 0.05)
(0.24 0.56 0.05)
(0.27 0.56 0.05)
(0.3 0.56 0.05)
(0.33 0.56 0.05)
(0.36 0.56 0.05)
(0.39 0.56 0.05)
(0.42 0.56 0.05)
(0.45 0.56 0.05)
(0.48 0.56 0.05)
(0.51 0.56 0.05)
(0.54 0.56 0.05)
(0.57 0.56 0.05)
(0.6 0.56 0.05)
(0 0.6 0.05)
(0.03 0.6 0.05)
(0.06 0.6 0.05)
(0.09 0.6 0.05)
(0.12 0.6 0.05)
(0.15 0.6 0.05)
(0.18 0.6 0.05)
(0.21 0.6 0.05)
(0.24 0.6 0.05)
(0.27 0.6 0.05)
(0.3 0.6 0.05)
(0.33 0.6 0.05)
(0.36 0.6 0.05)
(0.39 0.6 0.05)
(0.42 0.6 0.05)
(0.45 0.6 0.05)
(0.48 0.6 0.05)
(0.51 0.6 0.05)
(0.54 0.6 0.05)
(0.57 0.6 0.05)
(0.6 0.6 0.05)
(0 0.64 0.05)
(0.03 0.64 0.05)
(0.06 0.64 0.05)
(0.09 0.64 0.05)
(0.12 0.64 0.05)
(0.15 0.64 0.05)
(0.18 0.64 0.05)
(0.21 0.64 0.05)
(0.24 0.64 0.05)
(0.27 0.64 0.05)
(0.3 0.64 0.05)
(0.33 0.64 0.05)
(0.36 0.64 0.05)
(0.39 0.64 0.05)
(0.42 0.64 0.05)
(0.45 0.64 0.05)
(0.48 0.64 0.05)
(0.51 0.64 0.05)
(0.54 0.64 0.05)
(0.57 0.64 0.05)
(0.6 0.64 0.05)
(0 0.68 0.05)
(0.03 0.68 0.05)
(0.06 0.68 0.05)
(0.09 0.68 0.05)
(0.12 0.68 0.05)
(0.15 0.68 0.05)
(0.18 0.68 0.05)
(0.21 0.68 0.05)
(0.24 0.68 0.05)
(0.27 0.68 0.05)
(0.3 0.68 0.05)
(0.33 0.68 0.05)
(0.36 0.68 0.05)
(0.39 0.68 0.05)
(0.42 0.68 0.05)
(0.45 0.68 0.05)
(0.48 0.68 0.05)
(0.51 0.68 0.05)
(0.54 0.68 0.05)
(0.57 0.68 0.05)
(0.6 0.68 0.05)
(0 0.72 0.05)
(0.03 0.72 0.05)
(0.06 0.72 0.05)
(0.09 0.72 0.05)
(0.12 0.72 0.05)
(0.15 0.72 0.05)
(0.18 0.72 0.05)
(0.21 0.72 0.05)
(0.24 0.72 0.05)
(0.27 0.72 0.05)
(0.3 0.72 0.05)
(0.33 0.72 0.05)
(0.36 0.72 0.05)
(0.39 0.72 0.05)
(0.42 0.72 0.05)
(0.45 0.72 0.05)
(0.48 0.72 0.05)
(0.51 0.72 0.05)
(0.54 0.72 0.05)
(0.57 0.72 0.05)
(0.6 0.72 0.05)
(0 0.76 0.05)
(0.03 0.76 0.05)
(0.06 0.76 0.05)
(0.09 0.76 0.05)
(0.12 0.76 0.05)
(0.15 0.76 0.05)
(0.18 0.76 0.05)
(0.21 0.76 0.05)
(0.24 0.76 0.05)
(0.27 0.76 0.05)
(0.3 0.76 0.05)
(0.33 0.76 0.05)
(0.36 0.76 0.05)
(0.39 0.76 0.05)
(0.42 0.76 0.05)
(0.45 0.76 0.05)
(0.48 0.76 0.05)
(0.51 0.76 0.05)
(0.54 0.76 0.05)
(0.57 0.76 0.05)
(0.6 0.76 0.05)
(0 0.8 0.05)
(0.03 0.8 0.05)
(0.06 0.8 0.05)
(0.09 0.8 0.05)
(0.12 0.8 0.05)
(0.15 0.8 0.05)
(0.18 0.8 0.05)
(0.21 0.8 0.05)
(0.24 0.8 0.05)
(0.27 0.8 0.05)
(0.3 0.8 0.05)
(0.33 0.8 0.05)
(0.36 0.8 0.05)
(0.39 0.8 0.05)
(0.42 0.8 0.05)
(0.45 0.8 0.05)
(0.48 0.8 0.05)
(0.51 0.8 0.05)
(0.54 0.8 0.05)
(0.57 0.8 0.05)
(0.6 0.8 0.05)
(0 0.84 0.05)
(0.03 0.84 0.05)
(0.06 0.84 0.05)
(0.09 0.84 0.05)
(0.12 0.84 0.05)
(0.15 0.84 0.05)
(0.18 0.84 0.05)
(0.21 0.84 0.05)
(0.24 0.84 0.05)
(0.27 0.84 0.05)
(0.3 0.84 0.05)
(0.33 0.84 0.05)
(0.36 0.84 0.05)
(0.39 0.84 0.05)
(0.42 0.84 0.05)
(0.45 0.84 0.05)
(0.48 0.84 0.05)
(0.51 0.84 0.05)
(0.54 0.84 0.05)
(0.57 0.84 0.05)
(0.6 0.84 0.05)
(0 0.88 0.05)
(0.03 0.88 0.05)
(0.06 0.88 0.05)
(0.09 0.88 0.05)
(0.12 0.88 0.05)
(0.15 0.88 0.05)
(0.18 0.88 0.05)
(0.21 0.88 0.05)
(0.24 0.88 0.05)
(0.27 0.88 0.05)
(0.3 0.88 0.05)
(0.33 0.88 0.05)
(0.36 0.88 0.05)
(0.39 0.88 0.05)
(0.42 0.88 0.05)
(0.45 0.88 0.05)
(0.48 0.88 0.05)
(0.51 0.88 0.05)
(0.54 0.88 0.05)
(0.57 0.88 0.05)
(0.6 0.88 0.05)
(0 0.92 0.05)
(0.03 0.92 0.05)
(0.06 0.92 0.05)
(0.09 0.92 0.05)
(0.12 0.92 0.05)
(0.15 0.92 0.05)
(0.18 0.92 0.05)
(0.21 0.92 0.05)
(0.24 0.92 0.05)
(0.27 0.92 0.05)
(0.3 0.92 0.05)
(0.33 0.92 0.05)
(0.36 0.92 0.05)
(0.39 0.92 0.05)
(0.42 0.92 0.05)
(0.45 0.92 0.05)
(0.48 0.92 0.05)
(0.51 0.92 0.05)
(0.54 0.92 0.05)
(0.57 0.92 0.05)
(0.6 0.92 0.05)
(0 0.96 0.05)
(0.03 0.96 0.05)
(0.06 0.96 0.05)
(0.09 0.96 0.05)
(0.12 0.96 0.05)
(0.15 0.96 0.05)
(0.18 0.96 0.05)
(0.21 0.96 0.05)
(0.24 0.96 0.05)
(0.27 0.96 0.05)
(0.3 0.96 0.05)
(0.33 0.96 0.05)
(0.36 0.96 0.05)
(0.39 0.96 0.05)
(0.42 0.96 0.05)
(0.45 0.96 0.05)
(0.48 0.96 0.05)
(0.51 0.96 0.05)
(0.54 0.96 0.05)
(0.57 0.96 0.05)
(0.6 0.96 0.05)
(0 1 0.05)
(0.03 1 0.05)
(0.06 1 0.05)
(0.09 1 0.05)
(0.12 1 0.05)
(0.15 1 0.05)
(0.18 1 0.05)
(0.21 1 0.05)
(0.24 1 0.05)
(0.27 1 0.05)
(0.3 1 0.05)
(0.33 1 0.05)
(0.36 1 0.05)
(0.39 1 0.05)
(0.42 1 0.05)
(0.45 1 0.05)
(0.48 1 0.05)
(0.51 1 0.05)
(0.54 1 0.05)
(0.57 1 0.05)
(0.6 1 0.05)
(0.72 0.2 -0.05)
(0.84 0.2 -0.05)
(0.96 0.2 -0.05)
(1.08 0.2 -0.05)
(1.2 0.2 -0.05)
(1.32 0.2 -0.05)
(1.44 0.2 -0.05)
(1.56 0.2 -0.05)
(1.68 0.2 -0.05)
(1.8 0.2 -0.05)
(1.92 0.2 -0.05)
(2.04 0.2 -0.05)
(2.16 0.2 -0.05)
(2.28 0.2 -0.05)
(2.4 0.2 -0.05)
(2.52 0.2 -0.05)
(2.64 0.2 -0.05)
(2.76 0.2 -0.05)
(2.88 0.2 -0.05)
(3 0.2 -0.05)
(0.72 0.24 -0.05)
(0.84 0.24 -0.05)
(0.96 0.24 -0.05)
(1.08 0.24 -0.05)
(1.2 0.24 -0.05)
(1.32 0.24 -0.05)
(1.44 0.24 -0.05)
(1.56 0.24 -0.05)
(1.68 0.24 -0.05)
(1.8 0.24 -0.05)
(1.92 0.24 -0.05)
(2.04 0.24 -0.05)
(2.16 0.24 -0.05)
(2.28 0.24 -0.05)
(2.4 0.24 -0.05)
(2.52 0.24 -0.05)
(2.64 0.24 -0.05)
(2.76 0.24 -0.05)
(2.88 0.24 -0.05)
(3 0.24 -0.05)
(0.72 0.28 -0.05)
(0.84 0.28 -0.05)
(0.96 0.28 -0.05)
(1.08 0.28 -0.05)
(1.2 0.28 -0.05)
(1.32 0.28 -0.05)
(1.44 0.28 -0.05)
(1.56 0.28 -0.05)
(1.68 0.28 -0.05)
(1.8 0.28 -0.05)
(1.92 0.28 -0.05)
(2.04 0.28 -0.05)
(2.16 0.28 -0.05)
(2.28 0.28 -0.05)
(2.4 0.28 -0.05)
(2.52 0.28 -0.05)
(2.64 0.28 -0.05)
(2.76 0.28 -0.05)
(2.88 0.28 -0.05)
(3 0.28 -0.05)
(0.72 0.32 -0.05)
(0.84 0.32 -0.05)
(0.96 0.32 -0.05)
(1.08 0.32 -0.05)
(1.2 0.32 -0.05)
(1.32 0.32 -0.05)
(1.44 0.32 -0.05)
(1.56 0.32 -0.05)
(1.68 0.32 -0.05)
(1.8 0.32 -0.05)
(1.92 0.32 -0.05)
(2.04 0.32 -0.05)
(2.16 0.32 -0.05)
(2.28 0.32 -0.05)
(2.4 0.32 -0.05)
(2.52 0.32 -0.05)
(2.64 0.32 -0.05)
(2.76 0.32 -0.05)
(2.88 0.32 -0.05)
(3 0.32 -0.05)
(0.72 0.36 -0.05)
(0.84 0.36 -0.05)
(0.96 0.36 -0.05)
(1.08 0.36 -0.05)
(1.2 0.36 -0.05)
(1.32 0.36 -0.05)
(1.44 0.36 -0.05)
(1.56 0.36 -0.05)
(1.68 0.36 -0.05)
(1.8 0.36 -0.05)
(1.92 0.36 -0.05)
(2.04 0.36 -0.05)
(2.16 0.36 -0.05)
(2.28 0.36 -0.05)
(2.4 0.36 -0.05)
(2.52 0.36 -0.05)
(2.64 0.36 -0.05)
(2.76 0.36 -0.05)
(2.88 0.36 -0.05)
(3 0.36 -0.05)
(0.72 0.4 -0.05)
(0.84 0.4 -0.05)
(0.96 0.4 -0.05)
(1.08 0.4 -0.05)
(1.2 0.4 -0.05)
(1.32 0.4 -0.05)
(1.44 0.4 -0.05)
(1.56 0.4 -0.05)
(1.68 0.4 -0.05)
(1.8 0.4 -0.05)
(1.92 0.4 -0.05)
(2.04 0.4 -0.05)
(2.16 0.4 -0.05)
(2.28 0.4 -0.05)
(2.4 0.4 -0.05)
(2.52 0.4 -0.05)
(2.64 0.4 -0.05)
(2.76 0.4 -0.05)
(2.88 0.4 -0.05)
(3 0.4 -0.05)
(0.72 0.44 -0.05)
(0.84 0.44 -0.05)
(0.96 0.44 -0.05)
(1.08 0.44 -0.05)
(1.2 0.44 -0.05)
(1.32 0.44 -0.05)
(1.44 0.44 -0.05)
(1.56 0.44 -0.05)
(1.68 0.44 -0.05)
(1.8 0.44 -0.05)
(1.92 0.44 -0.05)
(2.04 0.44 -0.05)
(2.16 0.44 -0.05)
(2.28 0.44 -0.05)
(2.4 0.44 -0.05)
(2.52 0.44 -0.05)
(2.64 0.44 -0.05)
(2.76 0.44 -0.05)
(2.88 0.44 -0.05)
(3 0.44 -0.05)
(0.72 0.48 -0.05)
(0.84 0.48 -0.05)
(0.96 0.48 -0.05)
(1.08 0.48 -0.05)
(1.2 0.48 -0.05)
(1.32 0.48 -0.05)
(1.44 0.48 -0.05)
(1.56 0.48 -0.05)
(1.68 0.48 -0.05)
(1.8 0.48 -0.05)
(1.92 0.48 -0.05)
(2.04 0.48 -0.05)
(2.16 0.48 -0.05)
(2.28 0.48 -0.05)
(2.4 0.48 -0.05)
(2.52 0.48 -0.05)
(2.64 0.48 -0.05)
(2.76 0.48 -0.05)
(2.88 0.48 -0.05)
(3 0.48 -0.05)
(0.72 0.52 -0.05)
(0.84 0.52 -0.05)
(0.96 0.52 -0.05)
(1.08 0.52 -0.05)
(1.2 0.52 -0.05)
(1.32 0.52 -0.05)
(1.44 0.52 -0.05)
(1.56 0.52 -0.05)
(1.68 0.52 -0.05)
(1.8 0.52 -0.05)
(1.92 0.52 -0.05)
(2.04 0.52 -0.05)
(2.16 0.52 -0.05)
(2.28 0.52 -0.05)
(2.4 0.52 -0.05)
(2.52 0.52 -0.05)
(2.64 0.52 -0.05)
(2.76 0.52 -0.05)
(2.88 0.52 -0.05)
(3 0.52 -0.05)
(0.72 0.56 -0.05)
(0.84 0.56 -0.05)
(0.96 0.56 -0.05)
(1.08 0.56 -0.05)
(1.2 0.56 -0.05)
(1.32 0.56 -0.05)
(1.44 0.56 -0.05)
(1.56 0.56 -0.05)
(1.68 0.56 -0.05)
(1.8 0.56 -0.05)
(1.92 0.56 -0.05)
(2.04 0.56 -0.05)
(2.16 0.56 -0.05)
(2.28 0.56 -0.05)
(2.4 0.56 -0.05)
(2.52 0.56 -0.05)
(2.64 0.56 -0.05)
(2.76 0.56 -0.05)
(2.88 0.56 -0.05)
(3 0.56 -0.05)
(0.72 0.6 -0.05)
(0.84 0.6 -0.05)
(0.96 0.6 -0.05)
(1.08 0.6 -0.05)
(1.2 0.6 -0.05)
(1.32 0.6 -0.05)
(1.44 0.6 -0.05)
(1.56 0.6 -0.05)
(1.68 0.6 -0.05)
(1.8 0.6 -0.05)
(1.92 0.6 -0.05)
(2.04 0.6 -0.05)
(2.16 0.6 -0.05)
(2.28 0.6 -0.05)
(2.4 0.6 -0.05)
(2.52 0.6 -0.05)
(2.64 0.6 -0.05)
(2.76 0.6 -0.05)
(2.88 0.6 -0.05)
(3 0.6 -0.05)
(0.72 0.64 -0.05)
(0.84 0.64 -0.05)
(0.96 0.64 -0.05)
(1.08 0.64 -0.05)
(1.2 0.64 -0.05)
(1.32 0.64 -0.05)
(1.44 0.64 -0.05)
(1.56 0.64 -0.05)
(1.68 0.64 -0.05)
(1.8 0.64 -0.05)
(1.92 0.64 -0.05)
(2.04 0.64 -0.05)
(2.16 0.64 -0.05)
(2.28 0.64 -0.05)
(2.4 0.64 -0.05)
(2.52 0.64 -0.05)
(2.64 0.64 -0.05)
(2.76 0.64 -0.05)
(2.88 0.64 -0.05)
(3 0.64 -0.05)
(0.72 0.68 -0.05)
(0.84 0.68 -0.05)
(0.96 0.68 -0.05)
(1.08 0.68 -0.05)
(1.2 0.68 -0.05)
(1.32 0.68 -0.05)
(1.44 0.68 -0.05)
(1.56 0.68 -0.05)
(1.68 0.68 -0.05)
(1.8 0.68 -0.05)
(1.92 0.68 -0.05)
(2.04 0.68 -0.05)
(2.16 0.68 -0.05)
(2.28 0.68 -0.05)
(2.4 0.68 -0.05)
(2.52 0.68 -0.05)
(2.64 0.68 -0.05)
(2.76 0.68 -0.05)
(2.88 0.68 -0.05)
(3 0.68 -0.05)
(0.72 0.72 -0.05)
(0.84 0.72 -0.05)
(0.96 0.72 -0.05)
(1.08 0.72 -0.05)
(1.2 0.72 -0.05)
(1.32 0.72 -0.05)
(1.44 0.72 -0.05)
(1.56 0.72 -0.05)
(1.68 0.72 -0.05)
(1.8 0.72 -0.05)
(1.92 0.72 -0.05)
(2.04 0.72 -0.05)
(2.16 0.72 -0.05)
(2.28 0.72 -0.05)
(2.4 0.72 -0.05)
(2.52 0.72 -0.05)
(2.64 0.72 -0.05)
(2.76 0.72 -0.05)
(2.88 0.72 -0.05)
(3 0.72 -0.05)
(0.72 0.76 -0.05)
(0.84 0.76 -0.05)
(0.96 0.76 -0.05)
(1.08 0.76 -0.05)
(1.2 0.76 -0.05)
(1.32 0.76 -0.05)
(1.44 0.76 -0.05)
(1.56 0.76 -0.05)
(1.68 0.76 -0.05)
(1.8 0.76 -0.05)
(1.92 0.76 -0.05)
(2.04 0.76 -0.05)
(2.16 0.76 -0.05)
(2.28 0.76 -0.05)
(2.4 0.76 -0.05)
(2.52 0.76 -0.05)
(2.64 0.76 -0.05)
(2.76 0.76 -0.05)
(2.88 0.76 -0.05)
(3 0.76 -0.05)
(0.72 0.8 -0.05)
(0.84 0.8 -0.05)
(0.96 0.8 -0.05)
(1.08 0.8 -0.05)
(1.2 0.8 -0.05)
(1.32 0.8 -0.05)
(1.44 0.8 -0.05)
(1.56 0.8 -0.05)
(1.68 0.8 -0.05)
(1.8 0.8 -0.05)
(1.92 0.8 -0.05)
(2.04 0.8 -0.05)
(2.16 0.8 -0.05)
(2.28 0.8 -0.05)
(2.4 0.8 -0.05)
(2.52 0.8 -0.05)
(2.64 0.8 -0.05)
(2.76 0.8 -0.05)
(2.88 0.8 -0.05)
(3 0.8 -0.05)
(0.72 0.84 -0.05)
(0.84 0.84 -0.05)
(0.96 0.84 -0.05)
(1.08 0.84 -0.05)
(1.2 0.84 -0.05)
(1.32 0.84 -0.05)
(1.44 0.84 -0.05)
(1.56 0.84 -0.05)
(1.68 0.84 -0.05)
(1.8 0.84 -0.05)
(1.92 0.84 -0.05)
(2.04 0.84 -0.05)
(2.16 0.84 -0.05)
(2.28 0.84 -0.05)
(2.4 0.84 -0.05)
(2.52 0.84 -0.05)
(2.64 0.84 -0.05)
(2.76 0.84 -0.05)
(2.88 0.84 -0.05)
(3 0.84 -0.05)
(0.72 0.88 -0.05)
(0.84 0.88 -0.05)
(0.96 0.88 -0.05)
(1.08 0.88 -0.05)
(1.2 0.88 -0.05)
(1.32 0.88 -0.05)
(1.44 0.88 -0.05)
(1.56 0.88 -0.05)
(1.68 0.88 -0.05)
(1.8 0.88 -0.05)
(1.92 0.88 -0.05)
(2.04 0.88 -0.05)
(2.16 0.88 -0.05)
(2.28 0.88 -0.05)
(2.4 0.88 -0.05)
(2.52 0.88 -0.05)
(2.64 0.88 -0.05)
(2.76 0.88 -0.05)
(2.88 0.88 -0.05)
(3 0.88 -0.05)
(0.72 0.92 -0.05)
(0.84 0.92 -0.05)
(0.96 0.92 -0.05)
(1.08 0.92 -0.05)
(1.2 0.92 -0.05)
(1.32 0.92 -0.05)
(1.44 0.92 -0.05)
(1.56 0.92 -0.05)
(1.68 0.92 -0.05)
(1.8 0.92 -0.05)
(1.92 0.92 -0.05)
(2.04 0.92 -0.05)
(2.16 0.92 -0.05)
(2.28 0.92 -0.05)
(2.4 0.92 -0.05)
(2.52 0.92 -0.05)
(2.64 0.92 -0.05)
(2.76 0.92 -0.05)
(2.88 0.92 -0.05)
(3 0.92 -0.05)
(0.72 0.96 -0.05)
(0.84 0.96 -0.05)
(0.96 0.96 -0.05)
(1.08 0.96 -0.05)
(1.2 0.96 -0.05)
(1.32 0.96 -0.05)
(1.44 0.96 -0.05)
(1.56 0.96 -0.05)
(1.68 0.96 -0.05)
(1.8 0.96 -0.05)
(1.92 0.96 -0.05)
(2.04 0.96 -0.05)
(2.16 0.96 -0.05)
(2.28 0.96 -0.05)
(2.4 0.96 -0.05)
(2.52 0.96 -0.05)
(2.64 0.96 -0.05)
(2.76 0.96 -0.05)
(2.88 0.96 -0.05)
(3 0.96 -0.05)
(0.72 1 -0.05)
(0.84 1 -0.05)
(0.96 1 -0.05)
(1.08 1 -0.05)
(1.2 1 -0.05)
(1.32 1 -0.05)
(1.44 1 -0.05)
(1.56 1 -0.05)
(1.68 1 -0.05)
(1.8 1 -0.05)
(1.92 1 -0.05)
(2.04 1 -0.05)
(2.16 1 -0.05)
(2.28 1 -0.05)
(2.4 1 -0.05)
(2.52 1 -0.05)
(2.64 1 -0.05)
(2.76 1 -0.05)
(2.88 1 -0.05)
(3 1 -0.05)
(0.72 0.2 0.05)
(0.84 0.2 0.05)
(0.96 0.2 0.05)
(1.08 0.2 0.05)
(1.2 0.2 0.05)
(1.32 0.2 0.05)
(1.44 0.2 0.05)
(1.56 0.2 0.05)
(1.68 0.2 0.05)
(1.8 0.2 0.05)
(1.92 0.2 0.05)
(2.04 0.2 0.05)
(2.16 0.2 0.05)
(2.28 0.2 0.05)
(2.4 0.2 0.05)
(2.52 0.2 0.05)
(2.64 0.2 0.05)
(2.76 0.2 0.05)
(2.88 0.2 0.05)
(3 0.2 0.05)
(0.72 0.24 0.05)
(0.84 0.24 0.05)
(0.96 0.24 0.05)
(1.08 0.24 0.05)
(1.2 0.24 0.05)
(1.32 0.24 0.05)
(1.44 0.24 0.05)
(1.56 0.24 0.05)
(1.68 0.24 0.05)
(1.8 0.24 0.05)
(1.92 0.24 0.05)
(2.04 0.24 0.05)
(2.16 0.24 0.05)
(2.28 0.24 0.05)
(2.4 0.24 0.05)
(2.52 0.24 0.05)
(2.64 0.24 0.05)
(2.76 0.24 0.05)
(2.88 0.24 0.05)
(3 0.24 0.05)
(0.72 0.28 0.05)
(0.84 0.28 0.05)
(0.96 0.28 0.05)
(1.08 0.28 0.05)
(1.2 0.28 0.05)
(1.32 0.28 0.05)
(1.44 0.28 0.05)
(1.56 0.28 0.05)
(1.68 0.28 0.05)
(1.8 0.28 0.05)
(1.92 0.28 0.05)
(2.04 0.28 0.05)
(2.16 0.28 0.05)
(2.28 0.28 0.05)
(2.4 0.28 0.05)
(2.52 0.28 0.05)
(2.64 0.28 0.05)
(2.76 0.28 0.05)
(2.88 0.28 0.05)
(3 0.28 0.05)
(0.72 0.32 0.05)
(0.84 0.32 0.05)
(0.96 0.32 0.05)
(1.08 0.32 0.05)
(1.2 0.32 0.05)
(1.32 0.32 0.05)
(1.44 0.32 0.05)
(1.56 0.32 0.05)
(1.68 0.32 0.05)
(1.8 0.32 0.05)
(1.92 0.32 0.05)
(2.04 0.32 0.05)
(2.16 0.32 0.05)
(2.28 0.32 0.05)
(2.4 0.32 0.05)
(2.52 0.32 0.05)
(2.64 0.32 0.05)
(2.76 0.32 0.05)
(2.88 0.32 0.05)
(3 0.32 0.05)
(0.72 0.36 0.05)
(0.84 0.36 0.05)
(0.96 0.36 0.05)
(1.08 0.36 0.05)
(1.2 0.36 0.05)
(1.32 0.36 0.05)
(1.44 0.36 0.05)
(1.56 0.36 0.05)
(1.68 0.36 0.05)
(1.8 0.36 0.05)
(1.92 0.36 0.05)
(2.04 0.36 0.05)
(2.16 0.36 0.05)
(2.28 0.36 0.05)
(2.4 0.36 0.05)
(2.52 0.36 0.05)
(2.64 0.36 0.05)
(2.76 0.36 0.05)
(2.88 0.36 0.05)
(3 0.36 0.05)
(0.72 0.4 0.05)
(0.84 0.4 0.05)
(0.96 0.4 0.05)
(1.08 0.4 0.05)
(1.2 0.4 0.05)
(1.32 0.4 0.05)
(1.44 0.4 0.05)
(1.56 0.4 0.05)
(1.68 0.4 0.05)
(1.8 0.4 0.05)
(1.92 0.4 0.05)
(2.04 0.4 0.05)
(2.16 0.4 0.05)
(2.28 0.4 0.05)
(2.4 0.4 0.05)
(2.52 0.4 0.05)
(2.64 0.4 0.05)
(2.76 0.4 0.05)
(2.88 0.4 0.05)
(3 0.4 0.05)
(0.72 0.44 0.05)
(0.84 0.44 0.05)
(0.96 0.44 0.05)
(1.08 0.44 0.05)
(1.2 0.44 0.05)
(1.32 0.44 0.05)
(1.44 0.44 0.05)
(1.56 0.44 0.05)
(1.68 0.44 0.05)
(1.8 0.44 0.05)
(1.92 0.44 0.05)
(2.04 0.44 0.05)
(2.16 0.44 0.05)
(2.28 0.44 0.05)
(2.4 0.44 0.05)
(2.52 0.44 0.05)
(2.64 0.44 0.05)
(2.76 0.44 0.05)
(2.88 0.44 0.05)
(3 0.44 0.05)
(0.72 0.48 0.05)
(0.84 0.48 0.05)
(0.96 0.48 0.05)
(1.08 0.48 0.05)
(1.2 0.48 0.05)
(1.32 0.48 0.05)
(1.44 0.48 0.05)
(1.56 0.48 0.05)
(1.68 0.48 0.05)
(1.8 0.48 0.05)
(1.92 0.48 0.05)
(2.04 0.48 0.05)
(2.16 0.48 0.05)
(2.28 0.48 0.05)
(2.4 0.48 0.05)
(2.52 0.48 0.05)
(2.64 0.48 0.05)
(2.76 0.48 0.05)
(2.88 0.48 0.05)
(3 0.48 0.05)
(0.72 0.52 0.05)
(0.84 0.52 0.05)
(0.96 0.52 0.05)
(1.08 0.52 0.05)
(1.2 0.52 0.05)
(1.32 0.52 0.05)
(1.44 0.52 0.05)
(1.56 0.52 0.05)
(1.68 0.52 0.05)
(1.8 0.52 0.05)
(1.92 0.52 0.05)
(2.04 0.52 0.05)
(2.16 0.52 0.05)
(2.28 0.52 0.05)
(2.4 0.52 0.05)
(2.52 0.52 0.05)
(2.64 0.52 0.05)
(2.76 0.52 0.05)
(2.88 0.52 0.05)
(3 0.52 0.05)
(0.72 0.56 0.05)
(0.84 0.56 0.05)
(0.96 0.56 0.05)
(1.08 0.56 0.05)
(1.2 0.56 0.05)
(1.32 0.56 0.05)
(1.44 0.56 0.05)
(1.56 0.56 0.05)
(1.68 0.56 0.05)
(1.8 0.56 0.05)
(1.92 0.56 0.05)
(2.04 0.56 0.05)
(2.16 0.56 0.05)
(2.28 0.56 0.05)
(2.4 0.56 0.05)
(2.52 0.56 0.05)
(2.64 0.56 0.05)
(2.76 0.56 0.05)
(2.88 0.56 0.05)
(3 0.56 0.05)
(0.72 0.6 0.05)
(0.84 0.6 0.05)
(0.96 0.6 0.05)
(1.08 0.6 0.05)
(1.2 0.6 0.05)
(1.32 0.6 0.05)
(1.44 0.6 0.05)
(1.56 0.6 0.05)
(1.68 0.6 0.05)
(1.8 0.6 0.05)
(1.92 0.6 0.05)
(2.04 0.6 0.05)
(2.16 0.6 0.05)
(2.28 0.6 0.05)
(2.4 0.6 0.05)
(2.52 0.6 0.05)
(2.64 0.6 0.05)
(2.76 0.6 0.05)
(2.88 0.6 0.05)
(3 0.6 0.05)
(0.72 0.64 0.05)
(0.84 0.64 0.05)
(0.96 0.64 0.05)
(1.08 0.64 0.05)
(1.2 0.64 0.05)
(1.32 0.64 0.05)
(1.44 0.64 0.05)
(1.56 0.64 0.05)
(1.68 0.64 0.05)
(1.8 0.64 0.05)
(1.92 0.64 0.05)
(2.04 0.64 0.05)
(2.16 0.64 0.05)
(2.28 0.64 0.05)
(2.4 0.64 0.05)
(2.52 0.64 0.05)
(2.64 0.64 0.05)
(2.76 0.64 0.05)
(2.88 0.64 0.05)
(3 0.64 0.05)
(0.72 0.68 0.05)
(0.84 0.68 0.05)
(0.96 0.68 0.05)
(1.08 0.68 0.05)
(1.2 0.68 0.05)
(1.32 0.68 0.05)
(1.44 0.68 0.05)
(1.56 0.68 0.05)
(1.68 0.68 0.05)
(1.8 0.68 0.05)
(1.92 0.68 0.05)
(2.04 0.68 0.05)
(2.16 0.68 0.05)
(2.28 0.68 0.05)
(2.4 0.68 0.05)
(2.52 0.68 0.05)
(2.64 0.68 0.05)
(2.76 0.68 0.05)
(2.88 0.68 0.05)
(3 0.68 0.05)
(0.72 0.72 0.05)
(0.84 0.72 0.05)
(0.96 0.72 0.05)
(1.08 0.72 0.05)
(1.2 0.72 0.05)
(1.32 0.72 0.05)
(1.44 0.72 0.05)
(1.56 0.72 0.05)
(1.68 0.72 0.05)
(1.8 0.72 0.05)
(1.92 0.72 0.05)
(2.04 0.72 0.05)
(2.16 0.72 0.05)
(2.28 0.72 0.05)
(2.4 0.72 0.05)
(2.52 0.72 0.05)
(2.64 0.72 0.05)
(2.76 0.72 0.05)
(2.88 0.72 0.05)
(3 0.72 0.05)
(0.72 0.76 0.05)
(0.84 0.76 0.05)
(0.96 0.76 0.05)
(1.08 0.76 0.05)
(1.2 0.76 0.05)
(1.32 0.76 0.05)
(1.44 0.76 0.05)
(1.56 0.76 0.05)
(1.68 0.76 0.05)
(1.8 0.76 0.05)
(1.92 0.76 0.05)
(2.04 0.76 0.05)
(2.16 0.76 0.05)
(2.28 0.76 0.05)
(2.4 0.76 0.05)
(2.52 0.76 0.05)
(2.64 0.76 0.05)
(2.76 0.76 0.05)
(2.88 0.76 0.05)
(3 0.76 0.05)
(0.72 0.8 0.05)
(0.84 0.8 0.05)
(0.96 0.8 0.05)
(1.08 0.8 0.05)
(1.2 0.8 0.05)
(1.32 0.8 0.05)
(1.44 0.8 0.05)
(1.56 0.8 0.05)
(1.68 0.8 0.05)
(1.8 0.8 0.05)
(1.92 0.8 0.05)
(2.04 0.8 0.05)
(2.16 0.8 0.05)
(2.28 0.8 0.05)
(2.4 0.8 0.05)
(2.52 0.8 0.05)
(2.64 0.8 0.05)
(2.76 0.8 0.05)
(2.88 0.8 0.05)
(3 0.8 0.05)
(0.72 0.84 0.05)
(0.84 0.84 0.05)
(0.96 0.84 0.05)
(1.08 0.84 0.05)
(1.2 0.84 0.05)
(1.32 0.84 0.05)
(1.44 0.84 0.05)
(1.56 0.84 0.05)
(1.68 0.84 0.05)
(1.8 0.84 0.05)
(1.92 0.84 0.05)
(2.04 0.84 0.05)
(2.16 0.84 0.05)
(2.28 0.84 0.05)
(2.4 0.84 0.05)
(2.52 0.84 0.05)
(2.64 0.84 0.05)
(2.76 0.84 0.05)
(2.88 0.84 0.05)
(3 0.84 0.05)
(0.72 0.88 0.05)
(0.84 0.88 0.05)
(0.96 0.88 0.05)
(1.08 0.88 0.05)
(1.2 0.88 0.05)
(1.32 0.88 0.05)
(1.44 0.88 0.05)
(1.56 0.88 0.05)
(1.68 0.88 0.05)
(1.8 0.88 0.05)
(1.92 0.88 0.05)
(2.04 0.88 0.05)
(2.16 0.88 0.05)
(2.28 0.88 0.05)
(2.4 0.88 0.05)
(2.52 0.88 0.05)
(2.64 0.88 0.05)
(2.76 0.88 0.05)
(2.88 0.88 0.05)
(3 0.88 0.05)
(0.72 0.92 0.05)
(0.84 0.92 0.05)
(0.96 0.92 0.05)
(1.08 0.92 0.05)
(1.2 0.92 0.05)
(1.32 0.92 0.05)
(1.44 0.92 0.05)
(1.56 0.92 0.05)
(1.68 0.92 0.05)
(1.8 0.92 0.05)
(1.92 0.92 0.05)
(2.04 0.92 0.05)
(2.16 0.92 0.05)
(2.28 0.92 0.05)
(2.4 0.92 0.05)
(2.52 0.92 0.05)
(2.64 0.92 0.05)
(2.76 0.92 0.05)
(2.88 0.92 0.05)
(3 0.92 0.05)
(0.72 0.96 0.05)
(0.84 0.96 0.05)
(0.96 0.96 0.05)
(1.08 0.96 0.05)
(1.2 0.96 0.05)
(1.32 0.96 0.05)
(1.44 0.96 0.05)
(1.56 0.96 0.05)
(1.68 0.96 0.05)
(1.8 0.96 0.05)
(1.92 0.96 0.05)
(2.04 0.96 0.05)
(2.16 0.96 0.05)
(2.28 0.96 0.05)
(2.4 0.96 0.05)
(2.52 0.96 0.05)
(2.64 0.96 0.05)
(2.76 0.96 0.05)
(2.88 0.96 0.05)
(3 0.96 0.05)
(0.72 1 0.05)
(0.84 1 0.05)
(0.96 1 0.05)
(1.08 1 0.05)
(1.2 1 0.05)
(1.32 1 0.05)
(1.44 1 0.05)
(1.56 1 0.05)
(1.68 1 0.05)
(1.8 1 0.05)
(1.92 1 0.05)
(2.04 1 0.05)
(2.16 1 0.05)
(2.28 1 0.05)
(2.4 1 0.05)
(2.52 1 0.05)
(2.64 1 0.05)
(2.76 1 0.05)
(2.88 1 0.05)
(3 1 0.05)
)


// ************************************************************************* //
