/*--------------------------------*- C++ -*----------------------------------*\
  =========                 |
  \\      /  F ield         | OpenFOAM: The Open Source CFD Toolbox
   \\    /   O peration     | Website:  https://openfoam.org
    \\  /    A nd           | Version:  6.0
     \\/     M anipulation  |
\*---------------------------------------------------------------------------*/
FoamFile
{
    version     2.0;
    format      ascii;
    class       volVectorField;
    location    "3.000888";
    object      U;
}
// * * * * * * * * * * * * * * * * * * * * * * * * * * * * * * * * * * * * * //

dimensions      [0 1 -1 0 0 0 0];

internalField   nonuniform List<vector> 
2700
(
(3 -1.38001e-16 0)
(3 1.40831e-16 0)
(3 -3.8346e-16 0)
(3 -4.42379e-16 0)
(3 -1.0519e-16 0)
(3 -1.54279e-16 0)
(3 -4.33018e-16 0)
(3 -2.67534e-16 0)
(3 8.2177e-16 0)
(3 5.22175e-16 0)
(3 -3.99625e-17 0)
(3 -5.23078e-17 0)
(3 7.53584e-16 0)
(3 1.03538e-15 0)
(3 5.13628e-16 0)
(1.75878 0.00518937 0)
(0.786668 0.00512942 0)
(0.695811 -0.00501491 0)
(0.643014 0.00355447 0)
(0.582429 0.0197252 0)
(0.521685 0.0359438 0)
(0.483562 0.0334616 0)
(0.450063 -0.00847495 0)
(0.402902 -0.0360354 0)
(0.338341 -0.0246884 0)
(0.250626 0.0343102 0)
(0.184019 0.0544298 0)
(0.167385 0.0437165 0)
(0.135235 -0.000583838 0)
(0.052895 -0.0242906 0)
(3 -1.11775e-16 0)
(3 4.52593e-16 0)
(3 1.70562e-16 0)
(3 -5.36604e-16 0)
(3 -1.56092e-16 0)
(3 2.65415e-16 0)
(3 5.69572e-17 0)
(3 -7.28772e-17 0)
(3 5.53794e-16 0)
(3 4.07759e-16 0)
(3 3.25305e-16 0)
(3 -5.24748e-16 0)
(3 8.67561e-17 0)
(3 6.16394e-16 0)
(3 7.52903e-16 0)
(1.7743 0.026038 0)
(0.777722 0.0323551 0)
(0.69044 0.00022301 0)
(0.640062 -0.0143669 0)
(0.591644 -0.00337871 0)
(0.543018 0.0445804 0)
(0.48484 0.0834844 0)
(0.429947 0.0724361 0)
(0.374398 0.00187169 0)
(0.327414 -0.0551017 0)
(0.278771 -0.0439288 0)
(0.221956 0.10459 0)
(0.157042 0.148801 0)
(0.0864291 0.0453032 0)
(0.0421729 -0.0608568 0)
(3 1.36036e-16 0)
(3 1.76441e-16 0)
(3 8.89431e-16 0)
(3 3.83959e-16 0)
(3 1.99838e-16 0)
(3 6.3317e-16 0)
(3 8.38314e-16 0)
(3 1.05525e-15 0)
(3 -5.09029e-16 0)
(3 -1.13917e-16 0)
(3 8.04005e-16 0)
(3 4.97029e-16 0)
(3 4.08102e-16 0)
(3 7.96971e-16 0)
(3 -3.27758e-17 0)
(1.78164 0.0309657 0)
(0.772407 0.0303533 0)
(0.681015 0.032759 0)
(0.639974 0.0327124 0)
(0.59819 0.0398148 0)
(0.54564 0.0426653 0)
(0.487296 0.0475632 0)
(0.412874 0.0408754 0)
(0.351607 0.0258675 0)
(0.319983 0.02389 0)
(0.298978 0.0371041 0)
(0.255454 0.0630619 0)
(0.147319 0.0904692 0)
(0.0413483 0.067337 0)
(0.0361834 0.0397721 0)
(3 2.51025e-18 0)
(3 6.1865e-17 0)
(3 4.81709e-16 0)
(3 5.4417e-16 0)
(3 1.76694e-16 0)
(3 7.87219e-16 0)
(3 1.13906e-15 0)
(3 3.98186e-16 0)
(3 -4.2156e-16 0)
(3 -2.66965e-16 0)
(3 5.7038e-16 0)
(3 1.00004e-15 0)
(3 9.4145e-16 0)
(3 3.09061e-16 0)
(3 -1.24848e-15 0)
(1.79095 0.0403569 0)
(0.774406 0.0302808 0)
(0.685631 0.068254 0)
(0.638582 0.0879056 0)
(0.592701 0.0724276 0)
(0.540043 0.0321414 0)
(0.485961 0.00363003 0)
(0.422147 0.02766 0)
(0.363427 0.0848225 0)
(0.333695 0.11669 0)
(0.291903 0.112175 0)
(0.246193 0.00900228 0)
(0.162001 -0.00332269 0)
(0.0540765 0.0878534 0)
(0.0393637 0.153894 0)
(3 -9.54878e-17 0)
(3 2.67645e-16 0)
(3 -1.226e-16 0)
(3 -5.58289e-16 0)
(3 -3.98577e-16 0)
(3 9.63588e-17 0)
(3 1.1684e-15 0)
(3 4.10607e-16 0)
(3 -1.37904e-16 0)
(3 1.04482e-16 0)
(3 2.70739e-16 0)
(3 8.44092e-16 0)
(3 9.33649e-16 0)
(3 -6.91644e-16 0)
(3 -1.01562e-15 0)
(1.80205 0.0557638 0)
(0.787408 0.0541359 0)
(0.693772 0.0844784 0)
(0.6391 0.0945667 0)
(0.579124 0.0857278 0)
(0.524145 0.0534013 0)
(0.479422 0.0146386 0)
(0.446389 0.01622 0)
(0.393739 0.102143 0)
(0.331827 0.167606 0)
(0.263957 0.125821 0)
(0.198801 0.0405041 0)
(0.162864 -0.0267279 0)
(0.117136 0.056575 0)
(0.0515801 0.207593 0)
(3 -1.10122e-17 0)
(3 2.97411e-16 0)
(3 -9.82999e-17 0)
(3 -4.57142e-16 0)
(3 -6.66731e-16 0)
(3 -7.5398e-16 0)
(3 3.19409e-16 0)
(3 -1.21571e-17 0)
(3 -3.36876e-16 0)
(3 -2.70934e-16 0)
(3 -1.70721e-17 0)
(3 1.04094e-15 0)
(3 1.39866e-15 0)
(3 3.8442e-16 0)
(3 -1.19591e-16 0)
(1.82629 0.0850169 0)
(0.793927 0.0872809 0)
(0.694349 0.0788859 0)
(0.639298 0.0720499 0)
(0.573047 0.0737178 0)
(0.512885 0.0820153 0)
(0.470589 0.0929521 0)
(0.447686 0.107798 0)
(0.399785 0.101093 0)
(0.335933 0.0892135 0)
(0.244251 0.0890634 0)
(0.167493 0.0934807 0)
(0.15661 0.0946278 0)
(0.136731 0.118427 0)
(0.0600616 0.106602 0)
(3 1.57383e-16 0)
(3 -7.62506e-17 0)
(3 -3.93701e-16 0)
(3 -3.84756e-16 0)
(3 -6.27265e-16 0)
(3 -8.31626e-16 0)
(3 1.93179e-18 0)
(3 -2.30888e-16 0)
(3 -6.81895e-16 0)
(3 -1.01464e-15 0)
(3 -1.5945e-17 0)
(3 1.49162e-15 0)
(3 1.96477e-15 0)
(3 1.67229e-15 0)
(3 -1.70609e-15 0)
(1.86816 0.106149 0)
(0.792278 0.112057 0)
(0.689555 0.0861638 0)
(0.636982 0.05445 0)
(0.582135 0.0580585 0)
(0.530425 0.104729 0)
(0.486172 0.165881 0)
(0.439098 0.179567 0)
(0.38707 0.10554 0)
(0.320252 0.0135932 0)
(0.263038 0.0341199 0)
(0.197736 0.138922 0)
(0.163531 0.224993 0)
(0.119551 0.181828 0)
(0.0459254 0.0303077 0)
(3 -9.26001e-18 0)
(3 -9.08826e-16 0)
(3 -1.12065e-15 0)
(3 -9.76908e-16 0)
(3 -2.34572e-16 0)
(3 -3.71073e-16 0)
(3 7.08839e-17 0)
(3 1.98935e-16 0)
(3 -3.36574e-16 0)
(3 -5.37474e-16 0)
(3 -1.6917e-17 0)
(3 1.67158e-15 0)
(3 1.08534e-15 0)
(3 1.05515e-15 0)
(3 -9.8596e-16 0)
(1.91819 0.10737 0)
(0.795455 0.1092 0)
(0.67843 0.0885787 0)
(0.631859 0.082249 0)
(0.595271 0.0980132 0)
(0.551968 0.134048 0)
(0.498568 0.168599 0)
(0.429873 0.148462 0)
(0.357071 0.0957609 0)
(0.315406 0.0704663 0)
(0.290287 0.0803825 0)
(0.251703 0.205183 0)
(0.165359 0.2817 0)
(0.0565238 0.16496 0)
(0.0407707 0.0883835 0)
(3 -3.34002e-16 0)
(3 -2.12683e-16 0)
(3 4.16194e-16 0)
(3 2.06742e-16 0)
(3 -6.97347e-17 0)
(3 6.43564e-17 0)
(3 -7.28033e-16 0)
(3 -2.32038e-16 0)
(3 -1.32672e-16 0)
(3 -1.2227e-16 0)
(3 -7.77839e-17 0)
(3 4.16287e-16 0)
(3 -2.39309e-16 0)
(3 2.9392e-16 0)
(3 8.29985e-16 0)
(1.96295 0.10157 0)
(0.792528 0.0967543 0)
(0.679982 0.115015 0)
(0.6376 0.147321 0)
(0.59456 0.153313 0)
(0.55124 0.134304 0)
(0.497912 0.104702 0)
(0.420238 0.0974214 0)
(0.347998 0.123325 0)
(0.30703 0.165419 0)
(0.294329 0.192164 0)
(0.271584 0.181889 0)
(0.151391 0.152563 0)
(0.0309599 0.175976 0)
(0.0377632 0.198927 0)
(3 1.72703e-16 0)
(3 1.55813e-16 0)
(3 5.65813e-16 0)
(3 2.75409e-16 0)
(3 2.21851e-16 0)
(3 4.45395e-17 0)
(3 -1.43833e-15 0)
(3 -1.26132e-15 0)
(3 -4.84608e-16 0)
(3 3.00788e-16 0)
(3 1.43007e-16 0)
(3 5.38359e-16 0)
(3 4.41567e-16 0)
(3 2.69213e-17 0)
(3 8.72814e-16 0)
(2.00352 0.112315 0)
(0.795777 0.105177 0)
(0.699625 0.150186 0)
(0.646968 0.182123 0)
(0.590214 0.191287 0)
(0.536889 0.164339 0)
(0.479092 0.0785372 0)
(0.427552 0.0616981 0)
(0.381989 0.122012 0)
(0.34102 0.23554 0)
(0.284191 0.286189 0)
(0.23078 0.168691 0)
(0.152311 0.0646287 0)
(0.0642232 0.179231 0)
(0.0438665 0.26563 0)
(3 6.43389e-17 0)
(3 8.2761e-17 0)
(3 -8.95479e-17 0)
(3 6.1986e-16 0)
(3 4.56492e-16 0)
(3 2.83412e-16 0)
(3 -8.46725e-16 0)
(3 -1.83905e-15 0)
(3 -1.51604e-15 0)
(3 2.78327e-17 0)
(3 3.70716e-16 0)
(3 7.25402e-16 0)
(3 1.55126e-15 0)
(3 1.85795e-16 0)
(3 6.23047e-16 0)
(2.04143 0.14651 0)
(0.817267 0.157913 0)
(0.704694 0.177679 0)
(0.65328 0.172419 0)
(0.595413 0.160984 0)
(0.521892 0.134639 0)
(0.459809 0.126785 0)
(0.435689 0.132134 0)
(0.410284 0.199236 0)
(0.36835 0.242121 0)
(0.277138 0.250111 0)
(0.176772 0.154251 0)
(0.155255 0.117125 0)
(0.114617 0.160467 0)
(0.0607932 0.284204 0)
(3 -6.28795e-17 0)
(3 1.45212e-16 0)
(3 5.32161e-16 0)
(3 8.6437e-16 0)
(3 4.8221e-16 0)
(3 8.69872e-16 0)
(3 -2.00565e-16 0)
(3 -1.23252e-15 0)
(3 -1.04892e-15 0)
(3 -3.61108e-16 0)
(3 3.4319e-16 0)
(3 3.62336e-16 0)
(3 8.01344e-16 0)
(3 4.19932e-16 0)
(3 -2.1235e-15 0)
(2.10443 0.17951 0)
(0.829956 0.203181 0)
(0.699825 0.196555 0)
(0.649812 0.157164 0)
(0.586489 0.126567 0)
(0.527083 0.133865 0)
(0.47848 0.191405 0)
(0.45071 0.246362 0)
(0.411581 0.230586 0)
(0.370971 0.192009 0)
(0.263334 0.13187 0)
(0.168061 0.192354 0)
(0.149992 0.230123 0)
(0.133416 0.249988 0)
(0.0733736 0.265221 0)
(3 2.11373e-16 0)
(3 -1.52069e-16 0)
(3 1.65635e-16 0)
(3 -2.1138e-16 0)
(3 2.00378e-16 0)
(3 -3.03475e-16 0)
(3 -4.69827e-16 0)
(3 -5.54547e-16 0)
(3 -3.05422e-16 0)
(3 -6.26543e-16 0)
(3 -7.34118e-16 0)
(3 -5.7964e-16 0)
(3 7.37105e-18 0)
(3 3.85015e-16 0)
(3 -2.39174e-15 0)
(2.1924 0.17859 0)
(0.847137 0.210637 0)
(0.690333 0.193363 0)
(0.637215 0.144598 0)
(0.587577 0.121244 0)
(0.556715 0.156107 0)
(0.517395 0.237405 0)
(0.456626 0.299433 0)
(0.391552 0.293778 0)
(0.325723 0.144626 0)
(0.273269 0.0921668 0)
(0.22165 0.184759 0)
(0.167902 0.320141 0)
(0.116085 0.347705 0)
(0.0584277 0.221375 0)
(3 8.51732e-17 0)
(3 4.32084e-16 0)
(3 -4.37654e-16 0)
(3 -3.09049e-16 0)
(3 2.19523e-16 0)
(3 -8.49082e-16 0)
(3 -1.55039e-15 0)
(3 7.4884e-17 0)
(3 2.68135e-16 0)
(3 -8.16318e-16 0)
(3 -1.15369e-15 0)
(3 -1.44861e-15 0)
(3 -9.50549e-16 0)
(3 -6.62961e-16 0)
(3 -6.79632e-16 0)
(2.28535 0.168944 0)
(0.85679 0.201066 0)
(0.679405 0.171208 0)
(0.631591 0.173282 0)
(0.595274 0.204395 0)
(0.567667 0.240941 0)
(0.526673 0.241425 0)
(0.476076 0.240301 0)
(0.374226 0.194248 0)
(0.296488 0.175309 0)
(0.275089 0.179355 0)
(0.265811 0.31108 0)
(0.183343 0.380526 0)
(0.0963582 0.337697 0)
(0.0443914 0.22639 0)
(3 -2.13384e-16 0)
(3 4.14165e-17 0)
(3 -2.32555e-16 0)
(3 5.5245e-16 0)
(3 1.72355e-16 0)
(3 -6.13423e-16 0)
(3 -1.3235e-15 0)
(3 -8.65899e-16 0)
(3 -1.97228e-16 0)
(3 -7.75083e-17 0)
(3 -9.88432e-16 0)
(3 -1.59495e-15 0)
(3 -1.76541e-15 0)
(3 6.53914e-16 0)
(3 9.96178e-16 0)
(2.36966 0.157645 0)
(0.852529 0.185797 0)
(0.683844 0.163547 0)
(0.656372 0.217212 0)
(0.613957 0.276743 0)
(0.56589 0.291053 0)
(0.522598 0.258408 0)
(0.450746 0.145732 0)
(0.38013 0.141114 0)
(0.320367 0.225862 0)
(0.312261 0.349248 0)
(0.2829 0.360606 0)
(0.186595 0.364034 0)
(0.0473879 0.287239 0)
(0.0396253 0.249988 0)
(3 -6.27858e-17 0)
(3 -2.8305e-16 0)
(3 7.41399e-17 0)
(3 -3.047e-16 0)
(3 -2.40662e-16 0)
(3 -6.39829e-16 0)
(3 -1.04938e-15 0)
(3 -1.01084e-15 0)
(3 -2.51972e-16 0)
(3 -3.91054e-16 0)
(3 -6.05081e-16 0)
(3 -1.05408e-15 0)
(3 -5.60398e-16 0)
(3 2.30406e-16 0)
(3 4.70534e-16 0)
(2.44708 0.171301 0)
(0.856186 0.211815 0)
(0.708969 0.245584 0)
(0.674374 0.268856 0)
(0.628432 0.283654 0)
(0.575273 0.284537 0)
(0.495 0.204839 0)
(0.435741 0.148434 0)
(0.406365 0.143061 0)
(0.391357 0.306272 0)
(0.321456 0.414202 0)
(0.261386 0.410194 0)
(0.164484 0.264743 0)
(0.0425789 0.283032 0)
(0.0524502 0.34175 0)
(3 9.97964e-17 0)
(3 -3.71043e-16 0)
(3 -1.9679e-16 0)
(3 -9.23449e-16 0)
(3 -3.90521e-16 0)
(3 -1.95856e-16 0)
(3 -2.96695e-17 0)
(3 6.10354e-16 0)
(3 -2.98855e-17 0)
(3 -4.06952e-16 0)
(3 -3.80529e-16 0)
(3 -4.37855e-16 0)
(3 -2.89765e-17 0)
(3 -5.5664e-16 0)
(3 -9.79881e-16 0)
(2.50923 0.204285 0)
(0.896319 0.275312 0)
(0.717297 0.294746 0)
(0.679443 0.278038 0)
(0.636033 0.252088 0)
(0.560908 0.195575 0)
(0.486142 0.200327 0)
(0.433594 0.224269 0)
(0.429747 0.303968 0)
(0.413587 0.33805 0)
(0.344073 0.351759 0)
(0.224028 0.277212 0)
(0.151007 0.246605 0)
(0.0690688 0.328106 0)
(0.0691224 0.439625 0)
(3 -6.12341e-17 0)
(3 -1.16612e-15 0)
(3 -1.30579e-15 0)
(3 -9.14881e-16 0)
(3 -9.66454e-16 0)
(3 -3.59465e-16 0)
(3 1.25201e-15 0)
(3 1.02836e-15 0)
(3 1.51593e-16 0)
(3 3.34458e-16 0)
(3 2.03738e-16 0)
(3 2.30794e-16 0)
(3 3.56564e-16 0)
(3 -1.227e-15 0)
(3 -1.94538e-15 0)
(2.61814 0.215826 0)
(0.936327 0.329418 0)
(0.725412 0.311274 0)
(0.686399 0.284293 0)
(0.61618 0.204555 0)
(0.564981 0.164893 0)
(0.517565 0.182561 0)
(0.482731 0.329839 0)
(0.439812 0.409532 0)
(0.403689 0.398381 0)
(0.309609 0.282434 0)
(0.215719 0.213719 0)
(0.171808 0.265662 0)
(0.12116 0.383349 0)
(0.0802757 0.511936 0)
(3 1.28646e-16 0)
(3 5.01001e-17 0)
(3 -4.58096e-16 0)
(3 -5.2302e-16 0)
(3 -9.38944e-16 0)
(3 -4.38798e-16 0)
(3 7.71756e-16 0)
(3 7.79837e-16 0)
(3 4.97683e-16 0)
(3 4.20873e-16 0)
(3 1.08402e-16 0)
(3 2.23432e-16 0)
(3 -4.12183e-16 0)
(3 -7.4406e-16 0)
(3 -5.15122e-16 0)
(2.73897 0.208407 0)
(0.980972 0.332905 0)
(0.741406 0.285752 0)
(0.678714 0.222849 0)
(0.612222 0.216278 0)
(0.56314 0.216837 0)
(0.556006 0.317481 0)
(0.517385 0.378273 0)
(0.46212 0.397559 0)
(0.383177 0.330031 0)
(0.28357 0.252614 0)
(0.217341 0.25819 0)
(0.196205 0.342289 0)
(0.167294 0.480531 0)
(0.0906491 0.516194 0)
(3 -2.55472e-17 0)
(3 5.75151e-16 0)
(3 8.12709e-16 0)
(3 -2.72893e-17 0)
(3 -1.63991e-16 0)
(3 -2.33483e-16 0)
(3 -6.44709e-16 0)
(3 9.03572e-16 0)
(3 9.86583e-16 0)
(3 3.60593e-16 0)
(3 -4.26974e-16 0)
(3 -7.15922e-16 0)
(3 -1.28746e-15 0)
(3 2.22359e-16 0)
(3 1.03425e-15 0)
(2.87827 0.163026 0)
(1.03363 0.307799 0)
(0.75229 0.24209 0)
(0.702257 0.207978 0)
(0.640975 0.238038 0)
(0.612684 0.35951 0)
(0.574142 0.39425 0)
(0.527172 0.379549 0)
(0.462244 0.323949 0)
(0.354968 0.249814 0)
(0.291174 0.290204 0)
(0.252068 0.412582 0)
(0.227127 0.517615 0)
(0.167963 0.505268 0)
(0.075408 0.381423 0)
(3 9.84266e-17 0)
(3 4.67027e-16 0)
(3 4.4305e-16 0)
(3 6.61562e-16 0)
(3 -4.25804e-17 0)
(3 -1.84106e-16 0)
(3 -3.28448e-16 0)
(3 2.22751e-16 0)
(3 2.89088e-16 0)
(3 2.78523e-16 0)
(3 -1.64551e-17 0)
(3 -2.05304e-16 0)
(3 1.79822e-16 0)
(3 6.61501e-16 0)
(3 5.9733e-16 0)
(2.99264 0.0911216 0)
(1.09629 0.271687 0)
(0.766181 0.250809 0)
(0.734777 0.263361 0)
(0.705038 0.365112 0)
(0.648722 0.4097 0)
(0.588107 0.424853 0)
(0.519029 0.382038 0)
(0.422246 0.250026 0)
(0.380084 0.206817 0)
(0.344593 0.278214 0)
(0.321873 0.522026 0)
(0.219456 0.605975 0)
(0.133639 0.5358 0)
(0.055642 0.34854 0)
(3 -4.66659e-17 0)
(3 2.21415e-16 0)
(3 3.44212e-16 0)
(3 7.79133e-16 0)
(3 -4.07052e-16 0)
(3 -5.0324e-16 0)
(3 -3.31699e-16 0)
(3 -1.25007e-15 0)
(3 -7.83775e-16 0)
(3 -5.99381e-16 0)
(3 4.00277e-16 0)
(3 3.64281e-16 0)
(3 -2.12157e-16 0)
(3 3.14992e-16 0)
(3 8.69594e-16 0)
(3.00892 0.0366187 0)
(1.11276 0.287911 0)
(0.809058 0.300551 0)
(0.788515 0.382391 0)
(0.734175 0.391233 0)
(0.669746 0.383317 0)
(0.606096 0.344727 0)
(0.493448 0.258559 0)
(0.407404 0.28746 0)
(0.38616 0.333808 0)
(0.385203 0.480127 0)
(0.369831 0.519335 0)
(0.229913 0.616039 0)
(0.0446154 0.464212 0)
(0.053082 0.37868 0)
(3 8.62451e-18 0)
(3 2.78308e-16 0)
(3 2.23499e-16 0)
(3 -3.77344e-17 0)
(3 -4.26674e-16 0)
(3 -2.41392e-16 0)
(3 8.02142e-17 0)
(3 -4.24083e-17 0)
(3 -1.06446e-15 0)
(3 -1.15704e-15 0)
(3 -2.41101e-16 0)
(3 -1.75376e-16 0)
(3 -3.25408e-16 0)
(3 2.98995e-16 0)
(3 5.04496e-16 0)
(2.98933 0.0255411 0)
(1.13273 0.330578 0)
(0.83233 0.385773 0)
(0.807621 0.412722 0)
(0.744299 0.422432 0)
(0.678584 0.381108 0)
(0.578282 0.241598 0)
(0.51677 0.214813 0)
(0.460721 0.291539 0)
(0.446019 0.522603 0)
(0.388757 0.574752 0)
(0.35733 0.545268 0)
(0.213849 0.39626 0)
(0.0291703 0.464348 0)
(0.0605942 0.487613 0)
(3 1.84699e-16 0)
(3 3.88275e-16 0)
(3 3.41505e-17 0)
(3 -9.0784e-17 0)
(3 5.90841e-16 0)
(3 6.80473e-16 0)
(3 3.44811e-16 0)
(3 1.44533e-17 0)
(3 5.71001e-17 0)
(3 -1.16959e-15 0)
(3 -1.28132e-15 0)
(3 3.36099e-16 0)
(3 6.69979e-16 0)
(3 8.01612e-16 0)
(3 7.24045e-16 0)
(3.00164 0.00421901 0)
(1.16764 0.352037 0)
(0.833154 0.389219 0)
(0.822455 0.400415 0)
(0.767107 0.383861 0)
(0.652879 0.286925 0)
(0.572982 0.276443 0)
(0.525296 0.281683 0)
(0.54396 0.464017 0)
(0.492041 0.560839 0)
(0.403474 0.598313 0)
(0.301426 0.456314 0)
(0.208266 0.350974 0)
(0.0958332 0.483936 0)
(0.0860346 0.675181 0)
(3 -1.83557e-16 0)
(3 -2.57672e-16 0)
(3 5.20873e-16 0)
(3 8.58648e-16 0)
(3 1.23451e-15 0)
(3 1.61386e-15 0)
(3 4.19241e-16 0)
(3 5.51923e-16 0)
(3 -4.74447e-16 0)
(3 -9.93593e-16 0)
(3 -1.333e-15 0)
(3 7.1786e-16 0)
(3 1.46071e-15 0)
(3 1.09477e-15 0)
(3 8.96321e-16 0)
(3.00071 -0.000265108 0)
(1.23032 0.349615 0)
(0.820192 0.377066 0)
(0.805418 0.348774 0)
(0.736158 0.29136 0)
(0.673758 0.287539 0)
(0.609804 0.324756 0)
(0.619855 0.500958 0)
(0.574886 0.508741 0)
(0.522345 0.5128 0)
(0.383894 0.413149 0)
(0.265278 0.373184 0)
(0.219578 0.395833 0)
(0.167219 0.533391 0)
(0.119192 0.775013 0)
(3 -4.7576e-16 0)
(3 2.71036e-16 0)
(3 3.71098e-16 0)
(3 8.76463e-16 0)
(3 8.41127e-16 0)
(3 1.40922e-15 0)
(3 5.76934e-16 0)
(3 4.09846e-16 0)
(3 -8.60792e-16 0)
(3 -3.90458e-17 0)
(3 1.13445e-16 0)
(3 5.57841e-16 0)
(3 1.25392e-15 0)
(3 1.38068e-15 0)
(3 7.56905e-16 0)
(3.00021 -4.83577e-05 0)
(1.2911 0.296592 0)
(0.797535 0.297472 0)
(0.769708 0.299058 0)
(0.731294 0.286951 0)
(0.699747 0.33633 0)
(0.698505 0.517958 0)
(0.633966 0.571356 0)
(0.572194 0.575747 0)
(0.483307 0.435534 0)
(0.36978 0.310754 0)
(0.295975 0.352758 0)
(0.252618 0.458079 0)
(0.257921 0.739165 0)
(0.1328 0.853284 0)
(3 -9.27228e-17 0)
(3 -3.49076e-16 0)
(3 -4.92172e-17 0)
(3 3.89876e-17 0)
(3 3.12452e-16 0)
(3 9.30096e-17 0)
(3 9.28314e-18 0)
(3 -4.16361e-16 0)
(3 -4.84136e-17 0)
(3 4.36199e-16 0)
(3 6.57176e-16 0)
(3 7.16702e-16 0)
(3 6.3741e-16 0)
(3 1.22018e-15 0)
(3 1.04253e-15 0)
(3.00001 1.81961e-05 0)
(1.3481 0.291436 0)
(0.778874 0.29703 0)
(0.759036 0.325049 0)
(0.733163 0.374639 0)
(0.744589 0.502428 0)
(0.712084 0.525214 0)
(0.657691 0.531087 0)
(0.586512 0.478905 0)
(0.447713 0.326487 0)
(0.363394 0.381094 0)
(0.348513 0.492289 0)
(0.336064 0.781812 0)
(0.281193 0.830051 0)
(0.149287 0.856671 0)
(3 -1.56917e-16 0)
(3 -9.11372e-16 0)
(3 -6.61797e-16 0)
(3 -7.657e-16 0)
(3 -1.43905e-16 0)
(3 -5.59163e-16 0)
(3 -7.54613e-16 0)
(3 -5.08963e-16 0)
(3 5.46974e-16 0)
(3 4.01118e-16 0)
(3 6.03884e-16 0)
(3 7.3534e-16 0)
(3 5.39814e-16 0)
(3 9.77821e-16 0)
(3 1.43745e-15 0)
(3 -4.29491e-06 0)
(1.42833 0.308341 0)
(0.764332 0.324516 0)
(0.762645 0.363058 0)
(0.759014 0.500328 0)
(0.74195 0.538999 0)
(0.718417 0.549511 0)
(0.668516 0.518327 0)
(0.524975 0.333552 0)
(0.474798 0.295244 0)
(0.42002 0.373108 0)
(0.465844 0.753134 0)
(0.355946 0.855052 0)
(0.2687 0.876286 0)
(0.132232 0.744761 0)
(3 -2.64827e-16 0)
(3 -1.92356e-16 0)
(3 -9.22189e-16 0)
(3 -9.77267e-16 0)
(3 -4.98973e-16 0)
(3 -1.65365e-16 0)
(3 -1.20663e-15 0)
(3 -1.00551e-15 0)
(3 -4.96504e-16 0)
(3 -3.14349e-16 0)
(3 1.10071e-15 0)
(3 3.44046e-16 0)
(3 1.31474e-15 0)
(3 1.95194e-15 0)
(3 2.13991e-15 0)
(3 -8.17182e-06 0)
(1.50799 0.357178 0)
(0.79401 0.3845 0)
(0.776114 0.461061 0)
(0.766967 0.490409 0)
(0.758073 0.51482 0)
(0.736183 0.501217 0)
(0.61157 0.338419 0)
(0.52922 0.376119 0)
(0.492075 0.423165 0)
(0.537755 0.683554 0)
(0.513909 0.798668 0)
(0.398742 0.869441 0)
(0.271557 0.918009 0)
(0.103681 0.724208 0)
(3 -3.51497e-17 0)
(3 -3.04438e-16 0)
(3 -4.07279e-16 0)
(3 -2.01549e-16 0)
(3 -9.87652e-16 0)
(3 -7.12817e-16 0)
(3 -1.31698e-15 0)
(3 -1.43472e-15 0)
(3 -7.22018e-16 0)
(3 7.91291e-16 0)
(3 8.32321e-16 0)
(3 5.31392e-16 0)
(3 1.3423e-15 0)
(3 2.64915e-15 0)
(3 2.22417e-15 0)
(3 -5.47451e-06 0)
(1.63469 0.409466 0)
(0.831374 0.451708 0)
(0.776468 0.482214 0)
(0.766042 0.480807 0)
(0.744704 0.441248 0)
(0.678603 0.335386 0)
(0.632937 0.341349 0)
(0.591323 0.448818 0)
(0.624752 0.709145 0)
(0.591393 0.785695 0)
(0.611597 0.76384 0)
(0.45343 0.813696 0)
(0.283939 0.693416 0)
(0.140522 0.827703 0)
(3 1.34045e-16 0)
(3 5.53642e-17 0)
(3 4.04749e-16 0)
(3 1.02441e-16 0)
(3 -7.01075e-18 0)
(3 -5.23674e-16 0)
(3 -5.38684e-16 0)
(3 -5.62395e-16 0)
(3 1.46599e-16 0)
(3 3.94255e-16 0)
(3 5.40143e-16 0)
(3 7.17175e-16 0)
(3 6.90536e-16 0)
(3 8.37293e-16 0)
(3 4.55673e-16 0)
(3 -5.039e-07 0)
(2.06995 0.415791 0)
(0.897094 0.456275 0)
(0.772463 0.415746 0)
(0.742831 0.41334 0)
(0.716445 0.425625 0)
(0.709432 0.472819 0)
(0.709483 0.540742 0)
(0.709602 0.606074 0)
(0.68616 0.645256 0)
(0.627379 0.647411 0)
(0.584493 0.645049 0)
(0.55276 0.688827 0)
(0.594486 0.893051 0)
(0.713911 1.23838 0)
(3 5.47571e-17 0)
(3 2.16836e-16 0)
(3 -2.59666e-16 0)
(3 -6.7101e-18 0)
(3 3.01985e-16 0)
(3 -3.67406e-18 0)
(3 2.88562e-16 0)
(3 4.19316e-16 0)
(3 3.71649e-16 0)
(3 1.24844e-16 0)
(3 1.16324e-16 0)
(3 4.45832e-16 0)
(3 -2.28671e-17 0)
(3 -7.45869e-16 0)
(3 -7.45841e-16 0)
(3 -5.35846e-08 0)
(2.91566 0.16652 0)
(1.10029 0.508778 0)
(0.855295 0.461872 0)
(0.822375 0.471557 0)
(0.792482 0.501433 0)
(0.767355 0.533475 0)
(0.74846 0.563744 0)
(0.732062 0.588689 0)
(0.715866 0.613337 0)
(0.702498 0.663444 0)
(0.722159 0.751843 0)
(0.761491 0.88468 0)
(0.861699 1.01742 0)
(1.09906 1.15386 0)
(3 -7.73761e-17 0)
(3 -2.17112e-17 0)
(3 -2.61544e-16 0)
(3 3.8459e-17 0)
(3 -2.87273e-17 0)
(3 5.98472e-17 0)
(3 3.93426e-16 0)
(3 3.92497e-16 0)
(3 7.71518e-17 0)
(3 7.53252e-17 0)
(3 -7.68606e-17 0)
(3 -3.19422e-16 0)
(3 2.69771e-17 0)
(3 -1.3655e-15 0)
(3 -8.43351e-16 0)
(3 -5.88615e-09 0)
(3.03449 0.00328921 0)
(1.46241 0.517883 0)
(0.917894 0.555322 0)
(0.861785 0.554137 0)
(0.821915 0.553829 0)
(0.794065 0.559783 0)
(0.776841 0.580371 0)
(0.76899 0.616872 0)
(0.77386 0.671488 0)
(0.796722 0.737305 0)
(0.820146 0.81018 0)
(0.871201 0.898448 0)
(1.01254 0.985422 0)
(1.25851 1.03709 0)
(3 -1.18554e-17 0)
(3 -4.91127e-16 0)
(3 -1.60037e-16 0)
(3 6.33053e-17 0)
(3 8.41534e-17 0)
(3 1.79273e-16 0)
(3 1.4497e-16 0)
(3 2.24324e-16 0)
(3 2.8023e-16 0)
(3 2.28898e-16 0)
(3 -2.36671e-16 0)
(3 1.71947e-16 0)
(3 1.80402e-16 0)
(3 -1.12827e-15 0)
(3 -9.33309e-16 0)
(3 -8.99727e-11 0)
(3.00055 9.60186e-06 0)
(2.26011 0.455145 0)
(1.01586 0.61865 0)
(0.909339 0.597344 0)
(0.878273 0.599487 0)
(0.853274 0.603312 0)
(0.838935 0.619997 0)
(0.836334 0.651565 0)
(0.841748 0.694438 0)
(0.865705 0.744271 0)
(0.904477 0.806585 0)
(0.987055 0.880235 0)
(1.13119 0.941797 0)
(1.32941 0.980146 0)
(3 5.999e-17 0)
(3 2.93343e-17 0)
(3 2.2352e-16 0)
(3 1.68233e-17 0)
(3 -3.19131e-17 0)
(3 1.39513e-17 0)
(3 4.6784e-16 0)
(3 5.70348e-16 0)
(3 4.12999e-16 0)
(3 -2.64965e-17 0)
(3 -3.45504e-16 0)
(3 -6.26528e-16 0)
(3 -9.434e-16 0)
(3 -8.26609e-16 0)
(3 -8.4959e-16 0)
(3 -1.58358e-14 0)
(3.00001 -5.1721e-06 0)
(3.0505 0.0640221 0)
(1.33301 0.611327 0)
(0.993595 0.627106 0)
(0.97153 0.632525 0)
(0.945337 0.646873 0)
(0.926856 0.65538 0)
(0.916071 0.674755 0)
(0.919267 0.705143 0)
(0.944893 0.745868 0)
(0.987657 0.797255 0)
(1.07052 0.854313 0)
(1.1915 0.896055 0)
(1.3433 0.92103 0)
(3 1.37141e-16 0)
(3 4.74196e-16 0)
(3 3.21214e-16 0)
(3 -1.35737e-17 0)
(3 1.63319e-16 0)
(3 1.00361e-16 0)
(3 -1.25189e-17 0)
(3 -1.12996e-16 0)
(3 -4.84345e-16 0)
(3 -4.79652e-16 0)
(3 -6.3982e-16 0)
(3 -1.43615e-15 0)
(3 -1.56714e-15 0)
(3 -1.25783e-16 0)
(3 1.04819e-16 0)
(3 5.32436e-15 0)
(3 -1.47323e-06 0)
(3.00633 0.000272708 0)
(1.94606 0.575754 0)
(1.0332 0.695993 0)
(0.99432 0.680263 0)
(0.997592 0.697717 0)
(0.992194 0.711149 0)
(0.991001 0.725663 0)
(1.0009 0.744537 0)
(1.02518 0.77023 0)
(1.06775 0.802546 0)
(1.14139 0.839299 0)
(1.23859 0.863939 0)
(1.36366 0.880778 0)
(3 1.19664e-16 0)
(3 -6.49508e-17 0)
(3 -4.43702e-16 0)
(3 -5.13622e-16 0)
(3 1.54543e-16 0)
(3 3.44702e-16 0)
(3 1.88375e-16 0)
(3 -3.2273e-16 0)
(3 -4.32509e-16 0)
(3 -4.80353e-16 0)
(3 -4.71194e-16 0)
(3 -3.30192e-16 0)
(3 -1.29067e-16 0)
(3 5.39133e-16 0)
(3 1.14547e-15 0)
(3 1.50529e-15 0)
(3 -6.19105e-08 0)
(3.00002 7.65222e-07 0)
(2.99639 0.141016 0)
(1.32459 0.70619 0)
(1.05145 0.674005 0)
(1.06616 0.71009 0)
(1.06521 0.730127 0)
(1.06988 0.748379 0)
(1.08376 0.764325 0)
(1.10656 0.780671 0)
(1.14268 0.799906 0)
(1.20457 0.822271 0)
(1.28265 0.838525 0)
(1.38124 0.850309 0)
(3 -3.52624e-17 0)
(3 -2.19794e-16 0)
(3 -1.63535e-16 0)
(3 -1.00887e-16 0)
(3 -2.15085e-16 0)
(3 -2.01148e-16 0)
(3 -9.03998e-17 0)
(3 1.02717e-16 0)
(3 4.49419e-16 0)
(3 5.39574e-16 0)
(3 5.67382e-16 0)
(3 6.82064e-16 0)
(3 8.3388e-16 0)
(3 6.67733e-16 0)
(3 1.3632e-15 0)
(3 1.20796e-15 0)
(3 -1.09003e-10 0)
(3 -7.59744e-07 0)
(3.01297 0.00181487 0)
(1.93965 0.614975 0)
(1.12236 0.749809 0)
(1.08681 0.7488 0)
(1.09818 0.76057 0)
(1.11434 0.778106 0)
(1.13717 0.794798 0)
(1.1671 0.810392 0)
(1.20543 0.82395 0)
(1.25803 0.834998 0)
(1.32385 0.84227 0)
(1.40355 0.846067 0)
(3 -1.80653e-17 0)
(3 5.80481e-17 0)
(3 1.22369e-16 0)
(3 4.14684e-16 0)
(3 3.90835e-16 0)
(3 2.67574e-16 0)
(3 4.49254e-16 0)
(3 4.97462e-16 0)
(3 5.23603e-16 0)
(3 4.77335e-16 0)
(3 8.44594e-16 0)
(3 8.8474e-16 0)
(3 7.65886e-16 0)
(3 6.32511e-16 0)
(3 9.20352e-16 0)
(3 1.35376e-15 0)
(3 -2.7906e-14 0)
(3 -1.07943e-07 0)
(3.00007 1.26617e-05 0)
(2.96694 0.145181 0)
(1.46949 0.771172 0)
(1.13506 0.757356 0)
(1.14751 0.762825 0)
(1.16151 0.781019 0)
(1.18414 0.796693 0)
(1.21441 0.811269 0)
(1.25415 0.823331 0)
(1.30235 0.831736 0)
(1.36233 0.835397 0)
(1.42952 0.835527 0)
(3 2.8034e-18 0)
(3 -3.33984e-17 0)
(3 6.3626e-17 0)
(3 1.00518e-16 0)
(3 4.16073e-16 0)
(3 6.19512e-16 0)
(3 4.32115e-16 0)
(3 3.47694e-16 0)
(3 6.90296e-17 0)
(3 1.49811e-16 0)
(3 3.65739e-16 0)
(3 3.72354e-16 0)
(3 2.5452e-16 0)
(3 -2.01513e-17 0)
(3 5.95621e-17 0)
(3 3.48755e-16 0)
(3 7.46822e-16 0)
(3 -1.65275e-09 0)
(3 -8.11522e-07 0)
(3.00831 0.00369085 0)
(2.34138 0.55091 0)
(1.27104 0.812206 0)
(1.18644 0.811506 0)
(1.20338 0.809301 0)
(1.22045 0.816883 0)
(1.24897 0.825016 0)
(1.28813 0.833434 0)
(1.33411 0.84017 0)
(1.38917 0.842623 0)
(1.44909 0.840578 0)
(3 -2.85916e-17 0)
(3 -1.21824e-16 0)
(3 -2.82434e-16 0)
(3 -7.18925e-17 0)
(3 -6.71978e-17 0)
(3 -5.6016e-17 0)
(3 -9.88704e-17 0)
(3 -2.8959e-16 0)
(3 -5.69592e-16 0)
(3 -3.48403e-16 0)
(3 -3.14304e-16 0)
(3 -1.70224e-16 0)
(3 -3.33516e-17 0)
(3 2.33344e-17 0)
(3 -1.31387e-16 0)
(3 -9.88005e-16 0)
(3 -3.28062e-16 0)
(3 -2.39705e-12 0)
(3 -1.38958e-07 0)
(3.00003 2.91628e-05 0)
(3.01937 0.059544 0)
(1.77469 0.750613 0)
(1.25434 0.832396 0)
(1.26131 0.82762 0)
(1.2702 0.826892 0)
(1.29171 0.828373 0)
(1.32443 0.832279 0)
(1.36574 0.835408 0)
(1.41419 0.836899 0)
(1.4683 0.834495 0)
(3 -1.89948e-17 0)
(3 -4.56362e-17 0)
(3 -1.53151e-16 0)
(3 -2.4486e-16 0)
(3 -1.71122e-16 0)
(3 -2.24005e-16 0)
(3 -4.67584e-18 0)
(3 1.69576e-16 0)
(3 2.11643e-16 0)
(3 5.11507e-17 0)
(3 7.60458e-18 0)
(3 -6.28471e-17 0)
(3 -1.92596e-17 0)
(3 1.45543e-16 0)
(3 -1.18736e-16 0)
(3 -6.72586e-16 0)
(3 -2.2247e-16 0)
(3 1.55608e-17 0)
(3 -6.29406e-09 0)
(3 5.65671e-10 0)
(3.00175 0.00183498 0)
(2.81739 0.285118 0)
(1.56982 0.850525 0)
(1.29857 0.870628 0)
(1.31411 0.861953 0)
(1.3325 0.858634 0)
(1.35743 0.85542 0)
(1.39099 0.852017 0)
(1.43097 0.849607 0)
(1.47785 0.844587 0)
(3 -7.65072e-17 0)
(3 -7.47344e-17 0)
(3 -4.82263e-17 0)
(3 1.72529e-16 0)
(3 1.05307e-16 0)
(3 -6.39059e-16 0)
(3 -9.37137e-16 0)
(3 1.50786e-16 0)
(3 5.32368e-16 0)
(3 5.47542e-16 0)
(3 5.76671e-16 0)
(3 3.1854e-16 0)
(3 2.97254e-16 0)
(3 3.00926e-17 0)
(3 -6.24714e-17 0)
(3 -4.67725e-16 0)
(3 -7.44103e-17 0)
(3 4.04434e-16 0)
(3 -2.32413e-11 0)
(3 -1.45829e-10 0)
(3 4.56757e-06 0)
(3.00707 0.0146807 0)
(2.49841 0.534208 0)
(1.46884 0.902898 0)
(1.34732 0.882118 0)
(1.38188 0.872712 0)
(1.39952 0.867803 0)
(1.42663 0.860256 0)
(1.45872 0.85323 0)
(1.49742 0.844826 0)
(3 8.31748e-17 0)
(3 2.78453e-17 0)
(3 2.36322e-16 0)
(3 1.95697e-16 0)
(3 1.07824e-16 0)
(3 -3.3949e-16 0)
(3 -1.14221e-15 0)
(3 -9.93268e-16 0)
(3 -6.99749e-16 0)
(3 1.83462e-16 0)
(3 1.43483e-16 0)
(3 7.25038e-17 0)
(3 2.4803e-16 0)
(3 -2.03352e-16 0)
(3 -4.78554e-16 0)
(3 -4.86207e-16 0)
(3 -2.30778e-16 0)
(3 2.21914e-16 0)
(3 -4.1789e-14 0)
(3 -2.58271e-11 0)
(3 7.05175e-10 0)
(3.00004 0.000200635 0)
(3.0062 0.0493843 0)
(2.13438 0.717233 0)
(1.4259 0.903597 0)
(1.41285 0.903339 0)
(1.44143 0.890594 0)
(1.46428 0.882753 0)
(1.49062 0.873491 0)
(1.52125 0.863574 0)
(3 1.47148e-17 0)
(3 1.54262e-16 0)
(3 7.05332e-17 0)
(3 -4.06968e-16 0)
(3 -2.00785e-16 0)
(3 5.0924e-16 0)
(3 1.27608e-17 0)
(3 -5.52682e-16 0)
(3 -4.35795e-16 0)
(3 -4.48928e-17 0)
(3 1.27762e-17 0)
(3 -1.7166e-16 0)
(3 -5.24648e-16 0)
(3 -4.9633e-16 0)
(3 -1.96348e-16 0)
(3 -2.21102e-16 0)
(3 -3.5654e-16 0)
(3 -2.10057e-16 0)
(3 -9.00166e-16 0)
(3 -2.96521e-12 0)
(3 -2.9787e-12 0)
(3 1.21706e-07 0)
(3.0004 0.00144897 0)
(2.93589 0.152979 0)
(1.9098 0.802926 0)
(1.46895 0.91536 0)
(1.4709 0.915814 0)
(1.50217 0.90515 0)
(1.52576 0.894668 0)
(1.55183 0.883447 0)
(3 4.0825e-17 0)
(3 1.73578e-16 0)
(3 -1.12268e-16 0)
(3 -5.52163e-16 0)
(3 4.0321e-17 0)
(3 5.32055e-16 0)
(3 9.00818e-16 0)
(3 7.20548e-16 0)
(3 5.82356e-16 0)
(3 1.34489e-16 0)
(3 9.97536e-17 0)
(3 -2.71732e-16 0)
(3 -7.20984e-16 0)
(3 -7.88862e-16 0)
(3 -3.22621e-16 0)
(3 -5.9017e-16 0)
(3 -4.22771e-16 0)
(3 -6.90975e-16 0)
(3 -8.39834e-16 0)
(3 -4.54302e-14 0)
(3 -7.42985e-13 0)
(3 2.76261e-11 0)
(3 2.30494e-06 0)
(3.00067 0.00712176 0)
(2.80662 0.279821 0)
(1.81152 0.856457 0)
(1.51661 0.930777 0)
(1.52795 0.928269 0)
(1.55801 0.914783 0)
(1.58173 0.904661 0)
(3 6.5702e-17 0)
(3 -1.66761e-16 0)
(3 -7.77972e-17 0)
(3 -6.18895e-17 0)
(3 5.26138e-17 0)
(3 3.37338e-16 0)
(3 4.47838e-16 0)
(3 4.49389e-16 0)
(3 3.14601e-16 0)
(3 3.07771e-16 0)
(3 -3.83809e-16 0)
(3 -2.30322e-16 0)
(3 -8.4167e-17 0)
(3 -4.10618e-16 0)
(3 -6.46755e-16 0)
(3 -4.74877e-16 0)
(3 -6.2355e-16 0)
(3 -8.17275e-16 0)
(3 -7.74601e-16 0)
(3 1.29424e-17 0)
(3 -4.65939e-14 0)
(3 -3.93674e-14 0)
(3 7.23385e-10 0)
(3 3.43077e-05 0)
(2.9991 0.017214 0)
(2.66418 0.396478 0)
(1.77783 0.885812 0)
(1.56332 0.940138 0)
(1.57813 0.93575 0)
(1.6066 0.92364 0)
(3 -7.33935e-17 0)
(3 -1.35458e-16 0)
(3 2.2307e-17 0)
(3 -1.04858e-16 0)
(3 -8.59378e-17 0)
(3 -1.36852e-16 0)
(3 2.29945e-16 0)
(3 2.90103e-16 0)
(3 -5.62226e-17 0)
(3 -3.33931e-16 0)
(3 -1.48199e-17 0)
(3 4.35089e-16 0)
(3 7.77565e-16 0)
(3 3.90306e-16 0)
(3 -5.34157e-16 0)
(3 -1.06446e-15 0)
(3 -1.22913e-15 0)
(3 -4.10225e-16 0)
(3 4.786e-16 0)
(3 1.14088e-15 0)
(3 8.73381e-16 0)
(3 -6.81021e-15 0)
(3 6.24256e-14 0)
(3 1.85738e-08 0)
(2.99998 0.00017567 0)
(2.99232 0.0314946 0)
(2.55063 0.481834 0)
(1.77514 0.901932 0)
(1.60711 0.947072 0)
(1.6208 0.942862 0)
(3 -8.50809e-17 0)
(3 1.63579e-16 0)
(3 1.41149e-16 0)
(3 1.696e-16 0)
(3 -8.31e-17 0)
(3 -5.66141e-16 0)
(3 -5.28174e-16 0)
(3 -9.94374e-17 0)
(3 -1.46361e-17 0)
(3 -3.98451e-16 0)
(3 -1.69436e-17 0)
(3 9.30391e-16 0)
(3 1.27991e-15 0)
(3 8.06662e-16 0)
(3 -3.20789e-16 0)
(3 -7.52061e-16 0)
(3 -3.84796e-16 0)
(3 4.13201e-16 0)
(3 6.92063e-16 0)
(3 7.14402e-16 0)
(3 1.28724e-15 0)
(3 8.90049e-16 0)
(3 7.99994e-16 0)
(3 3.07665e-12 0)
(3 1.40602e-07 0)
(2.99993 0.000528265 0)
(2.9813 0.0479565 0)
(2.47405 0.536407 0)
(1.79463 0.913072 0)
(1.64714 0.952324 0)
(3 -7.6242e-17 0)
(3 -2.81464e-18 0)
(3 4.04304e-17 0)
(3 1.33933e-17 0)
(3 -1.61448e-16 0)
(3 -2.86579e-16 0)
(3 -9.36184e-16 0)
(3 -7.86387e-16 0)
(3 -4.98497e-16 0)
(3 -5.53885e-17 0)
(3 5.86989e-16 0)
(3 8.98709e-16 0)
(3 5.24069e-16 0)
(3 -2.16152e-16 0)
(3 -3.99153e-16 0)
(3 -2.2068e-16 0)
(3 4.10079e-16 0)
(3 5.479e-16 0)
(3 1.69359e-16 0)
(3 -5.4639e-16 0)
(3 -8.06534e-16 0)
(3 -1.27923e-16 0)
(3 -2.41436e-16 0)
(3 -4.45105e-17 0)
(3 3.80932e-11 0)
(3 6.44023e-07 0)
(2.99983 0.00103612 0)
(2.96419 0.0672593 0)
(2.47424 0.560422 0)
(1.78725 0.928942 0)
(3 -2.96338e-17 0)
(3 1.58488e-17 0)
(3 -8.5613e-19 0)
(3 1.37587e-16 0)
(3 2.1961e-16 0)
(3 1.84784e-16 0)
(3 3.11482e-16 0)
(3 3.10909e-16 0)
(3 1.01368e-19 0)
(3 2.36235e-16 0)
(3 1.9031e-16 0)
(3 -1.08377e-17 0)
(3 -3.10918e-16 0)
(3 -9.13578e-16 0)
(3 -1.20574e-15 0)
(3 -6.10602e-16 0)
(3 2.87886e-16 0)
(3 4.65965e-16 0)
(3 2.66264e-16 0)
(3 -1.32848e-15 0)
(3 -1.82719e-15 0)
(3 -1.56017e-15 0)
(3 -1.43608e-15 0)
(3 -1.03826e-15 0)
(3 1.72637e-15 0)
(3 2.75446e-10 0)
(3 1.39293e-06 0)
(2.99948 0.00202277 0)
(2.98087 0.0623649 0)
(2.32738 0.669415 0)
(3 -1.48191e-18 0)
(3 -4.24508e-16 0)
(3 -2.08212e-16 0)
(3 3.48162e-16 0)
(3 3.93064e-16 0)
(3 7.69614e-16 0)
(3 9.1591e-16 0)
(3 8.23326e-16 0)
(3 6.87351e-16 0)
(3 1.42029e-17 0)
(3 -6.61336e-16 0)
(3 -1.20134e-15 0)
(3 -1.24241e-15 0)
(3 -7.34246e-16 0)
(3 -5.28198e-16 0)
(3 -4.27451e-16 0)
(3 7.16044e-16 0)
(3 7.67682e-16 0)
(3 4.92584e-17 0)
(3 -8.17546e-16 0)
(3 -6.87813e-16 0)
(3 -5.36361e-16 0)
(3 -5.23845e-16 0)
(3 -1.05278e-15 0)
(3 -1.46657e-15 0)
(3 1.23767e-14 0)
(3 8.10409e-10 0)
(3 3.52764e-06 0)
(2.99987 0.00214886 0)
(2.96151 0.103273 0)
(3 1.83844e-17 0)
(3 3.4038e-17 0)
(3 5.41564e-17 0)
(3 3.87261e-17 0)
(3 1.36037e-16 0)
(3 5.25429e-16 0)
(3 2.46227e-16 0)
(3 -2.04952e-16 0)
(3 -1.56135e-16 0)
(3 -2.70257e-16 0)
(3 -3.42745e-16 0)
(3 -4.21454e-16 0)
(3 -4.77672e-16 0)
(3 -4.57481e-16 0)
(3 -1.32272e-16 0)
(3 -2.02506e-16 0)
(3 6.07697e-16 0)
(3 7.41888e-16 0)
(3 -6.68411e-16 0)
(3 -8.14026e-16 0)
(3 -8.37105e-16 0)
(3 -3.02457e-16 0)
(3 -1.09687e-16 0)
(3 2.4483e-16 0)
(3 3.2031e-16 0)
(3 2.65019e-16 0)
(3 7.28014e-14 0)
(3 1.41455e-09 0)
(3 7.99124e-06 0)
(3.00269 0.00129951 0)
(3 2.16181e-17 0)
(3 -1.13188e-16 0)
(3 -1.37937e-16 0)
(3 -2.2355e-16 0)
(3 2.55821e-16 0)
(3 9.94938e-17 0)
(3 -2.26182e-16 0)
(3 -7.61751e-16 0)
(3 -1.49812e-15 0)
(3 -1.29416e-15 0)
(3 -7.38735e-16 0)
(3 -4.06485e-16 0)
(3 -6.736e-16 0)
(3 -3.35785e-16 0)
(3 -7.11252e-18 0)
(3 -1.55948e-16 0)
(3 -2.61919e-16 0)
(3 1.28807e-16 0)
(3 -4.96581e-16 0)
(3 -5.04441e-16 0)
(3 -4.6197e-16 0)
(3 -2.23323e-16 0)
(3 1.0952e-16 0)
(3 2.09714e-16 0)
(3 9.09774e-16 0)
(3 9.59128e-16 0)
(3 7.97548e-16 0)
(3 8.6486e-14 0)
(3 6.10816e-09 0)
(3.00002 1.11446e-06 0)
(3 -6.05946e-17 0)
(3 -1.93384e-16 0)
(3 1.6122e-17 0)
(3 3.86827e-16 0)
(3 4.78988e-16 0)
(3 -7.49604e-17 0)
(3 -3.05281e-16 0)
(3 -1.41317e-16 0)
(3 -2.66595e-17 0)
(3 1.17168e-17 0)
(3 -2.46673e-16 0)
(3 -3.31223e-16 0)
(3 -6.09993e-17 0)
(3 2.82886e-16 0)
(3 3.41044e-16 0)
(3 6.53241e-16 0)
(3 -8.30335e-17 0)
(3 -6.10093e-16 0)
(3 -8.14405e-16 0)
(3 -8.51521e-16 0)
(3 -2.38385e-16 0)
(3 -4.12248e-17 0)
(3 1.14942e-16 0)
(3 4.04638e-17 0)
(3 5.39391e-17 0)
(3 4.52928e-16 0)
(3 2.56989e-16 0)
(3 7.69222e-16 0)
(3 1.22874e-12 0)
(3 1.14317e-10 0)
(3 -1.45922e-17 0)
(3 4.62787e-16 0)
(3 5.15625e-16 0)
(3 3.00102e-16 0)
(3 -6.71823e-17 0)
(3 -3.36904e-16 0)
(3 -2.08419e-17 0)
(3 6.50099e-16 0)
(3 9.01682e-16 0)
(3 1.13994e-15 0)
(3 1.10462e-15 0)
(3 8.74825e-16 0)
(3 9.7906e-16 0)
(3 3.87087e-16 0)
(3 4.51702e-16 0)
(3 8.0084e-16 0)
(3 6.82859e-16 0)
(3 -7.15338e-16 0)
(3 -1.33635e-15 0)
(3 -1.01123e-15 0)
(3 -1.8465e-16 0)
(3 -1.47261e-16 0)
(3 -9.48675e-17 0)
(3 -4.91743e-17 0)
(3 -2.28369e-16 0)
(3 -3.64143e-16 0)
(3 -3.53828e-16 0)
(3 -6.18684e-16 0)
(3 4.34608e-16 0)
(3 -1.05758e-10 0)
(3 4.09347e-17 0)
(3 3.09524e-16 0)
(3 2.4355e-16 0)
(3 -6.44037e-16 0)
(3 -1.41688e-15 0)
(3 -8.71183e-16 0)
(3 7.1722e-16 0)
(3 9.10573e-16 0)
(3 8.84743e-16 0)
(3 6.72967e-16 0)
(3 1.0535e-15 0)
(3 1.79806e-15 0)
(3 1.36298e-15 0)
(3 7.95061e-16 0)
(3 9.69558e-16 0)
(3 1.01983e-15 0)
(3 6.50242e-16 0)
(3 -5.04054e-16 0)
(3 -7.27117e-16 0)
(3 -1.58688e-16 0)
(3 7.05008e-17 0)
(3 2.67792e-16 0)
(3 2.8207e-16 0)
(3 3.01841e-16 0)
(3 3.25468e-16 0)
(3 -3.40581e-16 0)
(3 -4.3203e-16 0)
(3 3.212e-17 0)
(3 5.24969e-16 0)
(3 -1.6946e-11 0)
(3 1.15733e-16 0)
(3 -3.8705e-17 0)
(3 -3.70877e-16 0)
(3 -2.87098e-16 0)
(3 -4.81565e-17 0)
(3 5.13761e-17 0)
(3 2.89525e-16 0)
(3 5.43266e-16 0)
(3 1.01353e-15 0)
(3 -5.48789e-17 0)
(3 4.0624e-16 0)
(3 9.88559e-16 0)
(3 1.6409e-15 0)
(3 1.75444e-15 0)
(3 4.79849e-16 0)
(3 8.39112e-17 0)
(3 7.3731e-17 0)
(3 4.10664e-16 0)
(3 5.76884e-16 0)
(3 8.47704e-16 0)
(3 9.81868e-16 0)
(3 2.41668e-16 0)
(3 -1.26307e-16 0)
(3 1.26927e-16 0)
(3 -3.36312e-16 0)
(3 -5.16414e-16 0)
(3 -6.49949e-16 0)
(3 -6.69913e-17 0)
(3 9.54869e-16 0)
(3 -7.80082e-13 0)
(3 1.43549e-16 0)
(3 7.57706e-17 0)
(3 1.2732e-16 0)
(3 1.3008e-16 0)
(3 4.88676e-16 0)
(3 9.18272e-16 0)
(3 8.27146e-16 0)
(3 8.911e-16 0)
(3 4.23055e-16 0)
(3 -3.16526e-16 0)
(3 -3.70697e-16 0)
(3 -1.9326e-16 0)
(3 1.24644e-15 0)
(3 1.53795e-15 0)
(3 1.07194e-15 0)
(3 5.08792e-16 0)
(3 -5.88772e-16 0)
(3 -3.64342e-16 0)
(3 3.16989e-16 0)
(3 3.45035e-16 0)
(3 2.12698e-16 0)
(3 -4.9323e-17 0)
(3 2.01282e-17 0)
(3 2.5595e-16 0)
(3 -7.01706e-16 0)
(3 -2.06566e-15 0)
(3 -2.24582e-15 0)
(3 -8.31255e-16 0)
(3 1.31753e-16 0)
(3 -2.06666e-15 0)
(3 6.66711e-17 0)
(3 2.45986e-16 0)
(3 2.57509e-16 0)
(3 7.11371e-17 0)
(3 1.58557e-16 0)
(3 8.8131e-16 0)
(3 1.27755e-15 0)
(3 7.75936e-16 0)
(3 6.51174e-17 0)
(3 -7.83955e-16 0)
(3 -4.57984e-16 0)
(3 7.61071e-18 0)
(3 4.90846e-16 0)
(3 1.11357e-15 0)
(3 1.26546e-15 0)
(3 5.63521e-16 0)
(3 -6.70128e-16 0)
(3 -5.51784e-16 0)
(3 -3.00532e-16 0)
(3 -4.57304e-16 0)
(3 -5.99396e-16 0)
(3 -4.48015e-16 0)
(3 6.66792e-17 0)
(3 4.84042e-17 0)
(3 9.88354e-17 0)
(3 -9.68695e-16 0)
(3 -1.1485e-15 0)
(3 -2.55555e-21 0)
(3 -1.12454e-16 0)
(3 -4.76804e-17 0)
(1.60391 1.35768 0)
(1.96656 0.123467 0)
(2.07409 -0.0567297 0)
(2.08075 -0.0527004 0)
(2.08592 -0.052384 0)
(2.10138 -0.0238225 0)
(2.10483 -0.0255058 0)
(2.11954 -0.0225718 0)
(2.1499 -0.0124404 0)
(1.93451 0.0242764 0)
(0.803154 0.0167512 0)
(0.696297 -0.0402913 0)
(0.880514 -0.0644345 0)
(1.07616 -0.0525948 0)
(1.23643 -0.0309948 0)
(1.35384 -0.0183424 0)
(1.45195 -0.0158299 0)
(1.5477 -0.0156298 0)
(1.64092 -0.00880709 0)
(1.71188 -0.00499263 0)
(1.77901 -0.000537793 0)
(1.83617 0.00471626 0)
(1.8864 0.00728801 0)
(1.93392 0.0078006 0)
(1.98112 0.00776837 0)
(2.02849 0.00780206 0)
(2.0756 0.00813279 0)
(2.12464 0.0082332 0)
(2.16816 0.00928404 0)
(2.23816 0.0100257 0)
(1.86045 0.703279 0)
(2.28844 -0.0412494 0)
(2.2669 -0.167168 0)
(2.25504 -0.119387 0)
(2.23265 -0.0533322 0)
(2.21782 -0.0137319 0)
(2.21077 -0.0385706 0)
(2.21087 -0.00517849 0)
(2.22401 -0.00156445 0)
(2.12282 0.0621422 0)
(1.03397 0.0203394 0)
(0.896093 -0.0809822 0)
(1.05931 -0.095329 0)
(1.19566 -0.0610549 0)
(1.31092 -0.0292777 0)
(1.40684 -0.0146174 0)
(1.49503 -0.0164717 0)
(1.5813 -0.00747333 0)
(1.66407 -0.00889006 0)
(1.73312 -0.00645256 0)
(1.79693 0.000530133 0)
(1.85223 0.0117825 0)
(1.90099 0.0220873 0)
(1.94662 0.02537 0)
(1.99299 0.0219863 0)
(2.03978 0.0164674 0)
(2.08656 0.0136276 0)
(2.13537 0.0120523 0)
(2.17936 0.0133676 0)
(2.25002 0.015094 0)
(1.88805 0.711097 0)
(2.31208 0.376138 0)
(2.4902 -0.0642054 0)
(2.49016 -0.0839977 0)
(2.4659 -0.0886148 0)
(2.42193 -0.0433533 0)
(2.40377 -0.0647937 0)
(2.38903 -0.0475503 0)
(2.37959 -0.0287761 0)
(2.31773 -0.0760624 0)
(1.57649 0.0309115 0)
(1.27168 -0.146758 0)
(1.35034 -0.136057 0)
(1.40463 -0.0942386 0)
(1.46234 -0.0625781 0)
(1.52485 -0.042476 0)
(1.59283 -0.0335829 0)
(1.66015 -0.0282726 0)
(1.7234 -0.0168856 0)
(1.78397 -0.00676471 0)
(1.8386 0.00267976 0)
(1.88772 0.0116706 0)
(1.93309 0.0223678 0)
(1.9755 0.0319427 0)
(2.01736 0.0364802 0)
(2.06046 0.0359856 0)
(2.10563 0.0340934 0)
(2.15327 0.0330608 0)
(2.1957 0.0357929 0)
(2.26309 0.0382146 0)
(1.81165 0.791948 0)
(2.29318 0.395072 0)
(2.56491 -0.00788332 0)
(2.61099 -0.162681 0)
(2.59916 -0.144856 0)
(2.56275 -0.0978114 0)
(2.55181 -0.0384042 0)
(2.52796 -0.0150383 0)
(2.51851 -0.015502 0)
(2.39941 -0.217323 0)
(2.01663 -0.234106 0)
(1.53583 -0.0793552 0)
(1.54715 -0.119798 0)
(1.56908 -0.0818205 0)
(1.60016 -0.0400367 0)
(1.64542 -0.0209633 0)
(1.69813 -0.0175444 0)
(1.75072 -0.0151947 0)
(1.79955 -0.00588625 0)
(1.84719 0.00428718 0)
(1.89249 0.0135086 0)
(1.93551 0.0218443 0)
(1.97704 0.0294051 0)
(2.01653 0.0355532 0)
(2.05565 0.0393581 0)
(2.09647 0.0395987 0)
(2.13946 0.0391633 0)
(2.18463 0.0366057 0)
(2.22471 0.0386285 0)
(2.28738 0.043876 0)
(1.77781 0.758906 0)
(2.17171 0.535559 0)
(2.49548 0.129944 0)
(2.59154 -0.0143153 0)
(2.64198 -0.139328 0)
(2.62787 -0.140267 0)
(2.61802 -0.104315 0)
(2.58592 -0.0324194 0)
(2.58984 -0.0258736 0)
(2.34395 -0.335791 0)
(2.17565 -0.551246 0)
(1.64785 -0.181109 0)
(1.59143 -0.090319 0)
(1.64021 -0.0696422 0)
(1.67853 -0.0445365 0)
(1.72284 -0.0275611 0)
(1.7716 -0.0223349 0)
(1.81903 -0.0161467 0)
(1.86116 -0.00259271 0)
(1.901 0.0118226 0)
(1.94064 0.0252006 0)
(1.9807 0.0354933 0)
(2.02136 0.0435881 0)
(2.06076 0.0495308 0)
(2.09896 0.0534928 0)
(2.13736 0.0549884 0)
(2.17685 0.056405 0)
(2.21785 0.055901 0)
(2.25409 0.0597329 0)
(2.31147 0.0644161 0)
(1.71502 0.780275 0)
(2.11053 0.566262 0)
(2.39128 0.272632 0)
(2.55999 0.00339198 0)
(2.62476 -0.115095 0)
(2.64054 -0.166499 0)
(2.62773 -0.139512 0)
(2.61082 -0.0818161 0)
(2.60133 -0.084544 0)
(2.21886 -0.468275 0)
(2.13037 -0.70921 0)
(1.75071 -0.288361 0)
(1.59509 -0.111434 0)
(1.66716 -0.0583218 0)
(1.71632 -0.0254964 0)
(1.76479 -0.0102314 0)
(1.81342 -0.0088569 0)
(1.8575 -0.00512889 0)
(1.89765 0.00838708 0)
(1.93598 0.0248709 0)
(1.97515 0.0394274 0)
(2.01619 0.0489047 0)
(2.05859 0.0554306 0)
(2.09979 0.0606501 0)
(2.13843 0.0655086 0)
(2.17498 0.0687065 0)
(2.21115 0.0719813 0)
(2.24826 0.0725554 0)
(2.28122 0.0785291 0)
(2.33462 0.0855616 0)
(1.69214 0.77267 0)
(2.01604 0.633817 0)
(2.32208 0.325368 0)
(2.46727 0.16045 0)
(2.58287 -0.0505038 0)
(2.62927 -0.145698 0)
(2.636 -0.140342 0)
(2.62661 -0.117732 0)
(2.53657 -0.208583 0)
(2.12444 -0.554837 0)
(2.087 -0.732834 0)
(1.93411 -0.472648 0)
(1.63877 -0.137368 0)
(1.68264 -0.0615123 0)
(1.74183 -0.0265217 0)
(1.79312 -0.0149546 0)
(1.8402 -0.00800396 0)
(1.88071 0.00283801 0)
(1.91928 0.0196652 0)
(1.95911 0.0378137 0)
(2.00063 0.0542079 0)
(2.04353 0.0650669 0)
(2.0872 0.0722495 0)
(2.12958 0.0772983 0)
(2.16903 0.0813627 0)
(2.20441 0.0835773 0)
(2.2377 0.0874865 0)
(2.27177 0.0895909 0)
(2.30288 0.0981009 0)
(2.35522 0.106239 0)
(1.66286 0.788388 0)
(1.96742 0.653498 0)
(2.23279 0.41063 0)
(2.40837 0.23411 0)
(2.53771 0.0179394 0)
(2.61286 -0.103608 0)
(2.64066 -0.142946 0)
(2.63033 -0.143893 0)
(2.39698 -0.393294 0)
(2.082 -0.609169 0)
(2.04507 -0.728061 0)
(2.01638 -0.625648 0)
(1.82271 -0.239925 0)
(1.70816 -0.0677106 0)
(1.7709 -0.023209 0)
(1.819 -0.00788965 0)
(1.86183 0.00196685 0)
(1.9 0.0134288 0)
(1.93864 0.0298692 0)
(1.97992 0.0486764 0)
(2.0229 0.0674305 0)
(2.06615 0.0797817 0)
(2.10979 0.0873709 0)
(2.15213 0.0909941 0)
(2.19091 0.0939683 0)
(2.22449 0.0975713 0)
(2.255 0.105182 0)
(2.28654 0.111094 0)
(2.31728 0.12212 0)
(2.37159 0.129182 0)
(1.65528 0.785228 0)
(1.9143 0.680854 0)
(2.18653 0.445709 0)
(2.33596 0.326071 0)
(2.48853 0.0937149 0)
(2.57572 -0.0155753 0)
(2.6272 -0.109556 0)
(2.61453 -0.162862 0)
(2.25815 -0.553372 0)
(2.03492 -0.700275 0)
(2.03259 -0.707647 0)
(2.04729 -0.670511 0)
(1.98476 -0.414221 0)
(1.79343 -0.105107 0)
(1.80711 -0.0233875 0)
(1.85059 -0.000680421 0)
(1.88854 0.0134779 0)
(1.92376 0.0257469 0)
(1.96224 0.0427041 0)
(2.00344 0.0601999 0)
(2.04561 0.0771018 0)
(2.08606 0.0915767 0)
(2.12553 0.102065 0)
(2.16401 0.107855 0)
(2.20081 0.112468 0)
(2.23522 0.11578 0)
(2.26804 0.121989 0)
(2.30165 0.126889 0)
(2.33322 0.138578 0)
(2.3865 0.148184 0)
(1.64555 0.799615 0)
(1.88171 0.690468 0)
(2.126 0.50887 0)
(2.2829 0.385498 0)
(2.43618 0.161289 0)
(2.52734 0.0786314 0)
(2.61454 -0.0868543 0)
(2.567 -0.218327 0)
(2.1236 -0.679834 0)
(2.02843 -0.758594 0)
(2.03207 -0.717148 0)
(2.0699 -0.687556 0)
(2.07225 -0.555819 0)
(1.94755 -0.215775 0)
(1.85316 -0.0311081 0)
(1.88549 0.0111986 0)
(1.92142 0.0231286 0)
(1.9561 0.0376725 0)
(1.99253 0.0549925 0)
(2.03077 0.0704421 0)
(2.06988 0.0862159 0)
(2.10756 0.100173 0)
(2.14354 0.112495 0)
(2.17886 0.120654 0)
(2.21453 0.126712 0)
(2.24842 0.131203 0)
(2.28017 0.139565 0)
(2.31165 0.147438 0)
(2.34056 0.161173 0)
(2.39168 0.170807 0)
(1.64505 0.804246 0)
(1.86045 0.698035 0)
(2.09797 0.548298 0)
(2.23349 0.440471 0)
(2.39055 0.219339 0)
(2.49012 0.155459 0)
(2.57902 -0.0447694 0)
(2.42746 -0.324337 0)
(2.07462 -0.66877 0)
(2.02765 -0.779982 0)
(2.04905 -0.746799 0)
(2.10036 -0.710346 0)
(2.13172 -0.638671 0)
(2.09982 -0.399491 0)
(1.9359 -0.0818304 0)
(1.92338 0.0166673 0)
(1.959 0.0316841 0)
(1.99071 0.0526305 0)
(2.02314 0.0728198 0)
(2.05821 0.0872214 0)
(2.09591 0.0981163 0)
(2.13224 0.107915 0)
(2.16566 0.120397 0)
(2.19633 0.134074 0)
(2.22665 0.146503 0)
(2.25922 0.153065 0)
(2.29287 0.15979 0)
(2.32608 0.165017 0)
(2.35477 0.177202 0)
(2.40285 0.187663 0)
(1.63563 0.817123 0)
(1.8408 0.714386 0)
(2.05513 0.605774 0)
(2.19726 0.476155 0)
(2.34783 0.283602 0)
(2.43703 0.247499 0)
(2.48687 -0.00649012 0)
(2.26453 -0.43361 0)
(2.01537 -0.700871 0)
(2.03123 -0.733544 0)
(2.086 -0.736266 0)
(2.13654 -0.72088 0)
(2.1807 -0.684687 0)
(2.18853 -0.55661 0)
(2.07905 -0.214002 0)
(1.97494 -0.00798127 0)
(1.99308 0.0564963 0)
(2.02206 0.0712577 0)
(2.05633 0.083453 0)
(2.09078 0.0964067 0)
(2.12455 0.110859 0)
(2.15689 0.122962 0)
(2.18803 0.134938 0)
(2.21737 0.147555 0)
(2.24656 0.162002 0)
(2.27735 0.172252 0)
(2.3093 0.181635 0)
(2.34186 0.186855 0)
(2.36949 0.197514 0)
(2.41355 0.206978 0)
(1.63495 0.819285 0)
(1.83301 0.725251 0)
(2.02676 0.645456 0)
(2.17396 0.499866 0)
(2.32268 0.348099 0)
(2.41718 0.295996 0)
(2.36076 -0.0143394 0)
(2.11647 -0.525904 0)
(1.99875 -0.700909 0)
(2.03709 -0.714327 0)
(2.10154 -0.728552 0)
(2.16125 -0.713116 0)
(2.19751 -0.695168 0)
(2.24686 -0.641888 0)
(2.21815 -0.422356 0)
(2.06575 -0.0729186 0)
(2.03226 0.0514786 0)
(2.05659 0.0830831 0)
(2.08557 0.100591 0)
(2.11847 0.115964 0)
(2.15102 0.129402 0)
(2.18259 0.139596 0)
(2.21283 0.151961 0)
(2.24031 0.166286 0)
(2.26689 0.183688 0)
(2.29544 0.196722 0)
(2.32666 0.206595 0)
(2.3595 0.209714 0)
(2.38647 0.217446 0)
(2.42714 0.225035 0)
(1.63477 0.832496 0)
(1.82214 0.747913 0)
(1.9873 0.680406 0)
(2.15018 0.521655 0)
(2.28818 0.430063 0)
(2.37769 0.300464 0)
(2.27257 -0.0606537 0)
(2.02421 -0.525699 0)
(1.99531 -0.665305 0)
(2.04475 -0.67941 0)
(2.10693 -0.686654 0)
(2.16771 -0.692996 0)
(2.22638 -0.683488 0)
(2.27897 -0.664817 0)
(2.30123 -0.568778 0)
(2.22328 -0.252124 0)
(2.0925 0.0132003 0)
(2.09076 0.09648 0)
(2.11505 0.114896 0)
(2.14685 0.129956 0)
(2.17815 0.145869 0)
(2.20802 0.160063 0)
(2.23721 0.175759 0)
(2.2644 0.190615 0)
(2.29044 0.205762 0)
(2.31781 0.217459 0)
(2.34685 0.228347 0)
(2.37729 0.232152 0)
(2.4023 0.239599 0)
(2.4406 0.245418 0)
(1.64498 0.842063 0)
(1.82154 0.768925 0)
(1.95997 0.695011 0)
(2.1246 0.543035 0)
(2.26069 0.493133 0)
(2.32029 0.298487 0)
(2.12766 -0.181822 0)
(1.96513 -0.506798 0)
(1.9914 -0.604551 0)
(2.05208 -0.643562 0)
(2.11806 -0.658609 0)
(2.18418 -0.674904 0)
(2.2484 -0.677023 0)
(2.3031 -0.662896 0)
(2.35104 -0.625191 0)
(2.34412 -0.461388 0)
(2.20664 -0.0894485 0)
(2.13096 0.0935167 0)
(2.13937 0.136823 0)
(2.16426 0.155813 0)
(2.1961 0.171075 0)
(2.22932 0.183974 0)
(2.26152 0.198864 0)
(2.29017 0.213988 0)
(2.31519 0.229457 0)
(2.33946 0.240039 0)
(2.36508 0.250529 0)
(2.39383 0.253511 0)
(2.41869 0.259177 0)
(2.45663 0.264097 0)
(1.66309 0.856316 0)
(1.81679 0.798342 0)
(1.94123 0.703141 0)
(2.10017 0.572194 0)
(2.23064 0.543016 0)
(2.21565 0.250694 0)
(1.98738 -0.264367 0)
(1.9239 -0.50534 0)
(1.97774 -0.54477 0)
(2.05673 -0.596537 0)
(2.12924 -0.622738 0)
(2.19821 -0.634795 0)
(2.2608 -0.639488 0)
(2.32524 -0.637128 0)
(2.3641 -0.628948 0)
(2.40919 -0.562241 0)
(2.35553 -0.311647 0)
(2.21111 0.0311792 0)
(2.16936 0.144757 0)
(2.1903 0.169618 0)
(2.21781 0.190128 0)
(2.24567 0.208013 0)
(2.27552 0.226037 0)
(2.30477 0.241404 0)
(2.33262 0.255306 0)
(2.35895 0.261424 0)
(2.38395 0.267523 0)
(2.41135 0.270077 0)
(2.43323 0.277853 0)
(2.4691 0.285857 0)
(1.68439 0.874763 0)
(1.81428 0.822074 0)
(1.9358 0.704621 0)
(2.08215 0.615409 0)
(2.19993 0.536282 0)
(2.10193 0.158249 0)
(1.87832 -0.301309 0)
(1.90051 -0.444387 0)
(1.97555 -0.498045 0)
(2.06222 -0.544903 0)
(2.141 -0.579758 0)
(2.21284 -0.599416 0)
(2.27865 -0.613425 0)
(2.34036 -0.614963 0)
(2.39461 -0.607027 0)
(2.43816 -0.586306 0)
(2.43762 -0.473499 0)
(2.32998 -0.123359 0)
(2.22815 0.108188 0)
(2.21797 0.190365 0)
(2.23004 0.217797 0)
(2.25768 0.23391 0)
(2.28717 0.249341 0)
(2.31831 0.261532 0)
(2.34781 0.274369 0)
(2.37533 0.279638 0)
(2.39835 0.285151 0)
(2.42136 0.290127 0)
(2.44273 0.297571 0)
(2.48308 0.302079 0)
(1.70435 0.894596 0)
(1.81394 0.832605 0)
(1.93795 0.710491 0)
(2.06533 0.667148 0)
(2.15578 0.527408 0)
(1.92367 0.00719638 0)
(1.82894 -0.299401 0)
(1.89756 -0.405927 0)
(1.99021 -0.467579 0)
(2.07721 -0.513255 0)
(2.15591 -0.545569 0)
(2.2261 -0.560636 0)
(2.28908 -0.567813 0)
(2.34566 -0.567802 0)
(2.40397 -0.567273 0)
(2.44447 -0.572767 0)
(2.47766 -0.521568 0)
(2.44946 -0.341569 0)
(2.30914 0.0377074 0)
(2.24396 0.204401 0)
(2.24331 0.243123 0)
(2.26194 0.258685 0)
(2.2914 0.272481 0)
(2.32156 0.284709 0)
(2.35018 0.294717 0)
(2.37733 0.297671 0)
(2.40573 0.302597 0)
(2.43427 0.304957 0)
(2.45678 0.314106 0)
(2.4891 0.322754 0)
(1.7135 0.914156 0)
(1.81575 0.832788 0)
(1.95 0.724989 0)
(2.05955 0.716071 0)
(2.06758 0.442407 0)
(1.79091 -0.0945432 0)
(1.81371 -0.302537 0)
(1.89489 -0.349003 0)
(1.99721 -0.411243 0)
(2.08514 -0.459286 0)
(2.16285 -0.492857 0)
(2.23337 -0.512887 0)
(2.29827 -0.52593 0)
(2.35737 -0.534269 0)
(2.4122 -0.534205 0)
(2.46247 -0.538419 0)
(2.48621 -0.527127 0)
(2.50952 -0.435732 0)
(2.43393 -0.169676 0)
(2.32382 0.122958 0)
(2.27639 0.247788 0)
(2.28378 0.27202 0)
(2.30948 0.291407 0)
(2.33873 0.306491 0)
(2.36555 0.315529 0)
(2.38674 0.317151 0)
(2.40733 0.321789 0)
(2.4334 0.3222 0)
(2.45366 0.332868 0)
(2.49238 0.343779 0)
(1.72306 0.924693 0)
(1.82524 0.834468 0)
(1.94783 0.770726 0)
(2.05327 0.709438 0)
(1.95562 0.308085 0)
(1.73586 -0.129433 0)
(1.80981 -0.266723 0)
(1.90298 -0.317803 0)
(2.00426 -0.372879 0)
(2.0938 -0.42101 0)
(2.17188 -0.455165 0)
(2.24167 -0.47471 0)
(2.30406 -0.482285 0)
(2.35776 -0.483057 0)
(2.40492 -0.480146 0)
(2.45297 -0.484045 0)
(2.49578 -0.489178 0)
(2.53266 -0.456326 0)
(2.52157 -0.338391 0)
(2.39457 0.0386739 0)
(2.32182 0.239045 0)
(2.30951 0.292559 0)
(2.3236 0.311488 0)
(2.34518 0.321773 0)
(2.37037 0.333098 0)
(2.39796 0.338579 0)
(2.42504 0.343475 0)
(2.4444 0.342469 0)
(2.4561 0.357061 0)
(2.49074 0.368458 0)
(1.77064 0.884477 0)
(1.83153 0.85238 0)
(1.96424 0.830689 0)
(2.04272 0.708226 0)
(1.77595 0.126824 0)
(1.72503 -0.139142 0)
(1.81728 -0.23117 0)
(1.91408 -0.282211 0)
(2.00742 -0.327421 0)
(2.09341 -0.36886 0)
(2.1696 -0.400498 0)
(2.2372 -0.420079 0)
(2.29836 -0.429776 0)
(2.35589 -0.435846 0)
(2.40976 -0.438503 0)
(2.45529 -0.436348 0)
(2.50613 -0.44424 0)
(2.53356 -0.444004 0)
(2.56901 -0.379084 0)
(2.52404 -0.188838 0)
(2.38819 0.173372 0)
(2.33487 0.311061 0)
(2.34058 0.332604 0)
(2.35547 0.342573 0)
(2.3754 0.356254 0)
(2.39866 0.359688 0)
(2.42373 0.363903 0)
(2.44389 0.363918 0)
(2.46631 0.380933 0)
(2.5065 0.388165 0)
(1.84455 0.795528 0)
(1.83007 0.875003 0)
(1.96047 0.880957 0)
(1.99169 0.605093 0)
(1.66071 0.0290467 0)
(1.71147 -0.135443 0)
(1.81192 -0.197025 0)
(1.91729 -0.250131 0)
(2.00977 -0.291177 0)
(2.09396 -0.327788 0)
(2.17051 -0.357289 0)
(2.24052 -0.377894 0)
(2.30427 -0.388874 0)
(2.36164 -0.392288 0)
(2.41429 -0.391634 0)
(2.4639 -0.392845 0)
(2.51185 -0.397373 0)
(2.5581 -0.40134 0)
(2.5868 -0.386347 0)
(2.59068 -0.287732 0)
(2.51103 -0.00936436 0)
(2.41725 0.241462 0)
(2.37112 0.345656 0)
(2.37531 0.365522 0)
(2.38944 0.382552 0)
(2.41042 0.384725 0)
(2.42991 0.389564 0)
(2.44743 0.389779 0)
(2.46616 0.40898 0)
(2.50284 0.412877 0)
(1.95476 0.712946 0)
(1.82161 0.948928 0)
(1.9368 0.914734 0)
(1.83114 0.387446 0)
(1.57085 -0.00366897 0)
(1.67846 -0.110325 0)
(1.79212 -0.160803 0)
(1.90384 -0.208044 0)
(2.00105 -0.248156 0)
(2.08716 -0.281476 0)
(2.16548 -0.308158 0)
(2.23737 -0.326877 0)
(2.30361 -0.338345 0)
(2.36406 -0.344234 0)
(2.41882 -0.344705 0)
(2.46627 -0.342887 0)
(2.50927 -0.34083 0)
(2.56081 -0.345785 0)
(2.59483 -0.35757 0)
(2.63486 -0.315413 0)
(2.61368 -0.183939 0)
(2.48455 0.178486 0)
(2.403 0.363715 0)
(2.39268 0.402528 0)
(2.40407 0.413386 0)
(2.42576 0.41047 0)
(2.44271 0.415975 0)
(2.461 0.41909 0)
(2.47819 0.439047 0)
(2.50942 0.423227 0)
(2.20758 0.632917 0)
(1.80525 0.967228 0)
(1.86944 0.839638 0)
(1.53579 0.19432 0)
(1.49946 -0.00771262 0)
(1.65324 -0.0934977 0)
(1.78106 -0.140181 0)
(1.8977 -0.181821 0)
(1.99902 -0.217536 0)
(2.08751 -0.246256 0)
(2.16727 -0.268319 0)
(2.24055 -0.283487 0)
(2.30822 -0.293325 0)
(2.36951 -0.298972 0)
(2.42566 -0.299991 0)
(2.4785 -0.301556 0)
(2.52815 -0.303618 0)
(2.57647 -0.302035 0)
(2.62533 -0.313975 0)
(2.64009 -0.310353 0)
(2.67477 -0.235032 0)
(2.616 -0.0335789 0)
(2.49074 0.283765 0)
(2.4184 0.420858 0)
(2.42302 0.439979 0)
(2.43725 0.440507 0)
(2.44952 0.446412 0)
(2.46991 0.45408 0)
(2.476 0.462776 0)
(2.50493 0.41006 0)
(2.76932 0.493288 0)
(1.92372 1.02772 0)
(1.73983 0.639653 0)
(1.31196 0.107139 0)
(1.45301 -0.00512644 0)
(1.62458 -0.0766419 0)
(1.75936 -0.114816 0)
(1.87779 -0.147011 0)
(1.98255 -0.176563 0)
(2.07635 -0.201409 0)
(2.16187 -0.221131 0)
(2.24031 -0.235692 0)
(2.31218 -0.24558 0)
(2.37726 -0.253037 0)
(2.43519 -0.255906 0)
(2.48677 -0.255851 0)
(2.53122 -0.253438 0)
(2.57542 -0.246532 0)
(2.6283 -0.253162 0)
(2.66657 -0.265004 0)
(2.70633 -0.237413 0)
(2.69334 -0.13661 0)
(2.59087 0.164255 0)
(2.50673 0.375703 0)
(2.45977 0.456181 0)
(2.46142 0.466279 0)
(2.4704 0.474246 0)
(2.49288 0.484822 0)
(2.49058 0.478769 0)
(2.47654 0.325817 0)
(3.23767 0.147854 0)
(2.17421 1.03943 0)
(1.53923 0.464517 0)
(1.1942 0.0787792 0)
(1.42181 -0.0100967 0)
(1.60867 -0.0642352 0)
(1.75377 -0.0952479 0)
(1.87911 -0.12426 0)
(1.98912 -0.149839 0)
(2.08671 -0.170137 0)
(2.17439 -0.185158 0)
(2.25318 -0.195265 0)
(2.32419 -0.201916 0)
(2.3887 -0.207601 0)
(2.44789 -0.21153 0)
(2.50288 -0.214429 0)
(2.55314 -0.217622 0)
(2.59798 -0.212487 0)
(2.6382 -0.201451 0)
(2.6883 -0.211882 0)
(2.71757 -0.224627 0)
(2.74567 -0.165155 0)
(2.70958 -0.0210026 0)
(2.59472 0.312538 0)
(2.49858 0.480364 0)
(2.48314 0.507739 0)
(2.49035 0.512901 0)
(2.50074 0.510539 0)
(2.49619 0.463296 0)
(2.44334 0.202509 0)
(3.1473 -0.00623252 0)
(2.51066 1.05013 0)
(1.32535 0.338972 0)
(1.14742 0.0413917 0)
(1.41515 -0.0227334 0)
(1.6133 -0.0592 0)
(1.76214 -0.0788119 0)
(1.88847 -0.0984789 0)
(1.99803 -0.115336 0)
(2.09452 -0.127753 0)
(2.18168 -0.13739 0)
(2.26167 -0.146101 0)
(2.33491 -0.15412 0)
(2.401 -0.16079 0)
(2.46032 -0.164355 0)
(2.5154 -0.165672 0)
(2.56707 -0.167019 0)
(2.61437 -0.164841 0)
(2.65994 -0.161453 0)
(2.70388 -0.160173 0)
(2.73837 -0.170665 0)
(2.76048 -0.162378 0)
(2.77497 -0.0901455 0)
(2.71004 0.130747 0)
(2.61558 0.406041 0)
(2.5148 0.528229 0)
(2.51496 0.540866 0)
(2.50981 0.500806 0)
(2.49203 0.331964 0)
(2.41126 0.0275523 0)
(3.01421 -0.00106677 0)
(2.67716 0.909147 0)
(1.28924 0.245552 0)
(1.1719 0.0360171 0)
(1.44897 -0.0167216 0)
(1.64359 -0.0406611 0)
(1.78786 -0.0611152 0)
(1.9097 -0.0762197 0)
(2.01754 -0.088285 0)
(2.11439 -0.0963821 0)
(2.20207 -0.101636 0)
(2.28151 -0.1063 0)
(2.35363 -0.111821 0)
(2.41962 -0.117899 0)
(2.47981 -0.12207 0)
(2.53558 -0.12316 0)
(2.58711 -0.122366 0)
(2.63437 -0.120075 0)
(2.67589 -0.115585 0)
(2.71352 -0.106289 0)
(2.76155 -0.127863 0)
(2.78807 -0.131598 0)
(2.81192 -0.103554 0)
(2.79489 0.00106127 0)
(2.7034 0.314134 0)
(2.60731 0.498069 0)
(2.56626 0.543353 0)
(2.51111 0.410965 0)
(2.49192 0.190423 0)
(2.41749 0.0190474 0)
(3.00206 -0.000992035 0)
(2.68536 0.583124 0)
(1.28913 0.121542 0)
(1.22396 -0.014711 0)
(1.49455 -0.0217556 0)
(1.68591 -0.0321755 0)
(1.8248 -0.0422232 0)
(1.93855 -0.0507945 0)
(2.04018 -0.0567644 0)
(2.13308 -0.0597589 0)
(2.21816 -0.0609022 0)
(2.29568 -0.0620986 0)
(2.36532 -0.06441 0)
(2.42756 -0.0677287 0)
(2.48477 -0.0703482 0)
(2.53931 -0.0709719 0)
(2.5918 -0.0700848 0)
(2.63996 -0.069242 0)
(2.68538 -0.0692232 0)
(2.72832 -0.0623628 0)
(2.76074 -0.0680334 0)
(2.80565 -0.0821125 0)
(2.82322 -0.0912623 0)
(2.85329 0.00109542 0)
(2.81239 0.128805 0)
(2.66964 0.448336 0)
(2.59314 0.476701 0)
(2.46707 0.137853 0)
(2.38579 -0.013909 0)
(2.38308 -0.0220998 0)
(3.00055 -0.000240223 0)
(2.60328 0.18359 0)
(1.30695 0.109251 0)
(1.25901 0.0287869 0)
(1.52492 -0.00730219 0)
(1.71634 -0.0144229 0)
(1.85246 -0.018476 0)
(1.96149 -0.0198883 0)
(2.05962 -0.0207143 0)
(2.15091 -0.0210355 0)
(2.23483 -0.0208491 0)
(2.31114 -0.0209361 0)
(2.38101 -0.0222392 0)
(2.44601 -0.0246119 0)
(2.50672 -0.0268721 0)
(2.5634 -0.0279145 0)
(2.61598 -0.0277072 0)
(2.66344 -0.0271386 0)
(2.70598 -0.0257395 0)
(2.74574 -0.0234681 0)
(2.78276 -0.0258297 0)
(2.81002 -0.0234894 0)
(2.81791 -0.050103 0)
(2.85167 -0.0202323 0)
(2.83761 0.0149205 0)
(2.69936 0.140385 0)
(2.54856 0.241374 0)
(2.48659 0.135077 0)
(2.36235 0.0550479 0)
(2.37201 0.00638166 0)
)
;

boundaryField
{
    inlet
    {
        type            fixedValue;
        value           uniform (3 0 0);
    }
    outlet
    {
        type            inletOutlet;
        inletValue      uniform (3 0 0);
        value           nonuniform List<vector> 
30
(
(2.23816 0.0100257 0)
(2.25002 0.015094 0)
(2.26309 0.0382146 0)
(2.28738 0.043876 0)
(2.31147 0.0644161 0)
(2.33462 0.0855616 0)
(2.35522 0.106239 0)
(2.37159 0.129182 0)
(2.3865 0.148184 0)
(2.39168 0.170807 0)
(2.40285 0.187663 0)
(2.41355 0.206978 0)
(2.42714 0.225035 0)
(2.4406 0.245418 0)
(2.45663 0.264097 0)
(2.4691 0.285857 0)
(2.48308 0.302079 0)
(2.4891 0.322754 0)
(2.49238 0.343779 0)
(2.49074 0.368458 0)
(2.5065 0.388165 0)
(2.50284 0.412877 0)
(2.50942 0.423227 0)
(2.50493 0.41006 0)
(2.47654 0.325817 0)
(2.44334 0.202509 0)
(2.41126 0.0275523 0)
(2.41749 0.0190474 0)
(2.38308 -0.0220998 0)
(2.37201 0.00638166 0)
)
;
    }
    top
    {
        type            symmetryPlane;
    }
    bottom
    {
        type            symmetryPlane;
    }
    step
    {
        type            slip;
    }
    defaultFaces
    {
        type            empty;
    }
}


// ************************************************************************* //
