/*--------------------------------*- C++ -*----------------------------------*\
  =========                 |
  \\      /  F ield         | OpenFOAM: The Open Source CFD Toolbox
   \\    /   O peration     | Website:  https://openfoam.org
    \\  /    A nd           | Version:  6.0
     \\/     M anipulation  |
\*---------------------------------------------------------------------------*/
FoamFile
{
    version     2.0;
    format      ascii;
    class       volVectorField;
    location    "2.000128";
    object      U;
}
// * * * * * * * * * * * * * * * * * * * * * * * * * * * * * * * * * * * * * //

dimensions      [0 1 -1 0 0 0 0];

internalField   nonuniform List<vector> 
2700
(
(3 -1.47741e-16 0)
(3 -3.27232e-16 0)
(3 -1.14843e-15 0)
(3 -1.0031e-15 0)
(3 -6.80052e-16 0)
(3 -4.4091e-16 0)
(3 1.89469e-17 0)
(3 5.25448e-16 0)
(3 5.30433e-16 0)
(3 5.49491e-16 0)
(3 -9.61094e-16 0)
(3 -7.2538e-16 0)
(3 -6.00591e-16 0)
(3 -2.34051e-16 0)
(3 5.58625e-16 0)
(2.41135 0.00619249 0)
(0.843298 0.0122663 0)
(0.689767 0.0165345 0)
(0.645723 0.00427129 0)
(0.589184 -0.00476648 0)
(0.523873 0.00396966 0)
(0.457759 0.0240657 0)
(0.427744 0.0315677 0)
(0.407207 -0.0182829 0)
(0.359813 -0.056715 0)
(0.276062 -0.0718359 0)
(0.187129 -0.016266 0)
(0.126855 0.0142209 0)
(0.0690595 -0.00460856 0)
(0.0420262 -0.0338533 0)
(3 4.48362e-17 0)
(3 -2.90818e-16 0)
(3 -6.87481e-16 0)
(3 -8.06923e-16 0)
(3 -9.54949e-16 0)
(3 -8.30051e-16 0)
(3 -7.5615e-16 0)
(3 5.03559e-16 0)
(3 1.0553e-15 0)
(3 1.09713e-15 0)
(3 -7.42885e-16 0)
(3 -3.68189e-16 0)
(3 -5.97418e-16 0)
(3 -1.20191e-16 0)
(3 6.21285e-16 0)
(2.41318 0.015683 0)
(0.850977 0.0222622 0)
(0.687459 0.0424885 0)
(0.639061 0.025286 0)
(0.583426 0.00868441 0)
(0.528894 0.00331383 0)
(0.476309 0.0565717 0)
(0.427877 0.096329 0)
(0.39126 0.0687243 0)
(0.326908 -0.0363263 0)
(0.259228 -0.122552 0)
(0.202195 -0.113615 0)
(0.141911 -0.0444265 0)
(0.0903319 0.0227196 0)
(0.0450206 0.0645109 0)
(3 2.48876e-16 0)
(3 4.53434e-16 0)
(3 -1.45168e-16 0)
(3 -9.24439e-16 0)
(3 -1.99282e-15 0)
(3 -8.02478e-16 0)
(3 -1.05004e-15 0)
(3 -2.36496e-16 0)
(3 2.22956e-16 0)
(3 -7.58903e-16 0)
(3 -7.41581e-16 0)
(3 -7.64793e-16 0)
(3 -4.32668e-16 0)
(3 -5.92918e-17 0)
(3 1.91481e-16 0)
(2.41255 0.0275251 0)
(0.853174 0.0440347 0)
(0.680519 0.0530562 0)
(0.62828 0.035416 0)
(0.574653 0.0161568 0)
(0.53361 0.0253359 0)
(0.493865 0.0635285 0)
(0.432753 0.096546 0)
(0.358232 0.0743124 0)
(0.297902 -0.016666 0)
(0.253981 -0.0519976 0)
(0.227089 -0.0340722 0)
(0.160078 0.00204585 0)
(0.106463 0.0520156 0)
(0.0382411 0.0327326 0)
(3 1.55735e-16 0)
(3 -2.17537e-16 0)
(3 -5.87939e-16 0)
(3 -5.43559e-16 0)
(3 -1.00872e-15 0)
(3 -1.06791e-15 0)
(3 -4.08099e-16 0)
(3 -2.75526e-17 0)
(3 -1.52979e-16 0)
(3 -7.10923e-16 0)
(3 -2.67304e-16 0)
(3 -1.18204e-15 0)
(3 -5.86136e-16 0)
(3 -6.692e-17 0)
(3 1.53507e-16 0)
(2.42353 0.0386021 0)
(0.858516 0.0605355 0)
(0.677246 0.0600461 0)
(0.624029 0.0434101 0)
(0.574959 0.0351614 0)
(0.547028 0.051857 0)
(0.50189 0.0617718 0)
(0.435692 0.0700415 0)
(0.342688 0.0587415 0)
(0.276292 0.0490198 0)
(0.246072 0.0536637 0)
(0.226788 0.0768986 0)
(0.161429 0.0898708 0)
(0.102273 0.0751099 0)
(0.035207 0.0480937 0)
(3 3.69529e-17 0)
(3 -2.35187e-16 0)
(3 -5.10354e-16 0)
(3 -4.94506e-16 0)
(3 4.6415e-16 0)
(3 -4.54858e-16 0)
(3 2.89899e-16 0)
(3 8.2945e-17 0)
(3 4.91235e-17 0)
(3 3.84573e-16 0)
(3 -4.55433e-16 0)
(3 -1.48758e-15 0)
(3 3.9561e-17 0)
(3 3.07656e-17 0)
(3 2.96881e-16 0)
(2.45298 0.0510977 0)
(0.86827 0.0720537 0)
(0.675051 0.0552225 0)
(0.626976 0.0589543 0)
(0.584976 0.0810289 0)
(0.54874 0.0834288 0)
(0.49688 0.0559281 0)
(0.433452 0.0198698 0)
(0.351358 0.0368209 0)
(0.295732 0.112275 0)
(0.268432 0.154397 0)
(0.235521 0.175245 0)
(0.157912 0.170626 0)
(0.0744454 0.0933892 0)
(0.0371273 0.0550318 0)
(3 1.29958e-16 0)
(3 6.33216e-17 0)
(3 -1.2714e-16 0)
(3 -1.95128e-16 0)
(3 -4.50663e-16 0)
(3 -3.07328e-16 0)
(3 -2.73002e-16 0)
(3 -5.12617e-16 0)
(3 5.94414e-16 0)
(3 1.05851e-15 0)
(3 -5.01608e-16 0)
(3 -4.89428e-16 0)
(3 -3.15849e-16 0)
(3 -2.50135e-16 0)
(3 -4.15606e-16 0)
(2.4884 0.0619348 0)
(0.871124 0.0776553 0)
(0.679207 0.0548833 0)
(0.639009 0.0852753 0)
(0.590433 0.11614 0)
(0.542012 0.108504 0)
(0.484128 0.0637674 0)
(0.425751 0.017071 0)
(0.382381 0.0309191 0)
(0.327177 0.133818 0)
(0.273495 0.23345 0)
(0.228805 0.224535 0)
(0.144524 0.145525 0)
(0.0581649 0.118656 0)
(0.0439262 0.107116 0)
(3 -1.16753e-16 0)
(3 -3.4789e-17 0)
(3 2.262e-16 0)
(3 -2.2621e-17 0)
(3 -7.4994e-16 0)
(3 -1.05883e-15 0)
(3 -1.72108e-15 0)
(3 -1.03673e-15 0)
(3 -1.37618e-16 0)
(3 -4.22271e-16 0)
(3 9.40969e-18 0)
(3 7.66815e-16 0)
(3 -3.88381e-16 0)
(3 -5.86295e-16 0)
(3 -8.8175e-16 0)
(2.52795 0.0663847 0)
(0.867247 0.0841936 0)
(0.690593 0.0767249 0)
(0.652733 0.114459 0)
(0.597365 0.128433 0)
(0.536578 0.126861 0)
(0.474234 0.0994322 0)
(0.420022 0.0757732 0)
(0.398996 0.124248 0)
(0.354135 0.174423 0)
(0.293371 0.1951 0)
(0.19931 0.125369 0)
(0.129199 0.084747 0)
(0.0656438 0.130219 0)
(0.0477474 0.176527 0)
(3 -2.514e-16 0)
(3 -1.05607e-16 0)
(3 4.19309e-17 0)
(3 -7.21135e-17 0)
(3 -1.02942e-15 0)
(3 -9.14477e-16 0)
(3 -1.58861e-15 0)
(3 -8.72826e-16 0)
(3 -9.37047e-16 0)
(3 -1.01942e-16 0)
(3 1.26488e-15 0)
(3 1.59649e-15 0)
(3 2.43764e-16 0)
(3 -8.27463e-16 0)
(3 -9.56523e-16 0)
(2.56484 0.0740429 0)
(0.873965 0.104171 0)
(0.703074 0.127385 0)
(0.660433 0.123684 0)
(0.603138 0.125281 0)
(0.535393 0.111358 0)
(0.471056 0.122012 0)
(0.431786 0.159156 0)
(0.411735 0.168067 0)
(0.36183 0.160871 0)
(0.272776 0.0990179 0)
(0.177939 0.0516164 0)
(0.139971 0.0628974 0)
(0.101348 0.140014 0)
(0.0571989 0.225359 0)
(3 -2.24229e-16 0)
(3 -2.15098e-16 0)
(3 9.76465e-19 0)
(3 -1.59199e-16 0)
(3 -2.52266e-16 0)
(3 -3.8436e-16 0)
(3 -5.01984e-16 0)
(3 -3.82733e-16 0)
(3 -6.48673e-17 0)
(3 8.96373e-16 0)
(3 1.23986e-15 0)
(3 8.09027e-16 0)
(3 9.82737e-17 0)
(3 -3.30531e-16 0)
(3 -1.03376e-15 0)
(2.59395 0.0838658 0)
(0.893839 0.135449 0)
(0.704317 0.162991 0)
(0.659988 0.141497 0)
(0.601755 0.111587 0)
(0.536854 0.105106 0)
(0.483827 0.141456 0)
(0.446375 0.207807 0)
(0.411263 0.225573 0)
(0.336358 0.158111 0)
(0.244054 0.0604116 0)
(0.193534 0.0556383 0)
(0.156865 0.100095 0)
(0.133371 0.171011 0)
(0.0646363 0.20386 0)
(3 1.36488e-16 0)
(3 8.3663e-17 0)
(3 1.9443e-16 0)
(3 4.77186e-16 0)
(3 4.07444e-17 0)
(3 -2.89827e-16 0)
(3 -7.87355e-17 0)
(3 -4.08472e-16 0)
(3 6.70525e-16 0)
(3 1.30337e-15 0)
(3 1.41967e-15 0)
(3 7.66575e-16 0)
(3 1.12788e-16 0)
(3 -7.32544e-16 0)
(3 -1.06978e-15 0)
(2.63029 0.091488 0)
(0.912047 0.164261 0)
(0.699465 0.181993 0)
(0.652216 0.148844 0)
(0.59087 0.103656 0)
(0.547783 0.0893985 0)
(0.514337 0.141849 0)
(0.464233 0.195973 0)
(0.393017 0.189658 0)
(0.311212 0.11371 0)
(0.230555 0.0904491 0)
(0.206458 0.147003 0)
(0.166009 0.210232 0)
(0.140391 0.208739 0)
(0.0559472 0.104117 0)
(3 4.53516e-17 0)
(3 -1.58099e-16 0)
(3 2.49571e-16 0)
(3 3.28477e-16 0)
(3 3.5284e-17 0)
(3 -1.37836e-16 0)
(3 -1.34846e-16 0)
(3 -2.12368e-17 0)
(3 7.12567e-16 0)
(3 1.21869e-15 0)
(3 8.71406e-16 0)
(3 8.35969e-16 0)
(3 1.51905e-16 0)
(3 -8.91159e-16 0)
(3 -1.0563e-15 0)
(2.67112 0.0948247 0)
(0.928607 0.181101 0)
(0.696722 0.1732 0)
(0.640485 0.133591 0)
(0.584059 0.128421 0)
(0.558335 0.152359 0)
(0.525681 0.185452 0)
(0.472719 0.169649 0)
(0.382296 0.139008 0)
(0.297857 0.125631 0)
(0.245406 0.16476 0)
(0.243112 0.254428 0)
(0.170377 0.297436 0)
(0.10045 0.216419 0)
(0.0445287 0.101271 0)
(3 -3.21574e-17 0)
(3 1.79958e-16 0)
(3 2.42826e-16 0)
(3 -2.11889e-16 0)
(3 1.07276e-16 0)
(3 8.29876e-17 0)
(3 7.27145e-16 0)
(3 1.02171e-15 0)
(3 1.51736e-15 0)
(3 1.17319e-15 0)
(3 -2.26811e-16 0)
(3 -2.74393e-16 0)
(3 -7.54e-17 0)
(3 5.10833e-16 0)
(3 -4.99526e-16 0)
(2.7131 0.0985779 0)
(0.940868 0.182334 0)
(0.684494 0.149686 0)
(0.638019 0.137257 0)
(0.597429 0.164976 0)
(0.570442 0.217542 0)
(0.524492 0.208299 0)
(0.462434 0.156458 0)
(0.375546 0.0989069 0)
(0.327371 0.118635 0)
(0.291919 0.218095 0)
(0.26272 0.316788 0)
(0.161711 0.323328 0)
(0.0503042 0.220889 0)
(0.037734 0.103932 0)
(3 -1.03444e-16 0)
(3 8.1099e-17 0)
(3 9.87987e-17 0)
(3 -2.4377e-18 0)
(3 2.09417e-16 0)
(3 7.77848e-16 0)
(3 1.32713e-15 0)
(3 2.13064e-15 0)
(3 1.95706e-15 0)
(3 5.35594e-16 0)
(3 -2.50072e-16 0)
(3 -9.11075e-16 0)
(3 -7.89738e-16 0)
(3 6.43301e-16 0)
(3 5.04804e-16 0)
(2.76719 0.100532 0)
(0.952348 0.189301 0)
(0.682296 0.148793 0)
(0.656264 0.159652 0)
(0.626083 0.232957 0)
(0.578292 0.257813 0)
(0.513509 0.245397 0)
(0.441323 0.170934 0)
(0.380288 0.119466 0)
(0.355351 0.18472 0)
(0.321819 0.296396 0)
(0.276345 0.322206 0)
(0.159577 0.301894 0)
(0.0120345 0.266625 0)
(0.0384065 0.254267 0)
(3 1.87827e-16 0)
(3 9.15157e-18 0)
(3 3.0538e-16 0)
(3 -1.19871e-16 0)
(3 5.13011e-17 0)
(3 5.0724e-16 0)
(3 5.33961e-16 0)
(3 1.3163e-15 0)
(3 1.90815e-15 0)
(3 1.04794e-15 0)
(3 2.44812e-17 0)
(3 -1.1093e-16 0)
(3 3.26794e-16 0)
(3 8.21959e-16 0)
(3 4.74688e-16 0)
(2.84853 0.0981757 0)
(0.971435 0.195807 0)
(0.699074 0.168946 0)
(0.690385 0.2205 0)
(0.652199 0.240332 0)
(0.590553 0.255318 0)
(0.510969 0.222813 0)
(0.42807 0.200776 0)
(0.399678 0.243605 0)
(0.386598 0.31408 0)
(0.339391 0.31404 0)
(0.261405 0.280887 0)
(0.154474 0.199449 0)
(0.0389587 0.297643 0)
(0.0627648 0.392818 0)
(3 -8.36096e-18 0)
(3 2.84531e-16 0)
(3 2.00663e-16 0)
(3 4.17369e-16 0)
(3 6.85349e-16 0)
(3 2.79046e-16 0)
(3 -1.46522e-16 0)
(3 8.02823e-16 0)
(3 6.888e-16 0)
(3 -1.65612e-16 0)
(3 3.31378e-16 0)
(3 1.68331e-15 0)
(3 1.33451e-15 0)
(3 1.0374e-15 0)
(3 -5.94364e-16 0)
(2.9224 0.0903091 0)
(1.01075 0.223707 0)
(0.743599 0.235067 0)
(0.714637 0.243356 0)
(0.66217 0.233778 0)
(0.599637 0.208335 0)
(0.513008 0.194059 0)
(0.451578 0.231242 0)
(0.436431 0.333203 0)
(0.392946 0.376398 0)
(0.3253 0.342668 0)
(0.221779 0.180566 0)
(0.165204 0.188382 0)
(0.105299 0.310839 0)
(0.0745063 0.445653 0)
(3 -2.84398e-16 0)
(3 -4.35262e-16 0)
(3 -2.96881e-16 0)
(3 8.43363e-16 0)
(3 8.30021e-16 0)
(3 1.91606e-16 0)
(3 -2.33566e-16 0)
(3 3.22047e-16 0)
(3 -3.72946e-16 0)
(3 -5.76257e-16 0)
(3 3.24656e-16 0)
(3 1.85791e-15 0)
(3 1.42923e-15 0)
(3 8.22927e-16 0)
(3 -3.19927e-16 0)
(2.97961 0.0581082 0)
(1.05834 0.264332 0)
(0.766627 0.26542 0)
(0.72663 0.264741 0)
(0.664358 0.251689 0)
(0.593548 0.170324 0)
(0.534724 0.160696 0)
(0.503142 0.261174 0)
(0.472461 0.366903 0)
(0.396693 0.404002 0)
(0.28084 0.280736 0)
(0.208243 0.178712 0)
(0.186425 0.194375 0)
(0.17118 0.31428 0)
(0.0882398 0.443015 0)
(3 1.66596e-17 0)
(3 -3.68892e-16 0)
(3 -2.86848e-16 0)
(3 3.24329e-16 0)
(3 8.73834e-17 0)
(3 2.00565e-16 0)
(3 6.39865e-16 0)
(3 5.01812e-16 0)
(3 -4.21729e-18 0)
(3 1.00173e-16 0)
(3 5.15159e-16 0)
(3 6.56208e-16 0)
(3 1.23558e-15 0)
(3 1.56026e-15 0)
(3 6.2835e-17 0)
(2.99274 0.0275623 0)
(1.087 0.273003 0)
(0.776684 0.264402 0)
(0.74149 0.263783 0)
(0.661118 0.216476 0)
(0.586059 0.198213 0)
(0.556118 0.223421 0)
(0.543935 0.315515 0)
(0.500803 0.33844 0)
(0.387891 0.27122 0)
(0.248043 0.22716 0)
(0.207588 0.226837 0)
(0.200282 0.270712 0)
(0.204186 0.344207 0)
(0.0858319 0.279258 0)
(3 1.70868e-16 0)
(3 3.75599e-16 0)
(3 1.22536e-16 0)
(3 -1.83818e-16 0)
(3 4.5572e-16 0)
(3 1.36135e-16 0)
(3 -3.12026e-16 0)
(3 9.182e-16 0)
(3 1.16699e-15 0)
(3 6.02001e-16 0)
(3 1.04649e-15 0)
(3 5.85018e-16 0)
(3 1.30201e-15 0)
(3 9.37007e-16 0)
(3 7.62963e-17 0)
(3.00495 0.0119068 0)
(1.11523 0.254629 0)
(0.776885 0.254199 0)
(0.734953 0.225506 0)
(0.658166 0.217766 0)
(0.605533 0.243245 0)
(0.595979 0.338104 0)
(0.559545 0.341275 0)
(0.491553 0.288964 0)
(0.366483 0.182675 0)
(0.271362 0.229089 0)
(0.24931 0.366899 0)
(0.207431 0.447432 0)
(0.181921 0.374026 0)
(0.0619606 0.226896 0)
(3 6.4595e-17 0)
(3 1.64149e-16 0)
(3 -2.6052e-16 0)
(3 -6.9963e-16 0)
(3 -4.23619e-17 0)
(3 -4.28941e-16 0)
(3 -3.38696e-16 0)
(3 4.04698e-16 0)
(3 4.88159e-18 0)
(3 1.79097e-15 0)
(3 2.06571e-15 0)
(3 1.21007e-15 0)
(3 3.96617e-17 0)
(3 -1.05969e-15 0)
(3 -2.22225e-16 0)
(3.01004 0.00362717 0)
(1.13972 0.236386 0)
(0.763351 0.231089 0)
(0.723357 0.212792 0)
(0.673497 0.226593 0)
(0.649485 0.349124 0)
(0.602489 0.390125 0)
(0.552609 0.371969 0)
(0.457552 0.246001 0)
(0.371652 0.187866 0)
(0.323491 0.246876 0)
(0.305065 0.465432 0)
(0.206075 0.520099 0)
(0.11677 0.408769 0)
(0.0506465 0.24674 0)
(3 -9.74138e-17 0)
(3 -7.17776e-16 0)
(3 -7.08727e-16 0)
(3 -7.64455e-16 0)
(3 -6.33424e-16 0)
(3 -1.3622e-16 0)
(3 3.29992e-16 0)
(3 4.88966e-17 0)
(3 4.59902e-17 0)
(3 9.35568e-16 0)
(3 1.08595e-15 0)
(3 8.30315e-16 0)
(3 -1.24633e-15 0)
(3 -8.94357e-16 0)
(3 -4.04182e-17 0)
(3.00393 0.00118411 0)
(1.17328 0.236611 0)
(0.743031 0.231754 0)
(0.720819 0.230979 0)
(0.700284 0.323454 0)
(0.668564 0.365233 0)
(0.614129 0.386421 0)
(0.5422 0.335356 0)
(0.432351 0.249633 0)
(0.37515 0.243044 0)
(0.385294 0.386137 0)
(0.347558 0.515625 0)
(0.20275 0.574972 0)
(0.052286 0.454541 0)
(0.0432673 0.28308 0)
(3 -6.48692e-16 0)
(3 -5.69851e-16 0)
(3 5.35277e-17 0)
(3 2.0237e-16 0)
(3 -2.82297e-17 0)
(3 2.88659e-16 0)
(3 9.2542e-16 0)
(3 -4.406e-16 0)
(3 3.68134e-16 0)
(3 3.02879e-16 0)
(3 -4.36946e-17 0)
(3 -9.74658e-16 0)
(3 -1.20022e-15 0)
(3 -5.13808e-17 0)
(3 -2.18498e-16 0)
(3.00035 0.000351165 0)
(1.20971 0.259879 0)
(0.741046 0.243869 0)
(0.728264 0.323854 0)
(0.699403 0.357572 0)
(0.671966 0.361582 0)
(0.621053 0.360227 0)
(0.512075 0.292052 0)
(0.435299 0.269791 0)
(0.426735 0.384288 0)
(0.42397 0.505491 0)
(0.365048 0.531468 0)
(0.212805 0.545166 0)
(0.00286616 0.50326 0)
(0.050944 0.488123 0)
(3 -2.98202e-16 0)
(3 -2.26049e-16 0)
(3 2.94066e-18 0)
(3 3.85927e-16 0)
(3 4.18633e-16 0)
(3 1.57809e-16 0)
(3 -1.06416e-16 0)
(3 -6.15763e-16 0)
(3 -1.7739e-16 0)
(3 -2.23194e-16 0)
(3 -1.34539e-15 0)
(3 -7.75473e-16 0)
(3 -5.46864e-16 0)
(3 -8.44102e-16 0)
(3 -6.08859e-16 0)
(3.00001 -3.45304e-06 0)
(1.2629 0.308986 0)
(0.76337 0.298977 0)
(0.729159 0.356153 0)
(0.694357 0.383167 0)
(0.657435 0.389423 0)
(0.59122 0.305874 0)
(0.514242 0.296532 0)
(0.475629 0.384287 0)
(0.471148 0.519543 0)
(0.440969 0.510596 0)
(0.360671 0.480381 0)
(0.207941 0.355023 0)
(0.0445369 0.521885 0)
(0.0802342 0.646844 0)
(3 2.56011e-16 0)
(3 1.79388e-16 0)
(3 3.23785e-16 0)
(3 2.3452e-16 0)
(3 4.13197e-16 0)
(3 7.00666e-16 0)
(3 1.13051e-17 0)
(3 1.78417e-16 0)
(3 -3.94918e-17 0)
(3 -6.70689e-16 0)
(3 -1.13065e-15 0)
(3 -7.29525e-16 0)
(3 -8.89916e-16 0)
(3 -1.43772e-15 0)
(3 -1.18483e-15 0)
(3.00001 -1.19573e-05 0)
(1.34536 0.337252 0)
(0.77403 0.33521 0)
(0.732384 0.353798 0)
(0.697851 0.365538 0)
(0.636479 0.316157 0)
(0.572767 0.287663 0)
(0.528585 0.315355 0)
(0.538746 0.499193 0)
(0.48288 0.553031 0)
(0.423032 0.529855 0)
(0.30947 0.345337 0)
(0.228231 0.33987 0)
(0.138058 0.516003 0)
(0.10244 0.69608 0)
(3 5.05798e-16 0)
(3 9.83253e-16 0)
(3 7.06442e-16 0)
(3 -1.42917e-18 0)
(3 1.97117e-16 0)
(3 7.81735e-16 0)
(3 4.09242e-16 0)
(3 1.75457e-16 0)
(3 -1.63043e-16 0)
(3 -4.10404e-16 0)
(3 -5.11203e-16 0)
(3 -8.53502e-16 0)
(3 -6.48138e-16 0)
(3 -8.23465e-16 0)
(3 -6.49283e-16 0)
(3 -7.39362e-06 0)
(1.43488 0.344547 0)
(0.7931 0.346961 0)
(0.723198 0.349054 0)
(0.670293 0.306224 0)
(0.615584 0.281811 0)
(0.579393 0.291503 0)
(0.58006 0.42268 0)
(0.559961 0.520503 0)
(0.488862 0.561842 0)
(0.399128 0.478445 0)
(0.282492 0.323465 0)
(0.244255 0.368388 0)
(0.231698 0.517247 0)
(0.126995 0.720277 0)
(3 2.66547e-16 0)
(3 3.66847e-16 0)
(3 4.2157e-16 0)
(3 -7.78737e-17 0)
(3 6.68765e-17 0)
(3 3.81551e-16 0)
(3 2.83489e-16 0)
(3 -1.74035e-16 0)
(3 -1.08778e-16 0)
(3 -2.03604e-16 0)
(3 -1.55049e-17 0)
(3 -5.64203e-16 0)
(3 -4.91767e-16 0)
(3 -3.00637e-16 0)
(3 -3.13056e-16 0)
(3 -6.75663e-07 0)
(1.54192 0.342712 0)
(0.800143 0.337657 0)
(0.705865 0.311115 0)
(0.651312 0.289564 0)
(0.61237 0.284756 0)
(0.603136 0.380734 0)
(0.602031 0.473038 0)
(0.581717 0.49876 0)
(0.501769 0.489043 0)
(0.339682 0.393402 0)
(0.288722 0.34657 0)
(0.267575 0.402581 0)
(0.296447 0.566602 0)
(0.143877 0.636355 0)
(3 1.39775e-16 0)
(3 -3.09075e-18 0)
(3 -9.53575e-17 0)
(3 6.12732e-17 0)
(3 2.78676e-16 0)
(3 3.62781e-16 0)
(3 4.81444e-16 0)
(3 -2.19083e-16 0)
(3 -2.96339e-16 0)
(3 -3.7538e-16 0)
(3 -2.72333e-16 0)
(3 -8.69209e-16 0)
(3 -1.01089e-15 0)
(3 -6.04444e-16 0)
(3 -1.16677e-16 0)
(3 -1.79583e-07 0)
(1.65874 0.333519 0)
(0.804047 0.323083 0)
(0.695502 0.307252 0)
(0.645821 0.315263 0)
(0.635549 0.376777 0)
(0.629403 0.469875 0)
(0.609113 0.496004 0)
(0.566518 0.507516 0)
(0.455061 0.347519 0)
(0.357977 0.390694 0)
(0.330453 0.543949 0)
(0.296434 0.679936 0)
(0.303042 0.712599 0)
(0.124406 0.573406 0)
(3 -8.71309e-18 0)
(3 3.19661e-16 0)
(3 -3.49152e-16 0)
(3 3.56738e-17 0)
(3 4.3441e-16 0)
(3 2.43434e-16 0)
(3 6.83815e-16 0)
(3 3.87565e-16 0)
(3 -2.18672e-16 0)
(3 -6.06816e-16 0)
(3 -7.18088e-16 0)
(3 -2.30532e-16 0)
(3 -2.36961e-16 0)
(3 -5.09601e-16 0)
(3 -7.45817e-17 0)
(3 -2.37015e-07 0)
(1.78668 0.34517 0)
(0.798897 0.326194 0)
(0.694567 0.310482 0)
(0.670448 0.375968 0)
(0.651755 0.465813 0)
(0.631697 0.469843 0)
(0.615391 0.470349 0)
(0.530984 0.365134 0)
(0.442347 0.363433 0)
(0.391533 0.447808 0)
(0.423393 0.744483 0)
(0.317057 0.837686 0)
(0.255426 0.797202 0)
(0.106441 0.617593 0)
(3 -2.52368e-16 0)
(3 -4.01072e-16 0)
(3 -6.79921e-16 0)
(3 -6.0162e-16 0)
(3 -5.60324e-16 0)
(3 5.76022e-17 0)
(3 7.03251e-18 0)
(3 3.66947e-16 0)
(3 -4.27299e-16 0)
(3 -8.32165e-16 0)
(3 -1.04473e-15 0)
(3 9.81024e-17 0)
(3 1.54656e-15 0)
(3 1.00734e-15 0)
(3 -2.8744e-16 0)
(3 -2.59369e-07 0)
(1.91508 0.385805 0)
(0.807954 0.374375 0)
(0.719799 0.411252 0)
(0.694402 0.455514 0)
(0.662156 0.473549 0)
(0.628789 0.487562 0)
(0.583746 0.416855 0)
(0.506477 0.328352 0)
(0.471862 0.353424 0)
(0.474595 0.589766 0)
(0.465297 0.818017 0)
(0.335123 0.896201 0)
(0.208029 0.836841 0)
(0.0943445 0.643432 0)
(3 -3.16773e-17 0)
(3 -1.93303e-16 0)
(3 -1.31258e-16 0)
(3 -5.23441e-17 0)
(3 -6.22464e-16 0)
(3 -1.00463e-16 0)
(3 2.22538e-16 0)
(3 3.66978e-16 0)
(3 -1.60325e-16 0)
(3 -5.1189e-16 0)
(3 -1.18107e-15 0)
(3 6.87836e-16 0)
(3 9.41601e-16 0)
(3 -2.58909e-16 0)
(3 -3.82803e-16 0)
(3 -9.53589e-08 0)
(2.07715 0.42066 0)
(0.837678 0.470285 0)
(0.748051 0.46045 0)
(0.717208 0.467584 0)
(0.683273 0.480198 0)
(0.628865 0.426633 0)
(0.559183 0.364527 0)
(0.511426 0.378443 0)
(0.519905 0.52223 0)
(0.557156 0.684136 0)
(0.531362 0.824175 0)
(0.36018 0.970106 0)
(0.12002 0.858069 0)
(0.087432 0.702514 0)
(3 2.1614e-16 0)
(3 7.05788e-16 0)
(3 6.11908e-16 0)
(3 2.70066e-16 0)
(3 -7.97588e-17 0)
(3 -2.88603e-16 0)
(3 2.98675e-16 0)
(3 3.08737e-16 0)
(3 4.43259e-16 0)
(3 3.20319e-17 0)
(3 -2.62379e-17 0)
(3 4.68472e-16 0)
(3 6.78277e-16 0)
(3 -4.59642e-17 0)
(3 -1.97985e-16 0)
(3 -4.57158e-09 0)
(2.33913 0.420598 0)
(0.89774 0.49685 0)
(0.776827 0.461021 0)
(0.74893 0.442901 0)
(0.70119 0.381357 0)
(0.63696 0.354565 0)
(0.584051 0.389681 0)
(0.587971 0.499408 0)
(0.591128 0.663044 0)
(0.592875 0.693008 0)
(0.588633 0.676168 0)
(0.430769 0.598302 0)
(0.179839 0.872393 0)
(0.191796 1.12112 0)
(3 -5.55169e-17 0)
(3 1.5107e-16 0)
(3 1.5703e-16 0)
(3 7.69176e-18 0)
(3 -1.28871e-16 0)
(3 -2.0498e-16 0)
(3 -1.47858e-17 0)
(3 1.67077e-16 0)
(3 4.79747e-16 0)
(3 7.72322e-17 0)
(3 -1.25879e-16 0)
(3 -1.61351e-16 0)
(3 -5.94057e-17 0)
(3 1.96659e-16 0)
(3 3.00409e-16 0)
(3 -1.56066e-09 0)
(2.8678 0.187682 0)
(1.08209 0.476437 0)
(0.840547 0.433078 0)
(0.787427 0.423738 0)
(0.740101 0.433917 0)
(0.707726 0.469035 0)
(0.688406 0.522773 0)
(0.664337 0.585932 0)
(0.629492 0.60478 0)
(0.585931 0.619879 0)
(0.560866 0.63794 0)
(0.538601 0.739962 0)
(0.610175 0.953686 0)
(0.695616 1.34722 0)
(3 -5.76465e-17 0)
(3 -1.52136e-16 0)
(3 1.32089e-16 0)
(3 2.15194e-16 0)
(3 6.84601e-17 0)
(3 1.83549e-16 0)
(3 3.19967e-16 0)
(3 6.51592e-17 0)
(3 2.91451e-17 0)
(3 2.71275e-16 0)
(3 4.57103e-16 0)
(3 1.1333e-16 0)
(3 -5.50806e-16 0)
(3 -3.77271e-16 0)
(3 -2.13427e-16 0)
(3 -2.10005e-10 0)
(3.03029 0.00663123 0)
(1.35066 0.460333 0)
(0.876353 0.498804 0)
(0.82966 0.517006 0)
(0.790784 0.535828 0)
(0.757585 0.546967 0)
(0.730304 0.55761 0)
(0.705493 0.570653 0)
(0.682789 0.60443 0)
(0.666817 0.666997 0)
(0.692809 0.778479 0)
(0.723685 0.910258 0)
(0.83852 1.0273 0)
(1.09897 1.12611 0)
(3 3.52775e-17 0)
(3 -2.43465e-16 0)
(3 -9.61872e-17 0)
(3 2.32936e-16 0)
(3 5.83722e-16 0)
(3 3.37864e-16 0)
(3 2.28541e-16 0)
(3 -1.46054e-16 0)
(3 -2.85274e-16 0)
(3 -8.97541e-17 0)
(3 -1.04788e-16 0)
(3 -3.80854e-17 0)
(3 4.74384e-16 0)
(3 3.21383e-16 0)
(3 -7.87416e-16 0)
(3 -3.69555e-12 0)
(3.00052 -2.41214e-05 0)
(1.97598 0.485836 0)
(0.933742 0.577051 0)
(0.857495 0.567199 0)
(0.830964 0.573919 0)
(0.803317 0.581901 0)
(0.780211 0.596204 0)
(0.767975 0.624437 0)
(0.769118 0.669608 0)
(0.778402 0.726159 0)
(0.795332 0.802777 0)
(0.848946 0.900164 0)
(0.995836 0.994645 0)
(1.23991 1.04405 0)
(3 -2.43686e-17 0)
(3 -2.01353e-16 0)
(3 -4.08595e-16 0)
(3 -2.69075e-16 0)
(3 -2.55276e-16 0)
(3 -1.71172e-16 0)
(3 -2.25244e-16 0)
(3 -2.53503e-16 0)
(3 -4.73128e-16 0)
(3 -9.18928e-16 0)
(3 -1.00025e-15 0)
(3 9.93718e-17 0)
(3 1.48668e-15 0)
(3 1.39876e-15 0)
(3 -5.21701e-16 0)
(3 -5.87061e-15 0)
(3 -6.83936e-07 0)
(2.93392 0.168196 0)
(1.1721 0.597186 0)
(0.933355 0.578093 0)
(0.906901 0.59541 0)
(0.886778 0.615835 0)
(0.870447 0.636127 0)
(0.860944 0.661829 0)
(0.859304 0.695243 0)
(0.870876 0.737701 0)
(0.903059 0.796133 0)
(0.9815 0.866751 0)
(1.11573 0.927559 0)
(1.3014 0.970224 0)
(3 8.10016e-17 0)
(3 2.56547e-16 0)
(3 1.55332e-16 0)
(3 -9.65275e-17 0)
(3 -3.73387e-16 0)
(3 -2.71302e-16 0)
(3 8.85279e-17 0)
(3 -1.85873e-16 0)
(3 -1.25854e-16 0)
(3 -2.00629e-16 0)
(3 -1.09845e-16 0)
(3 -2.2969e-16 0)
(3 -4.50862e-16 0)
(3 -1.34921e-16 0)
(3 -3.84333e-16 0)
(3 -2.13872e-16 0)
(3 -2.78767e-07 0)
(3.02303 0.00392235 0)
(1.59904 0.571437 0)
(0.985907 0.656663 0)
(0.938566 0.662206 0)
(0.926922 0.681222 0)
(0.920375 0.692045 0)
(0.922827 0.705419 0)
(0.933461 0.731415 0)
(0.958127 0.766889 0)
(1.00364 0.809254 0)
(1.08246 0.856396 0)
(1.19185 0.891695 0)
(1.34456 0.919268 0)
(3 1.38742e-16 0)
(3 3.84339e-16 0)
(3 3.72159e-16 0)
(3 5.25904e-16 0)
(3 6.60983e-16 0)
(3 5.30269e-16 0)
(3 -3.05359e-17 0)
(3 -7.22303e-17 0)
(3 2.69542e-17 0)
(3 6.88615e-17 0)
(3 9.46654e-18 0)
(3 -8.81526e-16 0)
(3 -1.45385e-15 0)
(3 -1.77709e-15 0)
(3 -5.48875e-16 0)
(3 4.27499e-16 0)
(3 -2.63522e-08 0)
(3.0002 1.79807e-05 0)
(2.63299 0.339323 0)
(1.15588 0.698425 0)
(0.99902 0.69472 0)
(0.984383 0.694915 0)
(0.976908 0.708443 0)
(0.985973 0.722709 0)
(1.00483 0.744821 0)
(1.03686 0.770273 0)
(1.0864 0.802561 0)
(1.15683 0.837181 0)
(1.24582 0.86166 0)
(1.37119 0.880428 0)
(3 -1.18765e-16 0)
(3 -1.40194e-16 0)
(3 -2.77918e-16 0)
(3 -4.78987e-17 0)
(3 2.79242e-17 0)
(3 -1.85402e-16 0)
(3 -6.90932e-16 0)
(3 -3.4109e-16 0)
(3 -7.83736e-16 0)
(3 -9.46981e-16 0)
(3 -1.53993e-15 0)
(3 -1.54014e-15 0)
(3 -1.39532e-15 0)
(3 -8.59971e-16 0)
(3 9.2865e-17 0)
(3 8.70771e-16 0)
(3 -1.53039e-10 0)
(3.00001 -2.21208e-06 0)
(3.04161 0.0190363 0)
(1.64386 0.676853 0)
(1.06873 0.746604 0)
(1.04435 0.738102 0)
(1.0373 0.747561 0)
(1.04162 0.761967 0)
(1.06241 0.775593 0)
(1.09715 0.792242 0)
(1.1506 0.812108 0)
(1.21822 0.833348 0)
(1.29402 0.850874 0)
(1.39593 0.863427 0)
(3 -1.11669e-16 0)
(3 -3.57237e-16 0)
(3 -3.62435e-16 0)
(3 -8.05089e-16 0)
(3 -8.47174e-16 0)
(3 -6.31733e-16 0)
(3 -3.68798e-16 0)
(3 -3.55679e-16 0)
(3 -3.1839e-16 0)
(3 -1.85424e-16 0)
(3 -6.95774e-16 0)
(3 -1.1554e-15 0)
(3 -1.03282e-15 0)
(3 2.47368e-17 0)
(3 1.34548e-16 0)
(3 5.89666e-16 0)
(3 -4.5352e-14 0)
(3 -3.64534e-07 0)
(3.00095 0.000303169 0)
(2.7832 0.312314 0)
(1.29286 0.774099 0)
(1.11058 0.761644 0)
(1.11372 0.75717 0)
(1.10993 0.774657 0)
(1.12642 0.789108 0)
(1.15481 0.804641 0)
(1.20349 0.819421 0)
(1.26638 0.832743 0)
(1.33551 0.841612 0)
(1.42185 0.846281 0)
(3 3.29752e-17 0)
(3 1.90743e-17 0)
(3 -1.78371e-17 0)
(3 -3.54249e-16 0)
(3 -3.58042e-16 0)
(3 1.25868e-16 0)
(3 2.16216e-16 0)
(3 2.3906e-16 0)
(3 6.25464e-16 0)
(3 8.1834e-16 0)
(3 4.11426e-16 0)
(3 -2.85422e-17 0)
(3 4.5374e-16 0)
(3 7.2647e-16 0)
(3 5.01468e-16 0)
(3 1.30641e-16 0)
(3 8.40067e-16 0)
(3 -1.67854e-08 0)
(3 2.3867e-07 0)
(3.0282 0.0104555 0)
(1.86398 0.682316 0)
(1.17234 0.805842 0)
(1.15728 0.802734 0)
(1.16475 0.802883 0)
(1.1761 0.81805 0)
(1.20081 0.831863 0)
(1.24233 0.842811 0)
(1.30036 0.84733 0)
(1.36413 0.847892 0)
(1.44227 0.846877 0)
(3 1.08007e-16 0)
(3 1.19604e-16 0)
(3 2.60309e-16 0)
(3 2.35203e-16 0)
(3 -3.29769e-17 0)
(3 1.53416e-16 0)
(3 7.04803e-16 0)
(3 1.21588e-15 0)
(3 1.1842e-15 0)
(3 6.08844e-16 0)
(3 4.7855e-16 0)
(3 1.10424e-15 0)
(3 1.56825e-15 0)
(3 7.98791e-16 0)
(3 4.207e-16 0)
(3 -1.88982e-16 0)
(3 8.99632e-16 0)
(3 -1.86278e-10 0)
(3 -1.56927e-10 0)
(3.00034 0.000171048 0)
(2.91542 0.194251 0)
(1.5234 0.81308 0)
(1.20228 0.824977 0)
(1.21921 0.818449 0)
(1.22661 0.830244 0)
(1.24881 0.83928 0)
(1.28052 0.84739 0)
(1.32917 0.850174 0)
(1.38801 0.850589 0)
(1.45876 0.849645 0)
(3 -2.60597e-17 0)
(3 7.95229e-17 0)
(3 8.092e-17 0)
(3 4.10478e-17 0)
(3 -6.42702e-17 0)
(3 -1.82265e-16 0)
(3 6.40192e-16 0)
(3 9.22111e-16 0)
(3 9.99519e-16 0)
(3 8.42138e-16 0)
(3 7.85274e-16 0)
(3 1.1728e-15 0)
(3 1.07782e-15 0)
(3 9.02275e-16 0)
(3 8.77761e-16 0)
(3 8.89384e-16 0)
(3 2.93744e-16 0)
(3 -2.50108e-13 0)
(3 -3.5816e-11 0)
(3 9.24711e-08 0)
(3.00746 0.00706511 0)
(2.49526 0.523873 0)
(1.35725 0.868517 0)
(1.25707 0.850728 0)
(1.2828 0.847821 0)
(1.29926 0.853456 0)
(1.32233 0.858208 0)
(1.36009 0.859314 0)
(1.4107 0.860067 0)
(1.47233 0.857706 0)
(3 8.82491e-17 0)
(3 -2.92916e-17 0)
(3 -1.66614e-16 0)
(3 -3.00295e-16 0)
(3 -9.04366e-17 0)
(3 3.52466e-16 0)
(3 1.08958e-16 0)
(3 -2.99765e-16 0)
(3 4.43328e-16 0)
(3 -6.07906e-17 0)
(3 -5.20855e-17 0)
(3 -3.08849e-16 0)
(3 1.11464e-15 0)
(3 1.77316e-15 0)
(3 8.90993e-16 0)
(3 7.17531e-17 0)
(3 -3.50822e-16 0)
(3 5.94631e-16 0)
(3 -2.94987e-12 0)
(3 -1.44666e-13 0)
(3.00003 6.58251e-05 0)
(3.02117 0.0429427 0)
(1.95227 0.737957 0)
(1.33189 0.876884 0)
(1.32639 0.878039 0)
(1.3473 0.874761 0)
(1.36626 0.872977 0)
(1.39705 0.870604 0)
(1.43864 0.868635 0)
(1.48816 0.863497 0)
(3 3.98242e-17 0)
(3 -4.63167e-17 0)
(3 9.21855e-17 0)
(3 2.85614e-16 0)
(3 4.92891e-16 0)
(3 2.16243e-16 0)
(3 -3.80922e-16 0)
(3 -6.19149e-16 0)
(3 -8.51257e-17 0)
(3 -8.32983e-17 0)
(3 -3.42585e-16 0)
(3 5.61743e-16 0)
(3 1.00963e-15 0)
(3 9.23788e-16 0)
(3 9.72041e-16 0)
(3 1.0497e-15 0)
(3 9.95613e-16 0)
(3 1.16778e-15 0)
(3 -5.18361e-14 0)
(3 -2.81358e-13 0)
(3 2.56229e-08 0)
(3.0008 0.00115826 0)
(2.89437 0.202982 0)
(1.73121 0.833978 0)
(1.37751 0.901671 0)
(1.39641 0.894595 0)
(1.41473 0.888815 0)
(1.44118 0.883832 0)
(1.47368 0.878332 0)
(1.51132 0.869465 0)
(3 9.45364e-17 0)
(3 1.49238e-16 0)
(3 2.344e-16 0)
(3 3.57918e-16 0)
(3 2.76073e-16 0)
(3 -3.2214e-16 0)
(3 -2.99745e-17 0)
(3 -4.6074e-17 0)
(3 -8.97407e-17 0)
(3 3.89348e-16 0)
(3 6.77232e-16 0)
(3 1.2579e-16 0)
(3 -4.48389e-16 0)
(3 -2.95359e-16 0)
(3 5.48826e-16 0)
(3 9.5963e-16 0)
(3 5.56104e-16 0)
(3 -5.44112e-16 0)
(3 -3.34831e-16 0)
(3 -1.50914e-13 0)
(3 2.63103e-12 0)
(3 1.69655e-06 0)
(3.00246 0.00983074 0)
(2.68802 0.387374 0)
(1.63992 0.888698 0)
(1.42656 0.922873 0)
(1.45583 0.912549 0)
(1.48116 0.906288 0)
(1.50769 0.897127 0)
(1.53668 0.885467 0)
(3 -1.9332e-17 0)
(3 -7.41814e-17 0)
(3 7.89106e-17 0)
(3 2.42512e-16 0)
(3 6.13252e-17 0)
(3 -4.85894e-17 0)
(3 3.29696e-16 0)
(3 2.57717e-16 0)
(3 -2.71567e-16 0)
(3 -2.60179e-16 0)
(3 1.6237e-16 0)
(3 -6.74039e-16 0)
(3 -2.18648e-15 0)
(3 -1.91185e-15 0)
(3 -5.94749e-16 0)
(3 -3.42036e-16 0)
(3 -5.73939e-16 0)
(3 -1.39136e-15 0)
(3 -5.49035e-16 0)
(3 -2.01748e-14 0)
(3 -1.79759e-14 0)
(3 2.92535e-10 0)
(3 7.01979e-05 0)
(3.00038 0.0272205 0)
(2.47021 0.539465 0)
(1.61317 0.921203 0)
(1.47474 0.934586 0)
(1.51288 0.923996 0)
(1.53972 0.913063 0)
(1.56564 0.901416 0)
(3 -1.72229e-16 0)
(3 -9.10409e-17 0)
(3 6.86675e-17 0)
(3 -2.77488e-17 0)
(3 -8.84626e-17 0)
(3 1.35846e-16 0)
(3 2.38882e-16 0)
(3 -1.86098e-16 0)
(3 -3.08637e-16 0)
(3 -1.65718e-16 0)
(3 -4.36829e-16 0)
(3 -1.32269e-15 0)
(3 -9.10981e-16 0)
(3 -7.82742e-16 0)
(3 -1.01443e-15 0)
(3 -3.12032e-16 0)
(3 2.0852e-16 0)
(3 1.68294e-16 0)
(3 7.36336e-16 0)
(3 1.16514e-15 0)
(3 -3.14829e-15 0)
(3 2.43648e-14 0)
(3 3.45312e-08 0)
(3.00001 0.000449589 0)
(2.9844 0.0571796 0)
(2.30485 0.646035 0)
(1.61501 0.943252 0)
(1.52481 0.941614 0)
(1.56221 0.930392 0)
(1.59167 0.919836 0)
(3 7.30987e-19 0)
(3 2.03099e-16 0)
(3 -1.43171e-17 0)
(3 -2.93352e-16 0)
(3 -3.60414e-16 0)
(3 -4.05116e-16 0)
(3 -3.57671e-16 0)
(3 -3.66252e-16 0)
(3 -5.38926e-17 0)
(3 -5.04534e-16 0)
(3 -8.81345e-16 0)
(3 -9.11628e-16 0)
(3 -1.27063e-16 0)
(3 3.29362e-16 0)
(3 -7.37507e-16 0)
(3 -5.03344e-16 0)
(3 7.93155e-16 0)
(3 1.20572e-15 0)
(3 1.17604e-15 0)
(3 1.41424e-15 0)
(3 7.87133e-16 0)
(3 2.18663e-17 0)
(3 6.01543e-12 0)
(3 4.05332e-07 0)
(2.99998 0.00152943 0)
(2.95115 0.101229 0)
(2.20599 0.711247 0)
(1.63745 0.956718 0)
(1.57445 0.949963 0)
(1.6101 0.939449 0)
(3 3.14679e-19 0)
(3 -1.66112e-16 0)
(3 -2.94977e-16 0)
(3 -1.91054e-16 0)
(3 -1.80862e-16 0)
(3 -2.48279e-16 0)
(3 -5.05619e-16 0)
(3 -1.48366e-16 0)
(3 7.36097e-17 0)
(3 -1.36451e-16 0)
(3 2.96111e-16 0)
(3 4.76603e-16 0)
(3 2.13024e-17 0)
(3 -2.54101e-16 0)
(3 -3.00903e-16 0)
(3 7.78642e-17 0)
(3 8.76658e-16 0)
(3 1.1741e-15 0)
(3 6.91953e-16 0)
(3 3.45542e-16 0)
(3 -1.5858e-16 0)
(3 -6.14536e-16 0)
(3 1.32016e-15 0)
(3 1.22354e-10 0)
(3 2.45083e-06 0)
(2.99965 0.00356855 0)
(2.90908 0.149658 0)
(2.16206 0.745762 0)
(1.67756 0.964919 0)
(1.62658 0.959759 0)
(3 -8.15385e-17 0)
(3 -1.48042e-16 0)
(3 1.67257e-16 0)
(3 3.19459e-16 0)
(3 2.88733e-16 0)
(3 2.03414e-16 0)
(3 3.17235e-16 0)
(3 6.51736e-16 0)
(3 8.48143e-16 0)
(3 1.2997e-15 0)
(3 1.69271e-15 0)
(3 1.48492e-15 0)
(3 8.70903e-16 0)
(3 2.16268e-16 0)
(3 -8.80094e-17 0)
(3 2.57356e-17 0)
(3 -1.288e-16 0)
(3 3.73613e-16 0)
(3 2.33737e-17 0)
(3 -4.71789e-16 0)
(3 -9.02439e-16 0)
(3 -5.59833e-16 0)
(3 -3.0791e-16 0)
(3 8.22694e-15 0)
(3 1.04039e-09 0)
(3 9.53884e-06 0)
(2.99883 0.0062451 0)
(2.86888 0.189883 0)
(2.17294 0.767466 0)
(1.70451 0.956576 0)
(3 6.29434e-17 0)
(3 2.61487e-16 0)
(3 4.11601e-16 0)
(3 1.88325e-16 0)
(3 1.36946e-16 0)
(3 -1.09205e-16 0)
(3 2.08069e-18 0)
(3 -2.10384e-16 0)
(3 -1.55082e-16 0)
(3 4.51169e-16 0)
(3 8.28427e-16 0)
(3 8.37564e-16 0)
(3 1.06476e-15 0)
(3 7.55719e-16 0)
(3 2.20771e-16 0)
(3 -3.9524e-16 0)
(3 -8.1411e-16 0)
(3 -5.69078e-16 0)
(3 -4.2615e-16 0)
(3 -8.06361e-16 0)
(3 -8.68308e-16 0)
(3 -4.35401e-16 0)
(3 -2.57227e-16 0)
(3 -2.57704e-16 0)
(3 6.41638e-14 0)
(3 5.95146e-09 0)
(3 2.14142e-05 0)
(2.99689 0.0102415 0)
(2.89469 0.19137 0)
(2.08672 0.816968 0)
(3 8.80501e-19 0)
(3 -1.29307e-16 0)
(3 -4.66191e-18 0)
(3 1.08673e-16 0)
(3 3.20102e-16 0)
(3 -3.91519e-17 0)
(3 -5.06595e-16 0)
(3 -6.8474e-16 0)
(3 -5.28681e-16 0)
(3 -7.38429e-16 0)
(3 -5.38569e-16 0)
(3 -4.5531e-17 0)
(3 7.63519e-16 0)
(3 3.20853e-16 0)
(3 -4.17921e-16 0)
(3 -4.36068e-16 0)
(3 -6.24515e-16 0)
(3 -1.34931e-15 0)
(3 -1.19726e-15 0)
(3 -1.95527e-16 0)
(3 2.12708e-16 0)
(3 3.19592e-16 0)
(3 2.93483e-16 0)
(3 8.52957e-16 0)
(3 1.0543e-15 0)
(3 4.07988e-13 0)
(3 1.65534e-08 0)
(2.99998 5.0882e-05 0)
(2.99877 0.00978986 0)
(2.83308 0.270385 0)
(3 -1.68029e-16 0)
(3 -4.63492e-16 0)
(3 -1.76644e-16 0)
(3 3.21234e-16 0)
(3 9.69855e-17 0)
(3 -3.48913e-16 0)
(3 -5.7149e-16 0)
(3 -8.06789e-16 0)
(3 -7.53797e-16 0)
(3 -9.58204e-16 0)
(3 -8.45903e-16 0)
(3 -2.8674e-17 0)
(3 -4.28898e-16 0)
(3 -2.71322e-16 0)
(3 1.46772e-16 0)
(3 2.64121e-16 0)
(3 2.54465e-16 0)
(3 -1.33863e-17 0)
(3 -5.1615e-16 0)
(3 -1.84365e-16 0)
(3 2.70019e-16 0)
(3 5.60336e-16 0)
(3 1.15279e-15 0)
(3 1.98274e-15 0)
(3 2.53957e-15 0)
(3 -5.08048e-16 0)
(3 1.99383e-12 0)
(3 2.9146e-08 0)
(2.99998 8.5844e-05 0)
(3.00765 0.00700321 0)
(3 1.2923e-16 0)
(3 7.20538e-17 0)
(3 -1.33457e-16 0)
(3 -2.45238e-17 0)
(3 -3.94678e-17 0)
(3 -3.65254e-16 0)
(3 -6.21661e-16 0)
(3 -9.23039e-16 0)
(3 -1.12395e-15 0)
(3 -9.72312e-16 0)
(3 -7.28641e-16 0)
(3 3.60551e-16 0)
(3 2.96957e-16 0)
(3 -2.67061e-16 0)
(3 -4.65598e-16 0)
(3 4.20114e-17 0)
(3 4.48308e-16 0)
(3 8.71789e-16 0)
(3 8.62509e-16 0)
(3 8.87241e-16 0)
(3 7.60649e-16 0)
(3 5.30157e-16 0)
(3 1.38449e-15 0)
(3 1.29588e-15 0)
(3 1.29368e-15 0)
(3 -2.61084e-16 0)
(3 -1.9556e-15 0)
(3 3.26805e-12 0)
(3 1.12947e-07 0)
(3.00017 1.50164e-05 0)
(3 7.23307e-17 0)
(3 -4.35852e-17 0)
(3 -7.04648e-16 0)
(3 -8.05938e-16 0)
(3 -3.34788e-16 0)
(3 -1.50548e-16 0)
(3 -1.46462e-16 0)
(3 -5.4376e-16 0)
(3 -4.62057e-16 0)
(3 3.67447e-16 0)
(3 8.31835e-16 0)
(3 1.20077e-15 0)
(3 1.2931e-15 0)
(3 -7.17998e-16 0)
(3 -1.51875e-15 0)
(3 -1.17951e-15 0)
(3 -9.79823e-16 0)
(3 -1.07568e-16 0)
(3 1.4156e-15 0)
(3 1.72752e-15 0)
(3 1.35153e-15 0)
(3 7.36544e-16 0)
(3 3.53709e-16 0)
(3 1.7924e-16 0)
(3 2.17409e-16 0)
(3 -1.16585e-15 0)
(3 -2.50515e-15 0)
(3 -2.32041e-15 0)
(3 3.9905e-11 0)
(3 1.67761e-09 0)
(3 -2.74316e-17 0)
(3 -1.87314e-16 0)
(3 -4.3238e-17 0)
(3 3.98305e-18 0)
(3 1.58545e-17 0)
(3 4.34031e-16 0)
(3 8.38058e-16 0)
(3 8.32497e-16 0)
(3 9.2534e-16 0)
(3 1.1268e-15 0)
(3 9.85262e-16 0)
(3 1.40769e-16 0)
(3 -2.23008e-16 0)
(3 3.61804e-16 0)
(3 4.77986e-16 0)
(3 3.60924e-16 0)
(3 5.39024e-17 0)
(3 7.39069e-17 0)
(3 1.24727e-15 0)
(3 1.34487e-15 0)
(3 1.42724e-15 0)
(3 2.04365e-15 0)
(3 9.85393e-16 0)
(3 -1.16776e-15 0)
(3 -1.46805e-15 0)
(3 -1.85673e-15 0)
(3 -2.21453e-15 0)
(3 -1.62439e-15 0)
(3 5.47653e-15 0)
(3 -1.95101e-09 0)
(3 -1.1861e-16 0)
(3 4.91321e-17 0)
(3 1.12446e-15 0)
(3 9.53447e-16 0)
(3 1.90533e-16 0)
(3 3.86414e-16 0)
(3 7.95793e-16 0)
(3 1.29101e-15 0)
(3 1.4912e-15 0)
(3 1.01741e-15 0)
(3 -3.68929e-16 0)
(3 -8.31867e-16 0)
(3 -4.50507e-16 0)
(3 7.50198e-16 0)
(3 1.35195e-15 0)
(3 1.21415e-15 0)
(3 3.47582e-16 0)
(3 9.11976e-17 0)
(3 2.52043e-16 0)
(3 3.54699e-16 0)
(3 9.56275e-16 0)
(3 7.75423e-16 0)
(3 9.03672e-17 0)
(3 -3.38727e-16 0)
(3 -6.06089e-16 0)
(3 -9.51187e-16 0)
(3 -1.13467e-15 0)
(3 2.9299e-17 0)
(3 7.13338e-16 0)
(3 -3.12093e-10 0)
(3 -3.11944e-16 0)
(3 1.64018e-16 0)
(3 3.1106e-16 0)
(3 4.9447e-17 0)
(3 -2.1981e-16 0)
(3 -1.34869e-16 0)
(3 3.05823e-17 0)
(3 -4.13606e-17 0)
(3 -3.41104e-16 0)
(3 -1.56895e-15 0)
(3 -1.70857e-15 0)
(3 -1.31807e-15 0)
(3 -2.67014e-16 0)
(3 1.10682e-16 0)
(3 1.75326e-16 0)
(3 -1.55911e-16 0)
(3 -1.76307e-16 0)
(3 -5.47628e-16 0)
(3 -9.28754e-16 0)
(3 -1.11826e-15 0)
(3 -2.67604e-16 0)
(3 -9.84907e-17 0)
(3 3.60008e-16 0)
(3 7.35208e-16 0)
(3 1.96024e-16 0)
(3 -1.71725e-16 0)
(3 1.37177e-16 0)
(3 9.87861e-16 0)
(3 8.91081e-16 0)
(3 -1.60535e-11 0)
(3 6.94272e-17 0)
(3 1.29187e-16 0)
(3 -2.39149e-16 0)
(3 -1.18608e-16 0)
(3 -1.34788e-16 0)
(3 -3.07738e-17 0)
(3 1.8244e-16 0)
(3 -5.26828e-16 0)
(3 -1.23456e-15 0)
(3 -1.87667e-15 0)
(3 -1.78202e-15 0)
(3 -1.59484e-15 0)
(3 -1.25724e-15 0)
(3 -9.98352e-16 0)
(3 -8.9248e-16 0)
(3 -6.02281e-16 0)
(3 -4.63036e-16 0)
(3 -6.4301e-16 0)
(3 -1.61952e-15 0)
(3 -1.7001e-15 0)
(3 -1.22039e-15 0)
(3 2.26421e-16 0)
(3 8.79998e-16 0)
(3 9.91015e-16 0)
(3 5.07075e-16 0)
(3 -1.17695e-16 0)
(3 1.36435e-16 0)
(3 3.57991e-16 0)
(3 -5.69184e-17 0)
(3 -1.86048e-13 0)
(3 1.33323e-16 0)
(3 1.80284e-16 0)
(3 -5.36117e-16 0)
(3 -4.8436e-16 0)
(3 -3.31911e-16 0)
(3 -2.32182e-16 0)
(3 -4.45735e-16 0)
(3 -1.12185e-15 0)
(3 -1.48496e-15 0)
(3 -1.35973e-15 0)
(3 -7.83601e-16 0)
(3 -5.45046e-16 0)
(3 -7.51431e-16 0)
(3 -8.47264e-16 0)
(3 -1.47123e-16 0)
(3 3.69456e-16 0)
(3 2.42912e-16 0)
(3 -8.66656e-16 0)
(3 -1.68329e-15 0)
(3 -1.68585e-15 0)
(3 -1.45618e-15 0)
(3 -1.4092e-16 0)
(3 -2.1551e-17 0)
(3 -3.17617e-16 0)
(3 -4.32124e-16 0)
(3 -2.84631e-16 0)
(3 2.92663e-17 0)
(3 1.76926e-16 0)
(3 -1.6543e-16 0)
(3 -4.33627e-16 0)
(3 1.4624e-17 0)
(3 -1.96146e-16 0)
(3 -5.22353e-16 0)
(3 -6.94548e-16 0)
(3 -5.40469e-16 0)
(3 -3.88731e-16 0)
(3 -4.36061e-16 0)
(3 -1.08093e-15 0)
(3 -1.29758e-15 0)
(3 -9.79715e-16 0)
(3 1.70037e-16 0)
(3 8.713e-17 0)
(3 -1.98588e-16 0)
(3 -1.67152e-16 0)
(3 1.65107e-16 0)
(3 4.73788e-16 0)
(3 1.55978e-16 0)
(3 -6.81984e-16 0)
(3 -1.21885e-15 0)
(3 -1.04384e-15 0)
(3 -5.48181e-16 0)
(3 -2.70569e-16 0)
(3 -1.09226e-16 0)
(3 -3.53041e-16 0)
(3 -4.12432e-16 0)
(3 -5.2925e-16 0)
(3 -6.25136e-16 0)
(3 -3.09528e-16 0)
(3 -3.49644e-16 0)
(3 2.44118e-16 0)
(1.69422 1.26956 0)
(2.33909 0.227956 0)
(2.29204 -0.0697118 0)
(2.16406 -0.0691108 0)
(2.16621 -0.0452585 0)
(2.16951 -0.0331014 0)
(2.16965 -0.0311467 0)
(2.1906 -0.0204501 0)
(2.21816 -0.0196272 0)
(2.24426 -0.0254251 0)
(2.2781 -0.0114853 0)
(2.29405 -0.0059683 0)
(2.23202 -0.044138 0)
(1.66912 -0.169318 0)
(1.44707 -0.104686 0)
(1.52395 -0.0444646 0)
(1.63148 -0.0145024 0)
(1.72884 -0.00894758 0)
(1.81464 -0.007802 0)
(1.89724 0.00121155 0)
(1.97283 0.00701302 0)
(2.0378 0.0114251 0)
(2.0969 0.0114659 0)
(2.15814 0.00930571 0)
(2.22059 0.00806399 0)
(2.27983 0.00771792 0)
(2.33118 0.0082907 0)
(2.37745 0.0103182 0)
(2.41614 0.0133089 0)
(2.48485 0.0138103 0)
(1.86562 0.657669 0)
(2.42288 0.0247578 0)
(2.44424 -0.25798 0)
(2.35729 -0.145243 0)
(2.32492 -0.0294478 0)
(2.30373 -0.03906 0)
(2.27845 -0.024414 0)
(2.27568 -0.00689756 0)
(2.28402 -0.0266983 0)
(2.30857 -0.040921 0)
(2.3263 -0.0193141 0)
(2.33406 -0.0232295 0)
(2.23271 -0.214308 0)
(1.98438 -0.373909 0)
(1.61233 -0.0828746 0)
(1.59569 0.00779799 0)
(1.67595 0.00483594 0)
(1.76535 -0.0166137 0)
(1.84494 -0.0153088 0)
(1.92142 -0.00640518 0)
(1.99479 0.00807872 0)
(2.05799 0.021799 0)
(2.11467 0.0270706 0)
(2.1728 0.0236723 0)
(2.23262 0.017834 0)
(2.29032 0.0108014 0)
(2.34218 0.00583114 0)
(2.39161 0.00767127 0)
(2.43327 0.0179065 0)
(2.50068 0.0275216 0)
(1.86026 0.742657 0)
(2.33078 0.396411 0)
(2.51786 -0.12278 0)
(2.56532 -0.127349 0)
(2.55355 -0.103623 0)
(2.50852 -0.0448392 0)
(2.45178 -0.0379467 0)
(2.43692 -0.0373636 0)
(2.42898 -0.0417496 0)
(2.42928 -0.0307579 0)
(2.42967 -0.00779237 0)
(2.41786 -0.0329591 0)
(2.22793 -0.358288 0)
(2.12611 -0.642543 0)
(1.85206 -0.267667 0)
(1.72455 -0.0364692 0)
(1.77573 -0.0231221 0)
(1.84649 -0.0167593 0)
(1.9105 -0.00575886 0)
(1.97559 0.00521367 0)
(2.04032 0.0111332 0)
(2.09733 0.0202739 0)
(2.1493 0.029314 0)
(2.2012 0.0354585 0)
(2.254 0.040059 0)
(2.30583 0.0411144 0)
(2.35703 0.0340308 0)
(2.40853 0.025427 0)
(2.45146 0.0297059 0)
(2.51604 0.0435534 0)
(1.81321 0.7867 0)
(2.26609 0.447254 0)
(2.54166 -0.0725583 0)
(2.64954 -0.203293 0)
(2.63571 -0.214525 0)
(2.59808 -0.164082 0)
(2.56206 -0.0686263 0)
(2.55555 -0.0166763 0)
(2.55007 -0.0472892 0)
(2.54263 -0.0354762 0)
(2.53453 -0.0186261 0)
(2.48879 -0.109423 0)
(2.20503 -0.47277 0)
(2.14706 -0.742402 0)
(2.03226 -0.521583 0)
(1.86351 -0.166456 0)
(1.85668 -0.00385841 0)
(1.91678 0.010716 0)
(1.97727 0.0108147 0)
(2.03533 0.013503 0)
(2.09107 0.0253926 0)
(2.14174 0.0392441 0)
(2.18865 0.0465213 0)
(2.23587 0.0438624 0)
(2.28522 0.0417531 0)
(2.33521 0.043993 0)
(2.38229 0.0504232 0)
(2.42831 0.0516556 0)
(2.46789 0.0483328 0)
(2.52976 0.0502927 0)
(1.76996 0.795011 0)
(2.19037 0.514835 0)
(2.47305 0.12227 0)
(2.60861 -0.0676397 0)
(2.62671 -0.169474 0)
(2.64769 -0.16685 0)
(2.63313 -0.11663 0)
(2.61138 -0.0463304 0)
(2.59765 -0.0278021 0)
(2.598 0.00489706 0)
(2.58518 -0.00349555 0)
(2.47372 -0.215907 0)
(2.16349 -0.516355 0)
(2.13862 -0.698052 0)
(2.12923 -0.660933 0)
(2.04172 -0.371196 0)
(1.92783 -0.0773461 0)
(1.96328 0.0272204 0)
(2.02276 0.028496 0)
(2.08149 0.0186833 0)
(2.13169 0.0260778 0)
(2.17897 0.0417359 0)
(2.22391 0.0539421 0)
(2.26793 0.0572184 0)
(2.31416 0.0576245 0)
(2.36181 0.0600188 0)
(2.40756 0.0647621 0)
(2.4513 0.0706292 0)
(2.48577 0.0752851 0)
(2.54299 0.0778829 0)
(1.73077 0.800929 0)
(2.10661 0.579406 0)
(2.39826 0.248905 0)
(2.56496 0.0104574 0)
(2.59278 -0.206059 0)
(2.66625 -0.172293 0)
(2.65344 -0.147521 0)
(2.62881 -0.112286 0)
(2.60412 -0.0675386 0)
(2.61471 0.00430911 0)
(2.5932 -0.0397203 0)
(2.32503 -0.421103 0)
(2.13756 -0.590176 0)
(2.1378 -0.652934 0)
(2.16072 -0.660482 0)
(2.16784 -0.538078 0)
(2.06017 -0.200699 0)
(2.00327 -0.00212251 0)
(2.04923 0.0608999 0)
(2.10594 0.0560598 0)
(2.15839 0.0532266 0)
(2.20566 0.0621835 0)
(2.25066 0.0711196 0)
(2.29331 0.0722313 0)
(2.33755 0.072814 0)
(2.38399 0.0756312 0)
(2.42966 0.0788531 0)
(2.47349 0.0798973 0)
(2.50728 0.0826414 0)
(2.56193 0.0902198 0)
(1.69391 0.80985 0)
(2.04349 0.610473 0)
(2.31776 0.358142 0)
(2.49572 0.123098 0)
(2.57336 -0.0845322 0)
(2.6371 -0.124633 0)
(2.63875 -0.155635 0)
(2.62578 -0.146652 0)
(2.6046 -0.0956687 0)
(2.6258 -0.0171574 0)
(2.57019 -0.137663 0)
(2.17429 -0.556646 0)
(2.11454 -0.653374 0)
(2.13486 -0.660601 0)
(2.1749 -0.651366 0)
(2.22677 -0.608493 0)
(2.20011 -0.400201 0)
(2.07647 -0.0634949 0)
(2.08661 0.058431 0)
(2.12286 0.0816402 0)
(2.17392 0.0840194 0)
(2.22678 0.0792446 0)
(2.27212 0.0829414 0)
(2.3127 0.0876386 0)
(2.35558 0.091667 0)
(2.40148 0.0962445 0)
(2.44652 0.0993794 0)
(2.48894 0.0999488 0)
(2.52222 0.104495 0)
(2.57795 0.113664 0)
(1.67809 0.804145 0)
(1.97864 0.646216 0)
(2.25814 0.433934 0)
(2.42289 0.220963 0)
(2.5576 -0.0222429 0)
(2.63638 -0.0840389 0)
(2.63087 -0.171422 0)
(2.62957 -0.163454 0)
(2.62272 -0.12529 0)
(2.63175 -0.0674488 0)
(2.44381 -0.337789 0)
(2.12504 -0.61322 0)
(2.11819 -0.685774 0)
(2.14367 -0.670612 0)
(2.193 -0.638653 0)
(2.24097 -0.613039 0)
(2.26894 -0.523679 0)
(2.22026 -0.256487 0)
(2.15301 4.86113e-05 0)
(2.14858 0.0936774 0)
(2.18704 0.106269 0)
(2.23759 0.103061 0)
(2.28468 0.10198 0)
(2.32796 0.103446 0)
(2.37107 0.108768 0)
(2.41636 0.116064 0)
(2.46157 0.12054 0)
(2.50358 0.120355 0)
(2.53681 0.125125 0)
(2.59355 0.135397 0)
(1.65586 0.814121 0)
(1.94864 0.656389 0)
(2.17532 0.515044 0)
(2.36584 0.285363 0)
(2.51266 0.105515 0)
(2.58169 0.00320346 0)
(2.61946 -0.142838 0)
(2.63394 -0.155137 0)
(2.63549 -0.150212 0)
(2.63555 -0.156807 0)
(2.27888 -0.535254 0)
(2.09092 -0.701652 0)
(2.12053 -0.691961 0)
(2.14946 -0.666807 0)
(2.20903 -0.619634 0)
(2.25592 -0.589136 0)
(2.30387 -0.559014 0)
(2.31497 -0.424662 0)
(2.24499 -0.114821 0)
(2.20363 0.0631154 0)
(2.21174 0.106589 0)
(2.25539 0.115922 0)
(2.30369 0.113678 0)
(2.34717 0.116342 0)
(2.38703 0.123878 0)
(2.42797 0.136653 0)
(2.46918 0.147425 0)
(2.51115 0.149943 0)
(2.54686 0.154597 0)
(2.60463 0.163543 0)
(1.64885 0.814143 0)
(1.9101 0.6878 0)
(2.1317 0.552764 0)
(2.31909 0.345943 0)
(2.46631 0.21485 0)
(2.54615 0.0474701 0)
(2.60277 -0.128185 0)
(2.639 -0.12537 0)
(2.63589 -0.159085 0)
(2.58182 -0.303656 0)
(2.19196 -0.677006 0)
(2.11651 -0.727257 0)
(2.12494 -0.700706 0)
(2.16145 -0.654044 0)
(2.22507 -0.603899 0)
(2.28073 -0.568123 0)
(2.32514 -0.549507 0)
(2.371 -0.500316 0)
(2.36005 -0.328198 0)
(2.27784 -0.0217206 0)
(2.25165 0.101348 0)
(2.27405 0.127982 0)
(2.32091 0.137948 0)
(2.36741 0.138802 0)
(2.40682 0.13873 0)
(2.44517 0.147488 0)
(2.48382 0.163503 0)
(2.52141 0.17586 0)
(2.55742 0.182286 0)
(2.61827 0.187601 0)
(1.63828 0.823555 0)
(1.88995 0.708098 0)
(2.08661 0.596258 0)
(2.27936 0.403946 0)
(2.40698 0.303498 0)
(2.514 0.101884 0)
(2.57796 -0.0338008 0)
(2.6284 -0.0790468 0)
(2.60252 -0.171135 0)
(2.42586 -0.49288 0)
(2.13968 -0.778802 0)
(2.10668 -0.752327 0)
(2.13917 -0.707542 0)
(2.18102 -0.64615 0)
(2.24869 -0.590118 0)
(2.3017 -0.545469 0)
(2.34777 -0.532226 0)
(2.39752 -0.521455 0)
(2.43051 -0.460422 0)
(2.40446 -0.250873 0)
(2.30839 0.0422652 0)
(2.30836 0.139221 0)
(2.34053 0.164361 0)
(2.37994 0.172281 0)
(2.42307 0.171298 0)
(2.46304 0.171484 0)
(2.50095 0.182388 0)
(2.53626 0.195393 0)
(2.56807 0.206795 0)
(2.62248 0.214188 0)
(1.63786 0.822996 0)
(1.86763 0.733658 0)
(2.05161 0.626753 0)
(2.24461 0.458828 0)
(2.35559 0.358749 0)
(2.47149 0.148727 0)
(2.55847 0.0467606 0)
(2.62246 -0.0672753 0)
(2.57628 -0.191112 0)
(2.25104 -0.636301 0)
(2.10637 -0.821925 0)
(2.10973 -0.780099 0)
(2.16806 -0.721823 0)
(2.21274 -0.648654 0)
(2.27995 -0.588476 0)
(2.33107 -0.542408 0)
(2.37539 -0.528972 0)
(2.422 -0.526098 0)
(2.47204 -0.505121 0)
(2.47752 -0.419302 0)
(2.43706 -0.176022 0)
(2.36981 0.0727245 0)
(2.37324 0.172729 0)
(2.40517 0.197136 0)
(2.43853 0.204817 0)
(2.47669 0.207267 0)
(2.51707 0.215434 0)
(2.55412 0.221113 0)
(2.58529 0.225629 0)
(2.63422 0.229557 0)
(1.64109 0.829852 0)
(1.852 0.756467 0)
(2.02641 0.64781 0)
(2.21004 0.509789 0)
(2.3053 0.40149 0)
(2.4228 0.195972 0)
(2.50667 0.146041 0)
(2.60674 -0.0193814 0)
(2.51245 -0.256556 0)
(2.15652 -0.687124 0)
(2.10421 -0.823698 0)
(2.13286 -0.798363 0)
(2.19676 -0.748297 0)
(2.25532 -0.67857 0)
(2.32202 -0.613959 0)
(2.36912 -0.56789 0)
(2.40475 -0.548866 0)
(2.44129 -0.531937 0)
(2.48839 -0.513186 0)
(2.51581 -0.472848 0)
(2.52168 -0.344344 0)
(2.46476 -0.0643627 0)
(2.42637 0.11816 0)
(2.44814 0.208631 0)
(2.45697 0.233626 0)
(2.48584 0.241197 0)
(2.5252 0.252229 0)
(2.56857 0.255562 0)
(2.60173 0.252994 0)
(2.64654 0.248549 0)
(1.65331 0.838571 0)
(1.8364 0.77787 0)
(2.00533 0.666242 0)
(2.17215 0.555743 0)
(2.27548 0.415681 0)
(2.38751 0.247807 0)
(2.46526 0.223967 0)
(2.5502 0.0208759 0)
(2.34866 -0.396353 0)
(2.09545 -0.706647 0)
(2.10695 -0.758939 0)
(2.16911 -0.76969 0)
(2.23436 -0.74939 0)
(2.28881 -0.709726 0)
(2.34779 -0.660319 0)
(2.39869 -0.613964 0)
(2.4338 -0.584485 0)
(2.46189 -0.545661 0)
(2.51546 -0.508702 0)
(2.54084 -0.464725 0)
(2.57005 -0.40031 0)
(2.57113 -0.255043 0)
(2.49956 0.0464443 0)
(2.48688 0.193944 0)
(2.49061 0.242834 0)
(2.50496 0.260411 0)
(2.53709 0.275877 0)
(2.57287 0.279014 0)
(2.6053 0.274985 0)
(2.65387 0.272172 0)
(1.66881 0.856725 0)
(1.82766 0.794552 0)
(1.99076 0.68194 0)
(2.13085 0.591068 0)
(2.25019 0.437409 0)
(2.36897 0.317123 0)
(2.43897 0.290721 0)
(2.42856 0.019968 0)
(2.16653 -0.527821 0)
(2.04912 -0.717174 0)
(2.10693 -0.730894 0)
(2.19201 -0.74399 0)
(2.26397 -0.731109 0)
(2.32136 -0.717257 0)
(2.37576 -0.690662 0)
(2.42291 -0.652564 0)
(2.46391 -0.606441 0)
(2.48817 -0.552271 0)
(2.5338 -0.494442 0)
(2.56849 -0.426968 0)
(2.58884 -0.388665 0)
(2.61931 -0.318019 0)
(2.60956 -0.157305 0)
(2.54174 0.124188 0)
(2.52743 0.249812 0)
(2.53426 0.265378 0)
(2.55488 0.28238 0)
(2.58456 0.289346 0)
(2.61062 0.297943 0)
(2.65788 0.2986 0)
(1.68769 0.876968 0)
(1.8245 0.808748 0)
(1.97984 0.702433 0)
(2.10066 0.609962 0)
(2.22871 0.461375 0)
(2.34803 0.407378 0)
(2.42704 0.296714 0)
(2.3203 -0.0678057 0)
(2.05673 -0.536505 0)
(2.04285 -0.664281 0)
(2.12104 -0.680642 0)
(2.20567 -0.688129 0)
(2.2844 -0.705549 0)
(2.34897 -0.706617 0)
(2.40295 -0.688076 0)
(2.44313 -0.657092 0)
(2.48593 -0.611118 0)
(2.51989 -0.545477 0)
(2.55878 -0.483615 0)
(2.58976 -0.40375 0)
(2.6142 -0.359331 0)
(2.64702 -0.339403 0)
(2.65404 -0.264056 0)
(2.63344 -0.0844991 0)
(2.57726 0.176702 0)
(2.56824 0.280595 0)
(2.57568 0.288111 0)
(2.60225 0.298211 0)
(2.62653 0.312488 0)
(2.66591 0.321143 0)
(1.7001 0.901779 0)
(1.82542 0.822714 0)
(1.97241 0.727234 0)
(2.07843 0.629686 0)
(2.21269 0.501022 0)
(2.32373 0.490827 0)
(2.38008 0.30718 0)
(2.16891 -0.213958 0)
(1.99367 -0.547859 0)
(2.04974 -0.615567 0)
(2.14089 -0.641504 0)
(2.22711 -0.654865 0)
(2.30493 -0.668987 0)
(2.36711 -0.673831 0)
(2.41851 -0.657948 0)
(2.46629 -0.634492 0)
(2.4984 -0.602988 0)
(2.54312 -0.54086 0)
(2.58331 -0.465453 0)
(2.61281 -0.392798 0)
(2.63517 -0.353126 0)
(2.66493 -0.329101 0)
(2.68608 -0.310632 0)
(2.68481 -0.236924 0)
(2.66586 -0.0371314 0)
(2.60673 0.219633 0)
(2.60252 0.307446 0)
(2.61782 0.3175 0)
(2.64513 0.335846 0)
(2.67858 0.341752 0)
(1.71249 0.919388 0)
(1.83378 0.830107 0)
(1.96377 0.755079 0)
(2.0715 0.649377 0)
(2.20762 0.560513 0)
(2.31641 0.5378 0)
(2.27555 0.235786 0)
(2.01613 -0.325277 0)
(1.98329 -0.540638 0)
(2.05712 -0.559831 0)
(2.15538 -0.584555 0)
(2.24278 -0.60256 0)
(2.31815 -0.62213 0)
(2.38239 -0.635167 0)
(2.43799 -0.63315 0)
(2.48912 -0.612999 0)
(2.52117 -0.582345 0)
(2.55872 -0.533275 0)
(2.60222 -0.471673 0)
(2.6293 -0.423486 0)
(2.65632 -0.380461 0)
(2.67413 -0.347912 0)
(2.69958 -0.328492 0)
(2.72311 -0.291285 0)
(2.72293 -0.186925 0)
(2.70805 8.71217e-05 0)
(2.63606 0.251099 0)
(2.64025 0.343614 0)
(2.65051 0.371607 0)
(2.6914 0.376183 0)
(1.71644 0.943167 0)
(1.84278 0.846007 0)
(1.95405 0.782577 0)
(2.079 0.671553 0)
(2.1894 0.639451 0)
(2.29234 0.529803 0)
(2.13772 0.0715195 0)
(1.93562 -0.361083 0)
(1.98018 -0.47901 0)
(2.07489 -0.508179 0)
(2.17177 -0.532634 0)
(2.25666 -0.553612 0)
(2.32877 -0.569133 0)
(2.39121 -0.574926 0)
(2.44642 -0.572665 0)
(2.49814 -0.570674 0)
(2.5437 -0.555642 0)
(2.57989 -0.513842 0)
(2.61565 -0.479 0)
(2.64182 -0.462045 0)
(2.67362 -0.421539 0)
(2.68783 -0.369148 0)
(2.72051 -0.32459 0)
(2.7385 -0.289748 0)
(2.75878 -0.234792 0)
(2.76126 -0.128281 0)
(2.73523 0.0629693 0)
(2.68745 0.278579 0)
(2.66699 0.390695 0)
(2.70385 0.407993 0)
(1.75546 0.921262 0)
(1.8491 0.864684 0)
(1.96195 0.80162 0)
(2.08249 0.717819 0)
(2.17626 0.70466 0)
(2.23612 0.494567 0)
(1.96301 -0.117465 0)
(1.89742 -0.373112 0)
(1.99264 -0.426609 0)
(2.10009 -0.466581 0)
(2.19185 -0.487901 0)
(2.27185 -0.506474 0)
(2.34234 -0.524708 0)
(2.40497 -0.533222 0)
(2.45958 -0.532012 0)
(2.50297 -0.527137 0)
(2.54313 -0.513988 0)
(2.58502 -0.487055 0)
(2.62122 -0.470201 0)
(2.65435 -0.460882 0)
(2.68352 -0.428586 0)
(2.71527 -0.377048 0)
(2.73329 -0.330323 0)
(2.76318 -0.276757 0)
(2.77636 -0.228066 0)
(2.79919 -0.166638 0)
(2.80163 -0.0619689 0)
(2.75272 0.157724 0)
(2.73082 0.329101 0)
(2.72929 0.422021 0)
(1.82209 0.854141 0)
(1.84777 0.875692 0)
(1.97886 0.8343 0)
(2.11024 0.773321 0)
(2.18975 0.708314 0)
(2.13656 0.351143 0)
(1.86082 -0.209547 0)
(1.89089 -0.366398 0)
(1.99973 -0.385349 0)
(2.10837 -0.411457 0)
(2.19868 -0.43332 0)
(2.27553 -0.449874 0)
(2.34165 -0.461998 0)
(2.40162 -0.467523 0)
(2.45738 -0.470358 0)
(2.50738 -0.477534 0)
(2.5508 -0.475072 0)
(2.59271 -0.458925 0)
(2.63377 -0.445178 0)
(2.66964 -0.440132 0)
(2.69209 -0.41181 0)
(2.73917 -0.367155 0)
(2.75887 -0.322707 0)
(2.78371 -0.264979 0)
(2.80763 -0.205475 0)
(2.82558 -0.165777 0)
(2.84333 -0.110409 0)
(2.83638 0.00297609 0)
(2.79237 0.229293 0)
(2.7796 0.404242 0)
(1.91278 0.752254 0)
(1.84125 0.93224 0)
(1.94981 0.883906 0)
(2.07997 0.835015 0)
(2.17054 0.714857 0)
(1.95343 0.124026 0)
(1.81195 -0.227257 0)
(1.89486 -0.31255 0)
(2.00155 -0.334866 0)
(2.10549 -0.357351 0)
(2.19784 -0.382792 0)
(2.2774 -0.402967 0)
(2.34682 -0.417973 0)
(2.40921 -0.426032 0)
(2.46614 -0.428985 0)
(2.51704 -0.432465 0)
(2.56294 -0.433354 0)
(2.60914 -0.428426 0)
(2.65585 -0.426976 0)
(2.69372 -0.419923 0)
(2.72225 -0.391383 0)
(2.76083 -0.347133 0)
(2.79088 -0.312935 0)
(2.80416 -0.268399 0)
(2.8388 -0.201888 0)
(2.85744 -0.147175 0)
(2.86877 -0.136938 0)
(2.88619 -0.0759006 0)
(2.87096 0.0410024 0)
(2.83923 0.312213 0)
(2.07955 0.684069 0)
(1.83039 0.917031 0)
(1.91444 0.885317 0)
(2.04998 0.864543 0)
(2.10496 0.614923 0)
(1.7861 -0.0341157 0)
(1.77812 -0.233148 0)
(1.88924 -0.269124 0)
(2.00752 -0.300123 0)
(2.10951 -0.322244 0)
(2.19735 -0.342392 0)
(2.2735 -0.358619 0)
(2.338 -0.365829 0)
(2.39242 -0.365448 0)
(2.44527 -0.366518 0)
(2.49885 -0.370799 0)
(2.55231 -0.373014 0)
(2.60742 -0.372238 0)
(2.66127 -0.377551 0)
(2.70773 -0.381562 0)
(2.74982 -0.360695 0)
(2.78629 -0.321759 0)
(2.81724 -0.295859 0)
(2.83463 -0.277529 0)
(2.86161 -0.21842 0)
(2.88431 -0.158911 0)
(2.89048 -0.127712 0)
(2.90614 -0.111479 0)
(2.91795 -0.0544292 0)
(2.91228 0.145936 0)
(2.56619 0.556206 0)
(1.86624 0.905214 0)
(1.9036 0.886457 0)
(2.0144 0.832644 0)
(1.97702 0.415013 0)
(1.67586 -0.0825403 0)
(1.75647 -0.198211 0)
(1.87401 -0.222087 0)
(1.99051 -0.246895 0)
(2.08923 -0.267562 0)
(2.17389 -0.285215 0)
(2.24949 -0.299243 0)
(2.32121 -0.309282 0)
(2.39098 -0.317914 0)
(2.45728 -0.326942 0)
(2.51923 -0.33555 0)
(2.576 -0.341353 0)
(2.63198 -0.342044 0)
(2.68532 -0.344849 0)
(2.72854 -0.339786 0)
(2.76969 -0.315076 0)
(2.80997 -0.288408 0)
(2.84974 -0.274444 0)
(2.87093 -0.268199 0)
(2.87955 -0.230309 0)
(2.90053 -0.172954 0)
(2.90423 -0.141712 0)
(2.93043 -0.102882 0)
(2.94845 -0.0641395 0)
(2.95877 0.0222847 0)
(3.09118 0.217756 0)
(1.99549 0.89033 0)
(1.92459 0.886764 0)
(1.98314 0.813947 0)
(1.66308 0.177542 0)
(1.60024 -0.0962655 0)
(1.74833 -0.168462 0)
(1.88164 -0.193503 0)
(2.00021 -0.215451 0)
(2.10094 -0.234569 0)
(2.188 -0.249717 0)
(2.26644 -0.262303 0)
(2.34005 -0.272498 0)
(2.41083 -0.279245 0)
(2.47694 -0.283005 0)
(2.53563 -0.280856 0)
(2.58803 -0.279368 0)
(2.64322 -0.282138 0)
(2.69873 -0.289417 0)
(2.74471 -0.28572 0)
(2.78091 -0.260675 0)
(2.81538 -0.242285 0)
(2.85322 -0.247013 0)
(2.88 -0.25211 0)
(2.89351 -0.221541 0)
(2.90928 -0.175232 0)
(2.92091 -0.146348 0)
(2.95074 -0.103561 0)
(2.97169 -0.0694699 0)
(2.98041 -0.00944717 0)
(3.12666 0.0089248 0)
(2.2291 0.802277 0)
(1.9527 0.929274 0)
(1.91941 0.728756 0)
(1.44943 0.0698346 0)
(1.55847 -0.103136 0)
(1.73199 -0.131867 0)
(1.88468 -0.152576 0)
(2.0105 -0.170978 0)
(2.1164 -0.188232 0)
(2.20792 -0.201766 0)
(2.28927 -0.211201 0)
(2.36362 -0.218124 0)
(2.43361 -0.224312 0)
(2.49965 -0.23127 0)
(2.5602 -0.234484 0)
(2.6131 -0.232979 0)
(2.66176 -0.231604 0)
(2.71147 -0.230898 0)
(2.76078 -0.230031 0)
(2.80561 -0.224292 0)
(2.84537 -0.212668 0)
(2.87706 -0.212849 0)
(2.89655 -0.216769 0)
(2.9068 -0.187062 0)
(2.91881 -0.163952 0)
(2.93732 -0.144555 0)
(2.96882 -0.0921635 0)
(2.98868 -0.0587212 0)
(2.99262 -0.00227087 0)
(3.01091 -0.000147137 0)
(2.48563 0.672007 0)
(2.04061 1.01115 0)
(1.74837 0.487258 0)
(1.32789 -0.0249335 0)
(1.55536 -0.101197 0)
(1.74816 -0.115475 0)
(1.91399 -0.127637 0)
(2.04434 -0.14026 0)
(2.15142 -0.153648 0)
(2.24356 -0.165065 0)
(2.32532 -0.172886 0)
(2.39967 -0.178428 0)
(2.46843 -0.183722 0)
(2.53275 -0.189224 0)
(2.59203 -0.192374 0)
(2.64611 -0.191667 0)
(2.69394 -0.194983 0)
(2.74326 -0.194055 0)
(2.78891 -0.188116 0)
(2.82897 -0.178316 0)
(2.86704 -0.16953 0)
(2.89813 -0.173181 0)
(2.91382 -0.177546 0)
(2.92184 -0.150295 0)
(2.93704 -0.133248 0)
(2.95399 -0.132587 0)
(2.9817 -0.0874405 0)
(2.99333 -0.051941 0)
(3.00041 0.0097465 0)
(3.00014 -1.54813e-05 0)
(2.87661 0.425496 0)
(2.23104 1.05836 0)
(1.58485 0.325317 0)
(1.37688 -0.0173533 0)
(1.6245 -0.0842228 0)
(1.82139 -0.0926649 0)
(1.9771 -0.100684 0)
(2.097 -0.107658 0)
(2.19639 -0.114818 0)
(2.28375 -0.121558 0)
(2.36258 -0.126184 0)
(2.43425 -0.128307 0)
(2.49837 -0.129346 0)
(2.55654 -0.131962 0)
(2.60942 -0.133049 0)
(2.65727 -0.130999 0)
(2.70043 -0.134113 0)
(2.74406 -0.129316 0)
(2.78399 -0.123391 0)
(2.82016 -0.117216 0)
(2.85566 -0.115034 0)
(2.88701 -0.125192 0)
(2.90786 -0.126144 0)
(2.92955 -0.105131 0)
(2.95765 -0.0953487 0)
(2.97635 -0.102222 0)
(2.98995 -0.0753666 0)
(2.99686 -0.0441732 0)
(3.01378 0.00595786 0)
(3.00002 -1.24394e-05 0)
(3.02687 0.159308 0)
(2.53483 0.853639 0)
(1.46262 0.0658638 0)
(1.50777 -0.0878444 0)
(1.73615 -0.0928472 0)
(1.92068 -0.0681258 0)
(2.05134 -0.058246 0)
(2.15357 -0.0618484 0)
(2.24263 -0.0681785 0)
(2.32448 -0.0741956 0)
(2.40049 -0.0779673 0)
(2.47133 -0.0799343 0)
(2.53705 -0.0814493 0)
(2.5962 -0.0851917 0)
(2.64819 -0.0882153 0)
(2.69405 -0.088997 0)
(2.73212 -0.0896129 0)
(2.77051 -0.0892719 0)
(2.80461 -0.0801618 0)
(2.83656 -0.0737243 0)
(2.86873 -0.0722562 0)
(2.89609 -0.081295 0)
(2.91575 -0.0800618 0)
(2.94203 -0.0681737 0)
(2.97632 -0.0620948 0)
(2.99504 -0.0684975 0)
(3.0015 -0.0471706 0)
(3.01101 -0.0159767 0)
(3.02895 0.0221018 0)
(3 -2.49622e-06 0)
(3.00177 0.0201817 0)
(2.9427 0.753465 0)
(1.56009 0.139691 0)
(1.60205 0.00228171 0)
(1.81459 -0.0324617 0)
(1.98709 -0.0342317 0)
(2.10436 -0.0323167 0)
(2.19734 -0.0310338 0)
(2.28066 -0.0305215 0)
(2.35886 -0.0305184 0)
(2.43245 -0.0302823 0)
(2.50044 -0.0294157 0)
(2.56194 -0.0283605 0)
(2.61641 -0.0293896 0)
(2.66669 -0.0292162 0)
(2.71675 -0.0326573 0)
(2.76199 -0.0332686 0)
(2.78173 -0.0357846 0)
(2.79418 -0.0396114 0)
(2.81706 -0.0402635 0)
(2.84652 -0.0411246 0)
(2.87041 -0.0473765 0)
(2.88992 -0.0408316 0)
(2.92015 -0.0375551 0)
(2.95857 -0.0353108 0)
(2.97871 -0.0456927 0)
(2.98919 -0.0215915 0)
(3.00856 -0.0242552 0)
(3.03384 -0.00611227 0)
)
;

boundaryField
{
    inlet
    {
        type            fixedValue;
        value           uniform (3 0 0);
    }
    outlet
    {
        type            inletOutlet;
        inletValue      uniform (3 0 0);
        value           nonuniform List<vector> 
30
(
(2.48485 0.0138103 0)
(2.50068 0.0275216 0)
(2.51604 0.0435534 0)
(2.52976 0.0502927 0)
(2.54299 0.0778829 0)
(2.56193 0.0902198 0)
(2.57795 0.113664 0)
(2.59355 0.135397 0)
(2.60463 0.163543 0)
(2.61827 0.187601 0)
(2.62248 0.214188 0)
(2.63422 0.229557 0)
(2.64654 0.248549 0)
(2.65387 0.272172 0)
(2.65788 0.2986 0)
(2.66591 0.321143 0)
(2.67858 0.341752 0)
(2.6914 0.376183 0)
(2.70385 0.407993 0)
(2.72929 0.422021 0)
(2.7796 0.404242 0)
(2.83923 0.312213 0)
(2.91228 0.145936 0)
(2.95877 0.0222847 0)
(2.98041 -0.00944717 0)
(2.99262 -0.00227087 0)
(3.00041 0.0097465 0)
(3.01378 0.00595786 0)
(3.02895 0.0221018 0)
(3.03384 -0.00611227 0)
)
;
    }
    top
    {
        type            symmetryPlane;
    }
    bottom
    {
        type            symmetryPlane;
    }
    step
    {
        type            slip;
    }
    defaultFaces
    {
        type            empty;
    }
}


// ************************************************************************* //
