/*--------------------------------*- C++ -*----------------------------------*\
  =========                 |
  \\      /  F ield         | OpenFOAM: The Open Source CFD Toolbox
   \\    /   O peration     | Website:  https://openfoam.org
    \\  /    A nd           | Version:  6.0
     \\/     M anipulation  |
\*---------------------------------------------------------------------------*/
FoamFile
{
    version     2.0;
    format      ascii;
    class       volVectorField;
    location    "3.000001";
    object      U;
}
// * * * * * * * * * * * * * * * * * * * * * * * * * * * * * * * * * * * * * //

dimensions      [0 1 -1 0 0 0 0];

internalField   nonuniform List<vector> 
2700
(
(3 -2.68199e-16 0)
(3 5.16651e-17 0)
(3 7.50929e-17 0)
(3 1.57222e-16 0)
(3 5.82107e-16 0)
(3 5.70822e-16 0)
(3 4.34853e-16 0)
(3 -7.89982e-16 0)
(3 -3.88256e-16 0)
(3 -4.89913e-16 0)
(3 2.23271e-16 0)
(3 -9.3077e-16 0)
(3 -1.43145e-15 0)
(3 -6.79987e-16 0)
(3 6.95614e-16 0)
(1.78828 0.00946257 0)
(0.77076 0.0149887 0)
(0.688716 0.0232097 0)
(0.64877 0.00827692 0)
(0.603037 -0.0125926 0)
(0.553939 -0.0229996 0)
(0.493377 -0.0172322 0)
(0.420317 0.0192907 0)
(0.35595 0.0543642 0)
(0.325669 0.0546194 0)
(0.287014 0.014807 0)
(0.246249 -0.0285911 0)
(0.153876 -0.0302125 0)
(0.0552621 0.0225035 0)
(0.036443 0.0304278 0)
(3 -4.82827e-17 0)
(3 3.34731e-16 0)
(3 -1.75274e-16 0)
(3 4.33416e-16 0)
(3 3.49113e-16 0)
(3 -1.74219e-16 0)
(3 -8.03918e-17 0)
(3 1.3453e-16 0)
(3 -2.33509e-16 0)
(3 -3.47679e-16 0)
(3 -1.81096e-16 0)
(3 -9.18261e-16 0)
(3 -1.97785e-15 0)
(3 -1.0681e-15 0)
(3 5.57962e-16 0)
(1.78744 0.0207324 0)
(0.786246 0.0198283 0)
(0.689509 0.0477487 0)
(0.641371 0.0489283 0)
(0.586482 0.0234101 0)
(0.538822 -0.0227559 0)
(0.48545 -0.0552705 0)
(0.439593 -0.037836 0)
(0.394335 0.0572552 0)
(0.329841 0.1248 0)
(0.264626 0.106577 0)
(0.202111 0.00641132 0)
(0.153429 -0.0617834 0)
(0.104486 0.00730433 0)
(0.0422551 0.105292 0)
(3 3.52e-16 0)
(3 1.30534e-16 0)
(3 -5.32245e-16 0)
(3 -5.57442e-16 0)
(3 -4.12353e-16 0)
(3 -9.84962e-16 0)
(3 -9.97173e-16 0)
(3 -5.48305e-16 0)
(3 -2.9544e-16 0)
(3 -6.38728e-16 0)
(3 -1.62958e-15 0)
(3 -7.02632e-16 0)
(3 -8.91222e-16 0)
(3 -6.45517e-16 0)
(3 -1.46677e-16 0)
(1.79192 0.0325033 0)
(0.789774 0.0354236 0)
(0.689479 0.0380187 0)
(0.633684 0.0365056 0)
(0.573588 0.0362103 0)
(0.51954 0.0298789 0)
(0.481983 0.0322826 0)
(0.453721 0.0371261 0)
(0.406167 0.0491274 0)
(0.339262 0.0555316 0)
(0.25125 0.0598731 0)
(0.171468 0.0424203 0)
(0.155876 0.0405499 0)
(0.122296 0.0491338 0)
(0.0482395 0.057188 0)
(3 -3.46617e-17 0)
(3 -4.73096e-16 0)
(3 -4.52076e-16 0)
(3 -1.08932e-16 0)
(3 1.60833e-16 0)
(3 3.42166e-16 0)
(3 -1.55256e-15 0)
(3 -1.06535e-15 0)
(3 -1.41533e-16 0)
(3 -6.06929e-16 0)
(3 -1.50242e-15 0)
(3 -1.87963e-15 0)
(3 -7.03908e-16 0)
(3 -9.58573e-17 0)
(3 -9.8569e-16 0)
(1.80675 0.0488372 0)
(0.786706 0.0489413 0)
(0.685523 0.0304922 0)
(0.634745 0.0287872 0)
(0.5796 0.0487281 0)
(0.533101 0.0909085 0)
(0.489648 0.122037 0)
(0.448472 0.115735 0)
(0.396214 0.0384545 0)
(0.32811 -0.0214233 0)
(0.260424 0.00273799 0)
(0.193623 0.0985853 0)
(0.156136 0.143045 0)
(0.11555 0.0937257 0)
(0.0431108 0.018054 0)
(3 -4.29942e-16 0)
(3 -4.86437e-16 0)
(3 -4.78427e-16 0)
(3 -1.67144e-16 0)
(3 2.56295e-16 0)
(3 4.03422e-16 0)
(3 2.14335e-16 0)
(3 -2.47843e-17 0)
(3 -2.4344e-16 0)
(3 -4.07789e-16 0)
(3 -1.31463e-15 0)
(3 -1.37289e-15 0)
(3 -9.56232e-16 0)
(3 -1.8566e-15 0)
(3 9.63579e-17 0)
(1.83422 0.0616895 0)
(0.779856 0.0615362 0)
(0.68195 0.039199 0)
(0.640841 0.03981 0)
(0.596876 0.0713197 0)
(0.545218 0.113453 0)
(0.490802 0.134202 0)
(0.428202 0.107198 0)
(0.364933 0.0527733 0)
(0.325027 0.0104819 0)
(0.289027 0.0209598 0)
(0.23661 0.129019 0)
(0.149051 0.186389 0)
(0.0618224 0.102444 0)
(0.0387595 0.0133773 0)
(3 -2.35937e-16 0)
(3 6.25611e-17 0)
(3 -6.43685e-17 0)
(3 -6.14438e-16 0)
(3 -4.93689e-16 0)
(3 -3.31177e-17 0)
(3 9.45496e-16 0)
(3 -1.28368e-16 0)
(3 -2.71485e-16 0)
(3 -3.76701e-16 0)
(3 -4.44352e-16 0)
(3 -1.18141e-15 0)
(3 -1.52588e-15 0)
(3 -1.66833e-15 0)
(3 2.39842e-17 0)
(1.86198 0.0697744 0)
(0.776411 0.0650578 0)
(0.682685 0.0776219 0)
(0.642012 0.0935159 0)
(0.599857 0.0910859 0)
(0.55011 0.0844814 0)
(0.488249 0.0771323 0)
(0.415149 0.0814226 0)
(0.346845 0.0879015 0)
(0.314648 0.0998476 0)
(0.294872 0.104186 0)
(0.248754 0.0978809 0)
(0.142155 0.103231 0)
(0.0364197 0.123309 0)
(0.0320594 0.128861 0)
(3 4.67749e-17 0)
(3 4.57623e-16 0)
(3 4.78838e-16 0)
(3 3.34303e-16 0)
(3 -4.29253e-16 0)
(3 6.42947e-16 0)
(3 1.20738e-16 0)
(3 -2.03753e-16 0)
(3 -8.64427e-16 0)
(3 -6.56212e-16 0)
(3 1.47316e-16 0)
(3 -4.50961e-16 0)
(3 -7.05488e-16 0)
(3 -3.14619e-16 0)
(3 -1.76885e-15 0)
(1.88879 0.084896 0)
(0.786368 0.0760793 0)
(0.693113 0.121119 0)
(0.643037 0.130393 0)
(0.591498 0.116972 0)
(0.540358 0.0737445 0)
(0.484138 0.0382341 0)
(0.427051 0.0480944 0)
(0.373413 0.116693 0)
(0.328679 0.184004 0)
(0.281681 0.18883 0)
(0.227101 0.0804245 0)
(0.147497 0.0283807 0)
(0.068321 0.130424 0)
(0.0386576 0.227679 0)
(3 1.59919e-16 0)
(3 3.97843e-17 0)
(3 4.76085e-16 0)
(3 5.0874e-16 0)
(3 -4.301e-16 0)
(3 -2.92285e-16 0)
(3 8.88818e-17 0)
(3 2.88029e-16 0)
(3 -1.4363e-16 0)
(3 -8.31861e-17 0)
(3 1.09774e-16 0)
(3 8.55213e-16 0)
(3 -6.56826e-16 0)
(3 -1.40665e-16 0)
(3 -6.80339e-16 0)
(1.91454 0.107712 0)
(0.804311 0.114014 0)
(0.693935 0.136786 0)
(0.642225 0.128748 0)
(0.580866 0.104531 0)
(0.523943 0.0762086 0)
(0.47855 0.0611331 0)
(0.445212 0.065722 0)
(0.406702 0.13565 0)
(0.34153 0.208592 0)
(0.258123 0.195546 0)
(0.189 0.118274 0)
(0.163155 0.0742739 0)
(0.121727 0.127783 0)
(0.0546493 0.2427 0)
(3 -1.29676e-17 0)
(3 1.98761e-16 0)
(3 2.14931e-16 0)
(3 -2.59126e-16 0)
(3 -1.04295e-15 0)
(3 -1.47293e-15 0)
(3 -1.05068e-15 0)
(3 5.97401e-16 0)
(3 1.10234e-16 0)
(3 -4.62253e-16 0)
(3 -4.66829e-16 0)
(3 -4.50416e-16 0)
(3 -4.70545e-16 0)
(3 2.88987e-16 0)
(3 3.98102e-16 0)
(1.96024 0.132341 0)
(0.811833 0.143434 0)
(0.694277 0.124058 0)
(0.637666 0.104785 0)
(0.574418 0.104018 0)
(0.519391 0.123062 0)
(0.47812 0.144665 0)
(0.450565 0.162303 0)
(0.411856 0.143598 0)
(0.351701 0.113387 0)
(0.255339 0.115247 0)
(0.17347 0.166181 0)
(0.154826 0.188283 0)
(0.130823 0.189251 0)
(0.0582718 0.162077 0)
(3 3.40321e-16 0)
(3 3.13307e-16 0)
(3 1.26405e-16 0)
(3 -7.30302e-16 0)
(3 1.2749e-16 0)
(3 -1.04061e-16 0)
(3 -2.01424e-16 0)
(3 9.47759e-17 0)
(3 -4.94533e-16 0)
(3 -9.3115e-16 0)
(3 -9.18029e-16 0)
(3 -1.3228e-15 0)
(3 -8.76972e-16 0)
(3 -4.45441e-16 0)
(3 -2.81387e-16 0)
(2.02504 0.136539 0)
(0.813461 0.154205 0)
(0.686338 0.123168 0)
(0.634362 0.0943261 0)
(0.586338 0.101174 0)
(0.543998 0.156966 0)
(0.496406 0.222006 0)
(0.444208 0.248707 0)
(0.38751 0.179845 0)
(0.329042 0.0495473 0)
(0.277337 0.050599 0)
(0.222127 0.168706 0)
(0.166188 0.292163 0)
(0.10214 0.254496 0)
(0.0442025 0.114369 0)
(3 2.97496e-16 0)
(3 -2.55699e-16 0)
(3 -5.89088e-16 0)
(3 8.36081e-17 0)
(3 1.39856e-15 0)
(3 1.18588e-15 0)
(3 1.02434e-15 0)
(3 1.30415e-16 0)
(3 -1.60949e-16 0)
(3 -4.31434e-16 0)
(3 -5.57818e-16 0)
(3 -7.45125e-16 0)
(3 -8.72928e-16 0)
(3 -6.39591e-16 0)
(3 3.78481e-16 0)
(2.08855 0.133085 0)
(0.818693 0.142992 0)
(0.675556 0.132839 0)
(0.637114 0.133692 0)
(0.603002 0.170283 0)
(0.560311 0.192188 0)
(0.513391 0.204056 0)
(0.445898 0.181903 0)
(0.359343 0.142955 0)
(0.305531 0.123726 0)
(0.293942 0.140761 0)
(0.264017 0.241286 0)
(0.178144 0.282164 0)
(0.0620751 0.219518 0)
(0.0350184 0.152608 0)
(3 -5.85136e-16 0)
(3 -6.04405e-16 0)
(3 -6.69194e-16 0)
(3 4.38917e-16 0)
(3 5.25234e-16 0)
(3 1.44816e-15 0)
(3 1.12618e-15 0)
(3 3.03454e-16 0)
(3 2.97643e-16 0)
(3 9.34051e-17 0)
(3 5.45355e-17 0)
(3 9.90227e-17 0)
(3 -8.33761e-16 0)
(3 -4.81772e-16 0)
(3 -1.57887e-18 0)
(2.1466 0.12958 0)
(0.814951 0.137675 0)
(0.687551 0.158644 0)
(0.649392 0.206108 0)
(0.604066 0.211147 0)
(0.560966 0.190062 0)
(0.508954 0.146214 0)
(0.431824 0.114571 0)
(0.360884 0.14738 0)
(0.326938 0.242212 0)
(0.309586 0.275722 0)
(0.27238 0.235053 0)
(0.163784 0.184232 0)
(0.0476313 0.201341 0)
(0.0356736 0.24066 0)
(3 9.59701e-17 0)
(3 -2.46707e-16 0)
(3 -2.53617e-16 0)
(3 -7.24702e-16 0)
(3 -6.56354e-17 0)
(3 9.52491e-17 0)
(3 1.07019e-16 0)
(3 1.2253e-15 0)
(3 9.99664e-16 0)
(3 8.37922e-16 0)
(3 5.66846e-16 0)
(3 1.40675e-16 0)
(3 -2.72001e-16 0)
(3 1.68345e-16 0)
(3 -2.33997e-15 0)
(2.20011 0.151023 0)
(0.827606 0.165003 0)
(0.704961 0.209543 0)
(0.656514 0.232677 0)
(0.600968 0.239023 0)
(0.544596 0.207035 0)
(0.484793 0.136217 0)
(0.446173 0.0996679 0)
(0.416696 0.186983 0)
(0.362733 0.316971 0)
(0.289742 0.357996 0)
(0.230067 0.26403 0)
(0.159273 0.142168 0)
(0.0809987 0.194943 0)
(0.0495076 0.307562 0)
(3 1.46241e-16 0)
(3 5.08867e-16 0)
(3 -2.65013e-16 0)
(3 -9.53418e-16 0)
(3 -2.47185e-16 0)
(3 -1.89229e-16 0)
(3 3.2003e-17 0)
(3 3.53388e-16 0)
(3 1.12748e-15 0)
(3 1.02511e-15 0)
(3 1.50652e-15 0)
(3 1.30969e-15 0)
(3 5.62667e-16 0)
(3 1.31629e-15 0)
(3 -1.47386e-15 0)
(2.25919 0.192793 0)
(0.852121 0.227444 0)
(0.709546 0.227982 0)
(0.66494 0.211743 0)
(0.60374 0.192703 0)
(0.530937 0.172247 0)
(0.469726 0.179977 0)
(0.451716 0.198168 0)
(0.44093 0.254017 0)
(0.391246 0.286808 0)
(0.293223 0.306874 0)
(0.17978 0.233304 0)
(0.148189 0.207775 0)
(0.113352 0.247365 0)
(0.0605455 0.335688 0)
(3 2.3559e-17 0)
(3 3.12302e-16 0)
(3 3.50463e-16 0)
(3 -9.29647e-17 0)
(3 -6.79932e-16 0)
(3 -1.72639e-16 0)
(3 -5.63151e-17 0)
(3 -5.56504e-17 0)
(3 8.9121e-16 0)
(3 1.46068e-15 0)
(3 1.4605e-15 0)
(3 7.85729e-16 0)
(3 4.3157e-16 0)
(3 1.2974e-15 0)
(3 -1.08299e-15 0)
(2.35129 0.205775 0)
(0.873169 0.26571 0)
(0.701961 0.251937 0)
(0.656284 0.195468 0)
(0.597017 0.155182 0)
(0.545252 0.160583 0)
(0.498173 0.231973 0)
(0.471021 0.313457 0)
(0.440225 0.289193 0)
(0.394725 0.240961 0)
(0.2865 0.18053 0)
(0.189518 0.246537 0)
(0.155404 0.304561 0)
(0.133697 0.342977 0)
(0.0696061 0.346433 0)
(3 -1.53968e-16 0)
(3 -4.43825e-16 0)
(3 5.70954e-16 0)
(3 5.54485e-16 0)
(3 -7.06932e-16 0)
(3 1.00372e-17 0)
(3 -2.25172e-16 0)
(3 3.72643e-16 0)
(3 4.98204e-16 0)
(3 8.72399e-16 0)
(3 -5.46023e-17 0)
(3 -3.82924e-16 0)
(3 -1.22512e-16 0)
(3 3.39803e-17 0)
(3 -1.08877e-15 0)
(2.45402 0.192748 0)
(0.894094 0.262861 0)
(0.696712 0.229983 0)
(0.645432 0.179576 0)
(0.593737 0.164772 0)
(0.572703 0.20366 0)
(0.540085 0.285839 0)
(0.480755 0.357106 0)
(0.419748 0.353496 0)
(0.354295 0.224326 0)
(0.291168 0.151967 0)
(0.237718 0.219086 0)
(0.186152 0.361068 0)
(0.122892 0.407935 0)
(0.0580247 0.317015 0)
(3 -1.45436e-17 0)
(3 -2.71893e-16 0)
(3 -1.13507e-16 0)
(3 1.22331e-15 0)
(3 5.62798e-16 0)
(3 4.98006e-17 0)
(3 4.20525e-16 0)
(3 3.11062e-16 0)
(3 8.52042e-16 0)
(3 9.32687e-16 0)
(3 1.51215e-16 0)
(3 -1.19615e-16 0)
(3 -6.39603e-16 0)
(3 -1.03109e-15 0)
(3 -2.15324e-15 0)
(2.55318 0.173372 0)
(0.910436 0.251722 0)
(0.687892 0.208833 0)
(0.651876 0.206203 0)
(0.615165 0.254441 0)
(0.587306 0.293391 0)
(0.5488 0.293672 0)
(0.507779 0.280591 0)
(0.406908 0.238979 0)
(0.327718 0.212257 0)
(0.277273 0.235446 0)
(0.271296 0.337608 0)
(0.201455 0.414968 0)
(0.116474 0.40315 0)
(0.0410075 0.289188 0)
(3 1.90618e-16 0)
(3 5.26206e-16 0)
(3 4.51738e-16 0)
(3 6.66698e-16 0)
(3 1.44863e-15 0)
(3 1.16341e-15 0)
(3 3.51743e-17 0)
(3 -3.39679e-16 0)
(3 1.17874e-15 0)
(3 1.8648e-15 0)
(3 2.16571e-15 0)
(3 9.5878e-16 0)
(3 -6.34069e-16 0)
(3 -1.1709e-15 0)
(3 -1.86503e-15 0)
(2.66071 0.169638 0)
(0.921336 0.243579 0)
(0.702724 0.203331 0)
(0.685093 0.269234 0)
(0.640046 0.328537 0)
(0.587449 0.344485 0)
(0.543491 0.3174 0)
(0.475394 0.191793 0)
(0.409747 0.154951 0)
(0.345842 0.217076 0)
(0.329567 0.353104 0)
(0.303112 0.454861 0)
(0.203214 0.48285 0)
(0.0660621 0.364854 0)
(0.0330016 0.298487 0)
(3 -5.51808e-17 0)
(3 -1.55309e-16 0)
(3 4.89625e-16 0)
(3 5.53557e-17 0)
(3 6.61975e-16 0)
(3 7.0274e-16 0)
(3 3.76992e-16 0)
(3 2.88699e-16 0)
(3 2.86866e-16 0)
(3 5.17974e-16 0)
(3 7.87098e-16 0)
(3 1.36636e-15 0)
(3 2.28683e-16 0)
(3 -7.2308e-16 0)
(3 -1.72711e-15 0)
(2.76254 0.175457 0)
(0.947553 0.285054 0)
(0.742841 0.296108 0)
(0.718018 0.312604 0)
(0.662491 0.329835 0)
(0.603526 0.327188 0)
(0.519134 0.242337 0)
(0.451845 0.191726 0)
(0.420467 0.188189 0)
(0.414485 0.358268 0)
(0.364631 0.47967 0)
(0.297927 0.490302 0)
(0.185913 0.377558 0)
(0.0458118 0.371308 0)
(0.0424398 0.417556 0)
(3 -1.87936e-16 0)
(3 -2.51691e-16 0)
(3 3.75343e-16 0)
(3 3.55466e-16 0)
(3 2.19865e-16 0)
(3 2.05234e-16 0)
(3 2.6977e-16 0)
(3 1.7532e-16 0)
(3 -5.86231e-16 0)
(3 -5.10169e-16 0)
(3 -5.86364e-17 0)
(3 8.77249e-16 0)
(3 1.10519e-15 0)
(3 -9.40817e-16 0)
(3 -1.741e-15 0)
(2.89113 0.156758 0)
(1.02343 0.365605 0)
(0.781895 0.344065 0)
(0.74033 0.331999 0)
(0.678908 0.303429 0)
(0.593198 0.236478 0)
(0.517302 0.238984 0)
(0.462359 0.271447 0)
(0.4636 0.369631 0)
(0.449629 0.419735 0)
(0.380798 0.449614 0)
(0.281188 0.398089 0)
(0.163487 0.331296 0)
(0.0762961 0.410745 0)
(0.0643511 0.532719 0)
(3 1.91519e-16 0)
(3 3.7618e-16 0)
(3 4.66216e-16 0)
(3 8.46837e-16 0)
(3 1.23593e-16 0)
(3 4.6987e-17 0)
(3 5.34177e-16 0)
(3 3.06826e-16 0)
(3 -1.26083e-16 0)
(3 2.04509e-16 0)
(3 -9.96617e-17 0)
(3 -3.94576e-16 0)
(3 -2.0968e-15 0)
(3 -1.21421e-15 0)
(3 -6.99848e-16 0)
(3.00874 0.0913706 0)
(1.09681 0.377417 0)
(0.812227 0.350047 0)
(0.765202 0.328724 0)
(0.671541 0.248328 0)
(0.605337 0.204412 0)
(0.561369 0.218713 0)
(0.527856 0.378153 0)
(0.477714 0.478027 0)
(0.441625 0.489041 0)
(0.35994 0.424783 0)
(0.237503 0.308223 0)
(0.191042 0.333991 0)
(0.134175 0.467293 0)
(0.0769473 0.591799 0)
(3 -1.06304e-16 0)
(3 3.92514e-16 0)
(3 1.85824e-17 0)
(3 4.92428e-16 0)
(3 -2.35561e-17 0)
(3 2.99882e-16 0)
(3 1.0233e-15 0)
(3 1.06083e-15 0)
(3 8.24349e-16 0)
(3 2.71022e-16 0)
(3 5.04843e-16 0)
(3 -5.88742e-16 0)
(3 -1.16494e-15 0)
(3 -2.49007e-16 0)
(3 6.60373e-17 0)
(3.02127 0.0263161 0)
(1.14565 0.330421 0)
(0.827752 0.318317 0)
(0.766532 0.269152 0)
(0.681556 0.261923 0)
(0.619402 0.272766 0)
(0.606615 0.378853 0)
(0.565723 0.425226 0)
(0.511789 0.453593 0)
(0.433074 0.412946 0)
(0.323315 0.293988 0)
(0.235033 0.351824 0)
(0.218888 0.4242 0)
(0.174667 0.554386 0)
(0.0871029 0.612343 0)
(3 -2.23494e-17 0)
(3 2.6069e-16 0)
(3 -2.40667e-16 0)
(3 -1.69852e-16 0)
(3 -1.63238e-16 0)
(3 -1.55538e-16 0)
(3 2.07427e-16 0)
(3 6.98327e-16 0)
(3 4.81631e-17 0)
(3 -8.1038e-16 0)
(3 -3.45335e-16 0)
(3 -6.09439e-16 0)
(3 -9.16422e-16 0)
(3 -4.76708e-16 0)
(3 -2.82732e-16 0)
(3.00842 0.0128419 0)
(1.16 0.267548 0)
(0.813062 0.269114 0)
(0.773931 0.268081 0)
(0.712365 0.310788 0)
(0.679644 0.432591 0)
(0.628197 0.468966 0)
(0.574385 0.445096 0)
(0.507259 0.365118 0)
(0.402943 0.268392 0)
(0.335344 0.304254 0)
(0.273307 0.409169 0)
(0.254207 0.536458 0)
(0.190566 0.62186 0)
(0.0940406 0.604863 0)
(3 3.35871e-16 0)
(3 -3.93864e-16 0)
(3 -7.21054e-16 0)
(3 -1.01386e-15 0)
(3 -7.6608e-16 0)
(3 -5.29266e-16 0)
(3 -2.94545e-16 0)
(3 -3.28113e-16 0)
(3 -1.0935e-15 0)
(3 -1.50938e-15 0)
(3 -1.5198e-15 0)
(3 -2.66729e-16 0)
(3 1.05855e-16 0)
(3 -2.79461e-16 0)
(3 -5.98673e-16 0)
(3.00423 0.00657292 0)
(1.17644 0.262258 0)
(0.787265 0.293972 0)
(0.792502 0.343194 0)
(0.763769 0.43042 0)
(0.710198 0.473576 0)
(0.648183 0.487202 0)
(0.571262 0.427086 0)
(0.478117 0.271049 0)
(0.416979 0.233405 0)
(0.39234 0.268833 0)
(0.347539 0.440163 0)
(0.281559 0.655469 0)
(0.180614 0.679392 0)
(0.0798429 0.550348 0)
(3 -9.90433e-17 0)
(3 -2.35833e-16 0)
(3 -5.73153e-16 0)
(3 -3.73657e-16 0)
(3 -1.21458e-16 0)
(3 -1.06778e-16 0)
(3 -2.65919e-16 0)
(3 -1.2691e-15 0)
(3 -2.16773e-15 0)
(3 -1.62991e-15 0)
(3 -1.50018e-15 0)
(3 2.78343e-16 0)
(3 5.09447e-16 0)
(3 4.13445e-16 0)
(3 -5.95108e-16 0)
(3.00095 0.00100089 0)
(1.194 0.293535 0)
(0.795207 0.351055 0)
(0.799461 0.421402 0)
(0.769829 0.437166 0)
(0.734376 0.435869 0)
(0.664799 0.393843 0)
(0.548837 0.308336 0)
(0.472785 0.313513 0)
(0.418739 0.357786 0)
(0.433206 0.511795 0)
(0.385391 0.651565 0)
(0.308163 0.679333 0)
(0.158567 0.6805 0)
(0.0685245 0.546859 0)
(3 -4.39659e-17 0)
(3 5.82934e-17 0)
(3 7.98209e-17 0)
(3 -6.42453e-16 0)
(3 -1.44063e-15 0)
(3 -5.16627e-16 0)
(3 -1.24156e-16 0)
(3 -8.13896e-16 0)
(3 -1.42634e-15 0)
(3 -1.77022e-15 0)
(3 -7.9988e-16 0)
(3 -3.58541e-16 0)
(3 -1.44147e-15 0)
(3 -7.73042e-16 0)
(3 -8.68595e-16 0)
(3.00004 1.82904e-05 0)
(1.25625 0.347985 0)
(0.809523 0.39206 0)
(0.794582 0.451948 0)
(0.762543 0.479062 0)
(0.719794 0.410209 0)
(0.639474 0.286001 0)
(0.571002 0.271497 0)
(0.519933 0.32572 0)
(0.511418 0.53638 0)
(0.468945 0.706796 0)
(0.391161 0.756036 0)
(0.297145 0.734333 0)
(0.0984298 0.531789 0)
(0.0788512 0.565295 0)
(3 -1.91106e-16 0)
(3 6.30086e-17 0)
(3 6.32484e-16 0)
(3 -3.17458e-16 0)
(3 -1.20021e-15 0)
(3 -3.45661e-16 0)
(3 1.42362e-16 0)
(3 -8.24874e-16 0)
(3 -1.32533e-15 0)
(3 -1.43617e-15 0)
(3 -8.24591e-16 0)
(3 -1.28992e-15 0)
(3 -1.66502e-15 0)
(3 -4.97903e-16 0)
(3 1.32587e-16 0)
(3.00001 -1.06323e-05 0)
(1.34353 0.372443 0)
(0.817185 0.397059 0)
(0.791421 0.399083 0)
(0.743707 0.374397 0)
(0.681882 0.333315 0)
(0.630781 0.331048 0)
(0.58675 0.363363 0)
(0.594826 0.543909 0)
(0.548433 0.61024 0)
(0.520577 0.652361 0)
(0.403473 0.668387 0)
(0.235978 0.548713 0)
(0.099478 0.52747 0)
(0.0960559 0.573876 0)
(3 6.5323e-17 0)
(3 3.34849e-16 0)
(3 9.914e-17 0)
(3 1.9484e-16 0)
(3 3.21777e-16 0)
(3 -1.42778e-16 0)
(3 -5.761e-17 0)
(3 -1.59778e-15 0)
(3 -2.02255e-15 0)
(3 -1.5061e-15 0)
(3 -2.11005e-15 0)
(3 -1.60609e-15 0)
(3 -1.35785e-15 0)
(3 -5.46457e-16 0)
(3 -1.57489e-16 0)
(3 -3.75507e-06 0)
(1.43593 0.362858 0)
(0.811016 0.346686 0)
(0.760614 0.32359 0)
(0.725651 0.308831 0)
(0.683136 0.319095 0)
(0.658496 0.413629 0)
(0.656076 0.579542 0)
(0.615401 0.63534 0)
(0.574319 0.653302 0)
(0.497069 0.524447 0)
(0.372965 0.356483 0)
(0.266311 0.499508 0)
(0.101222 0.587397 0)
(0.114964 0.629919 0)
(3 2.80658e-16 0)
(3 2.30479e-18 0)
(3 1.42746e-16 0)
(3 5.70841e-16 0)
(3 1.39602e-15 0)
(3 1.53023e-18 0)
(3 -7.6878e-16 0)
(3 -5.48911e-16 0)
(3 -1.26967e-15 0)
(3 -2.10978e-15 0)
(3 -2.31744e-15 0)
(3 -1.57154e-15 0)
(3 -4.67734e-16 0)
(3 7.55514e-17 0)
(3 1.16417e-16 0)
(3 1.97995e-08 0)
(1.53904 0.346672 0)
(0.803056 0.330333 0)
(0.746229 0.334402 0)
(0.709665 0.347427 0)
(0.713965 0.453226 0)
(0.712408 0.564947 0)
(0.686593 0.596803 0)
(0.662922 0.620889 0)
(0.553885 0.475471 0)
(0.449892 0.327244 0)
(0.416646 0.352695 0)
(0.349949 0.521729 0)
(0.217455 0.843718 0)
(0.157827 1.12236 0)
(3 1.92117e-16 0)
(3 -2.68948e-17 0)
(3 -1.71828e-16 0)
(3 2.56727e-16 0)
(3 5.33877e-16 0)
(3 1.6402e-16 0)
(3 -5.96138e-16 0)
(3 2.06458e-16 0)
(3 1.51944e-16 0)
(3 -7.71017e-16 0)
(3 -7.06285e-16 0)
(3 -5.22794e-16 0)
(3 -4.5521e-16 0)
(3 2.79955e-16 0)
(3 1.13827e-15 0)
(3 -2.20465e-07 0)
(1.66994 0.3691 0)
(0.801525 0.358597 0)
(0.750309 0.378431 0)
(0.740483 0.462247 0)
(0.738539 0.548779 0)
(0.722978 0.580865 0)
(0.714921 0.560881 0)
(0.648916 0.430802 0)
(0.544075 0.369741 0)
(0.483194 0.366584 0)
(0.481467 0.444183 0)
(0.478942 0.623085 0)
(0.460448 1.04666 0)
(0.249529 1.37156 0)
(3 2.18545e-17 0)
(3 -5.69536e-17 0)
(3 -2.80439e-16 0)
(3 -5.84545e-17 0)
(3 -6.72827e-17 0)
(3 -1.50898e-16 0)
(3 5.1523e-17 0)
(3 -1.51292e-16 0)
(3 -5.7761e-17 0)
(3 5.38361e-16 0)
(3 6.05737e-16 0)
(3 3.38689e-16 0)
(3 6.36845e-16 0)
(3 2.08882e-16 0)
(3 4.1739e-16 0)
(3 -1.88641e-07 0)
(2.08703 0.409341 0)
(0.883145 0.469037 0)
(0.787976 0.448664 0)
(0.760567 0.463839 0)
(0.737433 0.469145 0)
(0.709833 0.472995 0)
(0.678658 0.484698 0)
(0.658916 0.509883 0)
(0.647459 0.583518 0)
(0.63908 0.685922 0)
(0.600219 0.794223 0)
(0.598825 0.880717 0)
(0.658255 1.00428 0)
(0.730436 1.23695 0)
(3 -8.72759e-17 0)
(3 -2.91476e-17 0)
(3 1.30324e-16 0)
(3 2.73302e-16 0)
(3 3.31471e-16 0)
(3 4.87829e-16 0)
(3 1.2227e-16 0)
(3 -6.15961e-17 0)
(3 -5.33854e-17 0)
(3 1.29522e-16 0)
(3 2.87895e-16 0)
(3 5.03945e-16 0)
(3 5.06389e-16 0)
(3 3.13769e-16 0)
(3 4.47e-16 0)
(3 -2.56137e-08 0)
(2.92458 0.171483 0)
(1.11851 0.520667 0)
(0.865705 0.466303 0)
(0.819461 0.464424 0)
(0.783664 0.480358 0)
(0.757768 0.509189 0)
(0.741212 0.550762 0)
(0.729809 0.603547 0)
(0.718627 0.651971 0)
(0.71438 0.705641 0)
(0.725185 0.771763 0)
(0.746244 0.861864 0)
(0.844818 0.968039 0)
(1.10327 1.06625 0)
(3 -6.30085e-17 0)
(3 9.26997e-17 0)
(3 1.93488e-16 0)
(3 7.46338e-17 0)
(3 -6.51936e-17 0)
(3 -4.04593e-16 0)
(3 -8.12349e-16 0)
(3 -7.88374e-16 0)
(3 -7.91755e-16 0)
(3 -1.01518e-15 0)
(3 -6.94887e-16 0)
(3 -1.98595e-16 0)
(3 5.43948e-17 0)
(3 5.57325e-16 0)
(3 4.54921e-16 0)
(3 -2.0655e-09 0)
(3.02821 0.00450193 0)
(1.46666 0.505111 0)
(0.911818 0.546077 0)
(0.85811 0.548078 0)
(0.821076 0.55652 0)
(0.793899 0.572096 0)
(0.777308 0.594772 0)
(0.76743 0.624434 0)
(0.766985 0.667623 0)
(0.780963 0.725298 0)
(0.818692 0.798132 0)
(0.898072 0.885875 0)
(1.03335 0.981409 0)
(1.24707 1.04554 0)
(3 -9.63642e-18 0)
(3 -2.29947e-16 0)
(3 -3.25069e-16 0)
(3 -6.04315e-16 0)
(3 -8.11285e-16 0)
(3 -9.80959e-16 0)
(3 -1.22155e-15 0)
(3 -1.18587e-15 0)
(3 -6.90921e-16 0)
(3 -3.39479e-16 0)
(3 -5.25373e-16 0)
(3 -2.02241e-16 0)
(3 5.85645e-16 0)
(3 1.15148e-15 0)
(3 4.51273e-16 0)
(3 -4.52181e-11 0)
(3.00039 -4.26265e-06 0)
(2.2672 0.448016 0)
(1.01381 0.62398 0)
(0.906512 0.604845 0)
(0.878613 0.60011 0)
(0.851453 0.603196 0)
(0.833066 0.620137 0)
(0.825511 0.650857 0)
(0.835963 0.69701 0)
(0.864259 0.753693 0)
(0.913513 0.81712 0)
(1.00829 0.880122 0)
(1.1387 0.932527 0)
(1.31848 0.972993 0)
(3 4.23757e-17 0)
(3 -1.65198e-16 0)
(3 -2.41348e-16 0)
(3 -1.88689e-16 0)
(3 1.2686e-16 0)
(3 -1.58779e-16 0)
(3 -3.53402e-16 0)
(3 2.17623e-17 0)
(3 7.33744e-16 0)
(3 4.529e-16 0)
(3 1.91764e-16 0)
(3 4.15637e-16 0)
(3 5.75343e-16 0)
(3 -7.77653e-17 0)
(3 -8.87028e-17 0)
(3 -5.15765e-14 0)
(3.00002 -6.36272e-06 0)
(3.051 0.0652037 0)
(1.34217 0.622842 0)
(0.991245 0.625808 0)
(0.966906 0.6259 0)
(0.942757 0.639223 0)
(0.923136 0.654539 0)
(0.912569 0.680615 0)
(0.917655 0.714818 0)
(0.942247 0.756434 0)
(0.990269 0.802563 0)
(1.07758 0.850104 0)
(1.19668 0.886432 0)
(1.34824 0.917418 0)
(3 -7.89257e-17 0)
(3 1.10869e-17 0)
(3 4.26721e-17 0)
(3 4.06923e-16 0)
(3 4.78498e-16 0)
(3 5.76744e-16 0)
(3 8.99919e-16 0)
(3 8.48476e-16 0)
(3 4.1358e-16 0)
(3 2.15667e-16 0)
(3 3.71656e-16 0)
(3 4.68042e-16 0)
(3 -3.15118e-16 0)
(3 -7.12559e-16 0)
(3 -1.38407e-15 0)
(3 4.55363e-15 0)
(3 -1.0057e-06 0)
(3.00604 0.000468154 0)
(1.98433 0.57074 0)
(1.0354 0.698086 0)
(0.993051 0.679013 0)
(0.997106 0.695778 0)
(0.991159 0.711423 0)
(0.988621 0.729174 0)
(0.996413 0.749609 0)
(1.02008 0.776408 0)
(1.06428 0.807575 0)
(1.13976 0.842698 0)
(1.23845 0.868531 0)
(1.36515 0.889067 0)
(3 8.872e-17 0)
(3 -4.62684e-17 0)
(3 -9.62354e-17 0)
(3 4.45815e-17 0)
(3 1.91612e-17 0)
(3 3.49107e-16 0)
(3 3.70617e-16 0)
(3 -4.19827e-17 0)
(3 -3.90622e-16 0)
(3 -5.30955e-17 0)
(3 2.80385e-16 0)
(3 2.10025e-16 0)
(3 -2.12163e-16 0)
(3 9.64082e-16 0)
(3 7.99775e-16 0)
(3 1.465e-15 0)
(3 -5.57169e-08 0)
(3.00002 9.04712e-07 0)
(3.00532 0.128726 0)
(1.33975 0.712023 0)
(1.05237 0.675814 0)
(1.06478 0.708141 0)
(1.064 0.729461 0)
(1.06764 0.747203 0)
(1.07987 0.763444 0)
(1.10169 0.781563 0)
(1.1381 0.801698 0)
(1.20017 0.825842 0)
(1.28037 0.843414 0)
(1.38069 0.855956 0)
(3 4.13466e-17 0)
(3 5.36364e-17 0)
(3 6.0084e-17 0)
(3 -5.38983e-16 0)
(3 -5.26258e-16 0)
(3 -6.67668e-17 0)
(3 -2.19924e-16 0)
(3 -4.4722e-16 0)
(3 -6.58226e-16 0)
(3 -3.13119e-16 0)
(3 4.18238e-16 0)
(3 4.71329e-16 0)
(3 7.12955e-16 0)
(3 5.3865e-16 0)
(3 5.6666e-16 0)
(3 1.15403e-15 0)
(3 -1.83963e-10 0)
(3 -6.04837e-07 0)
(3.01118 0.00175778 0)
(1.99832 0.605927 0)
(1.12857 0.750502 0)
(1.08302 0.750207 0)
(1.09569 0.762871 0)
(1.11207 0.780453 0)
(1.1351 0.796676 0)
(1.16435 0.810891 0)
(1.20298 0.822759 0)
(1.25645 0.833055 0)
(1.32356 0.840854 0)
(1.4042 0.845025 0)
(3 -1.99267e-17 0)
(3 2.91151e-16 0)
(3 3.20178e-16 0)
(3 1.93673e-16 0)
(3 -3.96677e-16 0)
(3 -4.22305e-16 0)
(3 -3.86484e-16 0)
(3 -1.88439e-16 0)
(3 -1.90454e-16 0)
(3 2.01297e-16 0)
(3 9.18244e-16 0)
(3 1.09682e-15 0)
(3 4.94192e-16 0)
(3 -2.63453e-16 0)
(3 -3.07928e-16 0)
(3 5.89056e-16 0)
(3 -7.40683e-14 0)
(3 -8.21202e-08 0)
(3.00005 1.16034e-05 0)
(2.98369 0.125979 0)
(1.49046 0.766921 0)
(1.13126 0.760001 0)
(1.14489 0.766271 0)
(1.16057 0.784695 0)
(1.18385 0.799982 0)
(1.2145 0.813036 0)
(1.25444 0.822106 0)
(1.30267 0.828347 0)
(1.36398 0.831015 0)
(1.43018 0.831813 0)
(3 1.31804e-16 0)
(3 1.98581e-16 0)
(3 7.12212e-16 0)
(3 8.33271e-16 0)
(3 4.58783e-16 0)
(3 2.97228e-16 0)
(3 2.47063e-16 0)
(3 7.10792e-16 0)
(3 1.12704e-15 0)
(3 1.30468e-15 0)
(3 5.03099e-16 0)
(3 3.21535e-16 0)
(3 -2.14219e-16 0)
(3 -9.63274e-16 0)
(3 -2.85831e-16 0)
(3 3.28977e-16 0)
(3 1.31456e-15 0)
(3 -1.30106e-09 0)
(3 -3.8171e-07 0)
(3.00675 0.00316475 0)
(2.40833 0.524758 0)
(1.28088 0.814991 0)
(1.18247 0.813787 0)
(1.20268 0.815483 0)
(1.22112 0.822538 0)
(1.24986 0.829045 0)
(1.28863 0.835148 0)
(1.33563 0.83922 0)
(1.39113 0.84066 0)
(1.44922 0.838717 0)
(3 -9.09298e-17 0)
(3 1.43454e-16 0)
(3 3.20239e-16 0)
(3 2.94959e-16 0)
(3 5.79525e-17 0)
(3 1.95185e-16 0)
(3 4.33901e-16 0)
(3 6.9842e-16 0)
(3 8.02058e-16 0)
(3 7.44424e-16 0)
(3 3.31656e-17 0)
(3 -6.06767e-16 0)
(3 -2.47794e-16 0)
(3 -6.43774e-17 0)
(3 5.3267e-17 0)
(3 2.04897e-16 0)
(3 1.02551e-17 0)
(3 -1.59522e-12 0)
(3 -7.48476e-08 0)
(3.00002 2.06759e-05 0)
(3.02456 0.0485442 0)
(1.8023 0.742258 0)
(1.2565 0.83557 0)
(1.25907 0.832155 0)
(1.27053 0.830943 0)
(1.29232 0.831824 0)
(1.32607 0.834315 0)
(1.36777 0.836639 0)
(1.41575 0.83689 0)
(1.46765 0.833185 0)
(3 -4.7731e-18 0)
(3 9.82249e-17 0)
(3 -2.61231e-16 0)
(3 -3.2724e-16 0)
(3 -2.14375e-16 0)
(3 -3.33666e-16 0)
(3 -4.20261e-16 0)
(3 3.8085e-16 0)
(3 8.60003e-16 0)
(3 5.9189e-16 0)
(3 -2.75646e-16 0)
(3 -6.85735e-16 0)
(3 -3.82746e-16 0)
(3 1.30172e-17 0)
(3 -1.24681e-16 0)
(3 -5.17132e-16 0)
(3 -4.55811e-16 0)
(3 -6.89413e-16 0)
(3 -3.60885e-09 0)
(3 5.93061e-10 0)
(3.0014 0.00139518 0)
(2.83871 0.263031 0)
(1.58904 0.844771 0)
(1.29952 0.871079 0)
(1.31649 0.862408 0)
(1.33405 0.859975 0)
(1.35992 0.857709 0)
(1.39353 0.854794 0)
(1.4324 0.850026 0)
(1.47896 0.842014 0)
(3 1.3369e-16 0)
(3 3.54905e-18 0)
(3 -2.93032e-16 0)
(3 -3.42865e-16 0)
(3 -2.70561e-17 0)
(3 3.54763e-16 0)
(3 4.28616e-16 0)
(3 9.64549e-16 0)
(3 1.51366e-15 0)
(3 9.93242e-16 0)
(3 -4.7437e-16 0)
(3 -8.097e-16 0)
(3 -8.24479e-16 0)
(3 -1.02826e-15 0)
(3 -1.02023e-15 0)
(3 -6.6425e-16 0)
(3 -4.02582e-16 0)
(3 -1.07877e-16 0)
(3 -1.37234e-11 0)
(3 -9.88926e-11 0)
(3 2.80289e-06 0)
(3.00619 0.0130959 0)
(2.53491 0.507984 0)
(1.48399 0.900248 0)
(1.3473 0.883499 0)
(1.3826 0.874588 0)
(1.40122 0.870055 0)
(1.42849 0.862007 0)
(1.45981 0.852241 0)
(1.49954 0.841843 0)
(3 -8.48966e-17 0)
(3 -1.07579e-16 0)
(3 -4.79737e-17 0)
(3 -1.86818e-17 0)
(3 -5.31525e-17 0)
(3 1.55497e-16 0)
(3 7.00528e-16 0)
(3 4.46439e-16 0)
(3 -1.4944e-16 0)
(3 -3.04273e-16 0)
(3 -6.71294e-16 0)
(3 -8.4524e-16 0)
(3 -7.13921e-16 0)
(3 -5.70172e-16 0)
(3 -1.82362e-16 0)
(3 2.45166e-16 0)
(3 -4.26461e-16 0)
(3 -4.58039e-16 0)
(3 -4.06484e-14 0)
(3 -2.00158e-11 0)
(3 3.67247e-10 0)
(3.00003 0.000160853 0)
(3.00684 0.0431085 0)
(2.17533 0.702672 0)
(1.4284 0.904432 0)
(1.41234 0.904085 0)
(1.44224 0.890779 0)
(1.46503 0.881488 0)
(1.49143 0.870025 0)
(1.52411 0.858866 0)
(3 -3.81468e-17 0)
(3 1.68055e-16 0)
(3 4.08571e-16 0)
(3 5.8523e-16 0)
(3 6.32207e-16 0)
(3 5.91953e-17 0)
(3 6.48745e-17 0)
(3 -2.2027e-16 0)
(3 -1.20814e-15 0)
(3 -1.20615e-15 0)
(3 -2.79412e-16 0)
(3 7.41712e-16 0)
(3 8.34367e-16 0)
(3 6.17055e-16 0)
(3 2.57808e-16 0)
(3 -2.07431e-16 0)
(3 -6.4287e-16 0)
(3 -5.78892e-16 0)
(3 -3.21383e-17 0)
(3 -2.52192e-12 0)
(3 -2.56849e-12 0)
(3 8.94717e-08 0)
(3.00031 0.00119634 0)
(2.94914 0.137466 0)
(1.93314 0.793119 0)
(1.46922 0.914428 0)
(1.46955 0.914953 0)
(1.50144 0.90318 0)
(1.52622 0.891174 0)
(1.55404 0.879303 0)
(3 1.40473e-16 0)
(3 2.44425e-17 0)
(3 3.69139e-17 0)
(3 1.6267e-16 0)
(3 3.18326e-16 0)
(3 2.58752e-16 0)
(3 1.79019e-18 0)
(3 -3.18054e-16 0)
(3 -6.58263e-16 0)
(3 -6.98533e-16 0)
(3 -2.53846e-16 0)
(3 3.45202e-16 0)
(3 4.74277e-16 0)
(3 8.09761e-17 0)
(3 -5.5436e-16 0)
(3 -1.42691e-15 0)
(3 -1.34057e-15 0)
(3 -8.25516e-16 0)
(3 2.48348e-16 0)
(3 -4.13985e-14 0)
(3 -6.06357e-13 0)
(3 2.00296e-11 0)
(3 1.70462e-06 0)
(3.00067 0.0061585 0)
(2.82559 0.261894 0)
(1.82508 0.850501 0)
(1.51482 0.929708 0)
(1.52475 0.928118 0)
(1.55609 0.914317 0)
(1.58111 0.903163 0)
(3 -7.58617e-17 0)
(3 -2.44344e-16 0)
(3 -4.87904e-16 0)
(3 -6.33883e-16 0)
(3 -8.21731e-16 0)
(3 1.84628e-16 0)
(3 4.30649e-16 0)
(3 2.05054e-16 0)
(3 -3.96658e-16 0)
(3 -7.97002e-16 0)
(3 -2.60847e-16 0)
(3 1.49395e-16 0)
(3 1.49831e-16 0)
(3 -2.76358e-16 0)
(3 -3.66491e-16 0)
(3 -3.30292e-16 0)
(3 -4.02546e-16 0)
(3 -1.6828e-16 0)
(3 -8.12191e-17 0)
(3 1.5323e-16 0)
(3 -2.62336e-14 0)
(3 -1.94034e-14 0)
(3 5.33341e-10 0)
(3 2.64644e-05 0)
(2.99945 0.0155857 0)
(2.68508 0.379896 0)
(1.78543 0.882355 0)
(1.56268 0.941167 0)
(1.57487 0.937456 0)
(1.60435 0.92355 0)
(3 -8.39948e-17 0)
(3 -1.49073e-16 0)
(3 -6.73349e-16 0)
(3 -5.44903e-16 0)
(3 -1.60697e-16 0)
(3 2.5191e-16 0)
(3 2.78823e-16 0)
(3 -7.64808e-17 0)
(3 -5.11322e-16 0)
(3 -7.6489e-16 0)
(3 -1.29366e-16 0)
(3 1.14935e-16 0)
(3 -3.49081e-17 0)
(3 -1.38381e-16 0)
(3 1.21617e-16 0)
(3 4.87887e-16 0)
(3 9.33518e-16 0)
(3 -1.76335e-16 0)
(3 -4.15381e-16 0)
(3 2.3584e-16 0)
(3 -1.42836e-16 0)
(3 -4.98739e-15 0)
(3 4.34143e-14 0)
(3 1.37862e-08 0)
(2.99998 0.000145086 0)
(2.99347 0.02916 0)
(2.57037 0.46776 0)
(1.7823 0.899918 0)
(1.60688 0.948842 0)
(1.61793 0.944829 0)
(3 -2.07458e-17 0)
(3 -1.13578e-16 0)
(3 -1.19348e-16 0)
(3 6.30957e-17 0)
(3 5.77146e-16 0)
(3 -6.17716e-17 0)
(3 -8.48626e-16 0)
(3 -8.96666e-16 0)
(3 -4.60319e-16 0)
(3 -1.89636e-16 0)
(3 3.8879e-17 0)
(3 6.61652e-17 0)
(3 -2.44941e-16 0)
(3 3.53555e-16 0)
(3 7.73317e-16 0)
(3 6.47139e-16 0)
(3 1.31915e-16 0)
(3 -4.67425e-16 0)
(3 -6.46954e-16 0)
(3 -6.97877e-16 0)
(3 -5.39308e-16 0)
(3 -5.82692e-16 0)
(3 -1.16046e-15 0)
(3 2.05047e-12 0)
(3 1.12228e-07 0)
(2.99994 0.000454512 0)
(2.98319 0.045068 0)
(2.49516 0.521965 0)
(1.80118 0.910953 0)
(1.64784 0.953591 0)
(3 4.40939e-17 0)
(3 1.77241e-16 0)
(3 5.20153e-16 0)
(3 3.67183e-16 0)
(3 -2.03542e-17 0)
(3 -1.44816e-16 0)
(3 -2.59588e-16 0)
(3 -1.7252e-16 0)
(3 -3.25576e-16 0)
(3 2.14402e-16 0)
(3 1.10593e-15 0)
(3 9.02288e-16 0)
(3 2.46566e-16 0)
(3 3.1863e-16 0)
(3 1.97495e-16 0)
(3 2.60053e-16 0)
(3 -3.78207e-17 0)
(3 -1.58366e-16 0)
(3 -2.58346e-16 0)
(3 -4.6446e-16 0)
(3 -4.64259e-16 0)
(3 1.64836e-16 0)
(3 4.79715e-16 0)
(3 -7.42642e-16 0)
(3 2.80625e-11 0)
(3 5.33509e-07 0)
(2.99985 0.000909616 0)
(2.96772 0.0626927 0)
(2.49397 0.544624 0)
(1.79481 0.925599 0)
(3 -1.34099e-17 0)
(3 -6.86515e-18 0)
(3 8.76675e-17 0)
(3 2.63364e-16 0)
(3 1.42082e-16 0)
(3 1.10486e-16 0)
(3 2.7503e-16 0)
(3 6.28859e-16 0)
(3 9.02145e-16 0)
(3 1.19591e-15 0)
(3 1.54852e-15 0)
(3 1.10473e-15 0)
(3 7.80275e-18 0)
(3 -1.20315e-16 0)
(3 -8.02285e-17 0)
(3 -9.13594e-17 0)
(3 2.53027e-16 0)
(3 8.88269e-16 0)
(3 3.04838e-16 0)
(3 -2.48837e-16 0)
(3 -1.35922e-16 0)
(3 3.23687e-17 0)
(3 3.33002e-16 0)
(3 8.00618e-17 0)
(3 1.04102e-15 0)
(3 2.1173e-10 0)
(3 1.16316e-06 0)
(2.99955 0.00176816 0)
(2.983 0.0573236 0)
(2.34652 0.655213 0)
(3 -8.29415e-17 0)
(3 -3.34949e-16 0)
(3 -2.99354e-16 0)
(3 1.0318e-16 0)
(3 4.81426e-16 0)
(3 6.35835e-16 0)
(3 6.66197e-16 0)
(3 4.148e-16 0)
(3 9.40772e-16 0)
(3 1.30576e-15 0)
(3 9.51873e-16 0)
(3 3.14614e-16 0)
(3 2.26173e-16 0)
(3 2.36985e-16 0)
(3 5.57878e-16 0)
(3 4.15662e-16 0)
(3 1.05867e-15 0)
(3 1.83244e-15 0)
(3 1.56381e-15 0)
(3 9.48726e-16 0)
(3 9.57909e-16 0)
(3 9.43731e-16 0)
(3 7.12673e-16 0)
(3 1.4203e-15 0)
(3 4.34524e-16 0)
(3 1.17919e-14 0)
(3 6.32402e-10 0)
(3 2.84433e-06 0)
(2.99988 0.00189751 0)
(2.96645 0.0945593 0)
(3 9.93844e-17 0)
(3 2.46705e-16 0)
(3 2.22172e-16 0)
(3 -4.44618e-16 0)
(3 -5.05076e-16 0)
(3 -1.93051e-16 0)
(3 -8.10801e-17 0)
(3 -2.84476e-16 0)
(3 -1.21487e-16 0)
(3 3.19604e-16 0)
(3 4.10329e-16 0)
(3 -1.7168e-16 0)
(3 -1.70297e-16 0)
(3 -1.78459e-16 0)
(3 -5.33914e-17 0)
(3 3.70288e-16 0)
(3 1.164e-15 0)
(3 2.30016e-15 0)
(3 2.82357e-15 0)
(3 2.82858e-15 0)
(3 2.03926e-15 0)
(3 1.55283e-15 0)
(3 1.05968e-15 0)
(3 1.06779e-15 0)
(3 6.92483e-16 0)
(3 4.31334e-16 0)
(3 5.63904e-14 0)
(3 1.08604e-09 0)
(3 6.68554e-06 0)
(3.00246 0.00111726 0)
(3 4.19243e-18 0)
(3 2.15623e-17 0)
(3 -2.30471e-17 0)
(3 -4.61366e-16 0)
(3 -7.89928e-16 0)
(3 -1.46974e-15 0)
(3 -1.34825e-15 0)
(3 -5.73103e-16 0)
(3 -6.05511e-16 0)
(3 -4.61229e-16 0)
(3 -5.2574e-16 0)
(3 -2.14524e-16 0)
(3 -2.69556e-16 0)
(3 -2.44525e-16 0)
(3 4.4098e-16 0)
(3 1.20352e-15 0)
(3 1.05564e-15 0)
(3 9.77499e-16 0)
(3 1.13012e-15 0)
(3 1.36307e-15 0)
(3 9.34813e-16 0)
(3 9.51199e-16 0)
(3 1.25502e-15 0)
(3 8.00922e-16 0)
(3 -6.35457e-17 0)
(3 -3.18835e-16 0)
(3 -5.21042e-16 0)
(3 6.51357e-14 0)
(3 4.96581e-09 0)
(3.00001 8.75419e-07 0)
(3 -1.64134e-17 0)
(3 -8.09737e-17 0)
(3 -2.30566e-16 0)
(3 4.71072e-17 0)
(3 2.95409e-16 0)
(3 3.03683e-17 0)
(3 1.81709e-16 0)
(3 -1.29484e-16 0)
(3 -3.73805e-17 0)
(3 -4.04139e-16 0)
(3 -9.34297e-16 0)
(3 -5.38223e-16 0)
(3 2.94872e-16 0)
(3 4.59983e-16 0)
(3 1.25464e-16 0)
(3 1.6056e-16 0)
(3 8.61488e-17 0)
(3 -6.80204e-16 0)
(3 -6.0587e-16 0)
(3 -4.67445e-17 0)
(3 4.21017e-16 0)
(3 1.14377e-15 0)
(3 8.24254e-16 0)
(3 2.37967e-16 0)
(3 5.25349e-16 0)
(3 7.18882e-16 0)
(3 5.86053e-16 0)
(3 -1.08116e-15 0)
(3 1.01691e-12 0)
(3 7.65285e-11 0)
(3 6.31485e-17 0)
(3 1.18728e-16 0)
(3 -1.37162e-17 0)
(3 3.88737e-16 0)
(3 1.03276e-15 0)
(3 1.53652e-15 0)
(3 1.45608e-15 0)
(3 6.03899e-16 0)
(3 4.24723e-16 0)
(3 1.26794e-18 0)
(3 -6.75965e-16 0)
(3 -1.0551e-15 0)
(3 -6.29965e-16 0)
(3 -2.23823e-16 0)
(3 -5.22616e-16 0)
(3 -8.06612e-16 0)
(3 -1.08787e-15 0)
(3 -1.16044e-15 0)
(3 -1.25755e-15 0)
(3 -7.8416e-16 0)
(3 2.04168e-16 0)
(3 1.27465e-16 0)
(3 1.90273e-17 0)
(3 -3.78209e-16 0)
(3 -8.20394e-17 0)
(3 4.04874e-17 0)
(3 2.08115e-16 0)
(3 -9.3851e-16 0)
(3 -1.2611e-16 0)
(3 -1.01854e-10 0)
(3 -9.68514e-17 0)
(3 -1.60541e-16 0)
(3 1.7647e-17 0)
(3 -2.17668e-16 0)
(3 4.52376e-17 0)
(3 5.94573e-16 0)
(3 4.16706e-16 0)
(3 3.65023e-16 0)
(3 3.2783e-17 0)
(3 -3.22671e-16 0)
(3 -6.42079e-16 0)
(3 -1.09075e-15 0)
(3 -7.51664e-16 0)
(3 -5.59235e-16 0)
(3 -6.11916e-16 0)
(3 -1.15949e-15 0)
(3 -9.87739e-16 0)
(3 -1.24414e-15 0)
(3 -1.57515e-15 0)
(3 -1.5099e-15 0)
(3 -8.31883e-16 0)
(3 -1.34064e-15 0)
(3 -1.29688e-15 0)
(3 -9.44325e-16 0)
(3 -4.15045e-16 0)
(3 -1.39025e-15 0)
(3 -1.45805e-15 0)
(3 -1.37762e-15 0)
(3 1.37214e-15 0)
(3 -1.65449e-11 0)
(3 -6.42666e-17 0)
(3 1.95312e-16 0)
(3 2.61051e-17 0)
(3 -1.50159e-16 0)
(3 -4.48872e-16 0)
(3 -3.98281e-16 0)
(3 -5.60161e-16 0)
(3 -2.29222e-16 0)
(3 6.75234e-18 0)
(3 9.28587e-17 0)
(3 8.48626e-17 0)
(3 -1.6105e-17 0)
(3 -2.85862e-16 0)
(3 -1.59154e-16 0)
(3 -6.26278e-17 0)
(3 -6.48528e-16 0)
(3 -1.2514e-15 0)
(3 -1.5158e-15 0)
(3 -1.87294e-15 0)
(3 -1.62564e-15 0)
(3 -1.61696e-15 0)
(3 -1.90126e-15 0)
(3 -1.97199e-15 0)
(3 -1.7323e-15 0)
(3 -1.41213e-15 0)
(3 -1.39467e-15 0)
(3 4.84223e-17 0)
(3 2.07941e-15 0)
(3 2.02334e-15 0)
(3 -7.52722e-13 0)
(3 -9.4844e-17 0)
(3 -2.30418e-17 0)
(3 2.01653e-16 0)
(3 6.19268e-16 0)
(3 2.02904e-16 0)
(3 -6.81974e-16 0)
(3 -8.37232e-16 0)
(3 -7.08941e-16 0)
(3 -7.48162e-16 0)
(3 -6.40192e-16 0)
(3 -2.62745e-16 0)
(3 1.61741e-16 0)
(3 -4.22214e-17 0)
(3 3.12243e-16 0)
(3 3.6972e-16 0)
(3 -4.095e-16 0)
(3 -1.20971e-15 0)
(3 -1.70066e-15 0)
(3 -1.25886e-15 0)
(3 -1.42249e-15 0)
(3 -1.5448e-15 0)
(3 -1.31617e-15 0)
(3 -1.23891e-15 0)
(3 -1.24684e-15 0)
(3 -1.89676e-15 0)
(3 -1.8531e-15 0)
(3 -9.23286e-16 0)
(3 1.02034e-16 0)
(3 5.40222e-16 0)
(3 -2.29568e-15 0)
(3 -9.74825e-17 0)
(3 -2.53266e-16 0)
(3 3.66805e-18 0)
(3 3.1203e-16 0)
(3 1.85406e-16 0)
(3 -2.83713e-16 0)
(3 -3.89485e-16 0)
(3 -4.22816e-16 0)
(3 -7.04246e-16 0)
(3 -9.25741e-16 0)
(3 -6.24645e-16 0)
(3 -1.97085e-16 0)
(3 -1.72762e-16 0)
(3 8.54572e-18 0)
(3 1.32979e-16 0)
(3 -3.09607e-16 0)
(3 -6.71605e-16 0)
(3 -9.85852e-16 0)
(3 -1.15411e-15 0)
(3 -1.38248e-15 0)
(3 -1.24216e-15 0)
(3 -7.9936e-16 0)
(3 -1.00078e-15 0)
(3 -1.36355e-15 0)
(3 -1.75337e-15 0)
(3 -1.535e-15 0)
(3 -6.73112e-16 0)
(3 -3.9139e-16 0)
(3 3.05528e-16 0)
(3 8.07074e-16 0)
(1.51609 1.30257 0)
(1.97192 0.100415 0)
(2.12668 -0.0593098 0)
(2.10649 -0.0478657 0)
(2.07996 -0.0462312 0)
(2.08583 -0.0266073 0)
(2.09961 -0.0280617 0)
(2.12506 -0.0220104 0)
(2.15708 -0.00939177 0)
(1.98215 0.0181328 0)
(0.836942 0.0138221 0)
(0.713088 -0.0394259 0)
(0.890655 -0.0613374 0)
(1.0853 -0.0496948 0)
(1.24268 -0.0299717 0)
(1.35888 -0.0189294 0)
(1.4551 -0.0151232 0)
(1.54807 -0.0150764 0)
(1.63795 -0.0105587 0)
(1.71238 -0.0086705 0)
(1.78158 -0.00420007 0)
(1.83875 0.00339491 0)
(1.88728 0.00939603 0)
(1.93477 0.0113717 0)
(1.98569 0.01112 0)
(2.03799 0.0100599 0)
(2.09085 0.00843923 0)
(2.14305 0.0051533 0)
(2.1835 0.00422463 0)
(2.24531 0.0073778 0)
(1.83652 0.740312 0)
(2.27848 -0.0821311 0)
(2.29228 -0.143292 0)
(2.27099 -0.101735 0)
(2.22722 -0.0464983 0)
(2.2056 -0.0108933 0)
(2.2028 -0.0379998 0)
(2.21282 0.00420797 0)
(2.22872 0.00208656 0)
(2.15882 0.0453562 0)
(1.06662 0.0154973 0)
(0.909966 -0.0807052 0)
(1.0628 -0.0887144 0)
(1.19947 -0.0558451 0)
(1.31628 -0.0253217 0)
(1.41218 -0.0172427 0)
(1.49876 -0.0134793 0)
(1.58228 -0.00527924 0)
(1.66364 -0.010261 0)
(1.7339 -0.0142803 0)
(1.79745 -0.0141717 0)
(1.85256 -0.00563943 0)
(1.90284 0.00900778 0)
(1.94908 0.0246069 0)
(1.99462 0.0341581 0)
(2.04289 0.0355374 0)
(2.09293 0.0315226 0)
(2.14436 0.0214325 0)
(2.1895 0.0112487 0)
(2.25572 0.00862723 0)
(1.87726 0.715093 0)
(2.28767 0.374131 0)
(2.4936 -0.0777139 0)
(2.49428 -0.0894954 0)
(2.46266 -0.0844589 0)
(2.41706 -0.0536889 0)
(2.39439 -0.074498 0)
(2.38624 -0.0504958 0)
(2.38122 -0.0272737 0)
(2.33156 -0.0909162 0)
(1.60959 0.023256 0)
(1.27735 -0.140462 0)
(1.34359 -0.125963 0)
(1.40181 -0.0866912 0)
(1.46659 -0.0596216 0)
(1.53046 -0.0423599 0)
(1.5963 -0.0343945 0)
(1.661 -0.026278 0)
(1.72384 -0.0157558 0)
(1.78138 -0.00552009 0)
(1.83447 0.00472783 0)
(1.88595 0.00989259 0)
(1.93455 0.0158574 0)
(1.97859 0.0271234 0)
(2.02138 0.0387947 0)
(2.06603 0.0443587 0)
(2.11177 0.0436761 0)
(2.15797 0.0375085 0)
(2.19827 0.0331356 0)
(2.26456 0.0316386 0)
(1.80987 0.781496 0)
(2.29186 0.41314 0)
(2.56179 -0.0242964 0)
(2.60986 -0.164851 0)
(2.59917 -0.1454 0)
(2.5643 -0.0979755 0)
(2.54458 -0.0483405 0)
(2.5236 -0.0153887 0)
(2.5184 -0.0172021 0)
(2.40348 -0.22116 0)
(2.04583 -0.25294 0)
(1.5281 -0.0779481 0)
(1.53639 -0.115436 0)
(1.56284 -0.0774345 0)
(1.60242 -0.0376574 0)
(1.64917 -0.0182584 0)
(1.70005 -0.0127665 0)
(1.75072 -0.0131275 0)
(1.79745 -0.00874393 0)
(1.84223 0.000172256 0)
(1.88789 0.0117949 0)
(1.93378 0.0254428 0)
(1.97826 0.0387891 0)
(2.02049 0.0470516 0)
(2.06088 0.049138 0)
(2.10075 0.0452858 0)
(2.14143 0.0386184 0)
(2.18414 0.0295206 0)
(2.22365 0.0288273 0)
(2.28776 0.0374192 0)
(1.77915 0.768334 0)
(2.17993 0.540198 0)
(2.48681 0.13422 0)
(2.5867 -0.0167264 0)
(2.64384 -0.138899 0)
(2.62766 -0.142067 0)
(2.61371 -0.107432 0)
(2.58363 -0.0331256 0)
(2.58884 -0.0278356 0)
(2.34741 -0.336567 0)
(2.18679 -0.564055 0)
(1.63597 -0.18547 0)
(1.58536 -0.0792775 0)
(1.63691 -0.0662673 0)
(1.67835 -0.0419982 0)
(1.72392 -0.0239464 0)
(1.77253 -0.016817 0)
(1.81822 -0.0121318 0)
(1.85776 -0.00195953 0)
(1.89552 0.0127099 0)
(1.93642 0.0256907 0)
(1.98004 0.0358844 0)
(2.02454 0.0464205 0)
(2.0666 0.0564399 0)
(2.10449 0.0627538 0)
(2.13979 0.0629389 0)
(2.17562 0.0600883 0)
(2.21479 0.0528004 0)
(2.25205 0.0524351 0)
(2.31274 0.0577713 0)
(1.7177 0.793763 0)
(2.11208 0.565343 0)
(2.38212 0.273158 0)
(2.55359 0.00632401 0)
(2.63164 -0.129255 0)
(2.63913 -0.146424 0)
(2.6296 -0.134624 0)
(2.61144 -0.0812297 0)
(2.60072 -0.0853003 0)
(2.22442 -0.469554 0)
(2.132 -0.711594 0)
(1.74666 -0.296201 0)
(1.59734 -0.106427 0)
(1.6693 -0.0576305 0)
(1.7143 -0.0294356 0)
(1.76248 -0.0146014 0)
(1.81189 -0.00709056 0)
(1.8564 0.000105041 0)
(1.89507 0.0142636 0)
(1.93201 0.0323102 0)
(1.97214 0.0464407 0)
(2.01567 0.055035 0)
(2.0608 0.0600127 0)
(2.10408 0.0619615 0)
(2.14301 0.0626044 0)
(2.17786 0.0633032 0)
(2.21127 0.0676289 0)
(2.24609 0.0702859 0)
(2.27903 0.0770705 0)
(2.33556 0.0838984 0)
(1.69316 0.7783 0)
(2.02248 0.628492 0)
(2.31861 0.320414 0)
(2.46553 0.157232 0)
(2.57427 -0.0302223 0)
(2.62834 -0.149257 0)
(2.63953 -0.142806 0)
(2.6264 -0.1177 0)
(2.53903 -0.206257 0)
(2.13891 -0.548587 0)
(2.08223 -0.732197 0)
(1.93272 -0.484886 0)
(1.6466 -0.139596 0)
(1.68606 -0.0579898 0)
(1.73859 -0.0270794 0)
(1.78875 -0.0174872 0)
(1.83749 -0.00881439 0)
(1.8803 0.00462527 0)
(1.91915 0.0242561 0)
(1.95785 0.0451341 0)
(1.99938 0.0610529 0)
(2.04329 0.0696547 0)
(2.08775 0.0737703 0)
(2.1308 0.0751394 0)
(2.17072 0.0759659 0)
(2.2061 0.0775854 0)
(2.23861 0.0844 0)
(2.27157 0.090938 0)
(2.30252 0.100931 0)
(2.356 0.108145 0)
(1.66561 0.786336 0)
(1.97147 0.653065 0)
(2.23534 0.406793 0)
(2.40705 0.234824 0)
(2.53941 0.00821054 0)
(2.60074 -0.0791585 0)
(2.63841 -0.134655 0)
(2.63238 -0.139134 0)
(2.40659 -0.386782 0)
(2.09299 -0.608336 0)
(2.04363 -0.725856 0)
(2.01482 -0.6291 0)
(1.8262 -0.247775 0)
(1.70905 -0.0628061 0)
(1.76925 -0.0242574 0)
(1.81688 -0.012441 0)
(1.86026 -0.00167456 0)
(1.89931 0.0137395 0)
(1.93797 0.0353135 0)
(1.97825 0.0573314 0)
(2.02086 0.0739535 0)
(2.06456 0.0832368 0)
(2.1086 0.088424 0)
(2.15133 0.0892481 0)
(2.19046 0.0902939 0)
(2.22524 0.094496 0)
(2.25661 0.10534 0)
(2.2881 0.115522 0)
(2.31872 0.126373 0)
(2.3726 0.131157 0)
(1.6589 0.782825 0)
(1.91753 0.679377 0)
(2.18675 0.447809 0)
(2.33785 0.323878 0)
(2.48257 0.104525 0)
(2.57774 -0.0237684 0)
(2.63072 -0.113763 0)
(2.61884 -0.16379 0)
(2.26727 -0.548383 0)
(2.04081 -0.702675 0)
(2.03067 -0.706056 0)
(2.04574 -0.671397 0)
(1.98443 -0.422537 0)
(1.79331 -0.101434 0)
(1.80433 -0.0207125 0)
(1.85033 -0.00334401 0)
(1.88762 0.00709744 0)
(1.92325 0.0223838 0)
(1.96148 0.0432814 0)
(2.00196 0.0633408 0)
(2.0433 0.0818071 0)
(2.08294 0.096015 0)
(2.12353 0.104139 0)
(2.16387 0.108252 0)
(2.20216 0.111542 0)
(2.23758 0.114493 0)
(2.27054 0.123156 0)
(2.30323 0.131753 0)
(2.33306 0.143453 0)
(2.38384 0.149872 0)
(1.64572 0.800518 0)
(1.88312 0.690936 0)
(2.1255 0.509962 0)
(2.27902 0.390811 0)
(2.43612 0.161634 0)
(2.52593 0.0792361 0)
(2.61546 -0.0862602 0)
(2.57016 -0.216019 0)
(2.13012 -0.674089 0)
(2.03237 -0.76164 0)
(2.03163 -0.717276 0)
(2.06748 -0.688383 0)
(2.07067 -0.562285 0)
(1.9503 -0.219675 0)
(1.85045 -0.0296545 0)
(1.88532 0.0147337 0)
(1.91967 0.0242574 0)
(1.95359 0.0367975 0)
(1.99011 0.0554437 0)
(2.02881 0.0726716 0)
(2.06813 0.0897415 0)
(2.10479 0.105151 0)
(2.13995 0.117944 0)
(2.1761 0.125828 0)
(2.21383 0.130703 0)
(2.24963 0.133246 0)
(2.28264 0.140203 0)
(2.3148 0.147777 0)
(2.34222 0.160234 0)
(2.38843 0.167864 0)
(1.64555 0.803738 0)
(1.85879 0.701905 0)
(2.09893 0.549414 0)
(2.23461 0.442235 0)
(2.38829 0.224992 0)
(2.48872 0.152294 0)
(2.58151 -0.0533213 0)
(2.43149 -0.325518 0)
(2.07717 -0.665478 0)
(2.02961 -0.78287 0)
(2.04886 -0.751132 0)
(2.09807 -0.715027 0)
(2.12942 -0.644841 0)
(2.10118 -0.409081 0)
(1.93487 -0.0816076 0)
(1.92112 0.01698 0)
(1.95583 0.0339692 0)
(1.98714 0.052747 0)
(2.02108 0.0709929 0)
(2.05825 0.0847629 0)
(2.09598 0.0986048 0)
(2.1303 0.112967 0)
(2.1613 0.129055 0)
(2.19162 0.142669 0)
(2.22438 0.151718 0)
(2.25985 0.154429 0)
(2.29496 0.158017 0)
(2.32865 0.160878 0)
(2.35565 0.172549 0)
(2.39911 0.182925 0)
(1.63569 0.81745 0)
(1.84177 0.715619 0)
(2.05501 0.607411 0)
(2.19505 0.482044 0)
(2.34745 0.282303 0)
(2.43414 0.24142 0)
(2.48806 -0.0103296 0)
(2.2646 -0.435926 0)
(2.01621 -0.698729 0)
(2.03287 -0.734324 0)
(2.08601 -0.738789 0)
(2.13434 -0.725647 0)
(2.17865 -0.690784 0)
(2.18829 -0.567191 0)
(2.08813 -0.226068 0)
(1.96774 -0.00980986 0)
(1.98765 0.0549415 0)
(2.02025 0.070686 0)
(2.05558 0.0825807 0)
(2.09078 0.09526 0)
(2.12497 0.111393 0)
(2.15628 0.126451 0)
(2.18547 0.141622 0)
(2.21378 0.156008 0)
(2.24402 0.16811 0)
(2.27702 0.173097 0)
(2.31053 0.177183 0)
(2.34384 0.177818 0)
(2.37045 0.18756 0)
(2.4105 0.200409 0)
(1.63622 0.817519 0)
(1.83374 0.725013 0)
(2.02773 0.645793 0)
(2.17202 0.500604 0)
(2.31864 0.345037 0)
(2.41234 0.287465 0)
(2.36034 -0.0211748 0)
(2.11919 -0.524575 0)
(1.99902 -0.699864 0)
(2.03768 -0.713329 0)
(2.10098 -0.730744 0)
(2.15991 -0.718214 0)
(2.19649 -0.700985 0)
(2.24649 -0.65322 0)
(2.22161 -0.438269 0)
(2.06229 -0.0839134 0)
(2.02741 0.0492872 0)
(2.05242 0.0872319 0)
(2.08528 0.103133 0)
(2.11962 0.115775 0)
(2.15231 0.129716 0)
(2.18277 0.142032 0)
(2.2113 0.156222 0)
(2.23809 0.1718 0)
(2.26493 0.187455 0)
(2.29404 0.195986 0)
(2.3257 0.20086 0)
(2.35886 0.199592 0)
(2.3855 0.207093 0)
(2.42474 0.218988 0)
(1.63666 0.829126 0)
(1.82331 0.745199 0)
(1.98756 0.679594 0)
(2.1484 0.517394 0)
(2.28322 0.422405 0)
(2.37454 0.288874 0)
(2.27204 -0.0639732 0)
(2.02382 -0.523697 0)
(1.99777 -0.665202 0)
(2.04572 -0.679511 0)
(2.10596 -0.687507 0)
(2.1661 -0.696707 0)
(2.22426 -0.689195 0)
(2.27929 -0.670924 0)
(2.30053 -0.577301 0)
(2.22954 -0.273588 0)
(2.08898 0.00565228 0)
(2.08905 0.0968656 0)
(2.11617 0.116432 0)
(2.1489 0.1336 0)
(2.17908 0.148957 0)
(2.20735 0.162254 0)
(2.23524 0.176763 0)
(2.26253 0.191101 0)
(2.2896 0.205203 0)
(2.31729 0.214449 0)
(2.3457 0.222442 0)
(2.37544 0.222886 0)
(2.40062 0.230564 0)
(2.44047 0.241462 0)
(1.64652 0.837932 0)
(1.82183 0.765413 0)
(1.95976 0.692109 0)
(2.12305 0.534645 0)
(2.2559 0.482457 0)
(2.31877 0.29114 0)
(2.12646 -0.181939 0)
(1.96494 -0.505343 0)
(1.99316 -0.602813 0)
(2.05328 -0.643262 0)
(2.11767 -0.660133 0)
(2.18299 -0.676017 0)
(2.24658 -0.678456 0)
(2.30289 -0.663331 0)
(2.34873 -0.629161 0)
(2.34493 -0.472207 0)
(2.20564 -0.105616 0)
(2.13039 0.0884954 0)
(2.13866 0.140812 0)
(2.16422 0.159872 0)
(2.19706 0.174092 0)
(2.22925 0.184562 0)
(2.25914 0.196986 0)
(2.28678 0.210784 0)
(2.31365 0.225108 0)
(2.33975 0.234955 0)
(2.3658 0.244751 0)
(2.39369 0.247336 0)
(2.41805 0.254088 0)
(2.45828 0.262828 0)
(1.66272 0.853471 0)
(1.81784 0.794008 0)
(1.94061 0.69826 0)
(2.09722 0.564653 0)
(2.22624 0.533478 0)
(2.21713 0.25031 0)
(1.9883 -0.255602 0)
(1.92579 -0.499488 0)
(1.97915 -0.541194 0)
(2.05749 -0.595113 0)
(2.1284 -0.623046 0)
(2.1966 -0.635952 0)
(2.25941 -0.640033 0)
(2.32325 -0.637064 0)
(2.36486 -0.631002 0)
(2.41038 -0.568086 0)
(2.3555 -0.322956 0)
(2.21312 0.0196703 0)
(2.17202 0.143919 0)
(2.18787 0.176436 0)
(2.21632 0.195277 0)
(2.24688 0.207888 0)
(2.27688 0.221228 0)
(2.30367 0.235038 0)
(2.32804 0.250903 0)
(2.35369 0.260502 0)
(2.38149 0.266244 0)
(2.41236 0.268748 0)
(2.43609 0.275949 0)
(2.47326 0.285096 0)
(1.68294 0.873187 0)
(1.81531 0.819047 0)
(1.93455 0.700144 0)
(2.08139 0.608675 0)
(2.19955 0.532325 0)
(2.10604 0.165784 0)
(1.87961 -0.292303 0)
(1.90245 -0.437509 0)
(1.97605 -0.494071 0)
(2.06158 -0.544021 0)
(2.13927 -0.580035 0)
(2.21129 -0.598579 0)
(2.27779 -0.611486 0)
(2.33957 -0.612798 0)
(2.39194 -0.60458 0)
(2.43902 -0.586329 0)
(2.43907 -0.478873 0)
(2.33178 -0.130331 0)
(2.22923 0.1114 0)
(2.21459 0.195671 0)
(2.22911 0.223448 0)
(2.25947 0.234191 0)
(2.28933 0.245567 0)
(2.31754 0.257432 0)
(2.34232 0.271987 0)
(2.36901 0.28045 0)
(2.39581 0.285002 0)
(2.4217 0.291349 0)
(2.44445 0.300311 0)
(2.48392 0.305858 0)
(1.70261 0.895191 0)
(1.81348 0.833446 0)
(1.93688 0.710671 0)
(2.06511 0.665439 0)
(2.15792 0.532242 0)
(1.92865 0.0134592 0)
(1.83186 -0.288819 0)
(1.89978 -0.395448 0)
(1.9902 -0.45998 0)
(2.0752 -0.510384 0)
(2.15364 -0.544739 0)
(2.22531 -0.559349 0)
(2.2893 -0.564572 0)
(2.34513 -0.563335 0)
(2.40214 -0.563736 0)
(2.44079 -0.5716 0)
(2.48046 -0.524422 0)
(2.45025 -0.344773 0)
(2.31322 0.0322173 0)
(2.24501 0.20697 0)
(2.24356 0.247987 0)
(2.26227 0.260115 0)
(2.29191 0.270457 0)
(2.31922 0.281192 0)
(2.34469 0.293199 0)
(2.37034 0.298961 0)
(2.39947 0.306785 0)
(2.43147 0.310981 0)
(2.45807 0.318214 0)
(2.49762 0.32433 0)
(1.7116 0.916484 0)
(1.81445 0.835993 0)
(1.94994 0.727942 0)
(2.0576 0.719206 0)
(2.07451 0.452841 0)
(1.79681 -0.085878 0)
(1.81643 -0.293632 0)
(1.89644 -0.342655 0)
(1.99643 -0.408216 0)
(2.08163 -0.457558 0)
(2.15946 -0.489989 0)
(2.23217 -0.509255 0)
(2.29835 -0.521462 0)
(2.35751 -0.528594 0)
(2.41109 -0.527621 0)
(2.46087 -0.531907 0)
(2.48421 -0.521961 0)
(2.50741 -0.4382 0)
(2.43657 -0.168892 0)
(2.32746 0.125953 0)
(2.27906 0.248854 0)
(2.28227 0.275021 0)
(2.30798 0.291867 0)
(2.33743 0.305815 0)
(2.36378 0.3151 0)
(2.38224 0.319186 0)
(2.40318 0.330005 0)
(2.43203 0.332196 0)
(2.45697 0.338152 0)
(2.4966 0.347236 0)
(1.72278 0.926092 0)
(1.82362 0.838962 0)
(1.94855 0.775313 0)
(2.05346 0.717394 0)
(1.96337 0.320383 0)
(1.73821 -0.124902 0)
(1.81193 -0.261541 0)
(1.90352 -0.315978 0)
(2.0024 -0.374337 0)
(2.09029 -0.421465 0)
(2.16946 -0.452842 0)
(2.24132 -0.470941 0)
(2.30441 -0.479897 0)
(2.35792 -0.479551 0)
(2.40372 -0.476106 0)
(2.44988 -0.476894 0)
(2.4908 -0.481213 0)
(2.53241 -0.454048 0)
(2.52351 -0.339043 0)
(2.39977 0.0358648 0)
(2.32486 0.23639 0)
(2.31167 0.28972 0)
(2.323 0.314004 0)
(2.34243 0.324048 0)
(2.36793 0.33486 0)
(2.39538 0.340994 0)
(2.42211 0.348701 0)
(2.44827 0.350489 0)
(2.46529 0.360487 0)
(2.49535 0.370725 0)
(1.77167 0.883083 0)
(1.83141 0.854754 0)
(1.96305 0.836323 0)
(2.04478 0.71912 0)
(1.78105 0.137101 0)
(1.72645 -0.130831 0)
(1.81893 -0.229179 0)
(1.91459 -0.287315 0)
(2.00591 -0.3348 0)
(2.09151 -0.373086 0)
(2.16912 -0.399565 0)
(2.23792 -0.416834 0)
(2.29871 -0.428047 0)
(2.35654 -0.435237 0)
(2.40959 -0.438164 0)
(2.45578 -0.433793 0)
(2.50527 -0.433092 0)
(2.52921 -0.437605 0)
(2.57165 -0.380745 0)
(2.52637 -0.189626 0)
(2.39396 0.168756 0)
(2.33801 0.309259 0)
(2.33792 0.337826 0)
(2.35231 0.346887 0)
(2.37366 0.359478 0)
(2.39766 0.363863 0)
(2.42507 0.36907 0)
(2.44875 0.369986 0)
(2.4659 0.386115 0)
(2.49935 0.393437 0)
(1.8477 0.790171 0)
(1.82901 0.877149 0)
(1.96165 0.885588 0)
(1.99455 0.616834 0)
(1.66313 0.0449048 0)
(1.71199 -0.126205 0)
(1.81188 -0.195042 0)
(1.91612 -0.256628 0)
(2.0077 -0.300431 0)
(2.09278 -0.33337 0)
(2.17063 -0.357309 0)
(2.24047 -0.374134 0)
(2.3028 -0.385793 0)
(2.35991 -0.390824 0)
(2.41326 -0.392394 0)
(2.46298 -0.390621 0)
(2.51204 -0.38981 0)
(2.55916 -0.391442 0)
(2.58597 -0.378806 0)
(2.59273 -0.291072 0)
(2.51629 -0.0177613 0)
(2.41915 0.237809 0)
(2.37029 0.347662 0)
(2.37098 0.370101 0)
(2.38718 0.386058 0)
(2.41268 0.388293 0)
(2.43579 0.392665 0)
(2.45259 0.392168 0)
(2.46889 0.414733 0)
(2.50261 0.41339 0)
(1.95781 0.712071 0)
(1.82036 0.946953 0)
(1.93732 0.914802 0)
(1.8459 0.400182 0)
(1.57215 0.00806269 0)
(1.67827 -0.107723 0)
(1.7913 -0.164487 0)
(1.90241 -0.215693 0)
(2.00026 -0.256707 0)
(2.08857 -0.287223 0)
(2.16838 -0.310917 0)
(2.23964 -0.327272 0)
(2.30384 -0.337926 0)
(2.36359 -0.343811 0)
(2.41897 -0.346603 0)
(2.46774 -0.346022 0)
(2.51048 -0.337927 0)
(2.55989 -0.339085 0)
(2.59037 -0.349043 0)
(2.63381 -0.307672 0)
(2.61587 -0.185435 0)
(2.48467 0.174625 0)
(2.40477 0.356985 0)
(2.39412 0.401233 0)
(2.40464 0.414918 0)
(2.4266 0.414312 0)
(2.446 0.418259 0)
(2.46165 0.421353 0)
(2.47223 0.445098 0)
(2.50662 0.425263 0)
(2.2148 0.629568 0)
(1.80369 0.961878 0)
(1.87183 0.844982 0)
(1.54962 0.198153 0)
(1.49982 -0.00583276 0)
(1.65334 -0.0958985 0)
(1.78027 -0.146281 0)
(1.89659 -0.187658 0)
(1.99863 -0.221452 0)
(2.08886 -0.248961 0)
(2.16884 -0.271016 0)
(2.24019 -0.285173 0)
(2.30572 -0.292951 0)
(2.36713 -0.296345 0)
(2.42563 -0.298788 0)
(2.48003 -0.304232 0)
(2.52929 -0.304958 0)
(2.57291 -0.301031 0)
(2.6172 -0.303233 0)
(2.63623 -0.300846 0)
(2.67505 -0.236765 0)
(2.61731 -0.0407063 0)
(2.49351 0.276625 0)
(2.42425 0.417368 0)
(2.42388 0.441227 0)
(2.43946 0.441479 0)
(2.45334 0.44525 0)
(2.47198 0.455639 0)
(2.47279 0.465801 0)
(2.50153 0.411678 0)
(2.77627 0.488989 0)
(1.92237 1.02272 0)
(1.74575 0.648157 0)
(1.31624 0.106713 0)
(1.45184 -0.0071316 0)
(1.62443 -0.0808216 0)
(1.75899 -0.119144 0)
(1.87909 -0.149222 0)
(1.98576 -0.177461 0)
(2.07995 -0.203356 0)
(2.16477 -0.225897 0)
(2.24193 -0.24185 0)
(2.31221 -0.250273 0)
(2.37581 -0.252201 0)
(2.43388 -0.251162 0)
(2.48757 -0.253675 0)
(2.53711 -0.253663 0)
(2.58256 -0.251084 0)
(2.63129 -0.254865 0)
(2.66462 -0.258782 0)
(2.70573 -0.232399 0)
(2.69722 -0.142218 0)
(2.59674 0.152796 0)
(2.51419 0.369678 0)
(2.46288 0.45463 0)
(2.46269 0.465592 0)
(2.46915 0.474081 0)
(2.48654 0.488072 0)
(2.48707 0.479036 0)
(2.47289 0.327573 0)
(3.24142 0.144724 0)
(2.17172 1.03341 0)
(1.54866 0.472777 0)
(1.19356 0.079064 0)
(1.42114 -0.0126528 0)
(1.60898 -0.0669806 0)
(1.75512 -0.0974565 0)
(1.88173 -0.124265 0)
(1.99225 -0.148256 0)
(2.08923 -0.169862 0)
(2.17601 -0.188401 0)
(2.25442 -0.20158 0)
(2.32541 -0.208734 0)
(2.3895 -0.210548 0)
(2.44754 -0.208996 0)
(2.50193 -0.209509 0)
(2.55446 -0.210783 0)
(2.59976 -0.209151 0)
(2.64182 -0.200615 0)
(2.69433 -0.212877 0)
(2.71804 -0.222101 0)
(2.75047 -0.165207 0)
(2.71542 -0.0298325 0)
(2.60322 0.300577 0)
(2.50299 0.476742 0)
(2.48856 0.502267 0)
(2.49558 0.508872 0)
(2.4981 0.513346 0)
(2.49189 0.462111 0)
(2.43989 0.201644 0)
(3.14782 -0.00667325 0)
(2.50637 1.05146 0)
(1.33237 0.346977 0)
(1.14563 0.0407407 0)
(1.41365 -0.0245983 0)
(1.6139 -0.0625102 0)
(1.76436 -0.0792813 0)
(1.89133 -0.097303 0)
(2.00058 -0.114667 0)
(2.09537 -0.128546 0)
(2.1806 -0.139692 0)
(2.26053 -0.149691 0)
(2.33581 -0.159164 0)
(2.40371 -0.165103 0)
(2.46313 -0.165379 0)
(2.51603 -0.164026 0)
(2.56667 -0.162146 0)
(2.6137 -0.162175 0)
(2.66011 -0.157386 0)
(2.70254 -0.155012 0)
(2.73623 -0.167057 0)
(2.76276 -0.15765 0)
(2.77622 -0.0978922 0)
(2.7143 0.122079 0)
(2.62206 0.397871 0)
(2.52248 0.521403 0)
(2.51617 0.536551 0)
(2.50982 0.497772 0)
(2.49087 0.329767 0)
(2.40892 0.0234724 0)
(3.01442 -0.00107912 0)
(2.68727 0.915628 0)
(1.29253 0.250129 0)
(1.16937 0.0328756 0)
(1.44737 -0.0179471 0)
(1.64296 -0.040794 0)
(1.78855 -0.0588643 0)
(1.91116 -0.0735225 0)
(2.01864 -0.0872453 0)
(2.11461 -0.0974187 0)
(2.20166 -0.103818 0)
(2.2811 -0.108442 0)
(2.35404 -0.114231 0)
(2.42145 -0.120323 0)
(2.4835 -0.123114 0)
(2.53768 -0.122631 0)
(2.58514 -0.11974 0)
(2.63417 -0.118599 0)
(2.67576 -0.113726 0)
(2.71572 -0.105302 0)
(2.75991 -0.12611 0)
(2.78756 -0.126412 0)
(2.81207 -0.104787 0)
(2.79825 -0.00453735 0)
(2.70981 0.305064 0)
(2.61375 0.492633 0)
(2.56665 0.538358 0)
(2.51065 0.406825 0)
(2.49104 0.186083 0)
(2.41579 0.0166256 0)
(3.00214 -0.0010487 0)
(2.69653 0.592927 0)
(1.29436 0.122171 0)
(1.22149 -0.0170561 0)
(1.49285 -0.0214569 0)
(1.68483 -0.0302989 0)
(1.82435 -0.0389947 0)
(1.93854 -0.0480853 0)
(2.03981 -0.055827 0)
(2.13248 -0.0603202 0)
(2.21844 -0.0620122 0)
(2.29751 -0.0628641 0)
(2.36859 -0.0648999 0)
(2.43121 -0.0683638 0)
(2.48835 -0.070955 0)
(2.54325 -0.0712726 0)
(2.59475 -0.0704404 0)
(2.63768 -0.0688136 0)
(2.68954 -0.0715105 0)
(2.72972 -0.0635642 0)
(2.76716 -0.068553 0)
(2.80473 -0.0754119 0)
(2.81949 -0.0886444 0)
(2.85573 0.00106855 0)
(2.81644 0.12445 0)
(2.67278 0.440837 0)
(2.59348 0.470391 0)
(2.46722 0.132598 0)
(2.38428 -0.0193126 0)
(2.38068 -0.0244902 0)
(3.00056 -0.000256043 0)
(2.63951 0.195868 0)
(1.31545 0.113891 0)
(1.25636 0.029186 0)
(1.52391 -0.0080407 0)
(1.71575 -0.0148232 0)
(1.85136 -0.0177418 0)
(1.95971 -0.0187499 0)
(2.05718 -0.0199615 0)
(2.14874 -0.0206409 0)
(2.23387 -0.0204623 0)
(2.31137 -0.0203756 0)
(2.38244 -0.0218651 0)
(2.44872 -0.0251947 0)
(2.51077 -0.0280645 0)
(2.56814 -0.0284062 0)
(2.61686 -0.0268322 0)
(2.66251 -0.0276006 0)
(2.69302 -0.0255402 0)
(2.71982 -0.0300169 0)
(2.74862 -0.0343537 0)
(2.78196 -0.0333716 0)
(2.80391 -0.0536865 0)
(2.85276 -0.0205675 0)
(2.83991 0.0140694 0)
(2.70178 0.137087 0)
(2.55147 0.238494 0)
(2.4856 0.129596 0)
(2.36118 0.0560559 0)
(2.36995 0.00562543 0)
)
;

boundaryField
{
    inlet
    {
        type            fixedValue;
        value           uniform (3 0 0);
    }
    outlet
    {
        type            inletOutlet;
        inletValue      uniform (3 0 0);
        value           nonuniform List<vector> 
30
(
(2.24531 0.0073778 0)
(2.25572 0.00862723 0)
(2.26456 0.0316386 0)
(2.28776 0.0374192 0)
(2.31274 0.0577713 0)
(2.33556 0.0838984 0)
(2.356 0.108145 0)
(2.3726 0.131157 0)
(2.38384 0.149872 0)
(2.38843 0.167864 0)
(2.39911 0.182925 0)
(2.4105 0.200409 0)
(2.42474 0.218988 0)
(2.44047 0.241462 0)
(2.45828 0.262828 0)
(2.47326 0.285096 0)
(2.48392 0.305858 0)
(2.49762 0.32433 0)
(2.4966 0.347236 0)
(2.49535 0.370725 0)
(2.49935 0.393437 0)
(2.50261 0.41339 0)
(2.50662 0.425263 0)
(2.50153 0.411678 0)
(2.47289 0.327573 0)
(2.43989 0.201644 0)
(2.40892 0.0234724 0)
(2.41579 0.0166256 0)
(2.38068 -0.0244902 0)
(2.36995 0.00562543 0)
)
;
    }
    top
    {
        type            symmetryPlane;
    }
    bottom
    {
        type            symmetryPlane;
    }
    step
    {
        type            slip;
    }
    defaultFaces
    {
        type            empty;
    }
}


// ************************************************************************* //
