/*--------------------------------*- C++ -*----------------------------------*\
  =========                 |
  \\      /  F ield         | OpenFOAM: The Open Source CFD Toolbox
   \\    /   O peration     | Website:  https://openfoam.org
    \\  /    A nd           | Version:  6.0
     \\/     M anipulation  |
\*---------------------------------------------------------------------------*/
FoamFile
{
    version     2.0;
    format      ascii;
    class       labelList;
    note        "nPoints: 3751 nCells: 3000 nFaces: 9700 nInternalFaces: 8300";
    location    "constant/polyMesh";
    object      neighbour;
}
// * * * * * * * * * * * * * * * * * * * * * * * * * * * * * * * * * * * * * //


8300
(
1
10
100
2
11
101
3
12
102
4
13
103
5
14
104
6
15
105
7
16
106
8
17
107
9
18
108
19
109
11
20
110
12
21
111
13
22
112
14
23
113
15
24
114
16
25
115
17
26
116
18
27
117
19
28
118
29
119
21
30
120
22
31
121
23
32
122
24
33
123
25
34
124
26
35
125
27
36
126
28
37
127
29
38
128
39
129
31
40
130
32
41
131
33
42
132
34
43
133
35
44
134
36
45
135
37
46
136
38
47
137
39
48
138
49
139
41
50
140
42
51
141
43
52
142
44
53
143
45
54
144
46
55
145
47
56
146
48
57
147
49
58
148
59
149
51
60
150
52
61
151
53
62
152
54
63
153
55
64
154
56
65
155
57
66
156
58
67
157
59
68
158
69
159
61
70
160
62
71
161
63
72
162
64
73
163
65
74
164
66
75
165
67
76
166
68
77
167
69
78
168
79
169
71
80
170
72
81
171
73
82
172
74
83
173
75
84
174
76
85
175
77
86
176
78
87
177
79
88
178
89
179
81
90
180
82
91
181
83
92
182
84
93
183
85
94
184
86
95
185
87
96
186
88
97
187
89
98
188
99
189
91
190
1000
92
191
1001
93
192
1002
94
193
1003
95
194
1004
96
195
1005
97
196
1006
98
197
1007
99
198
1008
199
1009
101
110
200
102
111
201
103
112
202
104
113
203
105
114
204
106
115
205
107
116
206
108
117
207
109
118
208
119
209
111
120
210
112
121
211
113
122
212
114
123
213
115
124
214
116
125
215
117
126
216
118
127
217
119
128
218
129
219
121
130
220
122
131
221
123
132
222
124
133
223
125
134
224
126
135
225
127
136
226
128
137
227
129
138
228
139
229
131
140
230
132
141
231
133
142
232
134
143
233
135
144
234
136
145
235
137
146
236
138
147
237
139
148
238
149
239
141
150
240
142
151
241
143
152
242
144
153
243
145
154
244
146
155
245
147
156
246
148
157
247
149
158
248
159
249
151
160
250
152
161
251
153
162
252
154
163
253
155
164
254
156
165
255
157
166
256
158
167
257
159
168
258
169
259
161
170
260
162
171
261
163
172
262
164
173
263
165
174
264
166
175
265
167
176
266
168
177
267
169
178
268
179
269
171
180
270
172
181
271
173
182
272
174
183
273
175
184
274
176
185
275
177
186
276
178
187
277
179
188
278
189
279
181
190
280
182
191
281
183
192
282
184
193
283
185
194
284
186
195
285
187
196
286
188
197
287
189
198
288
199
289
191
290
1100
192
291
1101
193
292
1102
194
293
1103
195
294
1104
196
295
1105
197
296
1106
198
297
1107
199
298
1108
299
1109
201
210
300
202
211
301
203
212
302
204
213
303
205
214
304
206
215
305
207
216
306
208
217
307
209
218
308
219
309
211
220
310
212
221
311
213
222
312
214
223
313
215
224
314
216
225
315
217
226
316
218
227
317
219
228
318
229
319
221
230
320
222
231
321
223
232
322
224
233
323
225
234
324
226
235
325
227
236
326
228
237
327
229
238
328
239
329
231
240
330
232
241
331
233
242
332
234
243
333
235
244
334
236
245
335
237
246
336
238
247
337
239
248
338
249
339
241
250
340
242
251
341
243
252
342
244
253
343
245
254
344
246
255
345
247
256
346
248
257
347
249
258
348
259
349
251
260
350
252
261
351
253
262
352
254
263
353
255
264
354
256
265
355
257
266
356
258
267
357
259
268
358
269
359
261
270
360
262
271
361
263
272
362
264
273
363
265
274
364
266
275
365
267
276
366
268
277
367
269
278
368
279
369
271
280
370
272
281
371
273
282
372
274
283
373
275
284
374
276
285
375
277
286
376
278
287
377
279
288
378
289
379
281
290
380
282
291
381
283
292
382
284
293
383
285
294
384
286
295
385
287
296
386
288
297
387
289
298
388
299
389
291
390
1200
292
391
1201
293
392
1202
294
393
1203
295
394
1204
296
395
1205
297
396
1206
298
397
1207
299
398
1208
399
1209
301
310
400
302
311
401
303
312
402
304
313
403
305
314
404
306
315
405
307
316
406
308
317
407
309
318
408
319
409
311
320
410
312
321
411
313
322
412
314
323
413
315
324
414
316
325
415
317
326
416
318
327
417
319
328
418
329
419
321
330
420
322
331
421
323
332
422
324
333
423
325
334
424
326
335
425
327
336
426
328
337
427
329
338
428
339
429
331
340
430
332
341
431
333
342
432
334
343
433
335
344
434
336
345
435
337
346
436
338
347
437
339
348
438
349
439
341
350
440
342
351
441
343
352
442
344
353
443
345
354
444
346
355
445
347
356
446
348
357
447
349
358
448
359
449
351
360
450
352
361
451
353
362
452
354
363
453
355
364
454
356
365
455
357
366
456
358
367
457
359
368
458
369
459
361
370
460
362
371
461
363
372
462
364
373
463
365
374
464
366
375
465
367
376
466
368
377
467
369
378
468
379
469
371
380
470
372
381
471
373
382
472
374
383
473
375
384
474
376
385
475
377
386
476
378
387
477
379
388
478
389
479
381
390
480
382
391
481
383
392
482
384
393
483
385
394
484
386
395
485
387
396
486
388
397
487
389
398
488
399
489
391
490
1300
392
491
1301
393
492
1302
394
493
1303
395
494
1304
396
495
1305
397
496
1306
398
497
1307
399
498
1308
499
1309
401
410
500
402
411
501
403
412
502
404
413
503
405
414
504
406
415
505
407
416
506
408
417
507
409
418
508
419
509
411
420
510
412
421
511
413
422
512
414
423
513
415
424
514
416
425
515
417
426
516
418
427
517
419
428
518
429
519
421
430
520
422
431
521
423
432
522
424
433
523
425
434
524
426
435
525
427
436
526
428
437
527
429
438
528
439
529
431
440
530
432
441
531
433
442
532
434
443
533
435
444
534
436
445
535
437
446
536
438
447
537
439
448
538
449
539
441
450
540
442
451
541
443
452
542
444
453
543
445
454
544
446
455
545
447
456
546
448
457
547
449
458
548
459
549
451
460
550
452
461
551
453
462
552
454
463
553
455
464
554
456
465
555
457
466
556
458
467
557
459
468
558
469
559
461
470
560
462
471
561
463
472
562
464
473
563
465
474
564
466
475
565
467
476
566
468
477
567
469
478
568
479
569
471
480
570
472
481
571
473
482
572
474
483
573
475
484
574
476
485
575
477
486
576
478
487
577
479
488
578
489
579
481
490
580
482
491
581
483
492
582
484
493
583
485
494
584
486
495
585
487
496
586
488
497
587
489
498
588
499
589
491
590
1400
492
591
1401
493
592
1402
494
593
1403
495
594
1404
496
595
1405
497
596
1406
498
597
1407
499
598
1408
599
1409
501
510
600
502
511
601
503
512
602
504
513
603
505
514
604
506
515
605
507
516
606
508
517
607
509
518
608
519
609
511
520
610
512
521
611
513
522
612
514
523
613
515
524
614
516
525
615
517
526
616
518
527
617
519
528
618
529
619
521
530
620
522
531
621
523
532
622
524
533
623
525
534
624
526
535
625
527
536
626
528
537
627
529
538
628
539
629
531
540
630
532
541
631
533
542
632
534
543
633
535
544
634
536
545
635
537
546
636
538
547
637
539
548
638
549
639
541
550
640
542
551
641
543
552
642
544
553
643
545
554
644
546
555
645
547
556
646
548
557
647
549
558
648
559
649
551
560
650
552
561
651
553
562
652
554
563
653
555
564
654
556
565
655
557
566
656
558
567
657
559
568
658
569
659
561
570
660
562
571
661
563
572
662
564
573
663
565
574
664
566
575
665
567
576
666
568
577
667
569
578
668
579
669
571
580
670
572
581
671
573
582
672
574
583
673
575
584
674
576
585
675
577
586
676
578
587
677
579
588
678
589
679
581
590
680
582
591
681
583
592
682
584
593
683
585
594
684
586
595
685
587
596
686
588
597
687
589
598
688
599
689
591
690
1500
592
691
1501
593
692
1502
594
693
1503
595
694
1504
596
695
1505
597
696
1506
598
697
1507
599
698
1508
699
1509
601
610
700
602
611
701
603
612
702
604
613
703
605
614
704
606
615
705
607
616
706
608
617
707
609
618
708
619
709
611
620
710
612
621
711
613
622
712
614
623
713
615
624
714
616
625
715
617
626
716
618
627
717
619
628
718
629
719
621
630
720
622
631
721
623
632
722
624
633
723
625
634
724
626
635
725
627
636
726
628
637
727
629
638
728
639
729
631
640
730
632
641
731
633
642
732
634
643
733
635
644
734
636
645
735
637
646
736
638
647
737
639
648
738
649
739
641
650
740
642
651
741
643
652
742
644
653
743
645
654
744
646
655
745
647
656
746
648
657
747
649
658
748
659
749
651
660
750
652
661
751
653
662
752
654
663
753
655
664
754
656
665
755
657
666
756
658
667
757
659
668
758
669
759
661
670
760
662
671
761
663
672
762
664
673
763
665
674
764
666
675
765
667
676
766
668
677
767
669
678
768
679
769
671
680
770
672
681
771
673
682
772
674
683
773
675
684
774
676
685
775
677
686
776
678
687
777
679
688
778
689
779
681
690
780
682
691
781
683
692
782
684
693
783
685
694
784
686
695
785
687
696
786
688
697
787
689
698
788
699
789
691
790
1600
692
791
1601
693
792
1602
694
793
1603
695
794
1604
696
795
1605
697
796
1606
698
797
1607
699
798
1608
799
1609
701
710
800
702
711
801
703
712
802
704
713
803
705
714
804
706
715
805
707
716
806
708
717
807
709
718
808
719
809
711
720
810
712
721
811
713
722
812
714
723
813
715
724
814
716
725
815
717
726
816
718
727
817
719
728
818
729
819
721
730
820
722
731
821
723
732
822
724
733
823
725
734
824
726
735
825
727
736
826
728
737
827
729
738
828
739
829
731
740
830
732
741
831
733
742
832
734
743
833
735
744
834
736
745
835
737
746
836
738
747
837
739
748
838
749
839
741
750
840
742
751
841
743
752
842
744
753
843
745
754
844
746
755
845
747
756
846
748
757
847
749
758
848
759
849
751
760
850
752
761
851
753
762
852
754
763
853
755
764
854
756
765
855
757
766
856
758
767
857
759
768
858
769
859
761
770
860
762
771
861
763
772
862
764
773
863
765
774
864
766
775
865
767
776
866
768
777
867
769
778
868
779
869
771
780
870
772
781
871
773
782
872
774
783
873
775
784
874
776
785
875
777
786
876
778
787
877
779
788
878
789
879
781
790
880
782
791
881
783
792
882
784
793
883
785
794
884
786
795
885
787
796
886
788
797
887
789
798
888
799
889
791
890
1700
792
891
1701
793
892
1702
794
893
1703
795
894
1704
796
895
1705
797
896
1706
798
897
1707
799
898
1708
899
1709
801
810
900
802
811
901
803
812
902
804
813
903
805
814
904
806
815
905
807
816
906
808
817
907
809
818
908
819
909
811
820
910
812
821
911
813
822
912
814
823
913
815
824
914
816
825
915
817
826
916
818
827
917
819
828
918
829
919
821
830
920
822
831
921
823
832
922
824
833
923
825
834
924
826
835
925
827
836
926
828
837
927
829
838
928
839
929
831
840
930
832
841
931
833
842
932
834
843
933
835
844
934
836
845
935
837
846
936
838
847
937
839
848
938
849
939
841
850
940
842
851
941
843
852
942
844
853
943
845
854
944
846
855
945
847
856
946
848
857
947
849
858
948
859
949
851
860
950
852
861
951
853
862
952
854
863
953
855
864
954
856
865
955
857
866
956
858
867
957
859
868
958
869
959
861
870
960
862
871
961
863
872
962
864
873
963
865
874
964
866
875
965
867
876
966
868
877
967
869
878
968
879
969
871
880
970
872
881
971
873
882
972
874
883
973
875
884
974
876
885
975
877
886
976
878
887
977
879
888
978
889
979
881
890
980
882
891
981
883
892
982
884
893
983
885
894
984
886
895
985
887
896
986
888
897
987
889
898
988
899
989
891
990
1800
892
991
1801
893
992
1802
894
993
1803
895
994
1804
896
995
1805
897
996
1806
898
997
1807
899
998
1808
999
1809
901
910
902
911
903
912
904
913
905
914
906
915
907
916
908
917
909
918
919
911
920
912
921
913
922
914
923
915
924
916
925
917
926
918
927
919
928
929
921
930
922
931
923
932
924
933
925
934
926
935
927
936
928
937
929
938
939
931
940
932
941
933
942
934
943
935
944
936
945
937
946
938
947
939
948
949
941
950
942
951
943
952
944
953
945
954
946
955
947
956
948
957
949
958
959
951
960
952
961
953
962
954
963
955
964
956
965
957
966
958
967
959
968
969
961
970
962
971
963
972
964
973
965
974
966
975
967
976
968
977
969
978
979
971
980
972
981
973
982
974
983
975
984
976
985
977
986
978
987
979
988
989
981
990
982
991
983
992
984
993
985
994
986
995
987
996
988
997
989
998
999
991
1900
992
1901
993
1902
994
1903
995
1904
996
1905
997
1906
998
1907
999
1908
1909
1001
1010
1100
1002
1011
1101
1003
1012
1102
1004
1013
1103
1005
1014
1104
1006
1015
1105
1007
1016
1106
1008
1017
1107
1009
1018
1108
1019
1109
2000
1011
1020
1110
1012
1021
1111
1013
1022
1112
1014
1023
1113
1015
1024
1114
1016
1025
1115
1017
1026
1116
1018
1027
1117
1019
1028
1118
1029
1119
2010
1021
1030
1120
1022
1031
1121
1023
1032
1122
1024
1033
1123
1025
1034
1124
1026
1035
1125
1027
1036
1126
1028
1037
1127
1029
1038
1128
1039
1129
2020
1031
1040
1130
1032
1041
1131
1033
1042
1132
1034
1043
1133
1035
1044
1134
1036
1045
1135
1037
1046
1136
1038
1047
1137
1039
1048
1138
1049
1139
2030
1041
1050
1140
1042
1051
1141
1043
1052
1142
1044
1053
1143
1045
1054
1144
1046
1055
1145
1047
1056
1146
1048
1057
1147
1049
1058
1148
1059
1149
2040
1051
1060
1150
1052
1061
1151
1053
1062
1152
1054
1063
1153
1055
1064
1154
1056
1065
1155
1057
1066
1156
1058
1067
1157
1059
1068
1158
1069
1159
2050
1061
1070
1160
1062
1071
1161
1063
1072
1162
1064
1073
1163
1065
1074
1164
1066
1075
1165
1067
1076
1166
1068
1077
1167
1069
1078
1168
1079
1169
2060
1071
1080
1170
1072
1081
1171
1073
1082
1172
1074
1083
1173
1075
1084
1174
1076
1085
1175
1077
1086
1176
1078
1087
1177
1079
1088
1178
1089
1179
2070
1081
1090
1180
1082
1091
1181
1083
1092
1182
1084
1093
1183
1085
1094
1184
1086
1095
1185
1087
1096
1186
1088
1097
1187
1089
1098
1188
1099
1189
2080
1091
1190
1092
1191
1093
1192
1094
1193
1095
1194
1096
1195
1097
1196
1098
1197
1099
1198
1199
2090
1101
1110
1200
1102
1111
1201
1103
1112
1202
1104
1113
1203
1105
1114
1204
1106
1115
1205
1107
1116
1206
1108
1117
1207
1109
1118
1208
1119
1209
2100
1111
1120
1210
1112
1121
1211
1113
1122
1212
1114
1123
1213
1115
1124
1214
1116
1125
1215
1117
1126
1216
1118
1127
1217
1119
1128
1218
1129
1219
2110
1121
1130
1220
1122
1131
1221
1123
1132
1222
1124
1133
1223
1125
1134
1224
1126
1135
1225
1127
1136
1226
1128
1137
1227
1129
1138
1228
1139
1229
2120
1131
1140
1230
1132
1141
1231
1133
1142
1232
1134
1143
1233
1135
1144
1234
1136
1145
1235
1137
1146
1236
1138
1147
1237
1139
1148
1238
1149
1239
2130
1141
1150
1240
1142
1151
1241
1143
1152
1242
1144
1153
1243
1145
1154
1244
1146
1155
1245
1147
1156
1246
1148
1157
1247
1149
1158
1248
1159
1249
2140
1151
1160
1250
1152
1161
1251
1153
1162
1252
1154
1163
1253
1155
1164
1254
1156
1165
1255
1157
1166
1256
1158
1167
1257
1159
1168
1258
1169
1259
2150
1161
1170
1260
1162
1171
1261
1163
1172
1262
1164
1173
1263
1165
1174
1264
1166
1175
1265
1167
1176
1266
1168
1177
1267
1169
1178
1268
1179
1269
2160
1171
1180
1270
1172
1181
1271
1173
1182
1272
1174
1183
1273
1175
1184
1274
1176
1185
1275
1177
1186
1276
1178
1187
1277
1179
1188
1278
1189
1279
2170
1181
1190
1280
1182
1191
1281
1183
1192
1282
1184
1193
1283
1185
1194
1284
1186
1195
1285
1187
1196
1286
1188
1197
1287
1189
1198
1288
1199
1289
2180
1191
1290
1192
1291
1193
1292
1194
1293
1195
1294
1196
1295
1197
1296
1198
1297
1199
1298
1299
2190
1201
1210
1300
1202
1211
1301
1203
1212
1302
1204
1213
1303
1205
1214
1304
1206
1215
1305
1207
1216
1306
1208
1217
1307
1209
1218
1308
1219
1309
2200
1211
1220
1310
1212
1221
1311
1213
1222
1312
1214
1223
1313
1215
1224
1314
1216
1225
1315
1217
1226
1316
1218
1227
1317
1219
1228
1318
1229
1319
2210
1221
1230
1320
1222
1231
1321
1223
1232
1322
1224
1233
1323
1225
1234
1324
1226
1235
1325
1227
1236
1326
1228
1237
1327
1229
1238
1328
1239
1329
2220
1231
1240
1330
1232
1241
1331
1233
1242
1332
1234
1243
1333
1235
1244
1334
1236
1245
1335
1237
1246
1336
1238
1247
1337
1239
1248
1338
1249
1339
2230
1241
1250
1340
1242
1251
1341
1243
1252
1342
1244
1253
1343
1245
1254
1344
1246
1255
1345
1247
1256
1346
1248
1257
1347
1249
1258
1348
1259
1349
2240
1251
1260
1350
1252
1261
1351
1253
1262
1352
1254
1263
1353
1255
1264
1354
1256
1265
1355
1257
1266
1356
1258
1267
1357
1259
1268
1358
1269
1359
2250
1261
1270
1360
1262
1271
1361
1263
1272
1362
1264
1273
1363
1265
1274
1364
1266
1275
1365
1267
1276
1366
1268
1277
1367
1269
1278
1368
1279
1369
2260
1271
1280
1370
1272
1281
1371
1273
1282
1372
1274
1283
1373
1275
1284
1374
1276
1285
1375
1277
1286
1376
1278
1287
1377
1279
1288
1378
1289
1379
2270
1281
1290
1380
1282
1291
1381
1283
1292
1382
1284
1293
1383
1285
1294
1384
1286
1295
1385
1287
1296
1386
1288
1297
1387
1289
1298
1388
1299
1389
2280
1291
1390
1292
1391
1293
1392
1294
1393
1295
1394
1296
1395
1297
1396
1298
1397
1299
1398
1399
2290
1301
1310
1400
1302
1311
1401
1303
1312
1402
1304
1313
1403
1305
1314
1404
1306
1315
1405
1307
1316
1406
1308
1317
1407
1309
1318
1408
1319
1409
2300
1311
1320
1410
1312
1321
1411
1313
1322
1412
1314
1323
1413
1315
1324
1414
1316
1325
1415
1317
1326
1416
1318
1327
1417
1319
1328
1418
1329
1419
2310
1321
1330
1420
1322
1331
1421
1323
1332
1422
1324
1333
1423
1325
1334
1424
1326
1335
1425
1327
1336
1426
1328
1337
1427
1329
1338
1428
1339
1429
2320
1331
1340
1430
1332
1341
1431
1333
1342
1432
1334
1343
1433
1335
1344
1434
1336
1345
1435
1337
1346
1436
1338
1347
1437
1339
1348
1438
1349
1439
2330
1341
1350
1440
1342
1351
1441
1343
1352
1442
1344
1353
1443
1345
1354
1444
1346
1355
1445
1347
1356
1446
1348
1357
1447
1349
1358
1448
1359
1449
2340
1351
1360
1450
1352
1361
1451
1353
1362
1452
1354
1363
1453
1355
1364
1454
1356
1365
1455
1357
1366
1456
1358
1367
1457
1359
1368
1458
1369
1459
2350
1361
1370
1460
1362
1371
1461
1363
1372
1462
1364
1373
1463
1365
1374
1464
1366
1375
1465
1367
1376
1466
1368
1377
1467
1369
1378
1468
1379
1469
2360
1371
1380
1470
1372
1381
1471
1373
1382
1472
1374
1383
1473
1375
1384
1474
1376
1385
1475
1377
1386
1476
1378
1387
1477
1379
1388
1478
1389
1479
2370
1381
1390
1480
1382
1391
1481
1383
1392
1482
1384
1393
1483
1385
1394
1484
1386
1395
1485
1387
1396
1486
1388
1397
1487
1389
1398
1488
1399
1489
2380
1391
1490
1392
1491
1393
1492
1394
1493
1395
1494
1396
1495
1397
1496
1398
1497
1399
1498
1499
2390
1401
1410
1500
1402
1411
1501
1403
1412
1502
1404
1413
1503
1405
1414
1504
1406
1415
1505
1407
1416
1506
1408
1417
1507
1409
1418
1508
1419
1509
2400
1411
1420
1510
1412
1421
1511
1413
1422
1512
1414
1423
1513
1415
1424
1514
1416
1425
1515
1417
1426
1516
1418
1427
1517
1419
1428
1518
1429
1519
2410
1421
1430
1520
1422
1431
1521
1423
1432
1522
1424
1433
1523
1425
1434
1524
1426
1435
1525
1427
1436
1526
1428
1437
1527
1429
1438
1528
1439
1529
2420
1431
1440
1530
1432
1441
1531
1433
1442
1532
1434
1443
1533
1435
1444
1534
1436
1445
1535
1437
1446
1536
1438
1447
1537
1439
1448
1538
1449
1539
2430
1441
1450
1540
1442
1451
1541
1443
1452
1542
1444
1453
1543
1445
1454
1544
1446
1455
1545
1447
1456
1546
1448
1457
1547
1449
1458
1548
1459
1549
2440
1451
1460
1550
1452
1461
1551
1453
1462
1552
1454
1463
1553
1455
1464
1554
1456
1465
1555
1457
1466
1556
1458
1467
1557
1459
1468
1558
1469
1559
2450
1461
1470
1560
1462
1471
1561
1463
1472
1562
1464
1473
1563
1465
1474
1564
1466
1475
1565
1467
1476
1566
1468
1477
1567
1469
1478
1568
1479
1569
2460
1471
1480
1570
1472
1481
1571
1473
1482
1572
1474
1483
1573
1475
1484
1574
1476
1485
1575
1477
1486
1576
1478
1487
1577
1479
1488
1578
1489
1579
2470
1481
1490
1580
1482
1491
1581
1483
1492
1582
1484
1493
1583
1485
1494
1584
1486
1495
1585
1487
1496
1586
1488
1497
1587
1489
1498
1588
1499
1589
2480
1491
1590
1492
1591
1493
1592
1494
1593
1495
1594
1496
1595
1497
1596
1498
1597
1499
1598
1599
2490
1501
1510
1600
1502
1511
1601
1503
1512
1602
1504
1513
1603
1505
1514
1604
1506
1515
1605
1507
1516
1606
1508
1517
1607
1509
1518
1608
1519
1609
2500
1511
1520
1610
1512
1521
1611
1513
1522
1612
1514
1523
1613
1515
1524
1614
1516
1525
1615
1517
1526
1616
1518
1527
1617
1519
1528
1618
1529
1619
2510
1521
1530
1620
1522
1531
1621
1523
1532
1622
1524
1533
1623
1525
1534
1624
1526
1535
1625
1527
1536
1626
1528
1537
1627
1529
1538
1628
1539
1629
2520
1531
1540
1630
1532
1541
1631
1533
1542
1632
1534
1543
1633
1535
1544
1634
1536
1545
1635
1537
1546
1636
1538
1547
1637
1539
1548
1638
1549
1639
2530
1541
1550
1640
1542
1551
1641
1543
1552
1642
1544
1553
1643
1545
1554
1644
1546
1555
1645
1547
1556
1646
1548
1557
1647
1549
1558
1648
1559
1649
2540
1551
1560
1650
1552
1561
1651
1553
1562
1652
1554
1563
1653
1555
1564
1654
1556
1565
1655
1557
1566
1656
1558
1567
1657
1559
1568
1658
1569
1659
2550
1561
1570
1660
1562
1571
1661
1563
1572
1662
1564
1573
1663
1565
1574
1664
1566
1575
1665
1567
1576
1666
1568
1577
1667
1569
1578
1668
1579
1669
2560
1571
1580
1670
1572
1581
1671
1573
1582
1672
1574
1583
1673
1575
1584
1674
1576
1585
1675
1577
1586
1676
1578
1587
1677
1579
1588
1678
1589
1679
2570
1581
1590
1680
1582
1591
1681
1583
1592
1682
1584
1593
1683
1585
1594
1684
1586
1595
1685
1587
1596
1686
1588
1597
1687
1589
1598
1688
1599
1689
2580
1591
1690
1592
1691
1593
1692
1594
1693
1595
1694
1596
1695
1597
1696
1598
1697
1599
1698
1699
2590
1601
1610
1700
1602
1611
1701
1603
1612
1702
1604
1613
1703
1605
1614
1704
1606
1615
1705
1607
1616
1706
1608
1617
1707
1609
1618
1708
1619
1709
2600
1611
1620
1710
1612
1621
1711
1613
1622
1712
1614
1623
1713
1615
1624
1714
1616
1625
1715
1617
1626
1716
1618
1627
1717
1619
1628
1718
1629
1719
2610
1621
1630
1720
1622
1631
1721
1623
1632
1722
1624
1633
1723
1625
1634
1724
1626
1635
1725
1627
1636
1726
1628
1637
1727
1629
1638
1728
1639
1729
2620
1631
1640
1730
1632
1641
1731
1633
1642
1732
1634
1643
1733
1635
1644
1734
1636
1645
1735
1637
1646
1736
1638
1647
1737
1639
1648
1738
1649
1739
2630
1641
1650
1740
1642
1651
1741
1643
1652
1742
1644
1653
1743
1645
1654
1744
1646
1655
1745
1647
1656
1746
1648
1657
1747
1649
1658
1748
1659
1749
2640
1651
1660
1750
1652
1661
1751
1653
1662
1752
1654
1663
1753
1655
1664
1754
1656
1665
1755
1657
1666
1756
1658
1667
1757
1659
1668
1758
1669
1759
2650
1661
1670
1760
1662
1671
1761
1663
1672
1762
1664
1673
1763
1665
1674
1764
1666
1675
1765
1667
1676
1766
1668
1677
1767
1669
1678
1768
1679
1769
2660
1671
1680
1770
1672
1681
1771
1673
1682
1772
1674
1683
1773
1675
1684
1774
1676
1685
1775
1677
1686
1776
1678
1687
1777
1679
1688
1778
1689
1779
2670
1681
1690
1780
1682
1691
1781
1683
1692
1782
1684
1693
1783
1685
1694
1784
1686
1695
1785
1687
1696
1786
1688
1697
1787
1689
1698
1788
1699
1789
2680
1691
1790
1692
1791
1693
1792
1694
1793
1695
1794
1696
1795
1697
1796
1698
1797
1699
1798
1799
2690
1701
1710
1800
1702
1711
1801
1703
1712
1802
1704
1713
1803
1705
1714
1804
1706
1715
1805
1707
1716
1806
1708
1717
1807
1709
1718
1808
1719
1809
2700
1711
1720
1810
1712
1721
1811
1713
1722
1812
1714
1723
1813
1715
1724
1814
1716
1725
1815
1717
1726
1816
1718
1727
1817
1719
1728
1818
1729
1819
2710
1721
1730
1820
1722
1731
1821
1723
1732
1822
1724
1733
1823
1725
1734
1824
1726
1735
1825
1727
1736
1826
1728
1737
1827
1729
1738
1828
1739
1829
2720
1731
1740
1830
1732
1741
1831
1733
1742
1832
1734
1743
1833
1735
1744
1834
1736
1745
1835
1737
1746
1836
1738
1747
1837
1739
1748
1838
1749
1839
2730
1741
1750
1840
1742
1751
1841
1743
1752
1842
1744
1753
1843
1745
1754
1844
1746
1755
1845
1747
1756
1846
1748
1757
1847
1749
1758
1848
1759
1849
2740
1751
1760
1850
1752
1761
1851
1753
1762
1852
1754
1763
1853
1755
1764
1854
1756
1765
1855
1757
1766
1856
1758
1767
1857
1759
1768
1858
1769
1859
2750
1761
1770
1860
1762
1771
1861
1763
1772
1862
1764
1773
1863
1765
1774
1864
1766
1775
1865
1767
1776
1866
1768
1777
1867
1769
1778
1868
1779
1869
2760
1771
1780
1870
1772
1781
1871
1773
1782
1872
1774
1783
1873
1775
1784
1874
1776
1785
1875
1777
1786
1876
1778
1787
1877
1779
1788
1878
1789
1879
2770
1781
1790
1880
1782
1791
1881
1783
1792
1882
1784
1793
1883
1785
1794
1884
1786
1795
1885
1787
1796
1886
1788
1797
1887
1789
1798
1888
1799
1889
2780
1791
1890
1792
1891
1793
1892
1794
1893
1795
1894
1796
1895
1797
1896
1798
1897
1799
1898
1899
2790
1801
1810
1900
1802
1811
1901
1803
1812
1902
1804
1813
1903
1805
1814
1904
1806
1815
1905
1807
1816
1906
1808
1817
1907
1809
1818
1908
1819
1909
2800
1811
1820
1910
1812
1821
1911
1813
1822
1912
1814
1823
1913
1815
1824
1914
1816
1825
1915
1817
1826
1916
1818
1827
1917
1819
1828
1918
1829
1919
2810
1821
1830
1920
1822
1831
1921
1823
1832
1922
1824
1833
1923
1825
1834
1924
1826
1835
1925
1827
1836
1926
1828
1837
1927
1829
1838
1928
1839
1929
2820
1831
1840
1930
1832
1841
1931
1833
1842
1932
1834
1843
1933
1835
1844
1934
1836
1845
1935
1837
1846
1936
1838
1847
1937
1839
1848
1938
1849
1939
2830
1841
1850
1940
1842
1851
1941
1843
1852
1942
1844
1853
1943
1845
1854
1944
1846
1855
1945
1847
1856
1946
1848
1857
1947
1849
1858
1948
1859
1949
2840
1851
1860
1950
1852
1861
1951
1853
1862
1952
1854
1863
1953
1855
1864
1954
1856
1865
1955
1857
1866
1956
1858
1867
1957
1859
1868
1958
1869
1959
2850
1861
1870
1960
1862
1871
1961
1863
1872
1962
1864
1873
1963
1865
1874
1964
1866
1875
1965
1867
1876
1966
1868
1877
1967
1869
1878
1968
1879
1969
2860
1871
1880
1970
1872
1881
1971
1873
1882
1972
1874
1883
1973
1875
1884
1974
1876
1885
1975
1877
1886
1976
1878
1887
1977
1879
1888
1978
1889
1979
2870
1881
1890
1980
1882
1891
1981
1883
1892
1982
1884
1893
1983
1885
1894
1984
1886
1895
1985
1887
1896
1986
1888
1897
1987
1889
1898
1988
1899
1989
2880
1891
1990
1892
1991
1893
1992
1894
1993
1895
1994
1896
1995
1897
1996
1898
1997
1899
1998
1999
2890
1901
1910
1902
1911
1903
1912
1904
1913
1905
1914
1906
1915
1907
1916
1908
1917
1909
1918
1919
2900
1911
1920
1912
1921
1913
1922
1914
1923
1915
1924
1916
1925
1917
1926
1918
1927
1919
1928
1929
2910
1921
1930
1922
1931
1923
1932
1924
1933
1925
1934
1926
1935
1927
1936
1928
1937
1929
1938
1939
2920
1931
1940
1932
1941
1933
1942
1934
1943
1935
1944
1936
1945
1937
1946
1938
1947
1939
1948
1949
2930
1941
1950
1942
1951
1943
1952
1944
1953
1945
1954
1946
1955
1947
1956
1948
1957
1949
1958
1959
2940
1951
1960
1952
1961
1953
1962
1954
1963
1955
1964
1956
1965
1957
1966
1958
1967
1959
1968
1969
2950
1961
1970
1962
1971
1963
1972
1964
1973
1965
1974
1966
1975
1967
1976
1968
1977
1969
1978
1979
2960
1971
1980
1972
1981
1973
1982
1974
1983
1975
1984
1976
1985
1977
1986
1978
1987
1979
1988
1989
2970
1981
1990
1982
1991
1983
1992
1984
1993
1985
1994
1986
1995
1987
1996
1988
1997
1989
1998
1999
2980
1991
1992
1993
1994
1995
1996
1997
1998
1999
2990
2001
2010
2100
2002
2011
2101
2003
2012
2102
2004
2013
2103
2005
2014
2104
2006
2015
2105
2007
2016
2106
2008
2017
2107
2009
2018
2108
2019
2109
2011
2020
2110
2012
2021
2111
2013
2022
2112
2014
2023
2113
2015
2024
2114
2016
2025
2115
2017
2026
2116
2018
2027
2117
2019
2028
2118
2029
2119
2021
2030
2120
2022
2031
2121
2023
2032
2122
2024
2033
2123
2025
2034
2124
2026
2035
2125
2027
2036
2126
2028
2037
2127
2029
2038
2128
2039
2129
2031
2040
2130
2032
2041
2131
2033
2042
2132
2034
2043
2133
2035
2044
2134
2036
2045
2135
2037
2046
2136
2038
2047
2137
2039
2048
2138
2049
2139
2041
2050
2140
2042
2051
2141
2043
2052
2142
2044
2053
2143
2045
2054
2144
2046
2055
2145
2047
2056
2146
2048
2057
2147
2049
2058
2148
2059
2149
2051
2060
2150
2052
2061
2151
2053
2062
2152
2054
2063
2153
2055
2064
2154
2056
2065
2155
2057
2066
2156
2058
2067
2157
2059
2068
2158
2069
2159
2061
2070
2160
2062
2071
2161
2063
2072
2162
2064
2073
2163
2065
2074
2164
2066
2075
2165
2067
2076
2166
2068
2077
2167
2069
2078
2168
2079
2169
2071
2080
2170
2072
2081
2171
2073
2082
2172
2074
2083
2173
2075
2084
2174
2076
2085
2175
2077
2086
2176
2078
2087
2177
2079
2088
2178
2089
2179
2081
2090
2180
2082
2091
2181
2083
2092
2182
2084
2093
2183
2085
2094
2184
2086
2095
2185
2087
2096
2186
2088
2097
2187
2089
2098
2188
2099
2189
2091
2190
2092
2191
2093
2192
2094
2193
2095
2194
2096
2195
2097
2196
2098
2197
2099
2198
2199
2101
2110
2200
2102
2111
2201
2103
2112
2202
2104
2113
2203
2105
2114
2204
2106
2115
2205
2107
2116
2206
2108
2117
2207
2109
2118
2208
2119
2209
2111
2120
2210
2112
2121
2211
2113
2122
2212
2114
2123
2213
2115
2124
2214
2116
2125
2215
2117
2126
2216
2118
2127
2217
2119
2128
2218
2129
2219
2121
2130
2220
2122
2131
2221
2123
2132
2222
2124
2133
2223
2125
2134
2224
2126
2135
2225
2127
2136
2226
2128
2137
2227
2129
2138
2228
2139
2229
2131
2140
2230
2132
2141
2231
2133
2142
2232
2134
2143
2233
2135
2144
2234
2136
2145
2235
2137
2146
2236
2138
2147
2237
2139
2148
2238
2149
2239
2141
2150
2240
2142
2151
2241
2143
2152
2242
2144
2153
2243
2145
2154
2244
2146
2155
2245
2147
2156
2246
2148
2157
2247
2149
2158
2248
2159
2249
2151
2160
2250
2152
2161
2251
2153
2162
2252
2154
2163
2253
2155
2164
2254
2156
2165
2255
2157
2166
2256
2158
2167
2257
2159
2168
2258
2169
2259
2161
2170
2260
2162
2171
2261
2163
2172
2262
2164
2173
2263
2165
2174
2264
2166
2175
2265
2167
2176
2266
2168
2177
2267
2169
2178
2268
2179
2269
2171
2180
2270
2172
2181
2271
2173
2182
2272
2174
2183
2273
2175
2184
2274
2176
2185
2275
2177
2186
2276
2178
2187
2277
2179
2188
2278
2189
2279
2181
2190
2280
2182
2191
2281
2183
2192
2282
2184
2193
2283
2185
2194
2284
2186
2195
2285
2187
2196
2286
2188
2197
2287
2189
2198
2288
2199
2289
2191
2290
2192
2291
2193
2292
2194
2293
2195
2294
2196
2295
2197
2296
2198
2297
2199
2298
2299
2201
2210
2300
2202
2211
2301
2203
2212
2302
2204
2213
2303
2205
2214
2304
2206
2215
2305
2207
2216
2306
2208
2217
2307
2209
2218
2308
2219
2309
2211
2220
2310
2212
2221
2311
2213
2222
2312
2214
2223
2313
2215
2224
2314
2216
2225
2315
2217
2226
2316
2218
2227
2317
2219
2228
2318
2229
2319
2221
2230
2320
2222
2231
2321
2223
2232
2322
2224
2233
2323
2225
2234
2324
2226
2235
2325
2227
2236
2326
2228
2237
2327
2229
2238
2328
2239
2329
2231
2240
2330
2232
2241
2331
2233
2242
2332
2234
2243
2333
2235
2244
2334
2236
2245
2335
2237
2246
2336
2238
2247
2337
2239
2248
2338
2249
2339
2241
2250
2340
2242
2251
2341
2243
2252
2342
2244
2253
2343
2245
2254
2344
2246
2255
2345
2247
2256
2346
2248
2257
2347
2249
2258
2348
2259
2349
2251
2260
2350
2252
2261
2351
2253
2262
2352
2254
2263
2353
2255
2264
2354
2256
2265
2355
2257
2266
2356
2258
2267
2357
2259
2268
2358
2269
2359
2261
2270
2360
2262
2271
2361
2263
2272
2362
2264
2273
2363
2265
2274
2364
2266
2275
2365
2267
2276
2366
2268
2277
2367
2269
2278
2368
2279
2369
2271
2280
2370
2272
2281
2371
2273
2282
2372
2274
2283
2373
2275
2284
2374
2276
2285
2375
2277
2286
2376
2278
2287
2377
2279
2288
2378
2289
2379
2281
2290
2380
2282
2291
2381
2283
2292
2382
2284
2293
2383
2285
2294
2384
2286
2295
2385
2287
2296
2386
2288
2297
2387
2289
2298
2388
2299
2389
2291
2390
2292
2391
2293
2392
2294
2393
2295
2394
2296
2395
2297
2396
2298
2397
2299
2398
2399
2301
2310
2400
2302
2311
2401
2303
2312
2402
2304
2313
2403
2305
2314
2404
2306
2315
2405
2307
2316
2406
2308
2317
2407
2309
2318
2408
2319
2409
2311
2320
2410
2312
2321
2411
2313
2322
2412
2314
2323
2413
2315
2324
2414
2316
2325
2415
2317
2326
2416
2318
2327
2417
2319
2328
2418
2329
2419
2321
2330
2420
2322
2331
2421
2323
2332
2422
2324
2333
2423
2325
2334
2424
2326
2335
2425
2327
2336
2426
2328
2337
2427
2329
2338
2428
2339
2429
2331
2340
2430
2332
2341
2431
2333
2342
2432
2334
2343
2433
2335
2344
2434
2336
2345
2435
2337
2346
2436
2338
2347
2437
2339
2348
2438
2349
2439
2341
2350
2440
2342
2351
2441
2343
2352
2442
2344
2353
2443
2345
2354
2444
2346
2355
2445
2347
2356
2446
2348
2357
2447
2349
2358
2448
2359
2449
2351
2360
2450
2352
2361
2451
2353
2362
2452
2354
2363
2453
2355
2364
2454
2356
2365
2455
2357
2366
2456
2358
2367
2457
2359
2368
2458
2369
2459
2361
2370
2460
2362
2371
2461
2363
2372
2462
2364
2373
2463
2365
2374
2464
2366
2375
2465
2367
2376
2466
2368
2377
2467
2369
2378
2468
2379
2469
2371
2380
2470
2372
2381
2471
2373
2382
2472
2374
2383
2473
2375
2384
2474
2376
2385
2475
2377
2386
2476
2378
2387
2477
2379
2388
2478
2389
2479
2381
2390
2480
2382
2391
2481
2383
2392
2482
2384
2393
2483
2385
2394
2484
2386
2395
2485
2387
2396
2486
2388
2397
2487
2389
2398
2488
2399
2489
2391
2490
2392
2491
2393
2492
2394
2493
2395
2494
2396
2495
2397
2496
2398
2497
2399
2498
2499
2401
2410
2500
2402
2411
2501
2403
2412
2502
2404
2413
2503
2405
2414
2504
2406
2415
2505
2407
2416
2506
2408
2417
2507
2409
2418
2508
2419
2509
2411
2420
2510
2412
2421
2511
2413
2422
2512
2414
2423
2513
2415
2424
2514
2416
2425
2515
2417
2426
2516
2418
2427
2517
2419
2428
2518
2429
2519
2421
2430
2520
2422
2431
2521
2423
2432
2522
2424
2433
2523
2425
2434
2524
2426
2435
2525
2427
2436
2526
2428
2437
2527
2429
2438
2528
2439
2529
2431
2440
2530
2432
2441
2531
2433
2442
2532
2434
2443
2533
2435
2444
2534
2436
2445
2535
2437
2446
2536
2438
2447
2537
2439
2448
2538
2449
2539
2441
2450
2540
2442
2451
2541
2443
2452
2542
2444
2453
2543
2445
2454
2544
2446
2455
2545
2447
2456
2546
2448
2457
2547
2449
2458
2548
2459
2549
2451
2460
2550
2452
2461
2551
2453
2462
2552
2454
2463
2553
2455
2464
2554
2456
2465
2555
2457
2466
2556
2458
2467
2557
2459
2468
2558
2469
2559
2461
2470
2560
2462
2471
2561
2463
2472
2562
2464
2473
2563
2465
2474
2564
2466
2475
2565
2467
2476
2566
2468
2477
2567
2469
2478
2568
2479
2569
2471
2480
2570
2472
2481
2571
2473
2482
2572
2474
2483
2573
2475
2484
2574
2476
2485
2575
2477
2486
2576
2478
2487
2577
2479
2488
2578
2489
2579
2481
2490
2580
2482
2491
2581
2483
2492
2582
2484
2493
2583
2485
2494
2584
2486
2495
2585
2487
2496
2586
2488
2497
2587
2489
2498
2588
2499
2589
2491
2590
2492
2591
2493
2592
2494
2593
2495
2594
2496
2595
2497
2596
2498
2597
2499
2598
2599
2501
2510
2600
2502
2511
2601
2503
2512
2602
2504
2513
2603
2505
2514
2604
2506
2515
2605
2507
2516
2606
2508
2517
2607
2509
2518
2608
2519
2609
2511
2520
2610
2512
2521
2611
2513
2522
2612
2514
2523
2613
2515
2524
2614
2516
2525
2615
2517
2526
2616
2518
2527
2617
2519
2528
2618
2529
2619
2521
2530
2620
2522
2531
2621
2523
2532
2622
2524
2533
2623
2525
2534
2624
2526
2535
2625
2527
2536
2626
2528
2537
2627
2529
2538
2628
2539
2629
2531
2540
2630
2532
2541
2631
2533
2542
2632
2534
2543
2633
2535
2544
2634
2536
2545
2635
2537
2546
2636
2538
2547
2637
2539
2548
2638
2549
2639
2541
2550
2640
2542
2551
2641
2543
2552
2642
2544
2553
2643
2545
2554
2644
2546
2555
2645
2547
2556
2646
2548
2557
2647
2549
2558
2648
2559
2649
2551
2560
2650
2552
2561
2651
2553
2562
2652
2554
2563
2653
2555
2564
2654
2556
2565
2655
2557
2566
2656
2558
2567
2657
2559
2568
2658
2569
2659
2561
2570
2660
2562
2571
2661
2563
2572
2662
2564
2573
2663
2565
2574
2664
2566
2575
2665
2567
2576
2666
2568
2577
2667
2569
2578
2668
2579
2669
2571
2580
2670
2572
2581
2671
2573
2582
2672
2574
2583
2673
2575
2584
2674
2576
2585
2675
2577
2586
2676
2578
2587
2677
2579
2588
2678
2589
2679
2581
2590
2680
2582
2591
2681
2583
2592
2682
2584
2593
2683
2585
2594
2684
2586
2595
2685
2587
2596
2686
2588
2597
2687
2589
2598
2688
2599
2689
2591
2690
2592
2691
2593
2692
2594
2693
2595
2694
2596
2695
2597
2696
2598
2697
2599
2698
2699
2601
2610
2700
2602
2611
2701
2603
2612
2702
2604
2613
2703
2605
2614
2704
2606
2615
2705
2607
2616
2706
2608
2617
2707
2609
2618
2708
2619
2709
2611
2620
2710
2612
2621
2711
2613
2622
2712
2614
2623
2713
2615
2624
2714
2616
2625
2715
2617
2626
2716
2618
2627
2717
2619
2628
2718
2629
2719
2621
2630
2720
2622
2631
2721
2623
2632
2722
2624
2633
2723
2625
2634
2724
2626
2635
2725
2627
2636
2726
2628
2637
2727
2629
2638
2728
2639
2729
2631
2640
2730
2632
2641
2731
2633
2642
2732
2634
2643
2733
2635
2644
2734
2636
2645
2735
2637
2646
2736
2638
2647
2737
2639
2648
2738
2649
2739
2641
2650
2740
2642
2651
2741
2643
2652
2742
2644
2653
2743
2645
2654
2744
2646
2655
2745
2647
2656
2746
2648
2657
2747
2649
2658
2748
2659
2749
2651
2660
2750
2652
2661
2751
2653
2662
2752
2654
2663
2753
2655
2664
2754
2656
2665
2755
2657
2666
2756
2658
2667
2757
2659
2668
2758
2669
2759
2661
2670
2760
2662
2671
2761
2663
2672
2762
2664
2673
2763
2665
2674
2764
2666
2675
2765
2667
2676
2766
2668
2677
2767
2669
2678
2768
2679
2769
2671
2680
2770
2672
2681
2771
2673
2682
2772
2674
2683
2773
2675
2684
2774
2676
2685
2775
2677
2686
2776
2678
2687
2777
2679
2688
2778
2689
2779
2681
2690
2780
2682
2691
2781
2683
2692
2782
2684
2693
2783
2685
2694
2784
2686
2695
2785
2687
2696
2786
2688
2697
2787
2689
2698
2788
2699
2789
2691
2790
2692
2791
2693
2792
2694
2793
2695
2794
2696
2795
2697
2796
2698
2797
2699
2798
2799
2701
2710
2800
2702
2711
2801
2703
2712
2802
2704
2713
2803
2705
2714
2804
2706
2715
2805
2707
2716
2806
2708
2717
2807
2709
2718
2808
2719
2809
2711
2720
2810
2712
2721
2811
2713
2722
2812
2714
2723
2813
2715
2724
2814
2716
2725
2815
2717
2726
2816
2718
2727
2817
2719
2728
2818
2729
2819
2721
2730
2820
2722
2731
2821
2723
2732
2822
2724
2733
2823
2725
2734
2824
2726
2735
2825
2727
2736
2826
2728
2737
2827
2729
2738
2828
2739
2829
2731
2740
2830
2732
2741
2831
2733
2742
2832
2734
2743
2833
2735
2744
2834
2736
2745
2835
2737
2746
2836
2738
2747
2837
2739
2748
2838
2749
2839
2741
2750
2840
2742
2751
2841
2743
2752
2842
2744
2753
2843
2745
2754
2844
2746
2755
2845
2747
2756
2846
2748
2757
2847
2749
2758
2848
2759
2849
2751
2760
2850
2752
2761
2851
2753
2762
2852
2754
2763
2853
2755
2764
2854
2756
2765
2855
2757
2766
2856
2758
2767
2857
2759
2768
2858
2769
2859
2761
2770
2860
2762
2771
2861
2763
2772
2862
2764
2773
2863
2765
2774
2864
2766
2775
2865
2767
2776
2866
2768
2777
2867
2769
2778
2868
2779
2869
2771
2780
2870
2772
2781
2871
2773
2782
2872
2774
2783
2873
2775
2784
2874
2776
2785
2875
2777
2786
2876
2778
2787
2877
2779
2788
2878
2789
2879
2781
2790
2880
2782
2791
2881
2783
2792
2882
2784
2793
2883
2785
2794
2884
2786
2795
2885
2787
2796
2886
2788
2797
2887
2789
2798
2888
2799
2889
2791
2890
2792
2891
2793
2892
2794
2893
2795
2894
2796
2895
2797
2896
2798
2897
2799
2898
2899
2801
2810
2900
2802
2811
2901
2803
2812
2902
2804
2813
2903
2805
2814
2904
2806
2815
2905
2807
2816
2906
2808
2817
2907
2809
2818
2908
2819
2909
2811
2820
2910
2812
2821
2911
2813
2822
2912
2814
2823
2913
2815
2824
2914
2816
2825
2915
2817
2826
2916
2818
2827
2917
2819
2828
2918
2829
2919
2821
2830
2920
2822
2831
2921
2823
2832
2922
2824
2833
2923
2825
2834
2924
2826
2835
2925
2827
2836
2926
2828
2837
2927
2829
2838
2928
2839
2929
2831
2840
2930
2832
2841
2931
2833
2842
2932
2834
2843
2933
2835
2844
2934
2836
2845
2935
2837
2846
2936
2838
2847
2937
2839
2848
2938
2849
2939
2841
2850
2940
2842
2851
2941
2843
2852
2942
2844
2853
2943
2845
2854
2944
2846
2855
2945
2847
2856
2946
2848
2857
2947
2849
2858
2948
2859
2949
2851
2860
2950
2852
2861
2951
2853
2862
2952
2854
2863
2953
2855
2864
2954
2856
2865
2955
2857
2866
2956
2858
2867
2957
2859
2868
2958
2869
2959
2861
2870
2960
2862
2871
2961
2863
2872
2962
2864
2873
2963
2865
2874
2964
2866
2875
2965
2867
2876
2966
2868
2877
2967
2869
2878
2968
2879
2969
2871
2880
2970
2872
2881
2971
2873
2882
2972
2874
2883
2973
2875
2884
2974
2876
2885
2975
2877
2886
2976
2878
2887
2977
2879
2888
2978
2889
2979
2881
2890
2980
2882
2891
2981
2883
2892
2982
2884
2893
2983
2885
2894
2984
2886
2895
2985
2887
2896
2986
2888
2897
2987
2889
2898
2988
2899
2989
2891
2990
2892
2991
2893
2992
2894
2993
2895
2994
2896
2995
2897
2996
2898
2997
2899
2998
2999
2901
2910
2902
2911
2903
2912
2904
2913
2905
2914
2906
2915
2907
2916
2908
2917
2909
2918
2919
2911
2920
2912
2921
2913
2922
2914
2923
2915
2924
2916
2925
2917
2926
2918
2927
2919
2928
2929
2921
2930
2922
2931
2923
2932
2924
2933
2925
2934
2926
2935
2927
2936
2928
2937
2929
2938
2939
2931
2940
2932
2941
2933
2942
2934
2943
2935
2944
2936
2945
2937
2946
2938
2947
2939
2948
2949
2941
2950
2942
2951
2943
2952
2944
2953
2945
2954
2946
2955
2947
2956
2948
2957
2949
2958
2959
2951
2960
2952
2961
2953
2962
2954
2963
2955
2964
2956
2965
2957
2966
2958
2967
2959
2968
2969
2961
2970
2962
2971
2963
2972
2964
2973
2965
2974
2966
2975
2967
2976
2968
2977
2969
2978
2979
2971
2980
2972
2981
2973
2982
2974
2983
2975
2984
2976
2985
2977
2986
2978
2987
2979
2988
2989
2981
2990
2982
2991
2983
2992
2984
2993
2985
2994
2986
2995
2987
2996
2988
2997
2989
2998
2999
2991
2992
2993
2994
2995
2996
2997
2998
2999
)


// ************************************************************************* //
