/*--------------------------------*- C++ -*----------------------------------*\
  =========                 |
  \\      /  F ield         | OpenFOAM: The Open Source CFD Toolbox
   \\    /   O peration     | Website:  https://openfoam.org
    \\  /    A nd           | Version:  6.0
     \\/     M anipulation  |
\*---------------------------------------------------------------------------*/
FoamFile
{
    version     2.0;
    format      ascii;
    class       volScalarField;
    location    "2.000492";
    object      T;
}
// * * * * * * * * * * * * * * * * * * * * * * * * * * * * * * * * * * * * * //

dimensions      [0 0 0 1 0 0 0];

internalField   nonuniform List<scalar> 
3000
(
1
1
1
1
1
2.18248
2.75421
2.79179
2.82707
2.85403
1
1
1
1
1
2.17844
2.7529
2.79021
2.8243
2.85057
1
1
1
1
1
2.16754
2.75142
2.7878
2.8201
2.84619
1
1
1
1
1
2.14774
2.74763
2.78423
2.8147
2.83904
1
1
1
1
1
2.11884
2.73964
2.77818
2.80608
2.83018
1
1
1
1
1
2.08079
2.72743
2.77087
2.79679
2.81765
1
1
1
1
1
2.0332
2.71121
2.7604
2.78176
2.79981
1
1
1
1
1
1.98003
2.69135
2.74876
2.76402
2.77036
1
1
1
1
1
1.91006
2.66873
2.73818
2.74173
2.73053
1
1
1
1
1
1.81115
2.63122
2.72706
2.7274
2.74059
1
1
1
1
1
2.18248
2.75421
2.79179
2.82707
2.85403
1
1
1
1
1
2.17844
2.7529
2.79021
2.8243
2.85057
1
1
1
1
1
2.16754
2.75142
2.7878
2.8201
2.84619
1
1
1
1
1
2.14774
2.74763
2.78423
2.8147
2.83904
1
1
1
1
1
2.11884
2.73964
2.77818
2.80608
2.83018
1
1
1
1
1
2.08079
2.72743
2.77087
2.79679
2.81765
1
1
1
1
1
2.0332
2.71121
2.7604
2.78176
2.79981
1
1
1
1
1
1.98003
2.69135
2.74876
2.76402
2.77036
1
1
1
1
1
1.91006
2.66873
2.73818
2.74173
2.73053
1
1
1
1
1
1.81115
2.63122
2.72706
2.7274
2.74059
1
1
1
1
1
2.18248
2.75421
2.79179
2.82707
2.85403
1
1
1
1
1
2.17844
2.7529
2.79021
2.8243
2.85057
1
1
1
1
1
2.16754
2.75142
2.7878
2.8201
2.84619
1
1
1
1
1
2.14774
2.74763
2.78423
2.8147
2.83904
1
1
1
1
1
2.11884
2.73964
2.77818
2.80608
2.83018
1
1
1
1
1
2.08079
2.72743
2.77087
2.79679
2.81765
1
1
1
1
1
2.0332
2.71121
2.7604
2.78176
2.79981
1
1
1
1
1
1.98003
2.69135
2.74876
2.76402
2.77036
1
1
1
1
1
1.91006
2.66873
2.73818
2.74173
2.73053
1
1
1
1
1
1.81115
2.63122
2.72706
2.7274
2.74059
1
1
1
1
1
2.18248
2.75421
2.79179
2.82707
2.85403
1
1
1
1
1
2.17844
2.7529
2.79021
2.8243
2.85057
1
1
1
1
1
2.16754
2.75142
2.7878
2.8201
2.84619
1
1
1
1
1
2.14774
2.74763
2.78423
2.8147
2.83904
1
1
1
1
1
2.11884
2.73964
2.77818
2.80608
2.83018
1
1
1
1
1
2.08079
2.72743
2.77087
2.79679
2.81765
1
1
1
1
1
2.0332
2.71121
2.7604
2.78176
2.79981
1
1
1
1
1
1.98003
2.69135
2.74876
2.76402
2.77036
1
1
1
1
1
1.91006
2.66873
2.73818
2.74173
2.73053
1
1
1
1
1
1.81115
2.63122
2.72706
2.7274
2.74059
1
1
1
1
1
2.18248
2.75421
2.79179
2.82707
2.85403
1
1
1
1
1
2.17844
2.7529
2.79021
2.8243
2.85057
1
1
1
1
1
2.16754
2.75142
2.7878
2.8201
2.84619
1
1
1
1
1
2.14774
2.74763
2.78423
2.8147
2.83904
1
1
1
1
1
2.11884
2.73964
2.77818
2.80608
2.83018
1
1
1
1
1
2.08079
2.72743
2.77087
2.79679
2.81765
1
1
1
1
1
2.0332
2.71121
2.7604
2.78176
2.79981
1
1
1
1
1
1.98003
2.69135
2.74876
2.76402
2.77036
1
1
1
1
1
1.91006
2.66873
2.73818
2.74173
2.73053
1
1
1
1
1
1.81115
2.63122
2.72706
2.7274
2.74059
1
1
1
1
1
2.18248
2.75421
2.79179
2.82707
2.85403
1
1
1
1
1
2.17844
2.7529
2.79021
2.8243
2.85057
1
1
1
1
1
2.16754
2.75142
2.7878
2.8201
2.84619
1
1
1
1
1
2.14774
2.74763
2.78423
2.8147
2.83904
1
1
1
1
1
2.11884
2.73964
2.77818
2.80608
2.83018
1
1
1
1
1
2.08079
2.72743
2.77087
2.79679
2.81765
1
1
1
1
1
2.0332
2.71121
2.7604
2.78176
2.79981
1
1
1
1
1
1.98003
2.69135
2.74876
2.76402
2.77036
1
1
1
1
1
1.91006
2.66873
2.73818
2.74173
2.73053
1
1
1
1
1
1.81115
2.63122
2.72706
2.7274
2.74059
1
1
1
1
1
2.18248
2.75421
2.79179
2.82707
2.85403
1
1
1
1
1
2.17844
2.7529
2.79021
2.8243
2.85057
1
1
1
1
1
2.16754
2.75142
2.7878
2.8201
2.84619
1
1
1
1
1
2.14774
2.74763
2.78423
2.8147
2.83904
1
1
1
1
1
2.11884
2.73964
2.77818
2.80608
2.83018
1
1
1
1
1
2.08079
2.72743
2.77087
2.79679
2.81765
1
1
1
1
1
2.0332
2.71121
2.7604
2.78176
2.79981
1
1
1
1
1
1.98003
2.69135
2.74876
2.76402
2.77036
1
1
1
1
1
1.91006
2.66873
2.73818
2.74173
2.73053
1
1
1
1
1
1.81115
2.63122
2.72706
2.7274
2.74059
1
1
1
1
1
2.18248
2.75421
2.79179
2.82707
2.85403
1
1
1
1
1
2.17844
2.7529
2.79021
2.8243
2.85057
1
1
1
1
1
2.16754
2.75142
2.7878
2.8201
2.84619
1
1
1
1
1
2.14774
2.74763
2.78423
2.8147
2.83904
1
1
1
1
1
2.11884
2.73964
2.77818
2.80608
2.83018
1
1
1
1
1
2.08079
2.72743
2.77087
2.79679
2.81765
1
1
1
1
1
2.0332
2.71121
2.7604
2.78176
2.79981
1
1
1
1
1
1.98003
2.69135
2.74876
2.76402
2.77036
1
1
1
1
1
1.91006
2.66873
2.73818
2.74173
2.73053
1
1
1
1
1
1.81115
2.63122
2.72706
2.7274
2.74059
1
1
1
1
1
2.18248
2.75421
2.79179
2.82707
2.85403
1
1
1
1
1
2.17844
2.7529
2.79021
2.8243
2.85057
1
1
1
1
1
2.16754
2.75142
2.7878
2.8201
2.84619
1
1
1
1
1
2.14774
2.74763
2.78423
2.8147
2.83904
1
1
1
1
1
2.11884
2.73964
2.77818
2.80608
2.83018
1
1
1
1
1
2.08079
2.72743
2.77087
2.79679
2.81765
1
1
1
1
1
2.0332
2.71121
2.7604
2.78176
2.79981
1
1
1
1
1
1.98003
2.69135
2.74876
2.76402
2.77036
1
1
1
1
1
1.91006
2.66873
2.73818
2.74173
2.73053
1
1
1
1
1
1.81115
2.63122
2.72706
2.7274
2.74059
1
1
1
1
1
2.18248
2.75421
2.79179
2.82707
2.85403
1
1
1
1
1
2.17844
2.7529
2.79021
2.8243
2.85057
1
1
1
1
1
2.16754
2.75142
2.7878
2.8201
2.84619
1
1
1
1
1
2.14774
2.74763
2.78423
2.8147
2.83904
1
1
1
1
1
2.11884
2.73964
2.77818
2.80608
2.83018
1
1
1
1
1
2.08079
2.72743
2.77087
2.79679
2.81765
1
1
1
1
1
2.0332
2.71121
2.7604
2.78176
2.79981
1
1
1
1
1
1.98003
2.69135
2.74876
2.76402
2.77036
1
1
1
1
1
1.91006
2.66873
2.73818
2.74173
2.73053
1
1
1
1
1
1.81115
2.63122
2.72706
2.7274
2.74059
1
1
1
1
1
1.49719
2.48368
2.66792
2.66076
2.63468
1
1
1
1
1
1.04745
2.11861
2.5564
2.52955
2.47187
1
1
1
1
1
1.00026
1.44208
2.2601
2.44584
2.3495
1
1
1
1
1
1
1.03364
1.80146
2.32335
2.27081
1
1
1
1
1
1
1.00019
1.167
1.92821
2.20151
1
1
1
1
1
1
1
1.00395
1.29125
1.96322
1
1
1
1
1
1
1
1.00001
1.01345
1.47205
1
1
1
1
1
1
1
1
1.00007
1.04575
1
1
1
1
1
1
1
1
1
1.00031
1
1
1
1
1
1
1
1
1
1
1
1
1
1
1
1.49719
2.48368
2.66792
2.66076
2.63468
1
1
1
1
1
1.04745
2.11861
2.5564
2.52955
2.47187
1
1
1
1
1
1.00026
1.44208
2.2601
2.44584
2.3495
1
1
1
1
1
1
1.03364
1.80146
2.32335
2.27081
1
1
1
1
1
1
1.00019
1.167
1.92821
2.20151
1
1
1
1
1
1
1
1.00395
1.29125
1.96322
1
1
1
1
1
1
1
1.00001
1.01345
1.47205
1
1
1
1
1
1
1
1
1.00007
1.04575
1
1
1
1
1
1
1
1
1
1.00031
1
1
1
1
1
1
1
1
1
1
1
1
1
1
1
1.49719
2.48368
2.66792
2.66076
2.63468
1
1
1
1
1
1.04745
2.11861
2.5564
2.52955
2.47187
1
1
1
1
1
1.00026
1.44208
2.2601
2.44584
2.3495
1
1
1
1
1
1
1.03364
1.80146
2.32335
2.27081
1
1
1
1
1
1
1.00019
1.167
1.92821
2.20151
1
1
1
1
1
1
1
1.00395
1.29125
1.96322
1
1
1
1
1
1
1
1.00001
1.01345
1.47205
1
1
1
1
1
1
1
1
1.00007
1.04575
1
1
1
1
1
1
1
1
1
1.00031
1
1
1
1
1
1
1
1
1
1
1
1
1
1
1
1.49719
2.48368
2.66792
2.66076
2.63468
1
1
1
1
1
1.04745
2.11861
2.5564
2.52955
2.47187
1
1
1
1
1
1.00026
1.44208
2.2601
2.44584
2.3495
1
1
1
1
1
1
1.03364
1.80146
2.32335
2.27081
1
1
1
1
1
1
1.00019
1.167
1.92821
2.20151
1
1
1
1
1
1
1
1.00395
1.29125
1.96322
1
1
1
1
1
1
1
1.00001
1.01345
1.47205
1
1
1
1
1
1
1
1
1.00007
1.04575
1
1
1
1
1
1
1
1
1
1.00031
1
1
1
1
1
1
1
1
1
1
1
1
1
1
1
1.49719
2.48368
2.66792
2.66076
2.63468
1
1
1
1
1
1.04745
2.11861
2.5564
2.52955
2.47187
1
1
1
1
1
1.00026
1.44208
2.2601
2.44584
2.3495
1
1
1
1
1
1
1.03364
1.80146
2.32335
2.27081
1
1
1
1
1
1
1.00019
1.167
1.92821
2.20151
1
1
1
1
1
1
1
1.00395
1.29125
1.96322
1
1
1
1
1
1
1
1.00001
1.01345
1.47205
1
1
1
1
1
1
1
1
1.00007
1.04575
1
1
1
1
1
1
1
1
1
1.00031
1
1
1
1
1
1
1
1
1
1
1
1
1
1
1
1.49719
2.48368
2.66792
2.66076
2.63468
1
1
1
1
1
1.04745
2.11861
2.5564
2.52955
2.47187
1
1
1
1
1
1.00026
1.44208
2.2601
2.44584
2.3495
1
1
1
1
1
1
1.03364
1.80146
2.32335
2.27081
1
1
1
1
1
1
1.00019
1.167
1.92821
2.20151
1
1
1
1
1
1
1
1.00395
1.29125
1.96322
1
1
1
1
1
1
1
1.00001
1.01345
1.47205
1
1
1
1
1
1
1
1
1.00007
1.04575
1
1
1
1
1
1
1
1
1
1.00031
1
1
1
1
1
1
1
1
1
1
1
1
1
1
1
1.49719
2.48368
2.66792
2.66076
2.63468
1
1
1
1
1
1.04745
2.11861
2.5564
2.52955
2.47187
1
1
1
1
1
1.00026
1.44208
2.2601
2.44584
2.3495
1
1
1
1
1
1
1.03364
1.80146
2.32335
2.27081
1
1
1
1
1
1
1.00019
1.167
1.92821
2.20151
1
1
1
1
1
1
1
1.00395
1.29125
1.96322
1
1
1
1
1
1
1
1.00001
1.01345
1.47205
1
1
1
1
1
1
1
1
1.00007
1.04575
1
1
1
1
1
1
1
1
1
1.00031
1
1
1
1
1
1
1
1
1
1
1
1
1
1
1
1.49719
2.48368
2.66792
2.66076
2.63468
1
1
1
1
1
1.04745
2.11861
2.5564
2.52955
2.47187
1
1
1
1
1
1.00026
1.44208
2.2601
2.44584
2.3495
1
1
1
1
1
1
1.03364
1.80146
2.32335
2.27081
1
1
1
1
1
1
1.00019
1.167
1.92821
2.20151
1
1
1
1
1
1
1
1.00395
1.29125
1.96322
1
1
1
1
1
1
1
1.00001
1.01345
1.47205
1
1
1
1
1
1
1
1
1.00007
1.04575
1
1
1
1
1
1
1
1
1
1.00031
1
1
1
1
1
1
1
1
1
1
1
1
1
1
1
1.49719
2.48368
2.66792
2.66076
2.63468
1
1
1
1
1
1.04745
2.11861
2.5564
2.52955
2.47187
1
1
1
1
1
1.00026
1.44208
2.2601
2.44584
2.3495
1
1
1
1
1
1
1.03364
1.80146
2.32335
2.27081
1
1
1
1
1
1
1.00019
1.167
1.92821
2.20151
1
1
1
1
1
1
1
1.00395
1.29125
1.96322
1
1
1
1
1
1
1
1.00001
1.01345
1.47205
1
1
1
1
1
1
1
1
1.00007
1.04575
1
1
1
1
1
1
1
1
1
1.00031
1
1
1
1
1
1
1
1
1
1
1
1
1
1
1
1.49719
2.48368
2.66792
2.66076
2.63468
1
1
1
1
1
1.04745
2.11861
2.5564
2.52955
2.47187
1
1
1
1
1
1.00026
1.44208
2.2601
2.44584
2.3495
1
1
1
1
1
1
1.03364
1.80146
2.32335
2.27081
1
1
1
1
1
1
1.00019
1.167
1.92821
2.20151
1
1
1
1
1
1
1
1.00395
1.29125
1.96322
1
1
1
1
1
1
1
1.00001
1.01345
1.47205
1
1
1
1
1
1
1
1
1.00007
1.04575
1
1
1
1
1
1
1
1
1
1.00031
1
1
1
1
1
1
1
1
1
1
1.91766
1.78595
1.74362
1.76103
2.07713
2.39191
2.43677
2.34029
2.23158
2.06801
2.15643
1.85949
1.73472
1.77785
1.97913
2.17625
2.27412
2.23297
2.1545
2.01983
2.09118
1.78865
1.67693
1.80325
1.88056
1.8993
2.00964
2.05208
2.01053
1.91541
2.04624
1.75649
1.66257
1.84175
1.82032
1.76396
1.76374
1.81217
1.82526
1.78383
2.01
1.72763
1.69898
1.85934
1.8004
1.69391
1.58435
1.58295
1.64333
1.62865
1.95476
1.77573
1.8174
1.86148
1.77275
1.64042
1.50735
1.41948
1.44262
1.48398
1.85518
1.88237
1.97592
1.86498
1.72775
1.58513
1.45528
1.35452
1.30273
1.34366
1.6538
2.05053
2.04991
1.89636
1.70756
1.5499
1.42782
1.32722
1.25913
1.21869
1.42759
2.09423
2.01874
1.86922
1.69134
1.5429
1.43531
1.3413
1.24671
1.16529
1.40352
2.13058
2.04398
1.87219
1.68443
1.52878
1.40122
1.30854
1.22447
1.13931
1.91766
1.78595
1.74362
1.76103
2.07713
2.39191
2.43677
2.34029
2.23158
2.06801
2.15643
1.85949
1.73472
1.77785
1.97913
2.17625
2.27412
2.23297
2.1545
2.01983
2.09118
1.78865
1.67693
1.80325
1.88056
1.8993
2.00964
2.05208
2.01053
1.91541
2.04624
1.75649
1.66257
1.84175
1.82032
1.76396
1.76374
1.81217
1.82526
1.78383
2.01
1.72763
1.69898
1.85934
1.8004
1.69391
1.58435
1.58295
1.64333
1.62865
1.95476
1.77573
1.8174
1.86148
1.77275
1.64042
1.50735
1.41948
1.44262
1.48398
1.85518
1.88237
1.97592
1.86498
1.72775
1.58513
1.45528
1.35452
1.30273
1.34366
1.6538
2.05053
2.04991
1.89636
1.70756
1.5499
1.42782
1.32722
1.25913
1.21869
1.42759
2.09423
2.01874
1.86922
1.69134
1.5429
1.43531
1.3413
1.24671
1.16529
1.40352
2.13058
2.04398
1.87219
1.68443
1.52878
1.40122
1.30854
1.22447
1.13931
1.91766
1.78595
1.74362
1.76103
2.07713
2.39191
2.43677
2.34029
2.23158
2.06801
2.15643
1.85949
1.73472
1.77785
1.97913
2.17625
2.27412
2.23297
2.1545
2.01983
2.09118
1.78865
1.67693
1.80325
1.88056
1.8993
2.00964
2.05208
2.01053
1.91541
2.04624
1.75649
1.66257
1.84175
1.82032
1.76396
1.76374
1.81217
1.82526
1.78383
2.01
1.72763
1.69898
1.85934
1.8004
1.69391
1.58435
1.58295
1.64333
1.62865
1.95476
1.77573
1.8174
1.86148
1.77275
1.64042
1.50735
1.41948
1.44262
1.48398
1.85518
1.88237
1.97592
1.86498
1.72775
1.58513
1.45528
1.35452
1.30273
1.34366
1.6538
2.05053
2.04991
1.89636
1.70756
1.5499
1.42782
1.32722
1.25913
1.21869
1.42759
2.09423
2.01874
1.86922
1.69134
1.5429
1.43531
1.3413
1.24671
1.16529
1.40352
2.13058
2.04398
1.87219
1.68443
1.52878
1.40122
1.30854
1.22447
1.13931
1.91766
1.78595
1.74362
1.76103
2.07713
2.39191
2.43677
2.34029
2.23158
2.06801
2.15643
1.85949
1.73472
1.77785
1.97913
2.17625
2.27412
2.23297
2.1545
2.01983
2.09118
1.78865
1.67693
1.80325
1.88056
1.8993
2.00964
2.05208
2.01053
1.91541
2.04624
1.75649
1.66257
1.84175
1.82032
1.76396
1.76374
1.81217
1.82526
1.78383
2.01
1.72763
1.69898
1.85934
1.8004
1.69391
1.58435
1.58295
1.64333
1.62865
1.95476
1.77573
1.8174
1.86148
1.77275
1.64042
1.50735
1.41948
1.44262
1.48398
1.85518
1.88237
1.97592
1.86498
1.72775
1.58513
1.45528
1.35452
1.30273
1.34366
1.6538
2.05053
2.04991
1.89636
1.70756
1.5499
1.42782
1.32722
1.25913
1.21869
1.42759
2.09423
2.01874
1.86922
1.69134
1.5429
1.43531
1.3413
1.24671
1.16529
1.40352
2.13058
2.04398
1.87219
1.68443
1.52878
1.40122
1.30854
1.22447
1.13931
1.91766
1.78595
1.74362
1.76103
2.07713
2.39191
2.43677
2.34029
2.23158
2.06801
2.15643
1.85949
1.73472
1.77785
1.97913
2.17625
2.27412
2.23297
2.1545
2.01983
2.09118
1.78865
1.67693
1.80325
1.88056
1.8993
2.00964
2.05208
2.01053
1.91541
2.04624
1.75649
1.66257
1.84175
1.82032
1.76396
1.76374
1.81217
1.82526
1.78383
2.01
1.72763
1.69898
1.85934
1.8004
1.69391
1.58435
1.58295
1.64333
1.62865
1.95476
1.77573
1.8174
1.86148
1.77275
1.64042
1.50735
1.41948
1.44262
1.48398
1.85518
1.88237
1.97592
1.86498
1.72775
1.58513
1.45528
1.35452
1.30273
1.34366
1.6538
2.05053
2.04991
1.89636
1.70756
1.5499
1.42782
1.32722
1.25913
1.21869
1.42759
2.09423
2.01874
1.86922
1.69134
1.5429
1.43531
1.3413
1.24671
1.16529
1.40352
2.13058
2.04398
1.87219
1.68443
1.52878
1.40122
1.30854
1.22447
1.13931
1.91766
1.78595
1.74362
1.76103
2.07713
2.39191
2.43677
2.34029
2.23158
2.06801
2.15643
1.85949
1.73472
1.77785
1.97913
2.17625
2.27412
2.23297
2.1545
2.01983
2.09118
1.78865
1.67693
1.80325
1.88056
1.8993
2.00964
2.05208
2.01053
1.91541
2.04624
1.75649
1.66257
1.84175
1.82032
1.76396
1.76374
1.81217
1.82526
1.78383
2.01
1.72763
1.69898
1.85934
1.8004
1.69391
1.58435
1.58295
1.64333
1.62865
1.95476
1.77573
1.8174
1.86148
1.77275
1.64042
1.50735
1.41948
1.44262
1.48398
1.85518
1.88237
1.97592
1.86498
1.72775
1.58513
1.45528
1.35452
1.30273
1.34366
1.6538
2.05053
2.04991
1.89636
1.70756
1.5499
1.42782
1.32722
1.25913
1.21869
1.42759
2.09423
2.01874
1.86922
1.69134
1.5429
1.43531
1.3413
1.24671
1.16529
1.40352
2.13058
2.04398
1.87219
1.68443
1.52878
1.40122
1.30854
1.22447
1.13931
1.91766
1.78595
1.74362
1.76103
2.07713
2.39191
2.43677
2.34029
2.23158
2.06801
2.15643
1.85949
1.73472
1.77785
1.97913
2.17625
2.27412
2.23297
2.1545
2.01983
2.09118
1.78865
1.67693
1.80325
1.88056
1.8993
2.00964
2.05208
2.01053
1.91541
2.04624
1.75649
1.66257
1.84175
1.82032
1.76396
1.76374
1.81217
1.82526
1.78383
2.01
1.72763
1.69898
1.85934
1.8004
1.69391
1.58435
1.58295
1.64333
1.62865
1.95476
1.77573
1.8174
1.86148
1.77275
1.64042
1.50735
1.41948
1.44262
1.48398
1.85518
1.88237
1.97592
1.86498
1.72775
1.58513
1.45528
1.35452
1.30273
1.34366
1.6538
2.05053
2.04991
1.89636
1.70756
1.5499
1.42782
1.32722
1.25913
1.21869
1.42759
2.09423
2.01874
1.86922
1.69134
1.5429
1.43531
1.3413
1.24671
1.16529
1.40352
2.13058
2.04398
1.87219
1.68443
1.52878
1.40122
1.30854
1.22447
1.13931
1.91766
1.78595
1.74362
1.76103
2.07713
2.39191
2.43677
2.34029
2.23158
2.06801
2.15643
1.85949
1.73472
1.77785
1.97913
2.17625
2.27412
2.23297
2.1545
2.01983
2.09118
1.78865
1.67693
1.80325
1.88056
1.8993
2.00964
2.05208
2.01053
1.91541
2.04624
1.75649
1.66257
1.84175
1.82032
1.76396
1.76374
1.81217
1.82526
1.78383
2.01
1.72763
1.69898
1.85934
1.8004
1.69391
1.58435
1.58295
1.64333
1.62865
1.95476
1.77573
1.8174
1.86148
1.77275
1.64042
1.50735
1.41948
1.44262
1.48398
1.85518
1.88237
1.97592
1.86498
1.72775
1.58513
1.45528
1.35452
1.30273
1.34366
1.6538
2.05053
2.04991
1.89636
1.70756
1.5499
1.42782
1.32722
1.25913
1.21869
1.42759
2.09423
2.01874
1.86922
1.69134
1.5429
1.43531
1.3413
1.24671
1.16529
1.40352
2.13058
2.04398
1.87219
1.68443
1.52878
1.40122
1.30854
1.22447
1.13931
1.91766
1.78595
1.74362
1.76103
2.07713
2.39191
2.43677
2.34029
2.23158
2.06801
2.15643
1.85949
1.73472
1.77785
1.97913
2.17625
2.27412
2.23297
2.1545
2.01983
2.09118
1.78865
1.67693
1.80325
1.88056
1.8993
2.00964
2.05208
2.01053
1.91541
2.04624
1.75649
1.66257
1.84175
1.82032
1.76396
1.76374
1.81217
1.82526
1.78383
2.01
1.72763
1.69898
1.85934
1.8004
1.69391
1.58435
1.58295
1.64333
1.62865
1.95476
1.77573
1.8174
1.86148
1.77275
1.64042
1.50735
1.41948
1.44262
1.48398
1.85518
1.88237
1.97592
1.86498
1.72775
1.58513
1.45528
1.35452
1.30273
1.34366
1.6538
2.05053
2.04991
1.89636
1.70756
1.5499
1.42782
1.32722
1.25913
1.21869
1.42759
2.09423
2.01874
1.86922
1.69134
1.5429
1.43531
1.3413
1.24671
1.16529
1.40352
2.13058
2.04398
1.87219
1.68443
1.52878
1.40122
1.30854
1.22447
1.13931
1.91766
1.78595
1.74362
1.76103
2.07713
2.39191
2.43677
2.34029
2.23158
2.06801
2.15643
1.85949
1.73472
1.77785
1.97913
2.17625
2.27412
2.23297
2.1545
2.01983
2.09118
1.78865
1.67693
1.80325
1.88056
1.8993
2.00964
2.05208
2.01053
1.91541
2.04624
1.75649
1.66257
1.84175
1.82032
1.76396
1.76374
1.81217
1.82526
1.78383
2.01
1.72763
1.69898
1.85934
1.8004
1.69391
1.58435
1.58295
1.64333
1.62865
1.95476
1.77573
1.8174
1.86148
1.77275
1.64042
1.50735
1.41948
1.44262
1.48398
1.85518
1.88237
1.97592
1.86498
1.72775
1.58513
1.45528
1.35452
1.30273
1.34366
1.6538
2.05053
2.04991
1.89636
1.70756
1.5499
1.42782
1.32722
1.25913
1.21869
1.42759
2.09423
2.01874
1.86922
1.69134
1.5429
1.43531
1.3413
1.24671
1.16529
1.40352
2.13058
2.04398
1.87219
1.68443
1.52878
1.40122
1.30854
1.22447
1.13931
)
;

boundaryField
{
    inlet
    {
        type            fixedValue;
        value           uniform 1;
    }
    outlet
    {
        type            inletOutlet;
        inletValue      uniform 1;
        value           nonuniform List<scalar> 
100
(
2.06835
2.01991
1.91515
1.78251
1.62685
1.48208
1.34146
1.21679
1.1642
1.13879
2.06835
2.01991
1.91515
1.78251
1.62685
1.48208
1.34146
1.21679
1.1642
1.13879
2.06835
2.01991
1.91515
1.78251
1.62685
1.48208
1.34146
1.21679
1.1642
1.13879
2.06835
2.01991
1.91515
1.78251
1.62685
1.48208
1.34146
1.21679
1.1642
1.13879
2.06835
2.01991
1.91515
1.78251
1.62685
1.48208
1.34146
1.21679
1.1642
1.13879
2.06835
2.01991
1.91515
1.78251
1.62685
1.48208
1.34146
1.21679
1.1642
1.13879
2.06835
2.01991
1.91515
1.78251
1.62685
1.48208
1.34146
1.21679
1.1642
1.13879
2.06835
2.01991
1.91515
1.78251
1.62685
1.48208
1.34146
1.21679
1.1642
1.13879
2.06835
2.01991
1.91515
1.78251
1.62685
1.48208
1.34146
1.21679
1.1642
1.13879
2.06835
2.01991
1.91515
1.78251
1.62685
1.48208
1.34146
1.21679
1.1642
1.13879
)
;
    }
    top
    {
        type            symmetryPlane;
    }
    bottom
    {
        type            symmetryPlane;
    }
    step
    {
        type            zeroGradient;
    }
    defaultFaces
    {
        type            empty;
    }
}


// ************************************************************************* //
