/*--------------------------------*- C++ -*----------------------------------*\
  =========                 |
  \\      /  F ield         | OpenFOAM: The Open Source CFD Toolbox
   \\    /   O peration     | Website:  https://openfoam.org
    \\  /    A nd           | Version:  6.0
     \\/     M anipulation  |
\*---------------------------------------------------------------------------*/
FoamFile
{
    version     2.0;
    format      ascii;
    class       volVectorField;
    location    "2.000067";
    object      U;
}
// * * * * * * * * * * * * * * * * * * * * * * * * * * * * * * * * * * * * * //

dimensions      [0 1 -1 0 0 0 0];

internalField   nonuniform List<vector> 
2700
(
(3 1.27205e-16 0)
(3 -3.55453e-16 0)
(3 1.63448e-17 0)
(3 -2.79467e-16 0)
(3 -5.29607e-16 0)
(3 -3.46208e-16 0)
(3 1.90276e-16 0)
(3 -4.61624e-16 0)
(3 -3.77669e-16 0)
(3 -6.21859e-16 0)
(3 -4.88526e-16 0)
(3 -1.14665e-15 0)
(3 -1.51941e-15 0)
(3 -3.80798e-16 0)
(3 -3.97302e-16 0)
(2.40358 0.00348334 0)
(0.859227 0.00466832 0)
(0.691062 -0.000433606 0)
(0.634773 0.00980617 0)
(0.572785 0.0203229 0)
(0.523939 0.0306697 0)
(0.484116 0.0247893 0)
(0.441302 -0.0052277 0)
(0.39143 -0.0184269 0)
(0.329093 -0.00930723 0)
(0.252301 0.0293324 0)
(0.186135 0.0555104 0)
(0.15698 0.0560964 0)
(0.120818 0.00436249 0)
(0.0456952 -0.0410912 0)
(3 4.11496e-18 0)
(3 -1.9618e-16 0)
(3 3.05438e-16 0)
(3 4.11801e-16 0)
(3 -5.38273e-16 0)
(3 -2.93906e-16 0)
(3 1.77241e-16 0)
(3 1.9094e-16 0)
(3 8.69829e-17 0)
(3 -1.38904e-16 0)
(3 2.95327e-16 0)
(3 -6.63564e-16 0)
(3 -9.72328e-16 0)
(3 -2.27249e-16 0)
(3 -2.58364e-16 0)
(2.41123 0.0157001 0)
(0.852831 0.0257453 0)
(0.686891 0.00340498 0)
(0.638425 0.00144551 0)
(0.588307 0.0223562 0)
(0.534581 0.0525251 0)
(0.478538 0.058843 0)
(0.422586 0.0415187 0)
(0.372777 -0.00828075 0)
(0.323921 -0.0476394 0)
(0.274397 -0.0291189 0)
(0.21975 0.0796201 0)
(0.145894 0.122851 0)
(0.0775579 0.0509059 0)
(0.0338618 -0.0420215 0)
(3 -5.22721e-17 0)
(3 -1.01567e-16 0)
(3 4.61378e-16 0)
(3 8.25552e-16 0)
(3 -2.36086e-17 0)
(3 -3.23951e-17 0)
(3 4.55632e-16 0)
(3 9.15924e-16 0)
(3 6.06137e-16 0)
(3 1.89402e-16 0)
(3 -7.52071e-16 0)
(3 -7.99521e-16 0)
(3 -3.06087e-16 0)
(3 1.91917e-16 0)
(3 -2.85129e-16 0)
(2.40785 0.0215312 0)
(0.844954 0.0320145 0)
(0.681207 0.0308375 0)
(0.639983 0.0392121 0)
(0.592121 0.0429073 0)
(0.536796 0.0415234 0)
(0.479492 0.0421603 0)
(0.41317 0.043567 0)
(0.353992 0.0347923 0)
(0.318583 0.0349502 0)
(0.287768 0.0405907 0)
(0.23769 0.0517436 0)
(0.141185 0.064487 0)
(0.050521 0.0565804 0)
(0.0270892 0.0406247 0)
(3 -1.17506e-16 0)
(3 -2.49843e-17 0)
(3 4.29758e-16 0)
(3 1.64615e-16 0)
(3 2.6524e-16 0)
(3 8.69771e-17 0)
(3 3.77447e-16 0)
(3 7.99397e-16 0)
(3 7.83394e-16 0)
(3 -6.31654e-16 0)
(3 -1.24914e-15 0)
(3 -4.75129e-16 0)
(3 -6.11574e-16 0)
(3 -5.21623e-16 0)
(3 -4.70967e-16 0)
(2.4155 0.0351216 0)
(0.84555 0.0479335 0)
(0.687582 0.064245 0)
(0.642481 0.0708224 0)
(0.587932 0.0601782 0)
(0.534389 0.0336889 0)
(0.477644 0.0209736 0)
(0.422 0.037189 0)
(0.368277 0.0884319 0)
(0.328121 0.119219 0)
(0.2801 0.0992604 0)
(0.226429 0.0127107 0)
(0.1475 -0.00592491 0)
(0.0622292 0.0690985 0)
(0.0309867 0.138546 0)
(3 -1.56928e-16 0)
(3 -2.06866e-16 0)
(3 -6.98835e-17 0)
(3 6.49111e-16 0)
(3 7.59197e-16 0)
(3 -1.3116e-16 0)
(3 -3.86435e-16 0)
(3 -3.18748e-16 0)
(3 -2.77119e-16 0)
(3 9.12209e-17 0)
(3 -1.79212e-16 0)
(3 -3.41679e-16 0)
(3 -5.43967e-16 0)
(3 -9.43703e-16 0)
(3 1.88803e-16 0)
(2.43817 0.0514455 0)
(0.861344 0.0706853 0)
(0.69295 0.083961 0)
(0.642988 0.0775296 0)
(0.582277 0.0628883 0)
(0.527499 0.0477637 0)
(0.48248 0.0448792 0)
(0.440662 0.0698234 0)
(0.389274 0.115303 0)
(0.323355 0.142353 0)
(0.253015 0.101209 0)
(0.198828 0.038247 0)
(0.159302 0.00931637 0)
(0.114499 0.0708116 0)
(0.0447361 0.17049 0)
(3 -3.40849e-16 0)
(3 -7.58522e-16 0)
(3 -2.34228e-16 0)
(3 2.66776e-16 0)
(3 5.69134e-16 0)
(3 3.11879e-16 0)
(3 -4.79401e-16 0)
(3 -1.46674e-15 0)
(3 -1.05314e-15 0)
(3 8.8746e-17 0)
(3 5.609e-16 0)
(3 5.50122e-16 0)
(3 2.24024e-16 0)
(3 -2.3988e-16 0)
(3 6.25092e-16 0)
(2.46575 0.0739581 0)
(0.873944 0.0991759 0)
(0.696617 0.0838624 0)
(0.643057 0.066007 0)
(0.581843 0.0679085 0)
(0.529785 0.0850393 0)
(0.484489 0.106645 0)
(0.440804 0.105409 0)
(0.394308 0.0865851 0)
(0.321882 0.0754407 0)
(0.24217 0.0837597 0)
(0.182081 0.0971671 0)
(0.155488 0.109923 0)
(0.125017 0.125894 0)
(0.0465276 0.108724 0)
(3 -1.39356e-16 0)
(3 -4.21908e-16 0)
(3 -2.07046e-16 0)
(3 -1.02569e-16 0)
(3 3.08543e-16 0)
(3 2.82677e-16 0)
(3 3.65262e-16 0)
(3 -1.00996e-15 0)
(3 -9.57282e-16 0)
(3 -4.51203e-16 0)
(3 3.84269e-16 0)
(3 8.14109e-16 0)
(3 9.01207e-17 0)
(3 -5.61225e-17 0)
(3 -2.97244e-18 0)
(2.51156 0.0814061 0)
(0.880552 0.115974 0)
(0.695619 0.0849156 0)
(0.646484 0.061055 0)
(0.596556 0.072665 0)
(0.549309 0.11613 0)
(0.493255 0.148742 0)
(0.433117 0.148498 0)
(0.376649 0.0875514 0)
(0.320959 0.028688 0)
(0.261157 0.0523478 0)
(0.205934 0.149331 0)
(0.164017 0.21091 0)
(0.107341 0.164865 0)
(0.0418416 0.0758546 0)
(3 1.74107e-16 0)
(3 1.68502e-16 0)
(3 2.81601e-16 0)
(3 3.66076e-16 0)
(3 8.98771e-16 0)
(3 2.34516e-16 0)
(3 3.76999e-16 0)
(3 -1.07197e-16 0)
(3 4.72769e-16 0)
(3 9.0302e-16 0)
(3 5.08772e-16 0)
(3 2.65406e-16 0)
(3 -1.54447e-16 0)
(3 -5.29011e-16 0)
(3 -8.29056e-16 0)
(2.55854 0.0780711 0)
(0.894008 0.113834 0)
(0.686743 0.0902639 0)
(0.650749 0.0927338 0)
(0.610361 0.120609 0)
(0.55883 0.133485 0)
(0.501306 0.138923 0)
(0.428971 0.116077 0)
(0.354472 0.0974001 0)
(0.317341 0.0866785 0)
(0.289368 0.121814 0)
(0.24532 0.201529 0)
(0.161566 0.241489 0)
(0.0679116 0.188736 0)
(0.0343112 0.107129 0)
(3 -2.10094e-17 0)
(3 6.17818e-17 0)
(3 5.0384e-16 0)
(3 9.75586e-17 0)
(3 1.75726e-16 0)
(3 6.24931e-16 0)
(3 -3.54825e-16 0)
(3 6.35022e-16 0)
(3 7.50848e-16 0)
(3 3.83206e-16 0)
(3 1.03304e-16 0)
(3 6.73014e-16 0)
(3 9.90202e-16 0)
(3 -5.69988e-16 0)
(3 -1.13159e-15 0)
(2.60399 0.0740239 0)
(0.893791 0.110709 0)
(0.695248 0.110905 0)
(0.659375 0.146862 0)
(0.612311 0.148574 0)
(0.560619 0.133605 0)
(0.492763 0.0997342 0)
(0.424075 0.0972404 0)
(0.364246 0.134109 0)
(0.324221 0.199225 0)
(0.291206 0.207941 0)
(0.253311 0.180869 0)
(0.160816 0.156901 0)
(0.0571144 0.169658 0)
(0.0335143 0.204192 0)
(3 2.6147e-16 0)
(3 2.7984e-16 0)
(3 -5.20699e-16 0)
(3 -3.00957e-16 0)
(3 -4.76568e-16 0)
(3 4.64649e-16 0)
(3 8.07096e-17 0)
(3 2.07234e-16 0)
(3 -1.62302e-16 0)
(3 -3.70244e-16 0)
(3 8.41685e-18 0)
(3 1.65486e-16 0)
(3 2.8749e-16 0)
(3 6.53275e-16 0)
(3 4.04332e-16 0)
(2.64381 0.0830684 0)
(0.900143 0.13351 0)
(0.70993 0.161523 0)
(0.664484 0.169873 0)
(0.607902 0.1717 0)
(0.545648 0.138773 0)
(0.485575 0.0942181 0)
(0.440381 0.0906658 0)
(0.402345 0.177484 0)
(0.346776 0.255213 0)
(0.278187 0.281121 0)
(0.219748 0.193318 0)
(0.156438 0.0979621 0)
(0.0894056 0.155508 0)
(0.0474081 0.257597 0)
(3 3.37362e-16 0)
(3 6.15554e-16 0)
(3 -3.03371e-16 0)
(3 3.05175e-16 0)
(3 -2.6615e-16 0)
(3 -3.83992e-17 0)
(3 -1.50381e-16 0)
(3 -1.27259e-15 0)
(3 -1.54179e-15 0)
(3 -3.28594e-16 0)
(3 4.84722e-16 0)
(3 1.98482e-16 0)
(3 3.88261e-17 0)
(3 7.20047e-16 0)
(3 1.65308e-15 0)
(2.669 0.100669 0)
(0.916118 0.174288 0)
(0.70853 0.183422 0)
(0.666581 0.166088 0)
(0.606082 0.14295 0)
(0.539991 0.13034 0)
(0.48193 0.142258 0)
(0.459367 0.191257 0)
(0.419925 0.210834 0)
(0.368612 0.224715 0)
(0.277808 0.20956 0)
(0.18675 0.1546 0)
(0.149258 0.147664 0)
(0.119066 0.189418 0)
(0.0582103 0.244189 0)
(3 5.5987e-17 0)
(3 2.61128e-16 0)
(3 1.02002e-15 0)
(3 6.87286e-16 0)
(3 2.98185e-16 0)
(3 -9.20968e-16 0)
(3 -6.10997e-16 0)
(3 -1.52993e-15 0)
(3 -2.02262e-15 0)
(3 -1.34443e-15 0)
(3 -7.31148e-16 0)
(3 5.53472e-16 0)
(3 1.04254e-15 0)
(3 1.0608e-15 0)
(3 4.56802e-16 0)
(2.71231 0.107335 0)
(0.931476 0.208869 0)
(0.700085 0.198975 0)
(0.658187 0.156582 0)
(0.600216 0.121902 0)
(0.548863 0.12125 0)
(0.5145 0.203869 0)
(0.46981 0.256413 0)
(0.415596 0.242293 0)
(0.357454 0.172685 0)
(0.27056 0.121454 0)
(0.191953 0.1756 0)
(0.164407 0.236852 0)
(0.12884 0.262059 0)
(0.0614333 0.21326 0)
(3 1.42871e-16 0)
(3 -1.53395e-16 0)
(3 -2.53829e-16 0)
(3 -4.86819e-16 0)
(3 -4.62183e-16 0)
(3 -1.01298e-15 0)
(3 -1.53884e-15 0)
(3 -2.23467e-15 0)
(3 -1.46305e-15 0)
(3 -1.63665e-15 0)
(3 -9.40074e-16 0)
(3 -8.17224e-17 0)
(3 1.25562e-15 0)
(3 1.82793e-15 0)
(3 2.58827e-16 0)
(2.76365 0.107548 0)
(0.957211 0.212211 0)
(0.697934 0.188647 0)
(0.650167 0.145681 0)
(0.598637 0.137671 0)
(0.576052 0.190659 0)
(0.53967 0.238922 0)
(0.475667 0.263529 0)
(0.403059 0.226906 0)
(0.332401 0.138242 0)
(0.280493 0.110605 0)
(0.248502 0.197116 0)
(0.178493 0.32039 0)
(0.103686 0.318895 0)
(0.0519111 0.204179 0)
(3 2.31023e-16 0)
(3 -9.78838e-16 0)
(3 -1.75665e-15 0)
(3 -1.61183e-15 0)
(3 -9.8219e-16 0)
(3 -1.91895e-15 0)
(3 -1.51248e-15 0)
(3 -8.97463e-16 0)
(3 -5.8419e-16 0)
(3 -4.57429e-16 0)
(3 -3.17806e-16 0)
(3 4.53952e-16 0)
(3 1.00034e-15 0)
(3 1.05999e-15 0)
(3 8.35792e-16 0)
(2.83162 0.10775 0)
(0.987372 0.213799 0)
(0.698787 0.168077 0)
(0.659732 0.158318 0)
(0.62536 0.207299 0)
(0.592501 0.249584 0)
(0.543556 0.235926 0)
(0.483128 0.209025 0)
(0.385848 0.176621 0)
(0.318593 0.179796 0)
(0.291153 0.200877 0)
(0.278802 0.297581 0)
(0.188515 0.331348 0)
(0.0818603 0.290964 0)
(0.0450262 0.234808 0)
(3 -4.68603e-16 0)
(3 -6.93361e-16 0)
(3 -5.36707e-16 0)
(3 -8.569e-17 0)
(3 3.06428e-16 0)
(3 -1.60023e-16 0)
(3 2.72134e-16 0)
(3 9.09884e-16 0)
(3 6.12618e-16 0)
(3 1.11822e-15 0)
(3 5.1764e-16 0)
(3 8.51796e-16 0)
(3 -7.6067e-17 0)
(3 -4.4064e-16 0)
(3 -3.55958e-16 0)
(2.91127 0.0977584 0)
(1.02283 0.207234 0)
(0.715058 0.171127 0)
(0.693725 0.207506 0)
(0.657259 0.266056 0)
(0.5987 0.285743 0)
(0.537059 0.270636 0)
(0.46639 0.17076 0)
(0.402401 0.147149 0)
(0.35228 0.222274 0)
(0.322771 0.354909 0)
(0.285598 0.35514 0)
(0.183442 0.331845 0)
(0.052987 0.275382 0)
(0.0440636 0.272615 0)
(3 -1.22828e-17 0)
(3 -4.35261e-16 0)
(3 -7.14191e-17 0)
(3 7.91961e-16 0)
(3 8.25905e-16 0)
(3 4.40456e-16 0)
(3 2.03924e-15 0)
(3 2.00849e-15 0)
(3 2.17597e-15 0)
(3 1.19245e-15 0)
(3 5.34322e-16 0)
(3 -7.33221e-17 0)
(3 -6.59284e-16 0)
(3 -1.79384e-15 0)
(3 -1.43179e-15 0)
(2.98309 0.0528647 0)
(1.05281 0.225884 0)
(0.755019 0.219448 0)
(0.727958 0.260559 0)
(0.672914 0.27157 0)
(0.616068 0.266684 0)
(0.527714 0.209643 0)
(0.454913 0.195848 0)
(0.419376 0.221539 0)
(0.406937 0.345082 0)
(0.341707 0.377748 0)
(0.27459 0.366722 0)
(0.171564 0.264036 0)
(0.0629771 0.30088 0)
(0.0635698 0.375676 0)
(3 -1.89403e-17 0)
(3 2.07015e-16 0)
(3 1.98573e-16 0)
(3 4.41258e-16 0)
(3 5.80665e-16 0)
(3 3.08919e-16 0)
(3 6.23844e-16 0)
(3 1.50593e-15 0)
(3 1.77347e-15 0)
(3 5.15746e-16 0)
(3 -1.19435e-16 0)
(3 -1.32296e-16 0)
(3 -3.47578e-17 0)
(3 -1.14605e-15 0)
(3 -1.58355e-15 0)
(2.99037 0.035833 0)
(1.08127 0.263703 0)
(0.776871 0.272739 0)
(0.74169 0.280784 0)
(0.683823 0.270261 0)
(0.609127 0.212931 0)
(0.532985 0.18878 0)
(0.483376 0.221418 0)
(0.468978 0.346467 0)
(0.424347 0.363845 0)
(0.354596 0.356096 0)
(0.24699 0.255339 0)
(0.165748 0.250489 0)
(0.0883553 0.33341 0)
(0.0729951 0.422806 0)
(3 -3.55495e-16 0)
(3 3.93141e-16 0)
(3 4.01433e-16 0)
(3 -7.90695e-17 0)
(3 1.943e-16 0)
(3 1.11007e-15 0)
(3 5.20214e-16 0)
(3 8.15884e-16 0)
(3 7.58576e-16 0)
(3 1.15294e-16 0)
(3 -2.19451e-16 0)
(3 2.24984e-16 0)
(3 -9.49871e-17 0)
(3 -1.16225e-16 0)
(3 -4.55131e-16 0)
(2.9942 0.0173414 0)
(1.10811 0.275468 0)
(0.782349 0.277787 0)
(0.74997 0.284242 0)
(0.679512 0.24956 0)
(0.60649 0.200959 0)
(0.555117 0.202225 0)
(0.537439 0.324687 0)
(0.493478 0.385642 0)
(0.417762 0.427109 0)
(0.309727 0.312592 0)
(0.234144 0.214609 0)
(0.191695 0.225646 0)
(0.150006 0.338654 0)
(0.0844277 0.478634 0)
(3 -9.47614e-18 0)
(3 3.53315e-16 0)
(3 3.8892e-16 0)
(3 3.79706e-17 0)
(3 -2.73039e-16 0)
(3 -1.57204e-17 0)
(3 8.69874e-17 0)
(3 -5.97595e-16 0)
(3 -7.10839e-16 0)
(3 4.00521e-16 0)
(3 1.37752e-16 0)
(3 -1.49786e-16 0)
(3 2.05268e-16 0)
(3 2.56952e-16 0)
(3 1.0434e-16 0)
(3.00541 0.000767418 0)
(1.14448 0.262144 0)
(0.779428 0.264533 0)
(0.74246 0.247762 0)
(0.669957 0.231415 0)
(0.607361 0.241688 0)
(0.589018 0.331968 0)
(0.5551 0.365004 0)
(0.510248 0.357046 0)
(0.409581 0.295548 0)
(0.285591 0.275316 0)
(0.218355 0.277302 0)
(0.206632 0.347487 0)
(0.188782 0.442742 0)
(0.0975405 0.43747 0)
(3 2.43042e-16 0)
(3 4.87506e-16 0)
(3 5.70284e-16 0)
(3 9.04449e-16 0)
(3 -1.51648e-16 0)
(3 -8.83825e-17 0)
(3 -6.28926e-17 0)
(3 -6.41096e-16 0)
(3 -4.20357e-16 0)
(3 9.66534e-17 0)
(3 2.12195e-16 0)
(3 -7.52124e-16 0)
(3 -5.99414e-16 0)
(3 -3.19782e-17 0)
(3 -3.2404e-16 0)
(3.00197 -0.000129525 0)
(1.18088 0.242916 0)
(0.762873 0.2403 0)
(0.723544 0.227051 0)
(0.670417 0.230037 0)
(0.645851 0.333101 0)
(0.609003 0.403331 0)
(0.552291 0.40887 0)
(0.493311 0.343678 0)
(0.395391 0.221146 0)
(0.320984 0.273417 0)
(0.275357 0.451315 0)
(0.230026 0.542704 0)
(0.173613 0.525115 0)
(0.0736299 0.362364 0)
(3 4.74785e-16 0)
(3 2.1441e-16 0)
(3 5.75157e-16 0)
(3 2.77797e-16 0)
(3 1.7916e-16 0)
(3 -7.20104e-16 0)
(3 -8.14922e-16 0)
(3 4.07448e-17 0)
(3 -4.65676e-18 0)
(3 9.32283e-17 0)
(3 1.83306e-16 0)
(3 -6.23214e-16 0)
(3 -5.22579e-16 0)
(3 5.24023e-16 0)
(3 6.75325e-16 0)
(3.00031 9.51966e-05 0)
(1.22581 0.244314 0)
(0.744648 0.240051 0)
(0.718408 0.244919 0)
(0.694585 0.327952 0)
(0.666123 0.386218 0)
(0.622341 0.402557 0)
(0.562152 0.39529 0)
(0.449868 0.289268 0)
(0.395243 0.244953 0)
(0.370552 0.302044 0)
(0.35712 0.535804 0)
(0.225947 0.638093 0)
(0.119075 0.547144 0)
(0.0605133 0.361575 0)
(3 8.90547e-17 0)
(3 8.35514e-17 0)
(3 -9.58989e-17 0)
(3 -1.11865e-16 0)
(3 4.61106e-17 0)
(3 2.4034e-17 0)
(3 7.19523e-16 0)
(3 3.62266e-16 0)
(3 6.16893e-17 0)
(3 2.03008e-16 0)
(3 -2.74116e-16 0)
(3 -2.20686e-17 0)
(3 5.53054e-16 0)
(3 1.93452e-15 0)
(3 1.59322e-15 0)
(3.00001 8.31086e-06 0)
(1.27318 0.269289 0)
(0.74465 0.253875 0)
(0.727482 0.335493 0)
(0.693806 0.382252 0)
(0.667618 0.386724 0)
(0.629653 0.37566 0)
(0.536355 0.294581 0)
(0.451822 0.305074 0)
(0.416509 0.361327 0)
(0.425525 0.498104 0)
(0.391909 0.527174 0)
(0.249829 0.603548 0)
(0.0498664 0.506646 0)
(0.0520548 0.388946 0)
(3 -2.79602e-16 0)
(3 1.057e-16 0)
(3 -6.79247e-17 0)
(3 -1.76186e-17 0)
(3 -1.75736e-16 0)
(3 8.03069e-16 0)
(3 1.47994e-15 0)
(3 1.52656e-15 0)
(3 9.44701e-16 0)
(3 1.22204e-17 0)
(3 -3.65129e-16 0)
(3 4.73934e-16 0)
(3 5.46336e-16 0)
(3 1.29857e-15 0)
(3 1.33643e-15 0)
(3.00001 -9.36177e-06 0)
(1.33411 0.318594 0)
(0.769066 0.306709 0)
(0.725888 0.370806 0)
(0.690344 0.401863 0)
(0.657315 0.412292 0)
(0.587628 0.316793 0)
(0.531546 0.274902 0)
(0.48876 0.32638 0)
(0.479862 0.520116 0)
(0.429 0.568366 0)
(0.390615 0.575187 0)
(0.236272 0.464816 0)
(0.0373708 0.499755 0)
(0.0690038 0.57129 0)
(3 -2.66622e-16 0)
(3 -1.84718e-16 0)
(3 -2.16984e-16 0)
(3 -5.70325e-16 0)
(3 -3.17275e-16 0)
(3 8.2647e-16 0)
(3 1.09428e-15 0)
(3 9.86647e-16 0)
(3 1.74119e-15 0)
(3 8.27223e-16 0)
(3 6.42116e-16 0)
(3 1.16516e-15 0)
(3 3.17503e-16 0)
(3 9.22337e-17 0)
(3 1.25241e-15 0)
(3 -8.01069e-06 0)
(1.42377 0.348154 0)
(0.784545 0.34771 0)
(0.730618 0.364233 0)
(0.692576 0.36496 0)
(0.624191 0.312735 0)
(0.572034 0.302637 0)
(0.533544 0.319647 0)
(0.541908 0.470881 0)
(0.494424 0.530889 0)
(0.446626 0.532042 0)
(0.360917 0.426682 0)
(0.227701 0.359809 0)
(0.0965675 0.510151 0)
(0.0984178 0.681195 0)
(3 2.32492e-16 0)
(3 -1.12187e-16 0)
(3 -3.1609e-16 0)
(3 -4.9987e-16 0)
(3 -7.77825e-17 0)
(3 6.14289e-16 0)
(3 7.46788e-16 0)
(3 1.01055e-15 0)
(3 1.79885e-15 0)
(3 1.59647e-15 0)
(3 1.48246e-15 0)
(3 1.49769e-15 0)
(3 1.27764e-15 0)
(3 8.14329e-16 0)
(3 6.783e-16 0)
(3 -2.1255e-06 0)
(1.52527 0.352474 0)
(0.802355 0.352644 0)
(0.71675 0.345863 0)
(0.66184 0.297895 0)
(0.619132 0.276295 0)
(0.579611 0.293257 0)
(0.580751 0.437005 0)
(0.561052 0.519242 0)
(0.495631 0.559955 0)
(0.426685 0.504069 0)
(0.317381 0.336806 0)
(0.25539 0.364723 0)
(0.185337 0.539852 0)
(0.123593 0.762594 0)
(3 1.59208e-16 0)
(3 2.01138e-16 0)
(3 1.94865e-17 0)
(3 -1.69424e-16 0)
(3 1.78825e-16 0)
(3 -1.60821e-16 0)
(3 6.63725e-16 0)
(3 1.36821e-15 0)
(3 1.34936e-15 0)
(3 2.02574e-15 0)
(3 1.81352e-15 0)
(3 1.5089e-15 0)
(3 1.52541e-15 0)
(3 1.74246e-16 0)
(3 -6.75779e-16 0)
(3 -2.04269e-08 0)
(1.64435 0.338996 0)
(0.809607 0.334571 0)
(0.698316 0.309912 0)
(0.650316 0.304187 0)
(0.608491 0.308059 0)
(0.616267 0.420826 0)
(0.601019 0.489078 0)
(0.578295 0.504983 0)
(0.51126 0.503974 0)
(0.361699 0.411732 0)
(0.313516 0.370072 0)
(0.268981 0.388821 0)
(0.285402 0.632165 0)
(0.148013 0.846628 0)
(3 -5.04209e-16 0)
(3 4.70809e-16 0)
(3 2.97953e-16 0)
(3 2.54405e-16 0)
(3 1.46403e-16 0)
(3 -4.71937e-16 0)
(3 4.53407e-17 0)
(3 7.30766e-16 0)
(3 6.98898e-16 0)
(3 1.1727e-15 0)
(3 9.92043e-16 0)
(3 9.89643e-16 0)
(3 9.75429e-16 0)
(3 -1.41131e-15 0)
(3 -1.60322e-15 0)
(3 -2.35577e-10 0)
(1.76461 0.328486 0)
(0.805273 0.325746 0)
(0.692302 0.309943 0)
(0.655558 0.3217 0)
(0.644466 0.432812 0)
(0.623221 0.4889 0)
(0.598677 0.497453 0)
(0.578919 0.489014 0)
(0.469523 0.356538 0)
(0.372873 0.429518 0)
(0.34648 0.526503 0)
(0.3215 0.726427 0)
(0.331318 0.810844 0)
(0.160447 0.817656 0)
(3 3.20459e-16 0)
(3 3.68983e-16 0)
(3 6.79961e-16 0)
(3 4.70335e-16 0)
(3 -3.37048e-17 0)
(3 1.48596e-16 0)
(3 4.93063e-16 0)
(3 -2.66672e-18 0)
(3 -4.17222e-17 0)
(3 -7.83148e-17 0)
(3 -4.42282e-16 0)
(3 3.90881e-16 0)
(3 -2.54309e-17 0)
(3 -1.52308e-15 0)
(3 -1.05647e-15 0)
(3 -1.52846e-08 0)
(1.88373 0.358796 0)
(0.806557 0.35313 0)
(0.705321 0.364607 0)
(0.68726 0.441706 0)
(0.659312 0.479666 0)
(0.6308 0.491641 0)
(0.605419 0.500435 0)
(0.5226 0.383879 0)
(0.478821 0.365654 0)
(0.421869 0.461599 0)
(0.449119 0.800806 0)
(0.354045 0.867045 0)
(0.308687 0.885616 0)
(0.139185 0.731413 0)
(3 6.38756e-16 0)
(3 2.6663e-16 0)
(3 3.18027e-16 0)
(3 7.2408e-16 0)
(3 4.27007e-16 0)
(3 9.80283e-16 0)
(3 4.02559e-16 0)
(3 1.05892e-16 0)
(3 -3.01e-16 0)
(3 -4.93456e-16 0)
(3 -6.66863e-16 0)
(3 -6.8752e-16 0)
(3 -1.15166e-15 0)
(3 -1.11838e-15 0)
(3 -1.051e-15 0)
(3 -1.84727e-08 0)
(2.03605 0.420188 0)
(0.834985 0.438855 0)
(0.741034 0.447394 0)
(0.717377 0.463471 0)
(0.68135 0.481646 0)
(0.644504 0.481473 0)
(0.572242 0.384677 0)
(0.532323 0.393663 0)
(0.498689 0.420187 0)
(0.547086 0.684663 0)
(0.48097 0.850162 0)
(0.378079 0.909923 0)
(0.311318 0.924718 0)
(0.128942 0.723886 0)
(3 -1.37294e-16 0)
(3 5.05562e-18 0)
(3 3.84921e-17 0)
(3 -4.46776e-16 0)
(3 1.52212e-16 0)
(3 8.0778e-16 0)
(3 1.87343e-16 0)
(3 7.01853e-16 0)
(3 3.18008e-16 0)
(3 -1.52661e-16 0)
(3 -4.67227e-16 0)
(3 -5.07144e-16 0)
(3 -4.1561e-16 0)
(3 -1.61879e-16 0)
(3 -9.56013e-16 0)
(3 -8.84005e-09 0)
(2.28096 0.441365 0)
(0.897157 0.491369 0)
(0.771019 0.454371 0)
(0.74447 0.448757 0)
(0.703275 0.415465 0)
(0.647627 0.361353 0)
(0.591725 0.391919 0)
(0.568007 0.449232 0)
(0.596217 0.651815 0)
(0.585495 0.727897 0)
(0.560178 0.811959 0)
(0.431581 0.919338 0)
(0.281656 0.791121 0)
(0.19209 0.813296 0)
(3 -5.04988e-17 0)
(3 -1.8193e-16 0)
(3 -3.87916e-16 0)
(3 -3.01249e-16 0)
(3 1.5255e-16 0)
(3 6.97651e-16 0)
(3 6.88119e-16 0)
(3 5.54725e-16 0)
(3 9.62032e-16 0)
(3 8.25191e-16 0)
(3 5.19075e-16 0)
(3 3.52663e-16 0)
(3 6.4265e-16 0)
(3 2.38981e-16 0)
(3 -4.93415e-16 0)
(3 -2.63464e-09 0)
(2.83699 0.20891 0)
(1.06528 0.485478 0)
(0.833537 0.43888 0)
(0.784176 0.4225 0)
(0.738756 0.42632 0)
(0.707105 0.455247 0)
(0.683661 0.505502 0)
(0.663589 0.571209 0)
(0.636328 0.606117 0)
(0.60819 0.627885 0)
(0.583017 0.655611 0)
(0.549674 0.741976 0)
(0.553476 0.969807 0)
(0.735906 1.24521 0)
(3 -2.30277e-18 0)
(3 -4.30972e-16 0)
(3 -6.41847e-16 0)
(3 1.7451e-17 0)
(3 -1.06861e-16 0)
(3 -1.16683e-16 0)
(3 -2.14701e-16 0)
(3 -4.78324e-16 0)
(3 -4.86858e-16 0)
(3 -4.08497e-16 0)
(3 -3.75994e-16 0)
(3 1.91056e-16 0)
(3 6.84122e-16 0)
(3 6.0794e-16 0)
(3 -5.69457e-17 0)
(3 -2.60517e-10 0)
(3.03224 0.00730986 0)
(1.34594 0.466711 0)
(0.874638 0.502175 0)
(0.827269 0.510282 0)
(0.792791 0.52432 0)
(0.761926 0.53529 0)
(0.732978 0.549799 0)
(0.707929 0.568542 0)
(0.686807 0.603288 0)
(0.671426 0.663174 0)
(0.690168 0.758133 0)
(0.731458 0.886843 0)
(0.838909 1.01905 0)
(1.05116 1.19112 0)
(3 1.00867e-16 0)
(3 -2.94877e-17 0)
(3 1.12288e-16 0)
(3 -2.42117e-16 0)
(3 -2.70784e-16 0)
(3 -7.96742e-16 0)
(3 -1.00175e-15 0)
(3 -1.35561e-15 0)
(3 -2.10847e-15 0)
(3 -1.67338e-15 0)
(3 -8.80382e-16 0)
(3 3.68976e-17 0)
(3 7.08323e-16 0)
(3 1.16115e-15 0)
(3 7.74475e-16 0)
(3 -6.95466e-12 0)
(3.00064 -3.57943e-05 0)
(1.94478 0.488506 0)
(0.926672 0.57622 0)
(0.854066 0.561911 0)
(0.831585 0.570857 0)
(0.808617 0.577571 0)
(0.787244 0.592356 0)
(0.771441 0.620943 0)
(0.766049 0.665865 0)
(0.774771 0.722692 0)
(0.794334 0.799409 0)
(0.848652 0.896901 0)
(1.00179 0.989183 0)
(1.2386 1.05762 0)
(3 -8.16191e-17 0)
(3 1.64345e-16 0)
(3 6.18024e-16 0)
(3 5.39959e-16 0)
(3 2.10817e-16 0)
(3 -6.43419e-16 0)
(3 -5.34643e-16 0)
(3 -4.07734e-16 0)
(3 -3.40799e-16 0)
(3 -2.8395e-16 0)
(3 -4.83981e-16 0)
(3 -6.68956e-16 0)
(3 -3.2679e-16 0)
(3 5.22911e-16 0)
(3 7.78551e-16 0)
(3 -3.15706e-14 0)
(3 -8.61183e-07 0)
(2.90173 0.188451 0)
(1.15246 0.602807 0)
(0.92736 0.572131 0)
(0.905897 0.592912 0)
(0.888385 0.613193 0)
(0.875092 0.634823 0)
(0.864204 0.659563 0)
(0.858824 0.693178 0)
(0.867893 0.737469 0)
(0.897759 0.796007 0)
(0.973976 0.864613 0)
(1.10772 0.931736 0)
(1.2954 0.980476 0)
(3 -5.61513e-17 0)
(3 -1.29864e-16 0)
(3 -1.25012e-16 0)
(3 9.76685e-17 0)
(3 2.25287e-16 0)
(3 4.74837e-16 0)
(3 4.82658e-16 0)
(3 5.78676e-16 0)
(3 5.23046e-16 0)
(3 3.1496e-16 0)
(3 -4.50434e-16 0)
(3 -8.0097e-16 0)
(3 -7.25883e-16 0)
(3 -5.54349e-16 0)
(3 -6.24556e-17 0)
(3 4.90779e-16 0)
(3 -3.43525e-07 0)
(3.02667 0.00517067 0)
(1.5762 0.579042 0)
(0.98113 0.652313 0)
(0.937946 0.656666 0)
(0.925052 0.674568 0)
(0.920983 0.691417 0)
(0.923579 0.707744 0)
(0.933648 0.73323 0)
(0.953246 0.769606 0)
(0.993727 0.812859 0)
(1.06953 0.856999 0)
(1.181 0.893779 0)
(1.33616 0.927285 0)
(3 1.16947e-16 0)
(3 -1.05821e-16 0)
(3 -2.08666e-16 0)
(3 -3.11822e-17 0)
(3 4.84627e-16 0)
(3 6.46482e-16 0)
(3 5.50472e-16 0)
(3 3.11641e-16 0)
(3 4.40833e-16 0)
(3 2.48743e-17 0)
(3 -2.06757e-16 0)
(3 -3.06178e-16 0)
(3 -4.27067e-16 0)
(3 -2.26123e-16 0)
(3 5.81505e-17 0)
(3 6.61682e-16 0)
(3 -3.14e-08 0)
(3.00027 2.83021e-05 0)
(2.60454 0.358506 0)
(1.1467 0.699837 0)
(0.996998 0.688946 0)
(0.980174 0.692791 0)
(0.974352 0.708431 0)
(0.983641 0.724992 0)
(1.00289 0.751563 0)
(1.02987 0.778305 0)
(1.07384 0.810447 0)
(1.14221 0.845029 0)
(1.23313 0.870893 0)
(1.36319 0.890712 0)
(3 9.20655e-17 0)
(3 4.11537e-16 0)
(3 -5.04043e-18 0)
(3 -3.07978e-17 0)
(3 1.69347e-17 0)
(3 2.06052e-16 0)
(3 3.53016e-16 0)
(3 2.77008e-16 0)
(3 2.90898e-16 0)
(3 1.94476e-16 0)
(3 -3.78015e-17 0)
(3 -1.84675e-16 0)
(3 -7.18123e-16 0)
(3 -6.75299e-16 0)
(3 -1.1636e-16 0)
(3 4.02012e-16 0)
(3 -1.99658e-10 0)
(3.00001 -1.91696e-06 0)
(3.04326 0.0212457 0)
(1.63643 0.681777 0)
(1.06357 0.743306 0)
(1.04213 0.734054 0)
(1.0338 0.746703 0)
(1.04291 0.758779 0)
(1.06178 0.780387 0)
(1.09169 0.801262 0)
(1.13865 0.824606 0)
(1.20356 0.847017 0)
(1.27981 0.863923 0)
(1.38558 0.875443 0)
(3 -1.95482e-16 0)
(3 2.96883e-17 0)
(3 1.66245e-16 0)
(3 -9.37703e-17 0)
(3 9.36722e-17 0)
(3 6.51722e-16 0)
(3 2.64834e-16 0)
(3 -9.63093e-17 0)
(3 2.61531e-16 0)
(3 6.85441e-16 0)
(3 7.63293e-16 0)
(3 2.12391e-16 0)
(3 -6.48553e-16 0)
(3 -7.77789e-16 0)
(3 -8.45251e-16 0)
(3 -2.57512e-16 0)
(3 -7.2814e-14 0)
(3 -3.41095e-07 0)
(3.0011 0.000352955 0)
(2.766 0.324067 0)
(1.28836 0.770964 0)
(1.10937 0.763352 0)
(1.11102 0.759754 0)
(1.11194 0.776909 0)
(1.12654 0.794994 0)
(1.15298 0.812753 0)
(1.19609 0.829628 0)
(1.2543 0.843964 0)
(1.32159 0.853772 0)
(1.41072 0.858389 0)
(3 2.82933e-17 0)
(3 4.07458e-17 0)
(3 2.39004e-16 0)
(3 3.14473e-16 0)
(3 2.19957e-16 0)
(3 -1.56835e-16 0)
(3 -2.82176e-16 0)
(3 -1.91485e-16 0)
(3 4.09817e-17 0)
(3 4.36934e-16 0)
(3 2.86562e-16 0)
(3 -2.7536e-16 0)
(3 -3.17746e-16 0)
(3 -1.23973e-16 0)
(3 -2.47236e-16 0)
(3 -8.64615e-17 0)
(3 3.3201e-16 0)
(3 -1.74162e-08 0)
(3 3.23987e-07 0)
(3.02892 0.0116038 0)
(1.85613 0.680676 0)
(1.17303 0.808177 0)
(1.15776 0.806616 0)
(1.16612 0.809339 0)
(1.18029 0.820221 0)
(1.20611 0.831737 0)
(1.24535 0.842409 0)
(1.29731 0.850965 0)
(1.35668 0.855039 0)
(1.43501 0.854033 0)
(3 2.85735e-16 0)
(3 1.99069e-16 0)
(3 3.18792e-16 0)
(3 5.73729e-16 0)
(3 -6.92192e-17 0)
(3 -7.11653e-16 0)
(3 -6.84287e-16 0)
(3 1.88674e-16 0)
(3 1.60494e-16 0)
(3 2.89792e-17 0)
(3 -1.73477e-16 0)
(3 -1.3246e-16 0)
(3 1.09803e-16 0)
(3 -2.8897e-16 0)
(3 -2.77566e-16 0)
(3 -6.92012e-16 0)
(3 -2.19676e-16 0)
(3 -2.36963e-10 0)
(3 -2.12308e-10 0)
(3.00037 0.000196389 0)
(2.91264 0.195262 0)
(1.51799 0.812559 0)
(1.20452 0.830273 0)
(1.22162 0.825951 0)
(1.2305 0.834137 0)
(1.25585 0.839748 0)
(1.29036 0.846665 0)
(1.33711 0.851572 0)
(1.38888 0.852487 0)
(1.45672 0.850117 0)
(3 -4.85756e-17 0)
(3 -4.9508e-17 0)
(3 2.12254e-16 0)
(3 1.12151e-16 0)
(3 -1.92627e-16 0)
(3 -7.1361e-16 0)
(3 -5.80101e-16 0)
(3 -5.05641e-16 0)
(3 2.14117e-16 0)
(3 8.31027e-16 0)
(3 1.05959e-15 0)
(3 1.03104e-15 0)
(3 2.11546e-16 0)
(3 -5.42781e-16 0)
(3 -6.52503e-16 0)
(3 -4.86447e-16 0)
(3 -1.96325e-16 0)
(3 -4.39616e-13 0)
(3 -5.122e-11 0)
(3 1.14969e-07 0)
(3.00761 0.00706963 0)
(2.47812 0.524952 0)
(1.35902 0.865128 0)
(1.26036 0.857993 0)
(1.2832 0.854607 0)
(1.30362 0.856368 0)
(1.33309 0.858528 0)
(1.37263 0.85917 0)
(1.41669 0.857892 0)
(1.47478 0.854357 0)
(3 -2.54735e-17 0)
(3 -7.76797e-18 0)
(3 -4.2169e-17 0)
(3 -5.14848e-16 0)
(3 -2.23911e-16 0)
(3 3.1998e-16 0)
(3 3.20567e-17 0)
(3 1.00727e-17 0)
(3 3.69451e-16 0)
(3 9.04335e-16 0)
(3 1.13888e-15 0)
(3 9.02985e-16 0)
(3 3.46177e-16 0)
(3 3.75735e-17 0)
(3 -4.64504e-16 0)
(3 -6.62418e-16 0)
(3 -1.63084e-16 0)
(3 2.83823e-16 0)
(3 -4.1242e-12 0)
(3 -6.0171e-13 0)
(3.00003 6.81051e-05 0)
(3.01936 0.0437341 0)
(1.94263 0.73637 0)
(1.3324 0.877186 0)
(1.33054 0.878217 0)
(1.35191 0.874735 0)
(1.37615 0.872314 0)
(1.40846 0.868772 0)
(1.44585 0.864339 0)
(1.49355 0.860393 0)
(3 5.98873e-17 0)
(3 7.4346e-18 0)
(3 -9.78054e-17 0)
(3 -3.10029e-16 0)
(3 -1.00779e-16 0)
(3 1.11214e-15 0)
(3 1.07043e-15 0)
(3 6.12691e-16 0)
(3 3.53149e-16 0)
(3 5.28211e-16 0)
(3 1.27797e-15 0)
(3 1.40494e-15 0)
(3 1.07879e-15 0)
(3 -2.22339e-16 0)
(3 -9.1544e-16 0)
(3 -1.02522e-15 0)
(3 1.31963e-16 0)
(3 9.19454e-16 0)
(3 -7.08037e-14 0)
(3 -1.58374e-13 0)
(3 2.66459e-08 0)
(3.00082 0.00122253 0)
(2.89054 0.203623 0)
(1.7265 0.831678 0)
(1.38209 0.901403 0)
(1.39852 0.89494 0)
(1.41821 0.890769 0)
(1.44562 0.884648 0)
(1.47693 0.878534 0)
(1.51625 0.872982 0)
(3 -2.25927e-17 0)
(3 -1.94034e-16 0)
(3 -1.14077e-16 0)
(3 2.75998e-16 0)
(3 2.79347e-16 0)
(3 1.48584e-16 0)
(3 3.94861e-17 0)
(3 -3.29432e-16 0)
(3 -3.53027e-16 0)
(3 1.2012e-16 0)
(3 6.51642e-16 0)
(3 4.71339e-16 0)
(3 -2.89793e-16 0)
(3 -2.13294e-16 0)
(3 -3.16097e-16 0)
(3 -2.39014e-16 0)
(3 7.43921e-17 0)
(3 7.20751e-16 0)
(3 1.36127e-15 0)
(3 -8.23633e-14 0)
(3 3.01181e-12 0)
(3 1.90486e-06 0)
(3.00249 0.0099381 0)
(2.68025 0.387551 0)
(1.64282 0.885965 0)
(1.42977 0.918285 0)
(1.45795 0.908442 0)
(1.48168 0.902665 0)
(1.50954 0.894788 0)
(1.54205 0.888234 0)
(3 -3.45357e-16 0)
(3 -2.74761e-16 0)
(3 -3.47101e-17 0)
(3 5.23536e-16 0)
(3 6.02237e-16 0)
(3 6.76604e-17 0)
(3 -2.38915e-17 0)
(3 -5.70312e-17 0)
(3 -1.14386e-16 0)
(3 -3.3903e-16 0)
(3 -8.95414e-16 0)
(3 -3.33606e-16 0)
(3 1.48439e-17 0)
(3 2.39524e-16 0)
(3 -4.16753e-17 0)
(3 -3.80962e-16 0)
(3 -5.97746e-16 0)
(3 -3.44441e-16 0)
(3 6.05614e-16 0)
(3 -1.16146e-14 0)
(3 -1.56705e-14 0)
(3 3.45905e-10 0)
(3 7.45083e-05 0)
(2.99994 0.0273251 0)
(2.46119 0.541643 0)
(1.61113 0.918176 0)
(1.47705 0.925623 0)
(1.51324 0.916179 0)
(1.53972 0.909459 0)
(1.56878 0.901855 0)
(3 -8.68194e-17 0)
(3 3.11526e-16 0)
(3 2.05579e-16 0)
(3 3.0134e-16 0)
(3 4.449e-16 0)
(3 4.03958e-16 0)
(3 3.27362e-16 0)
(3 4.29837e-16 0)
(3 2.2905e-16 0)
(3 -6.28963e-16 0)
(3 -1.44967e-15 0)
(3 -1.05822e-16 0)
(3 8.60713e-16 0)
(3 8.09846e-16 0)
(3 5.67811e-16 0)
(3 -4.05677e-17 0)
(3 -5.35178e-16 0)
(3 -4.88498e-16 0)
(3 -3.75844e-17 0)
(3 -3.14285e-16 0)
(3 -3.72752e-15 0)
(3 3.45392e-14 0)
(3 3.67199e-08 0)
(3.00001 0.000476162 0)
(2.98254 0.0589526 0)
(2.29022 0.651622 0)
(1.6041 0.938461 0)
(1.52829 0.932353 0)
(1.56512 0.9227 0)
(1.59347 0.914697 0)
(3 1.84708e-16 0)
(3 3.70873e-17 0)
(3 -3.62523e-16 0)
(3 -7.43809e-16 0)
(3 -3.91458e-16 0)
(3 -2.30833e-16 0)
(3 -1.97723e-16 0)
(3 3.47408e-17 0)
(3 8.2987e-17 0)
(3 3.86019e-17 0)
(3 -6.69684e-17 0)
(3 -2.52784e-16 0)
(3 -2.06601e-16 0)
(3 -1.65423e-16 0)
(3 8.1139e-17 0)
(3 2.02891e-16 0)
(3 1.79962e-16 0)
(3 1.90541e-16 0)
(3 3.53901e-16 0)
(3 7.80329e-16 0)
(3 3.38756e-17 0)
(3 -6.73123e-16 0)
(3 7.60541e-12 0)
(3 4.43598e-07 0)
(2.99995 0.00167653 0)
(2.94549 0.109144 0)
(2.18109 0.720078 0)
(1.62868 0.945582 0)
(1.58219 0.94485 0)
(1.61458 0.930876 0)
(3 4.67524e-17 0)
(3 -4.69747e-17 0)
(3 -2.38445e-16 0)
(3 -4.7348e-16 0)
(3 -5.24336e-16 0)
(3 -4.16946e-16 0)
(3 -4.94847e-16 0)
(3 -4.86317e-16 0)
(3 -1.98276e-16 0)
(3 5.1745e-16 0)
(3 8.64334e-16 0)
(3 4.28779e-16 0)
(3 -5.74131e-16 0)
(3 -9.04587e-16 0)
(3 -5.8155e-17 0)
(3 7.09289e-16 0)
(3 9.01514e-16 0)
(3 4.34488e-16 0)
(3 8.34162e-17 0)
(3 9.76389e-17 0)
(3 2.26571e-16 0)
(3 -6.62649e-17 0)
(3 6.35082e-16 0)
(3 1.51641e-10 0)
(3 2.95949e-06 0)
(2.99953 0.00416811 0)
(2.8958 0.166236 0)
(2.13044 0.754849 0)
(1.67403 0.955301 0)
(1.63116 0.954519 0)
(3 -1.91765e-17 0)
(3 2.86613e-16 0)
(3 4.3353e-16 0)
(3 9.73291e-17 0)
(3 -1.02806e-16 0)
(3 -3.82921e-16 0)
(3 -4.88882e-16 0)
(3 -7.0992e-16 0)
(3 -5.73526e-16 0)
(3 -3.38795e-16 0)
(3 2.97314e-16 0)
(3 3.03272e-16 0)
(3 -2.65691e-16 0)
(3 -1.23217e-16 0)
(3 3.02122e-16 0)
(3 6.54352e-16 0)
(3 8.09394e-16 0)
(3 5.41333e-16 0)
(3 -9.56715e-18 0)
(3 -2.51775e-16 0)
(3 3.98276e-16 0)
(3 9.61225e-16 0)
(3 8.19181e-16 0)
(3 1.08332e-14 0)
(3 1.44722e-09 0)
(3 1.31396e-05 0)
(2.99843 0.00764593 0)
(2.84995 0.209984 0)
(2.13632 0.778575 0)
(1.70234 0.952597 0)
(3 -2.37539e-16 0)
(3 -2.48757e-16 0)
(3 5.40057e-17 0)
(3 1.81616e-16 0)
(3 -2.05187e-16 0)
(3 -3.73242e-16 0)
(3 -1.17207e-16 0)
(3 1.18137e-16 0)
(3 1.01247e-16 0)
(3 1.62331e-16 0)
(3 -4.5258e-16 0)
(3 -9.47047e-16 0)
(3 2.13936e-16 0)
(3 4.24998e-16 0)
(3 4.79676e-16 0)
(3 4.06283e-16 0)
(3 2.07914e-16 0)
(3 3.14213e-16 0)
(3 2.82867e-16 0)
(3 6.77981e-17 0)
(3 -1.91922e-16 0)
(3 7.14488e-16 0)
(3 9.52748e-16 0)
(3 1.13058e-15 0)
(3 1.00043e-13 0)
(3 9.63301e-09 0)
(2.99999 3.1893e-05 0)
(2.99601 0.0124483 0)
(2.87217 0.215901 0)
(2.05762 0.828514 0)
(3 -6.37608e-17 0)
(3 -1.84395e-16 0)
(3 1.38209e-18 0)
(3 1.69075e-16 0)
(3 -7.71711e-17 0)
(3 -2.61779e-16 0)
(3 9.06953e-17 0)
(3 2.70441e-17 0)
(3 -1.67409e-16 0)
(3 -2.68813e-17 0)
(3 -3.94145e-16 0)
(3 -5.69907e-16 0)
(3 2.64594e-16 0)
(3 1.33241e-15 0)
(3 1.24753e-15 0)
(3 1.17868e-15 0)
(3 8.56644e-16 0)
(3 6.48033e-16 0)
(3 3.91181e-16 0)
(3 3.31051e-16 0)
(3 1.23141e-16 0)
(3 2.89315e-16 0)
(3 5.19387e-16 0)
(3 9.36498e-16 0)
(3 1.02726e-15 0)
(3 8.75135e-13 0)
(3 2.77982e-08 0)
(2.99997 7.71601e-05 0)
(2.99835 0.0118078 0)
(2.79847 0.305976 0)
(3 1.63498e-16 0)
(3 -8.03968e-18 0)
(3 -4.32361e-16 0)
(3 -6.54297e-16 0)
(3 -4.06043e-16 0)
(3 -4.77362e-16 0)
(3 -4.17397e-16 0)
(3 -5.00752e-16 0)
(3 -6.76145e-16 0)
(3 -7.24904e-16 0)
(3 -4.34615e-16 0)
(3 -1.4916e-17 0)
(3 1.01114e-15 0)
(3 1.47023e-15 0)
(3 1.67557e-15 0)
(3 1.31314e-15 0)
(3 1.17205e-15 0)
(3 4.28771e-16 0)
(3 -8.93894e-17 0)
(3 6.5518e-18 0)
(3 9.11295e-16 0)
(3 1.21376e-15 0)
(3 1.00703e-15 0)
(3 1.03545e-15 0)
(3 1.10671e-15 0)
(3 3.22272e-17 0)
(3 4.53874e-12 0)
(3 4.88198e-08 0)
(2.99997 0.00012641 0)
(3.00867 0.00913507 0)
(3 1.04588e-16 0)
(3 6.60605e-17 0)
(3 -5.84836e-17 0)
(3 -1.5303e-16 0)
(3 -4.82217e-17 0)
(3 -1.87736e-16 0)
(3 -2.79256e-16 0)
(3 -3.37024e-17 0)
(3 -3.78911e-17 0)
(3 -3.02664e-16 0)
(3 -1.73091e-16 0)
(3 4.83532e-17 0)
(3 5.69925e-16 0)
(3 5.3852e-16 0)
(3 7.76188e-16 0)
(3 6.75247e-16 0)
(3 4.36481e-16 0)
(3 -2.56977e-16 0)
(3 -1.96569e-16 0)
(3 4.63476e-17 0)
(3 4.18987e-16 0)
(3 6.59519e-16 0)
(3 1.31044e-15 0)
(3 1.00616e-15 0)
(3 5.23486e-16 0)
(3 8.69852e-17 0)
(3 4.2983e-16 0)
(3 7.08256e-12 0)
(3 1.92039e-07 0)
(3.00025 2.27687e-05 0)
(3 -9.88324e-17 0)
(3 -1.42816e-16 0)
(3 1.98554e-16 0)
(3 4.03288e-16 0)
(3 2.88869e-16 0)
(3 1.84939e-16 0)
(3 1.39614e-16 0)
(3 8.14801e-17 0)
(3 -2.17135e-16 0)
(3 -5.76071e-16 0)
(3 -8.03098e-16 0)
(3 -7.30847e-16 0)
(3 -3.18678e-17 0)
(3 1.12478e-16 0)
(3 -1.86636e-16 0)
(3 -2.97134e-16 0)
(3 -5.18175e-16 0)
(3 2.54538e-16 0)
(3 6.41541e-16 0)
(3 4.34521e-16 0)
(3 6.31158e-17 0)
(3 1.05335e-16 0)
(3 2.26389e-16 0)
(3 2.46187e-16 0)
(3 2.94825e-16 0)
(3 3.6212e-16 0)
(3 1.24003e-16 0)
(3 5.26922e-16 0)
(3 7.71325e-11 0)
(3 1.83876e-09 0)
(3 -7.04752e-17 0)
(3 -2.49804e-16 0)
(3 -2.09166e-16 0)
(3 -1.43152e-16 0)
(3 3.105e-17 0)
(3 4.41357e-16 0)
(3 -2.23308e-16 0)
(3 -5.56926e-16 0)
(3 -7.33262e-16 0)
(3 -5.73562e-16 0)
(3 -6.39925e-16 0)
(3 -6.07953e-16 0)
(3 -3.26699e-16 0)
(3 -7.71135e-17 0)
(3 -9.4226e-16 0)
(3 -1.3924e-15 0)
(3 -1.4224e-15 0)
(3 -1.53134e-16 0)
(3 5.24371e-16 0)
(3 3.7681e-16 0)
(3 5.15748e-16 0)
(3 1.02886e-15 0)
(3 6.36255e-16 0)
(3 4.26367e-16 0)
(3 5.64618e-16 0)
(3 8.19365e-16 0)
(3 7.89683e-16 0)
(3 2.23331e-16 0)
(3 1.29951e-14 0)
(3 -2.82211e-09 0)
(3 -4.68096e-17 0)
(3 -2.48602e-16 0)
(3 -5.36201e-16 0)
(3 -4.52456e-16 0)
(3 -3.10931e-16 0)
(3 2.28915e-16 0)
(3 4.03343e-16 0)
(3 1.90039e-16 0)
(3 1.30376e-16 0)
(3 3.93583e-16 0)
(3 4.76023e-16 0)
(3 4.71554e-16 0)
(3 2.6956e-16 0)
(3 -3.7485e-16 0)
(3 -6.14097e-16 0)
(3 -6.27337e-16 0)
(3 -5.46296e-16 0)
(3 -2.82732e-16 0)
(3 -4.12075e-16 0)
(3 -1.88719e-16 0)
(3 6.50557e-17 0)
(3 1.33395e-16 0)
(3 5.02021e-16 0)
(3 4.78054e-16 0)
(3 5.13179e-16 0)
(3 3.62163e-16 0)
(3 2.04239e-16 0)
(3 -7.31176e-17 0)
(3 1.70295e-16 0)
(3 -3.9432e-10 0)
(3 -2.16005e-17 0)
(3 8.84943e-17 0)
(3 -2.56608e-16 0)
(3 -1.91587e-16 0)
(3 -1.34247e-16 0)
(3 9.20301e-17 0)
(3 1.01693e-15 0)
(3 1.03461e-15 0)
(3 1.00264e-15 0)
(3 8.21196e-16 0)
(3 7.01255e-16 0)
(3 9.13517e-16 0)
(3 5.40247e-16 0)
(3 4.53491e-16 0)
(3 4.10432e-16 0)
(3 4.42998e-16 0)
(3 5.12432e-16 0)
(3 3.25559e-16 0)
(3 1.94966e-16 0)
(3 1.78148e-16 0)
(3 4.07717e-16 0)
(3 -2.8087e-16 0)
(3 -5.87599e-16 0)
(3 -3.55058e-16 0)
(3 2.35382e-17 0)
(3 -2.45964e-16 0)
(3 -5.4996e-16 0)
(3 -1.10815e-15 0)
(3 -1.1066e-15 0)
(3 -1.70214e-11 0)
(3 1.28777e-16 0)
(3 3.59104e-16 0)
(3 4.28711e-16 0)
(3 2.74335e-16 0)
(3 1.92529e-16 0)
(3 1.78487e-16 0)
(3 8.95649e-17 0)
(3 2.85252e-16 0)
(3 3.59815e-16 0)
(3 3.18729e-16 0)
(3 3.58703e-16 0)
(3 1.31278e-16 0)
(3 2.45347e-17 0)
(3 -1.56081e-16 0)
(3 -1.25588e-16 0)
(3 5.27884e-16 0)
(3 8.12616e-16 0)
(3 3.15763e-16 0)
(3 9.67012e-17 0)
(3 -1.35016e-16 0)
(3 -3.85354e-16 0)
(3 -8.64894e-16 0)
(3 -1.40957e-15 0)
(3 -1.39235e-15 0)
(3 -1.06678e-15 0)
(3 -9.81881e-16 0)
(3 -1.35737e-15 0)
(3 -2.13035e-15 0)
(3 -8.49142e-16 0)
(3 -1.60321e-13 0)
(3 -5.44532e-17 0)
(3 -5.51205e-17 0)
(3 -2.11755e-16 0)
(3 -4.81792e-16 0)
(3 -4.38714e-16 0)
(3 -5.99894e-16 0)
(3 -4.51076e-16 0)
(3 -4.18424e-16 0)
(3 -1.20161e-16 0)
(3 3.41396e-16 0)
(3 2.98813e-16 0)
(3 1.97849e-16 0)
(3 2.30341e-16 0)
(3 -4.16468e-16 0)
(3 -4.63445e-16 0)
(3 -5.91687e-16 0)
(3 -3.76388e-16 0)
(3 -2.24514e-17 0)
(3 2.69531e-17 0)
(3 -7.92841e-16 0)
(3 -1.2348e-15 0)
(3 -1.55561e-15 0)
(3 -1.49212e-15 0)
(3 -1.07435e-15 0)
(3 -8.36896e-16 0)
(3 -8.26175e-16 0)
(3 -9.58419e-16 0)
(3 -9.67069e-16 0)
(3 9.72745e-17 0)
(3 6.87659e-16 0)
(3 -1.20981e-16 0)
(3 -2.05025e-16 0)
(3 -4.06803e-16 0)
(3 -6.45879e-16 0)
(3 -6.65483e-16 0)
(3 -5.81433e-16 0)
(3 -3.65452e-16 0)
(3 -3.89908e-16 0)
(3 2.04909e-18 0)
(3 2.25816e-16 0)
(3 2.09189e-16 0)
(3 5.80797e-16 0)
(3 7.01397e-16 0)
(3 2.38433e-16 0)
(3 -5.08659e-16 0)
(3 -6.84009e-16 0)
(3 -4.57648e-16 0)
(3 1.98611e-16 0)
(3 3.53694e-16 0)
(3 -9.90248e-19 0)
(3 -1.55547e-16 0)
(3 -5.62404e-16 0)
(3 -4.33776e-16 0)
(3 -2.53814e-16 0)
(3 -2.5955e-16 0)
(3 -8.71766e-16 0)
(3 -5.15937e-16 0)
(3 -3.01022e-16 0)
(3 -1.55763e-16 0)
(3 2.33719e-16 0)
(1.69531 1.3219 0)
(2.32085 0.208394 0)
(2.25649 -0.0673058 0)
(2.11345 -0.0696581 0)
(2.12573 -0.0455065 0)
(2.14055 -0.0387969 0)
(2.15182 -0.0356127 0)
(2.18105 -0.0245142 0)
(2.21125 -0.0215148 0)
(2.24398 -0.0241367 0)
(2.27929 -0.00907137 0)
(2.29185 -0.00753984 0)
(2.22775 -0.0437876 0)
(1.65939 -0.166842 0)
(1.44409 -0.101626 0)
(1.51644 -0.0434054 0)
(1.62532 -0.0137912 0)
(1.72622 -0.0091053 0)
(1.8127 -0.00547438 0)
(1.89415 0.0047352 0)
(1.969 0.00927692 0)
(2.0352 0.0115697 0)
(2.0967 0.00992009 0)
(2.15962 0.00687789 0)
(2.22186 0.00528814 0)
(2.27811 0.00564395 0)
(2.32552 0.00826781 0)
(2.37027 0.0113747 0)
(2.41103 0.0128854 0)
(2.48472 0.012772 0)
(1.88044 0.690698 0)
(2.44037 0.0036852 0)
(2.4077 -0.262123 0)
(2.32545 -0.140742 0)
(2.29735 -0.0273716 0)
(2.28466 -0.0306992 0)
(2.27021 -0.0196259 0)
(2.26878 -0.0123334 0)
(2.27906 -0.0340123 0)
(2.30643 -0.0403396 0)
(2.32648 -0.0189801 0)
(2.33258 -0.0257617 0)
(2.23232 -0.211373 0)
(1.97634 -0.366864 0)
(1.60916 -0.0792014 0)
(1.58951 0.0099985 0)
(1.67183 0.00443551 0)
(1.7635 -0.0186713 0)
(1.84279 -0.0138969 0)
(1.91946 0.00172944 0)
(1.9925 0.0190152 0)
(2.05496 0.0317368 0)
(2.11269 0.0311962 0)
(2.17267 0.0203496 0)
(2.23269 0.0103019 0)
(2.28854 0.00326669 0)
(2.3378 0.00208882 0)
(2.38626 0.0116723 0)
(2.42797 0.0267247 0)
(2.49814 0.0338147 0)
(1.86382 0.76139 0)
(2.33587 0.38083 0)
(2.52386 -0.122955 0)
(2.5551 -0.122613 0)
(2.54196 -0.0972956 0)
(2.50671 -0.053375 0)
(2.4591 -0.0361514 0)
(2.43792 -0.0391055 0)
(2.42423 -0.0454992 0)
(2.42592 -0.0308371 0)
(2.42799 -0.0118789 0)
(2.41621 -0.0381037 0)
(2.22712 -0.358077 0)
(2.1234 -0.637011 0)
(1.84441 -0.262567 0)
(1.72264 -0.0323145 0)
(1.77442 -0.0238996 0)
(1.84507 -0.0171538 0)
(1.90928 -0.00467313 0)
(1.97494 0.00589086 0)
(2.03895 0.0120356 0)
(2.09476 0.0232341 0)
(2.1466 0.0336129 0)
(2.19844 0.037903 0)
(2.25148 0.038368 0)
(2.30436 0.0357631 0)
(2.35589 0.0287694 0)
(2.40634 0.0237098 0)
(2.44847 0.0320134 0)
(2.51408 0.0470392 0)
(1.8138 0.798019 0)
(2.26358 0.444286 0)
(2.54971 -0.0815131 0)
(2.65448 -0.197336 0)
(2.6343 -0.208758 0)
(2.59876 -0.1595 0)
(2.57203 -0.0858726 0)
(2.55849 -0.036809 0)
(2.55055 -0.0541388 0)
(2.54 -0.0335325 0)
(2.53098 -0.0189419 0)
(2.48694 -0.108918 0)
(2.20303 -0.472116 0)
(2.14462 -0.741585 0)
(2.02492 -0.516047 0)
(1.86283 -0.163253 0)
(1.85616 -0.00156397 0)
(1.91606 0.0102006 0)
(1.97673 0.012529 0)
(2.03582 0.0165797 0)
(2.09055 0.0290449 0)
(2.1396 0.0432188 0)
(2.18533 0.0477329 0)
(2.23274 0.0408168 0)
(2.28367 0.0364488 0)
(2.33564 0.0399186 0)
(2.38308 0.0494715 0)
(2.42799 0.0551914 0)
(2.46663 0.0543359 0)
(2.52769 0.0557245 0)
(1.76652 0.80084 0)
(2.18989 0.511914 0)
(2.4765 0.115857 0)
(2.61706 -0.0364423 0)
(2.62699 -0.18532 0)
(2.64363 -0.174386 0)
(2.63909 -0.12524 0)
(2.61703 -0.0529946 0)
(2.60095 -0.0247449 0)
(2.59653 0.00647592 0)
(2.58208 -0.00497723 0)
(2.46925 -0.219267 0)
(2.15999 -0.520103 0)
(2.13671 -0.701144 0)
(2.12593 -0.660419 0)
(2.0395 -0.368735 0)
(1.92745 -0.0757577 0)
(1.96186 0.0287753 0)
(2.02299 0.0296123 0)
(2.08249 0.0195162 0)
(2.13156 0.0273877 0)
(2.17721 0.044759 0)
(2.22043 0.0579752 0)
(2.26454 0.058215 0)
(2.31283 0.0547376 0)
(2.36301 0.0556265 0)
(2.41067 0.0611504 0)
(2.45494 0.0700811 0)
(2.48768 0.0784181 0)
(2.54164 0.0819764 0)
(1.72802 0.806473 0)
(2.10301 0.589575 0)
(2.4028 0.249425 0)
(2.5798 0.00240253 0)
(2.59215 -0.208114 0)
(2.66206 -0.178531 0)
(2.65429 -0.148755 0)
(2.635 -0.107906 0)
(2.61034 -0.0600493 0)
(2.61566 -1.5902e-06 0)
(2.59038 -0.0450192 0)
(2.31557 -0.428024 0)
(2.13445 -0.594163 0)
(2.13594 -0.654916 0)
(2.16037 -0.6618 0)
(2.16672 -0.538001 0)
(2.05788 -0.199033 0)
(2.00344 -0.000278477 0)
(2.049 0.0608514 0)
(2.1069 0.0547594 0)
(2.15863 0.050779 0)
(2.2043 0.0608987 0)
(2.24825 0.0728392 0)
(2.29083 0.0750909 0)
(2.3363 0.0746722 0)
(2.38476 0.0761821 0)
(2.43271 0.0782224 0)
(2.47803 0.079722 0)
(2.51065 0.0841729 0)
(2.56156 0.0928576 0)
(1.69096 0.819954 0)
(2.05242 0.612222 0)
(2.31859 0.362619 0)
(2.49747 0.128353 0)
(2.57633 -0.100767 0)
(2.63616 -0.12455 0)
(2.63798 -0.144641 0)
(2.62887 -0.136629 0)
(2.61137 -0.0871251 0)
(2.62971 -0.0188076 0)
(2.56849 -0.142013 0)
(2.16369 -0.565939 0)
(2.11212 -0.656691 0)
(2.13317 -0.663072 0)
(2.1754 -0.6527 0)
(2.22564 -0.60933 0)
(2.19948 -0.401416 0)
(2.07585 -0.0625825 0)
(2.08584 0.0588822 0)
(2.12393 0.0790297 0)
(2.17417 0.0810039 0)
(2.22537 0.0770773 0)
(2.27075 0.0839917 0)
(2.31157 0.0916082 0)
(2.35496 0.096278 0)
(2.40248 0.0992695 0)
(2.4495 0.0992884 0)
(2.49374 0.0977891 0)
(2.52704 0.103086 0)
(2.57907 0.114509 0)
(1.67882 0.810762 0)
(1.98242 0.651838 0)
(2.26643 0.426445 0)
(2.42244 0.22093 0)
(2.55187 -0.0104827 0)
(2.62922 -0.0846048 0)
(2.62644 -0.155687 0)
(2.63495 -0.155272 0)
(2.63065 -0.115001 0)
(2.63812 -0.0680192 0)
(2.43988 -0.340167 0)
(2.11963 -0.617516 0)
(2.11723 -0.687343 0)
(2.14277 -0.67246 0)
(2.19261 -0.640461 0)
(2.24051 -0.615488 0)
(2.26855 -0.527062 0)
(2.22074 -0.260148 0)
(2.15244 -0.00114783 0)
(2.14877 0.0915988 0)
(2.18948 0.103665 0)
(2.23977 0.09939 0)
(2.28539 0.101683 0)
(2.32762 0.108242 0)
(2.37009 0.115716 0)
(2.41618 0.12138 0)
(2.46371 0.122299 0)
(2.50806 0.118382 0)
(2.54195 0.12196 0)
(2.59609 0.134148 0)
(1.65821 0.819441 0)
(1.95465 0.653873 0)
(2.17357 0.515389 0)
(2.36374 0.284916 0)
(2.50925 0.105645 0)
(2.57644 -0.000296114 0)
(2.61935 -0.140101 0)
(2.63839 -0.151889 0)
(2.64526 -0.149067 0)
(2.63882 -0.160366 0)
(2.27188 -0.539725 0)
(2.08985 -0.702327 0)
(2.11888 -0.692035 0)
(2.14828 -0.668056 0)
(2.20773 -0.622506 0)
(2.25519 -0.592434 0)
(2.30299 -0.563135 0)
(2.31434 -0.429564 0)
(2.2431 -0.116828 0)
(2.20395 0.0618682 0)
(2.21425 0.105539 0)
(2.25736 0.115068 0)
(2.30403 0.114211 0)
(2.34766 0.118587 0)
(2.38771 0.127772 0)
(2.42781 0.140987 0)
(2.46891 0.149381 0)
(2.51293 0.14825 0)
(2.55077 0.150945 0)
(2.60849 0.160509 0)
(1.6535 0.814262 0)
(1.91364 0.686085 0)
(2.13149 0.552281 0)
(2.31452 0.349708 0)
(2.4586 0.216162 0)
(2.54558 0.0398277 0)
(2.60738 -0.118386 0)
(2.6448 -0.123569 0)
(2.6417 -0.16795 0)
(2.58283 -0.308283 0)
(2.1919 -0.680229 0)
(2.11739 -0.728131 0)
(2.12187 -0.700828 0)
(2.15857 -0.65535 0)
(2.22254 -0.605763 0)
(2.27927 -0.570098 0)
(2.32321 -0.552351 0)
(2.37039 -0.504804 0)
(2.36037 -0.333513 0)
(2.27676 -0.021051 0)
(2.25267 0.102321 0)
(2.27442 0.129176 0)
(2.32139 0.138636 0)
(2.36878 0.138988 0)
(2.40806 0.140098 0)
(2.44519 0.149492 0)
(2.48335 0.163915 0)
(2.52189 0.174484 0)
(2.55945 0.179536 0)
(2.62148 0.184681 0)
(1.64397 0.821811 0)
(1.89105 0.707228 0)
(2.08306 0.599423 0)
(2.27604 0.404397 0)
(2.40292 0.29937 0)
(2.51436 0.0997368 0)
(2.58314 -0.0266134 0)
(2.63637 -0.0779721 0)
(2.60286 -0.186066 0)
(2.42129 -0.504762 0)
(2.13987 -0.782129 0)
(2.11187 -0.749318 0)
(2.13873 -0.707678 0)
(2.17921 -0.646787 0)
(2.24692 -0.591936 0)
(2.30122 -0.546389 0)
(2.3466 -0.532479 0)
(2.39736 -0.52384 0)
(2.42814 -0.463802 0)
(2.4051 -0.25432 0)
(2.30719 0.0462339 0)
(2.30777 0.142532 0)
(2.34037 0.163806 0)
(2.38164 0.171377 0)
(2.42476 0.170649 0)
(2.46304 0.171354 0)
(2.49957 0.182165 0)
(2.53566 0.195135 0)
(2.5696 0.204642 0)
(2.62639 0.210934 0)
(1.64319 0.822713 0)
(1.86672 0.734723 0)
(2.04771 0.629073 0)
(2.24147 0.457699 0)
(2.35342 0.354379 0)
(2.47246 0.150191 0)
(2.56186 0.0548315 0)
(2.62513 -0.0728839 0)
(2.57959 -0.203694 0)
(2.25213 -0.640337 0)
(2.10526 -0.824008 0)
(2.11193 -0.780751 0)
(2.16773 -0.722065 0)
(2.2126 -0.65001 0)
(2.27955 -0.591314 0)
(2.32968 -0.542009 0)
(2.37392 -0.526456 0)
(2.42228 -0.525734 0)
(2.47123 -0.507859 0)
(2.47687 -0.421145 0)
(2.43882 -0.177129 0)
(2.36916 0.0782269 0)
(2.37192 0.175313 0)
(2.40552 0.195599 0)
(2.43996 0.202744 0)
(2.47656 0.205654 0)
(2.5156 0.214054 0)
(2.5531 0.220906 0)
(2.5855 0.225572 0)
(2.63588 0.228369 0)
(1.64381 0.833612 0)
(1.84949 0.759968 0)
(2.02227 0.650168 0)
(2.20599 0.510288 0)
(2.3048 0.401057 0)
(2.4251 0.20054 0)
(2.51315 0.14864 0)
(2.60535 -0.0209829 0)
(2.5111 -0.264705 0)
(2.1543 -0.689553 0)
(2.10615 -0.825967 0)
(2.1348 -0.801454 0)
(2.19696 -0.752467 0)
(2.25525 -0.681939 0)
(2.3228 -0.615649 0)
(2.36901 -0.564929 0)
(2.40431 -0.544291 0)
(2.44269 -0.529018 0)
(2.49053 -0.514346 0)
(2.51749 -0.476842 0)
(2.5224 -0.347733 0)
(2.46607 -0.0674288 0)
(2.42862 0.117286 0)
(2.44664 0.207321 0)
(2.4569 0.231999 0)
(2.48697 0.238348 0)
(2.5258 0.249618 0)
(2.56843 0.254558 0)
(2.60157 0.253347 0)
(2.64666 0.248879 0)
(1.65485 0.842749 0)
(1.8333 0.782695 0)
(2.00079 0.671417 0)
(2.17071 0.557471 0)
(2.27676 0.421241 0)
(2.39023 0.25479 0)
(2.46583 0.229393 0)
(2.55082 0.0039538 0)
(2.34544 -0.41012 0)
(2.0955 -0.707541 0)
(2.10983 -0.758301 0)
(2.17145 -0.771178 0)
(2.23604 -0.752584 0)
(2.28857 -0.712392 0)
(2.34778 -0.660996 0)
(2.39895 -0.6111 0)
(2.43434 -0.580092 0)
(2.46143 -0.541804 0)
(2.51518 -0.507352 0)
(2.54141 -0.467963 0)
(2.56945 -0.407291 0)
(2.57051 -0.260963 0)
(2.49956 0.0432278 0)
(2.48594 0.189927 0)
(2.49024 0.243336 0)
(2.50494 0.258922 0)
(2.53786 0.273818 0)
(2.57304 0.279235 0)
(2.60542 0.276113 0)
(2.6549 0.273052 0)
(1.6694 0.859399 0)
(1.82478 0.79968 0)
(1.98947 0.685572 0)
(2.13025 0.595078 0)
(2.25202 0.445116 0)
(2.37264 0.323371 0)
(2.43979 0.290139 0)
(2.42696 0.00506324 0)
(2.16918 -0.529939 0)
(2.05174 -0.716572 0)
(2.10974 -0.728817 0)
(2.194 -0.744788 0)
(2.26408 -0.734703 0)
(2.32307 -0.718207 0)
(2.37678 -0.690386 0)
(2.42354 -0.652648 0)
(2.46444 -0.604808 0)
(2.48784 -0.547791 0)
(2.53026 -0.491937 0)
(2.56675 -0.426958 0)
(2.58631 -0.392617 0)
(2.61918 -0.324475 0)
(2.61109 -0.165511 0)
(2.53916 0.123194 0)
(2.52835 0.246912 0)
(2.53355 0.266182 0)
(2.55457 0.281421 0)
(2.58527 0.288413 0)
(2.61016 0.297872 0)
(2.65706 0.298775 0)
(1.68754 0.876389 0)
(1.82428 0.810349 0)
(1.97913 0.705208 0)
(2.1007 0.614689 0)
(2.23057 0.465613 0)
(2.34421 0.410643 0)
(2.42648 0.280398 0)
(2.31864 -0.0809173 0)
(2.05796 -0.535742 0)
(2.04736 -0.662081 0)
(2.123 -0.677869 0)
(2.206 -0.687273 0)
(2.28367 -0.706286 0)
(2.34957 -0.70745 0)
(2.4048 -0.688827 0)
(2.44505 -0.658243 0)
(2.48619 -0.612784 0)
(2.5203 -0.543454 0)
(2.55949 -0.479756 0)
(2.59049 -0.400492 0)
(2.61429 -0.35813 0)
(2.64752 -0.342253 0)
(2.65613 -0.269723 0)
(2.6368 -0.0917316 0)
(2.57679 0.177031 0)
(2.56824 0.282235 0)
(2.57539 0.288648 0)
(2.60196 0.298138 0)
(2.62499 0.313146 0)
(2.66473 0.320561 0)
(1.70106 0.897522 0)
(1.82637 0.820325 0)
(1.97271 0.725453 0)
(2.08008 0.630117 0)
(2.21321 0.498908 0)
(2.31876 0.481849 0)
(2.37976 0.292325 0)
(2.16515 -0.219934 0)
(1.99805 -0.541387 0)
(2.05419 -0.610234 0)
(2.14299 -0.64116 0)
(2.22744 -0.656146 0)
(2.30412 -0.669703 0)
(2.36641 -0.672877 0)
(2.4203 -0.657712 0)
(2.46701 -0.637798 0)
(2.49932 -0.605198 0)
(2.54276 -0.54202 0)
(2.58384 -0.465928 0)
(2.61264 -0.391046 0)
(2.63456 -0.348691 0)
(2.66597 -0.329241 0)
(2.68877 -0.315798 0)
(2.68723 -0.240494 0)
(2.66863 -0.0393539 0)
(2.60828 0.218281 0)
(2.60284 0.307321 0)
(2.61703 0.31833 0)
(2.64405 0.336353 0)
(2.67853 0.34017 0)
(1.71532 0.913749 0)
(1.83494 0.823617 0)
(1.96443 0.748938 0)
(2.07147 0.645018 0)
(2.20509 0.554172 0)
(2.31063 0.515815 0)
(2.27662 0.223689 0)
(2.01878 -0.318636 0)
(1.9881 -0.533793 0)
(2.06079 -0.555688 0)
(2.15684 -0.583787 0)
(2.24242 -0.603977 0)
(2.31754 -0.624479 0)
(2.38277 -0.636784 0)
(2.43951 -0.634753 0)
(2.49023 -0.61648 0)
(2.52207 -0.584339 0)
(2.55798 -0.534576 0)
(2.60094 -0.471938 0)
(2.62835 -0.421518 0)
(2.65315 -0.377171 0)
(2.6755 -0.344133 0)
(2.70111 -0.329847 0)
(2.7248 -0.295599 0)
(2.72417 -0.187274 0)
(2.70925 0.000529712 0)
(2.63629 0.247221 0)
(2.64008 0.342995 0)
(2.65067 0.371363 0)
(2.69142 0.375791 0)
(1.71803 0.937215 0)
(1.84437 0.838421 0)
(1.95487 0.774652 0)
(2.07823 0.662147 0)
(2.18655 0.62828 0)
(2.29165 0.509583 0)
(2.13713 0.0641793 0)
(1.93909 -0.351535 0)
(1.98617 -0.471256 0)
(2.07757 -0.505653 0)
(2.17204 -0.532651 0)
(2.25542 -0.554162 0)
(2.32713 -0.568776 0)
(2.39032 -0.5735 0)
(2.44606 -0.572548 0)
(2.4982 -0.572563 0)
(2.54437 -0.557099 0)
(2.57966 -0.515482 0)
(2.61449 -0.482392 0)
(2.63946 -0.462308 0)
(2.6708 -0.417072 0)
(2.68738 -0.364715 0)
(2.72162 -0.323096 0)
(2.73822 -0.291434 0)
(2.75898 -0.236964 0)
(2.76164 -0.127463 0)
(2.73371 0.0631823 0)
(2.68778 0.275871 0)
(2.66779 0.38961 0)
(2.70382 0.407493 0)
(1.75474 0.921061 0)
(1.851 0.859128 0)
(1.96178 0.794989 0)
(2.08137 0.707882 0)
(2.17294 0.694454 0)
(2.23525 0.486918 0)
(1.96984 -0.110651 0)
(1.89991 -0.369774 0)
(1.99498 -0.422847 0)
(2.10119 -0.465911 0)
(2.1917 -0.489156 0)
(2.2708 -0.508094 0)
(2.34129 -0.526151 0)
(2.40488 -0.534129 0)
(2.46032 -0.533154 0)
(2.50367 -0.52851 0)
(2.54392 -0.514914 0)
(2.58557 -0.488839 0)
(2.621 -0.473364 0)
(2.65199 -0.462316 0)
(2.68224 -0.426606 0)
(2.71302 -0.373245 0)
(2.73474 -0.329157 0)
(2.76416 -0.275056 0)
(2.776 -0.229239 0)
(2.80031 -0.166568 0)
(2.80184 -0.0624271 0)
(2.7521 0.156074 0)
(2.72936 0.329284 0)
(2.72796 0.423145 0)
(1.82067 0.857761 0)
(1.84939 0.876203 0)
(1.98043 0.828824 0)
(2.11008 0.765068 0)
(2.19134 0.694602 0)
(2.13612 0.35323 0)
(1.86911 -0.197297 0)
(1.89687 -0.360508 0)
(1.99953 -0.38219 0)
(2.10699 -0.411644 0)
(2.19723 -0.43412 0)
(2.27358 -0.450556 0)
(2.33986 -0.462455 0)
(2.40073 -0.467395 0)
(2.45711 -0.469638 0)
(2.50687 -0.476209 0)
(2.55006 -0.473597 0)
(2.59294 -0.460255 0)
(2.63458 -0.44875 0)
(2.66877 -0.442289 0)
(2.69174 -0.4113 0)
(2.73717 -0.365106 0)
(2.75948 -0.32159 0)
(2.78594 -0.262036 0)
(2.80705 -0.204372 0)
(2.82636 -0.165957 0)
(2.84415 -0.111926 0)
(2.83532 0.000930493 0)
(2.78936 0.227919 0)
(2.77775 0.40422 0)
(1.90541 0.759256 0)
(1.84343 0.934699 0)
(1.95317 0.883584 0)
(2.07873 0.834037 0)
(2.17014 0.714014 0)
(1.95861 0.138356 0)
(1.81966 -0.215063 0)
(1.89909 -0.306471 0)
(2.00305 -0.335884 0)
(2.10531 -0.35943 0)
(2.19629 -0.384249 0)
(2.27532 -0.404383 0)
(2.34541 -0.419388 0)
(2.40901 -0.427023 0)
(2.46667 -0.42978 0)
(2.51739 -0.431921 0)
(2.56293 -0.431842 0)
(2.60961 -0.428776 0)
(2.65626 -0.429677 0)
(2.69424 -0.424449 0)
(2.72233 -0.395758 0)
(2.75983 -0.348543 0)
(2.7901 -0.312157 0)
(2.80443 -0.265655 0)
(2.83929 -0.199922 0)
(2.85845 -0.14726 0)
(2.8699 -0.138867 0)
(2.88512 -0.0779813 0)
(2.86866 0.0406746 0)
(2.83727 0.312573 0)
(2.06101 0.696198 0)
(1.83047 0.922646 0)
(1.9136 0.88977 0)
(2.04803 0.868325 0)
(2.10356 0.622682 0)
(1.78744 -0.0247184 0)
(1.78083 -0.225436 0)
(1.88938 -0.266264 0)
(2.00758 -0.29926 0)
(2.10888 -0.322749 0)
(2.19572 -0.343967 0)
(2.27138 -0.360527 0)
(2.33663 -0.367189 0)
(2.39275 -0.366002 0)
(2.44639 -0.366831 0)
(2.49958 -0.370544 0)
(2.55165 -0.371891 0)
(2.60597 -0.371722 0)
(2.66005 -0.378854 0)
(2.70747 -0.382027 0)
(2.74846 -0.35995 0)
(2.78421 -0.320677 0)
(2.81455 -0.295351 0)
(2.8333 -0.275686 0)
(2.8611 -0.216992 0)
(2.88575 -0.157887 0)
(2.8918 -0.128047 0)
(2.90464 -0.113883 0)
(2.9188 -0.0529849 0)
(2.91089 0.147083 0)
(2.54292 0.572573 0)
(1.86414 0.911677 0)
(1.90272 0.892404 0)
(2.01386 0.838081 0)
(1.97888 0.424549 0)
(1.67723 -0.079395 0)
(1.75643 -0.19904 0)
(1.87386 -0.222354 0)
(1.99034 -0.246189 0)
(2.08817 -0.267735 0)
(2.17184 -0.286752 0)
(2.24788 -0.301148 0)
(2.32085 -0.310675 0)
(2.39144 -0.318123 0)
(2.45796 -0.327149 0)
(2.51946 -0.335899 0)
(2.57555 -0.341517 0)
(2.63109 -0.342084 0)
(2.68371 -0.344409 0)
(2.7269 -0.33922 0)
(2.76892 -0.315021 0)
(2.80898 -0.288323 0)
(2.84947 -0.273543 0)
(2.86904 -0.268259 0)
(2.87997 -0.228595 0)
(2.90289 -0.171482 0)
(2.9066 -0.139601 0)
(2.93023 -0.103367 0)
(2.94932 -0.0629268 0)
(2.95835 0.0237383 0)
(3.08015 0.233932 0)
(1.98982 0.898094 0)
(1.92498 0.894024 0)
(1.98354 0.819527 0)
(1.66876 0.183089 0)
(1.60262 -0.0934012 0)
(1.74865 -0.168939 0)
(1.88135 -0.193819 0)
(1.99986 -0.214455 0)
(2.09963 -0.234071 0)
(2.18573 -0.250762 0)
(2.26492 -0.263939 0)
(2.34023 -0.273454 0)
(2.41194 -0.279438 0)
(2.47773 -0.283121 0)
(2.53568 -0.281396 0)
(2.58897 -0.280832 0)
(2.64486 -0.285274 0)
(2.69899 -0.291703 0)
(2.74245 -0.284627 0)
(2.77792 -0.259328 0)
(2.81399 -0.243511 0)
(2.85468 -0.246424 0)
(2.88305 -0.250503 0)
(2.89581 -0.219279 0)
(2.91413 -0.169852 0)
(2.92428 -0.143892 0)
(2.95273 -0.10282 0)
(2.97334 -0.0679404 0)
(2.98063 -0.00791308 0)
(3.13044 0.0118192 0)
(2.22302 0.811203 0)
(1.95349 0.935565 0)
(1.92112 0.733692 0)
(1.45157 0.0705091 0)
(1.56053 -0.101664 0)
(1.73348 -0.131256 0)
(1.88645 -0.153229 0)
(2.01179 -0.173049 0)
(2.11523 -0.190116 0)
(2.20463 -0.202196 0)
(2.28659 -0.21034 0)
(2.36332 -0.216899 0)
(2.43494 -0.223674 0)
(2.50072 -0.231674 0)
(2.55996 -0.235152 0)
(2.61239 -0.232351 0)
(2.66068 -0.231304 0)
(2.71115 -0.231332 0)
(2.76113 -0.231801 0)
(2.80581 -0.226693 0)
(2.84498 -0.214435 0)
(2.8771 -0.214216 0)
(2.89668 -0.217256 0)
(2.90731 -0.186968 0)
(2.92326 -0.158454 0)
(2.94174 -0.140327 0)
(2.97228 -0.0903444 0)
(2.99089 -0.0560341 0)
(2.99297 -0.0020649 0)
(3.01166 7.82603e-05 0)
(2.481 0.680338 0)
(2.03999 1.01632 0)
(1.7497 0.490747 0)
(1.3293 -0.0230436 0)
(1.55684 -0.101165 0)
(1.75015 -0.115583 0)
(1.91637 -0.129105 0)
(2.04563 -0.143558 0)
(2.15054 -0.15776 0)
(2.24161 -0.1677 0)
(2.32419 -0.172884 0)
(2.39994 -0.176829 0)
(2.46956 -0.182332 0)
(2.53354 -0.189185 0)
(2.59203 -0.193465 0)
(2.64565 -0.192963 0)
(2.69355 -0.195734 0)
(2.74317 -0.193485 0)
(2.78864 -0.186874 0)
(2.82879 -0.178554 0)
(2.86697 -0.170793 0)
(2.89577 -0.174965 0)
(2.91009 -0.178809 0)
(2.91982 -0.149593 0)
(2.93823 -0.129837 0)
(2.9574 -0.130312 0)
(2.98443 -0.0863518 0)
(2.99476 -0.0501127 0)
(3.00039 0.00889965 0)
(3.00015 -1.42005e-05 0)
(2.87566 0.430807 0)
(2.23069 1.06341 0)
(1.58587 0.329719 0)
(1.37683 -0.013971 0)
(1.62467 -0.0834724 0)
(1.82241 -0.092358 0)
(1.97822 -0.103343 0)
(2.09766 -0.112821 0)
(2.19619 -0.119804 0)
(2.28347 -0.123588 0)
(2.36313 -0.124966 0)
(2.43531 -0.126036 0)
(2.49928 -0.12808 0)
(2.55686 -0.132283 0)
(2.60901 -0.134402 0)
(2.65691 -0.131763 0)
(2.7005 -0.133839 0)
(2.74358 -0.128837 0)
(2.78447 -0.122872 0)
(2.8211 -0.117878 0)
(2.85644 -0.116709 0)
(2.88679 -0.127197 0)
(2.90667 -0.127346 0)
(2.92817 -0.104665 0)
(2.95618 -0.0935888 0)
(2.97649 -0.100687 0)
(2.99161 -0.0735902 0)
(2.99675 -0.0445304 0)
(3.01363 0.00434661 0)
(3.00002 -1.12791e-05 0)
(3.02734 0.160942 0)
(2.53866 0.858796 0)
(1.46371 0.0700256 0)
(1.50792 -0.0832874 0)
(1.73614 -0.0895859 0)
(1.91982 -0.0690389 0)
(2.05021 -0.0632901 0)
(2.15236 -0.0683152 0)
(2.24216 -0.0733549 0)
(2.32524 -0.0761858 0)
(2.4022 -0.0768477 0)
(2.47333 -0.0774688 0)
(2.53877 -0.0802581 0)
(2.59665 -0.085712 0)
(2.64708 -0.0893271 0)
(2.69312 -0.0896307 0)
(2.73184 -0.0882201 0)
(2.77108 -0.0888988 0)
(2.80518 -0.0798888 0)
(2.83736 -0.0744056 0)
(2.86932 -0.0738835 0)
(2.89594 -0.0831462 0)
(2.91471 -0.0804178 0)
(2.94 -0.0671008 0)
(2.97381 -0.060557 0)
(2.9934 -0.0671205 0)
(3.0022 -0.0447861 0)
(3.01171 -0.0155735 0)
(3.02854 0.0210617 0)
(3 -2.24395e-06 0)
(3.00188 0.0202405 0)
(2.94538 0.755957 0)
(1.56132 0.140471 0)
(1.60305 0.00363225 0)
(1.81445 -0.032036 0)
(1.98495 -0.0340816 0)
(2.10174 -0.0329472 0)
(2.1954 -0.0326569 0)
(2.28089 -0.0323112 0)
(2.36119 -0.0313511 0)
(2.43524 -0.0296821 0)
(2.50189 -0.0280259 0)
(2.56098 -0.0274158 0)
(2.61475 -0.0294562 0)
(2.66653 -0.0301763 0)
(2.71669 -0.032567 0)
(2.76254 -0.0335227 0)
(2.78326 -0.0345688 0)
(2.79567 -0.0393959 0)
(2.81786 -0.0406551 0)
(2.84647 -0.0417818 0)
(2.86963 -0.0478606 0)
(2.88877 -0.0407054 0)
(2.91861 -0.0373242 0)
(2.95675 -0.034544 0)
(2.97766 -0.045025 0)
(2.98984 -0.021169 0)
(3.00918 -0.0248075 0)
(3.0328 -0.00678792 0)
)
;

boundaryField
{
    inlet
    {
        type            fixedValue;
        value           uniform (3 0 0);
    }
    outlet
    {
        type            inletOutlet;
        inletValue      uniform (3 0 0);
        value           nonuniform List<vector> 
30
(
(2.48472 0.012772 0)
(2.49814 0.0338147 0)
(2.51408 0.0470392 0)
(2.52769 0.0557245 0)
(2.54164 0.0819764 0)
(2.56156 0.0928576 0)
(2.57907 0.114509 0)
(2.59609 0.134148 0)
(2.60849 0.160509 0)
(2.62148 0.184681 0)
(2.62639 0.210934 0)
(2.63588 0.228369 0)
(2.64666 0.248879 0)
(2.6549 0.273052 0)
(2.65706 0.298775 0)
(2.66473 0.320561 0)
(2.67853 0.34017 0)
(2.69142 0.375791 0)
(2.70382 0.407493 0)
(2.72796 0.423145 0)
(2.77775 0.40422 0)
(2.83727 0.312573 0)
(2.91089 0.147083 0)
(2.95835 0.0237383 0)
(2.98063 -0.00791308 0)
(2.99297 -0.0020649 0)
(3.00039 0.00889965 0)
(3.01363 0.00434661 0)
(3.02854 0.0210617 0)
(3.0328 -0.00678792 0)
)
;
    }
    top
    {
        type            symmetryPlane;
    }
    bottom
    {
        type            symmetryPlane;
    }
    step
    {
        type            slip;
    }
    defaultFaces
    {
        type            empty;
    }
}


// ************************************************************************* //
