/*--------------------------------*- C++ -*----------------------------------*\
  =========                 |
  \\      /  F ield         | OpenFOAM: The Open Source CFD Toolbox
   \\    /   O peration     | Website:  https://openfoam.org
    \\  /    A nd           | Version:  6.0
     \\/     M anipulation  |
\*---------------------------------------------------------------------------*/
FoamFile
{
    version     2.0;
    format      ascii;
    class       volVectorField;
    location    "2.000492";
    object      U;
}
// * * * * * * * * * * * * * * * * * * * * * * * * * * * * * * * * * * * * * //

dimensions      [0 1 -1 0 0 0 0];

internalField   nonuniform List<vector> 
3000
(
(3 2.18376e-16 0)
(3 4.7969e-16 0)
(3 5.26951e-16 0)
(3 1.38627e-15 0)
(3 -2.85337e-16 0)
(1.23666 0.015417 0)
(0.650137 0.0168743 0)
(0.506931 0.0240337 0)
(0.332097 0.0283588 0)
(0.145969 0.0388274 0)
(3 2.18481e-16 0)
(3 -6.40017e-18 0)
(3 -2.98222e-16 0)
(3 1.09402e-15 0)
(3 -5.60068e-16 0)
(1.23501 0.0556437 0)
(0.640475 0.0534965 0)
(0.495005 0.0725815 0)
(0.320735 0.0869668 0)
(0.13945 0.118151 0)
(3 -1.71595e-17 0)
(3 -3.46324e-16 0)
(3 -4.11213e-16 0)
(3 -7.67619e-16 0)
(3 -9.40258e-16 0)
(1.25622 0.0981752 0)
(0.641787 0.0916045 0)
(0.491896 0.122378 0)
(0.314638 0.144783 0)
(0.139242 0.194115 0)
(3 2.22188e-16 0)
(3 1.33479e-15 0)
(3 1.03814e-15 0)
(3 -2.00686e-16 0)
(3 -1.61365e-15 0)
(1.29306 0.140249 0)
(0.649054 0.131177 0)
(0.494939 0.173847 0)
(0.311545 0.204826 0)
(0.132643 0.269558 0)
(3 5.36808e-17 0)
(3 8.52669e-16 0)
(3 9.52815e-16 0)
(3 3.85806e-16 0)
(3 -1.46239e-15 0)
(1.34312 0.182017 0)
(0.66015 0.171982 0)
(0.505419 0.226013 0)
(0.32064 0.267106 0)
(0.14146 0.34624 0)
(3 -1.84054e-16 0)
(3 -3.55433e-16 0)
(3 5.12423e-16 0)
(3 2.51651e-16 0)
(3 3.2126e-16 0)
(1.40926 0.223251 0)
(0.674961 0.213965 0)
(0.518936 0.278902 0)
(0.330609 0.333485 0)
(0.139824 0.428227 0)
(3 -3.82798e-17 0)
(3 1.27993e-17 0)
(3 7.99446e-18 0)
(3 2.72021e-16 0)
(3 1.58924e-16 0)
(1.49366 0.260404 0)
(0.696992 0.255717 0)
(0.545185 0.328888 0)
(0.360302 0.4013 0)
(0.16132 0.516213 0)
(3 8.3844e-17 0)
(3 8.46074e-16 0)
(3 2.67095e-16 0)
(3 9.25395e-17 0)
(3 -6.89987e-16 0)
(1.58475 0.305168 0)
(0.704187 0.300175 0)
(0.561317 0.377871 0)
(0.385104 0.477131 0)
(0.165149 0.621913 0)
(3 -6.58684e-17 0)
(3 9.65833e-17 0)
(3 7.7652e-16 0)
(3 3.86498e-17 0)
(3 -1.45147e-15 0)
(1.72193 0.352655 0)
(0.731352 0.351676 0)
(0.585954 0.420835 0)
(0.434239 0.550709 0)
(0.20155 0.734142 0)
(3 -3.41526e-16 0)
(3 -1.07964e-16 0)
(3 2.94786e-16 0)
(3 -3.06472e-16 0)
(3 -7.2288e-18 0)
(1.92977 0.389868 0)
(0.805636 0.396974 0)
(0.622194 0.458633 0)
(0.500602 0.623615 0)
(0.281323 0.910983 0)
(3 5.89726e-16 0)
(3 5.23997e-16 0)
(3 3.48719e-16 0)
(3 4.05965e-16 0)
(3 -1.65608e-16 0)
(1.23666 0.015417 0)
(0.650137 0.0168743 0)
(0.506931 0.0240337 0)
(0.332097 0.0283588 0)
(0.145969 0.0388274 0)
(3 8.41043e-17 0)
(3 -1.03481e-16 0)
(3 -1.27428e-17 0)
(3 6.77197e-16 0)
(3 4.10046e-16 0)
(1.23501 0.0556437 0)
(0.640475 0.0534965 0)
(0.495005 0.0725815 0)
(0.320735 0.0869668 0)
(0.13945 0.118151 0)
(3 -2.8924e-16 0)
(3 -4.96267e-16 0)
(3 -3.37586e-16 0)
(3 9.35797e-17 0)
(3 1.53497e-16 0)
(1.25622 0.0981752 0)
(0.641787 0.0916045 0)
(0.491896 0.122378 0)
(0.314638 0.144783 0)
(0.139242 0.194115 0)
(3 2.66721e-16 0)
(3 7.64704e-16 0)
(3 5.25303e-16 0)
(3 1.25989e-16 0)
(3 1.21644e-16 0)
(1.29306 0.140249 0)
(0.649054 0.131177 0)
(0.494939 0.173847 0)
(0.311545 0.204826 0)
(0.132643 0.269558 0)
(3 1.61279e-16 0)
(3 7.34703e-16 0)
(3 7.14388e-16 0)
(3 7.0152e-16 0)
(3 5.59486e-16 0)
(1.34312 0.182017 0)
(0.66015 0.171982 0)
(0.505419 0.226013 0)
(0.32064 0.267106 0)
(0.14146 0.34624 0)
(3 -5.67595e-17 0)
(3 3.08575e-16 0)
(3 9.49573e-17 0)
(3 -1.25958e-16 0)
(3 -1.85956e-16 0)
(1.40926 0.223251 0)
(0.674961 0.213965 0)
(0.518936 0.278902 0)
(0.330609 0.333485 0)
(0.139824 0.428227 0)
(3 3.39203e-16 0)
(3 3.51503e-16 0)
(3 -1.95273e-16 0)
(3 1.85361e-17 0)
(3 -9.72952e-17 0)
(1.49366 0.260404 0)
(0.696992 0.255717 0)
(0.545185 0.328888 0)
(0.360302 0.4013 0)
(0.16132 0.516213 0)
(3 -2.5528e-17 0)
(3 -1.9396e-17 0)
(3 1.16685e-16 0)
(3 2.27086e-16 0)
(3 -3.37007e-17 0)
(1.58475 0.305168 0)
(0.704187 0.300175 0)
(0.561317 0.377871 0)
(0.385104 0.477131 0)
(0.165149 0.621913 0)
(3 -3.57623e-16 0)
(3 -1.58999e-17 0)
(3 4.38319e-16 0)
(3 3.52574e-16 0)
(3 -3.76716e-16 0)
(1.72193 0.352655 0)
(0.731352 0.351676 0)
(0.585954 0.420835 0)
(0.434239 0.550709 0)
(0.20155 0.734142 0)
(3 -1.6117e-16 0)
(3 -1.21852e-16 0)
(3 2.86336e-16 0)
(3 1.58253e-16 0)
(3 -1.50099e-16 0)
(1.92977 0.389868 0)
(0.805636 0.396974 0)
(0.622194 0.458633 0)
(0.500602 0.623615 0)
(0.281323 0.910983 0)
(3 5.28144e-16 0)
(3 4.08942e-16 0)
(3 2.31343e-16 0)
(3 3.92473e-16 0)
(3 1.03015e-16 0)
(1.23666 0.015417 0)
(0.650137 0.0168743 0)
(0.506931 0.0240337 0)
(0.332097 0.0283588 0)
(0.145969 0.0388274 0)
(3 2.91798e-16 0)
(3 2.38017e-16 0)
(3 -1.20412e-16 0)
(3 1.12787e-16 0)
(3 2.23343e-16 0)
(1.23501 0.0556437 0)
(0.640475 0.0534965 0)
(0.495005 0.0725815 0)
(0.320735 0.0869668 0)
(0.13945 0.118151 0)
(3 -2.57976e-16 0)
(3 -2.42751e-16 0)
(3 -1.74937e-16 0)
(3 -1.88045e-16 0)
(3 -7.36614e-17 0)
(1.25622 0.0981752 0)
(0.641787 0.0916045 0)
(0.491896 0.122378 0)
(0.314638 0.144783 0)
(0.139242 0.194115 0)
(3 -2.52362e-17 0)
(3 2.54789e-16 0)
(3 3.98391e-16 0)
(3 1.85507e-17 0)
(3 3.17653e-16 0)
(1.29306 0.140249 0)
(0.649054 0.131177 0)
(0.494939 0.173847 0)
(0.311545 0.204826 0)
(0.132643 0.269558 0)
(3 1.68783e-16 0)
(3 6.27617e-16 0)
(3 3.75502e-16 0)
(3 2.93492e-16 0)
(3 3.13651e-16 0)
(1.34312 0.182017 0)
(0.66015 0.171982 0)
(0.505419 0.226013 0)
(0.32064 0.267106 0)
(0.14146 0.34624 0)
(3 7.72669e-18 0)
(3 -6.63334e-17 0)
(3 6.51732e-17 0)
(3 9.03652e-17 0)
(3 -1.54588e-16 0)
(1.40926 0.223251 0)
(0.674961 0.213965 0)
(0.518936 0.278902 0)
(0.330609 0.333485 0)
(0.139824 0.428227 0)
(3 3.12992e-16 0)
(3 1.94153e-16 0)
(3 3.59405e-17 0)
(3 1.51922e-16 0)
(3 1.47401e-16 0)
(1.49366 0.260404 0)
(0.696992 0.255717 0)
(0.545185 0.328888 0)
(0.360302 0.4013 0)
(0.16132 0.516213 0)
(3 1.15807e-16 0)
(3 1.353e-16 0)
(3 -4.04049e-17 0)
(3 -1.00861e-16 0)
(3 -4.6397e-18 0)
(1.58475 0.305168 0)
(0.704187 0.300175 0)
(0.561317 0.377871 0)
(0.385104 0.477131 0)
(0.165149 0.621913 0)
(3 -1.94562e-17 0)
(3 8.85498e-17 0)
(3 4.53073e-16 0)
(3 3.01462e-16 0)
(3 -2.27206e-16 0)
(1.72193 0.352655 0)
(0.731352 0.351676 0)
(0.585954 0.420835 0)
(0.434239 0.550709 0)
(0.20155 0.734142 0)
(3 -7.69193e-17 0)
(3 -7.80653e-17 0)
(3 2.71598e-16 0)
(3 2.45834e-16 0)
(3 -3.13917e-16 0)
(1.92977 0.389868 0)
(0.805636 0.396974 0)
(0.622194 0.458633 0)
(0.500602 0.623615 0)
(0.281323 0.910983 0)
(3 2.96484e-16 0)
(3 1.3338e-16 0)
(3 1.31035e-16 0)
(3 2.17338e-16 0)
(3 1.81638e-16 0)
(1.23666 0.015417 0)
(0.650137 0.0168743 0)
(0.506931 0.0240337 0)
(0.332097 0.0283588 0)
(0.145969 0.0388274 0)
(3 1.79182e-16 0)
(3 6.20579e-16 0)
(3 -5.44436e-18 0)
(3 -9.45984e-17 0)
(3 -7.76637e-17 0)
(1.23501 0.0556437 0)
(0.640475 0.0534965 0)
(0.495005 0.0725815 0)
(0.320735 0.0869668 0)
(0.13945 0.118151 0)
(3 1.12591e-16 0)
(3 2.40147e-16 0)
(3 -2.26013e-16 0)
(3 1.54327e-16 0)
(3 5.14411e-17 0)
(1.25622 0.0981752 0)
(0.641787 0.0916045 0)
(0.491896 0.122378 0)
(0.314638 0.144783 0)
(0.139242 0.194115 0)
(3 3.00073e-16 0)
(3 2.19842e-16 0)
(3 3.10476e-16 0)
(3 4.44355e-16 0)
(3 3.57961e-16 0)
(1.29306 0.140249 0)
(0.649054 0.131177 0)
(0.494939 0.173847 0)
(0.311545 0.204826 0)
(0.132643 0.269558 0)
(3 1.58543e-17 0)
(3 2.09111e-16 0)
(3 2.84969e-16 0)
(3 8.00696e-17 0)
(3 3.13962e-16 0)
(1.34312 0.182017 0)
(0.66015 0.171982 0)
(0.505419 0.226013 0)
(0.32064 0.267106 0)
(0.14146 0.34624 0)
(3 -9.43417e-17 0)
(3 -3.93014e-16 0)
(3 1.20423e-16 0)
(3 4.89408e-16 0)
(3 2.51455e-16 0)
(1.40926 0.223251 0)
(0.674961 0.213965 0)
(0.518936 0.278902 0)
(0.330609 0.333485 0)
(0.139824 0.428227 0)
(3 1.67945e-16 0)
(3 -8.56288e-17 0)
(3 1.00742e-16 0)
(3 3.41894e-16 0)
(3 5.70562e-17 0)
(1.49366 0.260404 0)
(0.696992 0.255717 0)
(0.545185 0.328888 0)
(0.360302 0.4013 0)
(0.16132 0.516213 0)
(3 -1.41558e-17 0)
(3 2.41166e-16 0)
(3 -2.17547e-16 0)
(3 -5.04267e-16 0)
(3 -2.12908e-16 0)
(1.58475 0.305168 0)
(0.704187 0.300175 0)
(0.561317 0.377871 0)
(0.385104 0.477131 0)
(0.165149 0.621913 0)
(3 1.05803e-16 0)
(3 4.8666e-16 0)
(3 3.24028e-16 0)
(3 2.69817e-16 0)
(3 -9.55328e-17 0)
(1.72193 0.352655 0)
(0.731352 0.351676 0)
(0.585954 0.420835 0)
(0.434239 0.550709 0)
(0.20155 0.734142 0)
(3 5.69114e-17 0)
(3 6.14762e-17 0)
(3 2.57429e-16 0)
(3 2.85087e-16 0)
(3 -4.54664e-16 0)
(1.92977 0.389868 0)
(0.805636 0.396974 0)
(0.622194 0.458633 0)
(0.500602 0.623615 0)
(0.281323 0.910983 0)
(3 3.21048e-16 0)
(3 1.3616e-16 0)
(3 1.22521e-16 0)
(3 1.62001e-16 0)
(3 1.70734e-16 0)
(1.23666 0.015417 0)
(0.650137 0.0168743 0)
(0.506931 0.0240337 0)
(0.332097 0.0283588 0)
(0.145969 0.0388274 0)
(3 1.53051e-16 0)
(3 7.50943e-16 0)
(3 2.64426e-16 0)
(3 -3.32754e-16 0)
(3 -2.94207e-16 0)
(1.23501 0.0556437 0)
(0.640475 0.0534965 0)
(0.495005 0.0725815 0)
(0.320735 0.0869668 0)
(0.13945 0.118151 0)
(3 1.10694e-16 0)
(3 1.71685e-16 0)
(3 1.96576e-17 0)
(3 -5.76089e-18 0)
(3 2.56286e-16 0)
(1.25622 0.0981752 0)
(0.641787 0.0916045 0)
(0.491896 0.122378 0)
(0.314638 0.144783 0)
(0.139242 0.194115 0)
(3 1.94367e-16 0)
(3 6.85929e-17 0)
(3 1.80176e-16 0)
(3 6.40326e-16 0)
(3 4.55018e-16 0)
(1.29306 0.140249 0)
(0.649054 0.131177 0)
(0.494939 0.173847 0)
(0.311545 0.204826 0)
(0.132643 0.269558 0)
(3 1.89839e-16 0)
(3 3.06092e-16 0)
(3 2.86337e-16 0)
(3 1.17611e-16 0)
(3 -3.10174e-16 0)
(1.34312 0.182017 0)
(0.66015 0.171982 0)
(0.505419 0.226013 0)
(0.32064 0.267106 0)
(0.14146 0.34624 0)
(3 2.26932e-16 0)
(3 -7.95428e-17 0)
(3 2.17482e-16 0)
(3 1.39052e-16 0)
(3 3.48843e-16 0)
(1.40926 0.223251 0)
(0.674961 0.213965 0)
(0.518936 0.278902 0)
(0.330609 0.333485 0)
(0.139824 0.428227 0)
(3 1.48125e-16 0)
(3 2.98488e-17 0)
(3 7.39102e-17 0)
(3 4.69697e-16 0)
(3 4.26463e-17 0)
(1.49366 0.260404 0)
(0.696992 0.255717 0)
(0.545185 0.328888 0)
(0.360302 0.4013 0)
(0.16132 0.516213 0)
(3 2.17571e-17 0)
(3 2.6095e-17 0)
(3 -1.91402e-16 0)
(3 -2.23906e-17 0)
(3 1.19414e-16 0)
(1.58475 0.305168 0)
(0.704187 0.300175 0)
(0.561317 0.377871 0)
(0.385104 0.477131 0)
(0.165149 0.621913 0)
(3 -6.64417e-17 0)
(3 2.82334e-16 0)
(3 1.94317e-16 0)
(3 -2.89456e-16 0)
(3 -9.88368e-17 0)
(1.72193 0.352655 0)
(0.731352 0.351676 0)
(0.585954 0.420835 0)
(0.434239 0.550709 0)
(0.20155 0.734142 0)
(3 -5.25046e-17 0)
(3 -1.07112e-16 0)
(3 8.94747e-17 0)
(3 1.57155e-16 0)
(3 -7.50094e-16 0)
(1.92977 0.389868 0)
(0.805636 0.396974 0)
(0.622194 0.458633 0)
(0.500602 0.623615 0)
(0.281323 0.910983 0)
(3 2.57235e-16 0)
(3 8.84728e-17 0)
(3 3.4807e-17 0)
(3 -6.23223e-18 0)
(3 -1.24798e-16 0)
(1.23666 0.015417 0)
(0.650137 0.0168743 0)
(0.506931 0.0240337 0)
(0.332097 0.0283588 0)
(0.145969 0.0388274 0)
(3 -8.19317e-17 0)
(3 5.84985e-16 0)
(3 2.91132e-16 0)
(3 -3.22267e-17 0)
(3 -3.28891e-16 0)
(1.23501 0.0556437 0)
(0.640475 0.0534965 0)
(0.495005 0.0725815 0)
(0.320735 0.0869668 0)
(0.13945 0.118151 0)
(3 8.18967e-17 0)
(3 3.58667e-16 0)
(3 -2.56329e-17 0)
(3 1.00229e-16 0)
(3 2.73995e-16 0)
(1.25622 0.0981752 0)
(0.641787 0.0916045 0)
(0.491896 0.122378 0)
(0.314638 0.144783 0)
(0.139242 0.194115 0)
(3 2.68907e-16 0)
(3 1.01448e-16 0)
(3 2.04543e-16 0)
(3 2.16633e-16 0)
(3 1.30852e-16 0)
(1.29306 0.140249 0)
(0.649054 0.131177 0)
(0.494939 0.173847 0)
(0.311545 0.204826 0)
(0.132643 0.269558 0)
(3 3.53604e-16 0)
(3 1.6463e-16 0)
(3 1.73428e-16 0)
(3 8.97116e-17 0)
(3 -2.84984e-16 0)
(1.34312 0.182017 0)
(0.66015 0.171982 0)
(0.505419 0.226013 0)
(0.32064 0.267106 0)
(0.14146 0.34624 0)
(3 -3.94989e-17 0)
(3 1.14663e-16 0)
(3 2.69392e-16 0)
(3 2.61562e-16 0)
(3 7.74207e-16 0)
(1.40926 0.223251 0)
(0.674961 0.213965 0)
(0.518936 0.278902 0)
(0.330609 0.333485 0)
(0.139824 0.428227 0)
(3 3.73904e-17 0)
(3 1.38767e-17 0)
(3 3.92365e-16 0)
(3 4.06306e-16 0)
(3 -2.99747e-16 0)
(1.49366 0.260404 0)
(0.696992 0.255717 0)
(0.545185 0.328888 0)
(0.360302 0.4013 0)
(0.16132 0.516213 0)
(3 1.19144e-16 0)
(3 1.08043e-18 0)
(3 -3.35663e-16 0)
(3 7.46495e-17 0)
(3 -5.98231e-17 0)
(1.58475 0.305168 0)
(0.704187 0.300175 0)
(0.561317 0.377871 0)
(0.385104 0.477131 0)
(0.165149 0.621913 0)
(3 -6.29638e-17 0)
(3 1.96049e-16 0)
(3 -1.42645e-16 0)
(3 -2.78498e-16 0)
(3 -2.2685e-16 0)
(1.72193 0.352655 0)
(0.731352 0.351676 0)
(0.585954 0.420835 0)
(0.434239 0.550709 0)
(0.20155 0.734142 0)
(3 -1.3999e-16 0)
(3 2.6008e-18 0)
(3 7.02176e-17 0)
(3 -6.1019e-17 0)
(3 -7.66375e-16 0)
(1.92977 0.389868 0)
(0.805636 0.396974 0)
(0.622194 0.458633 0)
(0.500602 0.623615 0)
(0.281323 0.910983 0)
(3 2.30898e-16 0)
(3 2.48079e-16 0)
(3 3.42977e-16 0)
(3 -5.99558e-17 0)
(3 -3.19223e-16 0)
(1.23666 0.015417 0)
(0.650137 0.0168743 0)
(0.506931 0.0240337 0)
(0.332097 0.0283588 0)
(0.145969 0.0388274 0)
(3 1.04526e-16 0)
(3 4.92082e-16 0)
(3 2.4376e-16 0)
(3 -2.38165e-16 0)
(3 -2.9286e-16 0)
(1.23501 0.0556437 0)
(0.640475 0.0534965 0)
(0.495005 0.0725815 0)
(0.320735 0.0869668 0)
(0.13945 0.118151 0)
(3 -7.5244e-17 0)
(3 -3.98911e-17 0)
(3 -4.5178e-17 0)
(3 1.00565e-16 0)
(3 1.27234e-16 0)
(1.25622 0.0981752 0)
(0.641787 0.0916045 0)
(0.491896 0.122378 0)
(0.314638 0.144783 0)
(0.139242 0.194115 0)
(3 1.09879e-16 0)
(3 7.38673e-17 0)
(3 2.2187e-16 0)
(3 1.85773e-17 0)
(3 -1.2815e-16 0)
(1.29306 0.140249 0)
(0.649054 0.131177 0)
(0.494939 0.173847 0)
(0.311545 0.204826 0)
(0.132643 0.269558 0)
(3 2.06302e-16 0)
(3 2.8822e-16 0)
(3 2.30433e-16 0)
(3 -1.38022e-16 0)
(3 8.11699e-17 0)
(1.34312 0.182017 0)
(0.66015 0.171982 0)
(0.505419 0.226013 0)
(0.32064 0.267106 0)
(0.14146 0.34624 0)
(3 -1.21589e-16 0)
(3 -1.91135e-16 0)
(3 1.3727e-16 0)
(3 3.46154e-16 0)
(3 2.10856e-16 0)
(1.40926 0.223251 0)
(0.674961 0.213965 0)
(0.518936 0.278902 0)
(0.330609 0.333485 0)
(0.139824 0.428227 0)
(3 -7.47262e-17 0)
(3 -3.95055e-17 0)
(3 1.87537e-16 0)
(3 2.37349e-16 0)
(3 -5.59186e-16 0)
(1.49366 0.260404 0)
(0.696992 0.255717 0)
(0.545185 0.328888 0)
(0.360302 0.4013 0)
(0.16132 0.516213 0)
(3 -2.78763e-17 0)
(3 1.12415e-16 0)
(3 -3.66464e-16 0)
(3 -3.19381e-16 0)
(3 -3.05012e-16 0)
(1.58475 0.305168 0)
(0.704187 0.300175 0)
(0.561317 0.377871 0)
(0.385104 0.477131 0)
(0.165149 0.621913 0)
(3 1.8853e-17 0)
(3 3.70507e-16 0)
(3 -1.38566e-17 0)
(3 -3.22592e-16 0)
(3 -1.15727e-16 0)
(1.72193 0.352655 0)
(0.731352 0.351676 0)
(0.585954 0.420835 0)
(0.434239 0.550709 0)
(0.20155 0.734142 0)
(3 4.1348e-18 0)
(3 2.88117e-17 0)
(3 1.83392e-16 0)
(3 5.54839e-17 0)
(3 -6.0121e-16 0)
(1.92977 0.389868 0)
(0.805636 0.396974 0)
(0.622194 0.458633 0)
(0.500602 0.623615 0)
(0.281323 0.910983 0)
(3 4.90704e-16 0)
(3 3.98018e-16 0)
(3 1.80823e-16 0)
(3 6.95422e-17 0)
(3 -4.30359e-16 0)
(1.23666 0.015417 0)
(0.650137 0.0168743 0)
(0.506931 0.0240337 0)
(0.332097 0.0283588 0)
(0.145969 0.0388274 0)
(3 4.29292e-16 0)
(3 4.9991e-16 0)
(3 -2.66715e-17 0)
(3 -2.60835e-16 0)
(3 -2.08909e-18 0)
(1.23501 0.0556437 0)
(0.640475 0.0534965 0)
(0.495005 0.0725815 0)
(0.320735 0.0869668 0)
(0.13945 0.118151 0)
(3 -4.37465e-16 0)
(3 -2.67918e-16 0)
(3 -7.82943e-17 0)
(3 -7.10674e-17 0)
(3 4.22484e-16 0)
(1.25622 0.0981752 0)
(0.641787 0.0916045 0)
(0.491896 0.122378 0)
(0.314638 0.144783 0)
(0.139242 0.194115 0)
(3 -1.08975e-16 0)
(3 -1.80673e-16 0)
(3 -6.19512e-18 0)
(3 -1.18417e-16 0)
(3 -4.41555e-16 0)
(1.29306 0.140249 0)
(0.649054 0.131177 0)
(0.494939 0.173847 0)
(0.311545 0.204826 0)
(0.132643 0.269558 0)
(3 1.86848e-16 0)
(3 3.45753e-16 0)
(3 3.1174e-16 0)
(3 -1.96474e-16 0)
(3 -2.41025e-16 0)
(1.34312 0.182017 0)
(0.66015 0.171982 0)
(0.505419 0.226013 0)
(0.32064 0.267106 0)
(0.14146 0.34624 0)
(3 8.50851e-18 0)
(3 -2.49663e-16 0)
(3 7.99808e-17 0)
(3 3.27587e-16 0)
(3 3.89461e-17 0)
(1.40926 0.223251 0)
(0.674961 0.213965 0)
(0.518936 0.278902 0)
(0.330609 0.333485 0)
(0.139824 0.428227 0)
(3 -5.41045e-17 0)
(3 -1.44026e-16 0)
(3 -4.52144e-16 0)
(3 -1.13942e-16 0)
(3 5.73042e-17 0)
(1.49366 0.260404 0)
(0.696992 0.255717 0)
(0.545185 0.328888 0)
(0.360302 0.4013 0)
(0.16132 0.516213 0)
(3 -1.67136e-16 0)
(3 1.78928e-16 0)
(3 -5.85746e-16 0)
(3 -4.96601e-16 0)
(3 -4.88379e-16 0)
(1.58475 0.305168 0)
(0.704187 0.300175 0)
(0.561317 0.377871 0)
(0.385104 0.477131 0)
(0.165149 0.621913 0)
(3 5.35644e-17 0)
(3 3.17887e-16 0)
(3 2.24711e-16 0)
(3 1.06425e-16 0)
(3 -6.22948e-16 0)
(1.72193 0.352655 0)
(0.731352 0.351676 0)
(0.585954 0.420835 0)
(0.434239 0.550709 0)
(0.20155 0.734142 0)
(3 8.11673e-17 0)
(3 -1.64188e-17 0)
(3 1.58255e-16 0)
(3 -5.36827e-17 0)
(3 -1.38904e-16 0)
(1.92977 0.389868 0)
(0.805636 0.396974 0)
(0.622194 0.458633 0)
(0.500602 0.623615 0)
(0.281323 0.910983 0)
(3 3.90652e-16 0)
(3 2.38871e-16 0)
(3 1.23188e-16 0)
(3 -1.81133e-17 0)
(3 2.26324e-16 0)
(1.23666 0.015417 0)
(0.650137 0.0168743 0)
(0.506931 0.0240337 0)
(0.332097 0.0283588 0)
(0.145969 0.0388274 0)
(3 3.74053e-16 0)
(3 3.2957e-16 0)
(3 8.2456e-17 0)
(3 -5.11956e-16 0)
(3 4.24546e-19 0)
(1.23501 0.0556437 0)
(0.640475 0.0534965 0)
(0.495005 0.0725815 0)
(0.320735 0.0869668 0)
(0.13945 0.118151 0)
(3 -1.02918e-16 0)
(3 -2.23311e-16 0)
(3 -7.56953e-16 0)
(3 -3.64087e-16 0)
(3 -2.02369e-16 0)
(1.25622 0.0981752 0)
(0.641787 0.0916045 0)
(0.491896 0.122378 0)
(0.314638 0.144783 0)
(0.139242 0.194115 0)
(3 -1.63928e-16 0)
(3 -1.4823e-17 0)
(3 -9.49332e-17 0)
(3 1.16755e-16 0)
(3 -2.08073e-16 0)
(1.29306 0.140249 0)
(0.649054 0.131177 0)
(0.494939 0.173847 0)
(0.311545 0.204826 0)
(0.132643 0.269558 0)
(3 8.20365e-17 0)
(3 1.75107e-16 0)
(3 4.15344e-16 0)
(3 -1.3929e-17 0)
(3 -4.37574e-16 0)
(1.34312 0.182017 0)
(0.66015 0.171982 0)
(0.505419 0.226013 0)
(0.32064 0.267106 0)
(0.14146 0.34624 0)
(3 1.85454e-16 0)
(3 -3.1229e-16 0)
(3 -8.20536e-17 0)
(3 -1.55239e-18 0)
(3 3.22989e-16 0)
(1.40926 0.223251 0)
(0.674961 0.213965 0)
(0.518936 0.278902 0)
(0.330609 0.333485 0)
(0.139824 0.428227 0)
(3 5.3938e-17 0)
(3 -3.99225e-17 0)
(3 -8.29041e-16 0)
(3 -2.5297e-17 0)
(3 -3.66854e-16 0)
(1.49366 0.260404 0)
(0.696992 0.255717 0)
(0.545185 0.328888 0)
(0.360302 0.4013 0)
(0.16132 0.516213 0)
(3 -1.53756e-16 0)
(3 3.41344e-16 0)
(3 2.11618e-16 0)
(3 -3.84328e-17 0)
(3 -1.22639e-15 0)
(1.58475 0.305168 0)
(0.704187 0.300175 0)
(0.561317 0.377871 0)
(0.385104 0.477131 0)
(0.165149 0.621913 0)
(3 -2.43776e-16 0)
(3 9.04988e-17 0)
(3 4.20924e-16 0)
(3 2.66006e-16 0)
(3 -8.21518e-16 0)
(1.72193 0.352655 0)
(0.731352 0.351676 0)
(0.585954 0.420835 0)
(0.434239 0.550709 0)
(0.20155 0.734142 0)
(3 3.67728e-19 0)
(3 -1.86971e-16 0)
(3 2.17441e-16 0)
(3 -9.38944e-17 0)
(3 -3.2088e-16 0)
(1.92977 0.389868 0)
(0.805636 0.396974 0)
(0.622194 0.458633 0)
(0.500602 0.623615 0)
(0.281323 0.910983 0)
(3 2.26759e-16 0)
(3 -6.79112e-17 0)
(3 -1.10217e-15 0)
(3 -6.25034e-16 0)
(3 -1.86916e-16 0)
(1.23666 0.015417 0)
(0.650137 0.0168743 0)
(0.506931 0.0240337 0)
(0.332097 0.0283588 0)
(0.145969 0.0388274 0)
(3 6.48083e-16 0)
(3 -2.12771e-16 0)
(3 3.81196e-16 0)
(3 1.00798e-17 0)
(3 -1.11417e-15 0)
(1.23501 0.0556437 0)
(0.640475 0.0534965 0)
(0.495005 0.0725815 0)
(0.320735 0.0869668 0)
(0.13945 0.118151 0)
(3 6.42552e-17 0)
(3 4.23376e-16 0)
(3 5.26715e-16 0)
(3 -1.24479e-16 0)
(3 3.63613e-16 0)
(1.25622 0.0981752 0)
(0.641787 0.0916045 0)
(0.491896 0.122378 0)
(0.314638 0.144783 0)
(0.139242 0.194115 0)
(3 -9.56611e-17 0)
(3 -5.83848e-17 0)
(3 3.54719e-16 0)
(3 3.47896e-16 0)
(3 6.64293e-16 0)
(1.29306 0.140249 0)
(0.649054 0.131177 0)
(0.494939 0.173847 0)
(0.311545 0.204826 0)
(0.132643 0.269558 0)
(3 -2.33267e-16 0)
(3 -4.26339e-16 0)
(3 -3.25174e-16 0)
(3 -5.49097e-17 0)
(3 2.33089e-16 0)
(1.34312 0.182017 0)
(0.66015 0.171982 0)
(0.505419 0.226013 0)
(0.32064 0.267106 0)
(0.14146 0.34624 0)
(3 5.89537e-16 0)
(3 -1.34091e-16 0)
(3 -7.42948e-16 0)
(3 2.12206e-16 0)
(3 7.35371e-16 0)
(1.40926 0.223251 0)
(0.674961 0.213965 0)
(0.518936 0.278902 0)
(0.330609 0.333485 0)
(0.139824 0.428227 0)
(3 -6.49646e-16 0)
(3 5.53151e-16 0)
(3 4.65449e-16 0)
(3 1.18959e-15 0)
(3 1.32127e-15 0)
(1.49366 0.260404 0)
(0.696992 0.255717 0)
(0.545185 0.328888 0)
(0.360302 0.4013 0)
(0.16132 0.516213 0)
(3 -1.05759e-16 0)
(3 5.86954e-17 0)
(3 1.04058e-15 0)
(3 4.01595e-16 0)
(3 5.47277e-16 0)
(1.58475 0.305168 0)
(0.704187 0.300175 0)
(0.561317 0.377871 0)
(0.385104 0.477131 0)
(0.165149 0.621913 0)
(3 3.70727e-16 0)
(3 3.30487e-16 0)
(3 7.4274e-16 0)
(3 -1.24339e-16 0)
(3 -7.8212e-17 0)
(1.72193 0.352655 0)
(0.731352 0.351676 0)
(0.585954 0.420835 0)
(0.434239 0.550709 0)
(0.20155 0.734142 0)
(3 4.46886e-17 0)
(3 8.66178e-18 0)
(3 1.82502e-16 0)
(3 -9.6606e-16 0)
(3 2.50728e-17 0)
(1.92977 0.389868 0)
(0.805636 0.396974 0)
(0.622194 0.458633 0)
(0.500602 0.623615 0)
(0.281323 0.910983 0)
(3 2.0038e-17 0)
(3 4.05426e-16 0)
(3 7.81714e-17 0)
(3 5.94466e-16 0)
(3 -7.57111e-16 0)
(2.48757 0.32249 0)
(0.973408 0.544438 0)
(0.731634 0.559973 0)
(0.692327 0.734205 0)
(0.784728 1.0227 0)
(3 -4.55456e-17 0)
(3 -7.33086e-17 0)
(3 1.33231e-17 0)
(3 1.21398e-17 0)
(3 -3.04765e-16 0)
(3.05194 0.0334918 0)
(1.51943 0.641586 0)
(0.956569 0.71895 0)
(0.966934 0.753232 0)
(1.14665 0.834613 0)
(3 -2.59586e-16 0)
(3 -1.10188e-16 0)
(3 -1.33221e-17 0)
(3 2.29817e-16 0)
(3 5.69778e-16 0)
(3.00293 0.000593263 0)
(2.61509 0.38835 0)
(1.28809 0.807118 0)
(1.15047 0.837941 0)
(1.32884 0.850088 0)
(3 5.36357e-16 0)
(3 -3.83648e-16 0)
(3 -3.22082e-16 0)
(3 2.30681e-16 0)
(3 -1.32639e-15 0)
(3 9.29968e-07 0)
(3.02974 0.0255299 0)
(2.02267 0.673823 0)
(1.3276 0.871135 0)
(1.44119 0.873383 0)
(3 3.37209e-16 0)
(3 5.27799e-16 0)
(3 6.46905e-16 0)
(3 -2.36156e-16 0)
(3 -1.36377e-16 0)
(3 -5.0805e-08 0)
(3.00067 0.000617822 0)
(2.94039 0.149379 0)
(1.84672 0.797711 0)
(1.51885 0.893812 0)
(3 -5.42629e-17 0)
(3 4.02621e-17 0)
(3 5.65248e-16 0)
(3 -6.43947e-16 0)
(3 -7.80808e-16 0)
(3 -6.96973e-09 0)
(3 5.17106e-07 0)
(3.00242 0.00726082 0)
(2.80951 0.292556 0)
(1.82192 0.845797 0)
(3 -2.22808e-16 0)
(3 -6.0091e-16 0)
(3 -4.05872e-16 0)
(3 -7.3383e-16 0)
(3 6.542e-16 0)
(3 -2.47746e-10 0)
(3 -1.66271e-10 0)
(3 3.95379e-05 0)
(3.00469 0.0158186 0)
(2.58003 0.476689 0)
(3 -1.67487e-16 0)
(3 8.74509e-17 0)
(3 2.36401e-16 0)
(3 3.38609e-16 0)
(3 1.38185e-15 0)
(3 -9.1759e-13 0)
(3 -2.72077e-11 0)
(3 1.33729e-08 0)
(3.00002 0.000245215 0)
(3.03657 0.0341181 0)
(3 8.78605e-17 0)
(3 1.96818e-16 0)
(3 1.21915e-16 0)
(3 1.33314e-16 0)
(3 -7.18833e-17 0)
(3 -1.41968e-15 0)
(3 -9.1375e-13 0)
(3 5.06927e-13 0)
(3 3.65468e-07 0)
(3.00193 0.000168561 0)
(3 4.69576e-17 0)
(3 3.41095e-17 0)
(3 -2.64284e-16 0)
(3 -3.67577e-16 0)
(3 -5.96862e-16 0)
(3 -4.77886e-16 0)
(3 -5.31064e-15 0)
(3 -4.01047e-15 0)
(3 8.28136e-11 0)
(3 1.78819e-07 0)
(3 9.90004e-17 0)
(3 1.73002e-16 0)
(3 3.09176e-16 0)
(3 2.51445e-16 0)
(3 2.17419e-16 0)
(2.48757 0.32249 0)
(0.973408 0.544438 0)
(0.731634 0.559973 0)
(0.692327 0.734205 0)
(0.784728 1.0227 0)
(3 3.48311e-17 0)
(3 5.12943e-17 0)
(3 5.25997e-17 0)
(3 -5.22018e-17 0)
(3 -2.13599e-16 0)
(3.05194 0.0334918 0)
(1.51943 0.641586 0)
(0.956569 0.71895 0)
(0.966934 0.753232 0)
(1.14665 0.834613 0)
(3 -1.20971e-16 0)
(3 -3.97911e-16 0)
(3 -6.89392e-16 0)
(3 -2.58626e-16 0)
(3 -4.2232e-16 0)
(3.00293 0.000593263 0)
(2.61509 0.38835 0)
(1.28809 0.807118 0)
(1.15047 0.837941 0)
(1.32884 0.850088 0)
(3 1.16927e-16 0)
(3 1.22767e-16 0)
(3 1.58643e-16 0)
(3 2.65353e-16 0)
(3 2.21363e-16 0)
(3 9.29968e-07 0)
(3.02974 0.0255299 0)
(2.02267 0.673823 0)
(1.3276 0.871135 0)
(1.44119 0.873383 0)
(3 2.88815e-17 0)
(3 2.32806e-16 0)
(3 3.42965e-16 0)
(3 4.80176e-16 0)
(3 3.42781e-16 0)
(3 -5.0805e-08 0)
(3.00067 0.000617822 0)
(2.94039 0.149379 0)
(1.84672 0.797711 0)
(1.51885 0.893812 0)
(3 -2.83228e-17 0)
(3 -1.04482e-17 0)
(3 -3.24781e-16 0)
(3 -1.77049e-16 0)
(3 -2.16736e-16 0)
(3 -6.96973e-09 0)
(3 5.17106e-07 0)
(3.00242 0.00726082 0)
(2.80951 0.292556 0)
(1.82192 0.845797 0)
(3 -4.02874e-17 0)
(3 -2.03553e-16 0)
(3 -1.71635e-17 0)
(3 -4.04514e-16 0)
(3 1.73043e-16 0)
(3 -2.47745e-10 0)
(3 -1.66268e-10 0)
(3 3.95379e-05 0)
(3.00469 0.0158186 0)
(2.58003 0.476689 0)
(3 -1.57183e-16 0)
(3 -4.06636e-16 0)
(3 3.24961e-17 0)
(3 1.99425e-16 0)
(3 1.41855e-16 0)
(3 -9.18465e-13 0)
(3 -2.72089e-11 0)
(3 1.33729e-08 0)
(3.00002 0.000245215 0)
(3.03657 0.0341181 0)
(3 8.83518e-17 0)
(3 3.04077e-16 0)
(3 3.31409e-16 0)
(3 3.10089e-16 0)
(3 2.48089e-16 0)
(3 -1.83527e-16 0)
(3 -9.13287e-13 0)
(3 5.056e-13 0)
(3 3.65468e-07 0)
(3.00193 0.000168561 0)
(3 8.84738e-17 0)
(3 2.44673e-16 0)
(3 2.2083e-16 0)
(3 1.8391e-17 0)
(3 -1.33456e-16 0)
(3 1.5699e-16 0)
(3 -4.80069e-15 0)
(3 -3.71775e-15 0)
(3 8.2813e-11 0)
(3 1.78819e-07 0)
(3 6.59446e-17 0)
(3 2.27072e-16 0)
(3 2.90805e-16 0)
(3 2.55625e-16 0)
(3 1.43882e-16 0)
(2.48757 0.32249 0)
(0.973408 0.544438 0)
(0.731634 0.559973 0)
(0.692327 0.734205 0)
(0.784728 1.0227 0)
(3 3.86955e-17 0)
(3 1.81794e-16 0)
(3 1.47292e-16 0)
(3 -6.85132e-17 0)
(3 -1.43602e-16 0)
(3.05194 0.0334918 0)
(1.51943 0.641586 0)
(0.956569 0.71895 0)
(0.966934 0.753232 0)
(1.14665 0.834613 0)
(3 -8.41031e-17 0)
(3 -3.36488e-16 0)
(3 -6.26623e-16 0)
(3 -3.67374e-16 0)
(3 -6.0958e-16 0)
(3.00293 0.000593263 0)
(2.61509 0.38835 0)
(1.28809 0.807118 0)
(1.15047 0.837941 0)
(1.32884 0.850088 0)
(3 9.50566e-17 0)
(3 7.85376e-17 0)
(3 1.54436e-16 0)
(3 2.1689e-16 0)
(3 1.1933e-16 0)
(3 9.29968e-07 0)
(3.02974 0.0255299 0)
(2.02267 0.673823 0)
(1.3276 0.871135 0)
(1.44119 0.873383 0)
(3 -5.27639e-18 0)
(3 4.15104e-17 0)
(3 7.35626e-17 0)
(3 1.08596e-16 0)
(3 2.00491e-16 0)
(3 -5.0805e-08 0)
(3.00067 0.000617822 0)
(2.94039 0.149379 0)
(1.84672 0.797711 0)
(1.51885 0.893812 0)
(3 -7.78867e-17 0)
(3 -1.36392e-16 0)
(3 -3.80324e-16 0)
(3 -2.79277e-16 0)
(3 -1.0796e-16 0)
(3 -6.96973e-09 0)
(3 5.17106e-07 0)
(3.00242 0.00726082 0)
(2.80951 0.292556 0)
(1.82192 0.845797 0)
(3 -8.38592e-17 0)
(3 -5.79631e-17 0)
(3 -1.55573e-17 0)
(3 -1.38437e-16 0)
(3 1.14065e-17 0)
(3 -2.47746e-10 0)
(3 -1.66268e-10 0)
(3 3.95379e-05 0)
(3.00469 0.0158186 0)
(2.58003 0.476689 0)
(3 -9.55596e-17 0)
(3 -1.8655e-16 0)
(3 -2.68812e-18 0)
(3 3.16233e-17 0)
(3 5.08351e-17 0)
(3 -9.18037e-13 0)
(3 -2.72088e-11 0)
(3 1.33729e-08 0)
(3.00002 0.000245215 0)
(3.03657 0.0341181 0)
(3 6.11177e-17 0)
(3 1.65212e-16 0)
(3 3.09022e-16 0)
(3 1.83326e-16 0)
(3 1.75881e-16 0)
(3 -2.90021e-16 0)
(3 -9.1303e-13 0)
(3 5.05326e-13 0)
(3 3.65468e-07 0)
(3.00193 0.000168561 0)
(3 5.19033e-17 0)
(3 1.39078e-16 0)
(3 1.68815e-16 0)
(3 7.41474e-17 0)
(3 6.06979e-17 0)
(3 1.91352e-16 0)
(3 -4.73928e-15 0)
(3 -3.68527e-15 0)
(3 8.2813e-11 0)
(3 1.78819e-07 0)
(3 4.41199e-17 0)
(3 2.24241e-16 0)
(3 3.03109e-16 0)
(3 2.59474e-16 0)
(3 2.09918e-16 0)
(2.48757 0.32249 0)
(0.973408 0.544438 0)
(0.731634 0.559973 0)
(0.692327 0.734205 0)
(0.784728 1.0227 0)
(3 -4.80614e-19 0)
(3 7.5679e-17 0)
(3 1.1608e-16 0)
(3 -1.28943e-16 0)
(3 -2.80877e-16 0)
(3.05194 0.0334918 0)
(1.51943 0.641586 0)
(0.956569 0.71895 0)
(0.966934 0.753232 0)
(1.14665 0.834613 0)
(3 -4.93149e-17 0)
(3 -3.33713e-16 0)
(3 -4.73217e-16 0)
(3 -3.63303e-16 0)
(3 -5.98178e-16 0)
(3.00293 0.000593263 0)
(2.61509 0.38835 0)
(1.28809 0.807118 0)
(1.15047 0.837941 0)
(1.32884 0.850088 0)
(3 6.18854e-17 0)
(3 1.48462e-16 0)
(3 1.72964e-16 0)
(3 3.16496e-16 0)
(3 8.68294e-17 0)
(3 9.29968e-07 0)
(3.02974 0.0255299 0)
(2.02267 0.673823 0)
(1.3276 0.871135 0)
(1.44119 0.873383 0)
(3 -8.90027e-17 0)
(3 -3.55555e-17 0)
(3 -8.15298e-17 0)
(3 -1.26505e-16 0)
(3 7.91099e-17 0)
(3 -5.0805e-08 0)
(3.00067 0.000617822 0)
(2.94039 0.149379 0)
(1.84672 0.797711 0)
(1.51885 0.893812 0)
(3 -8.56039e-17 0)
(3 -2.17871e-16 0)
(3 -3.27171e-16 0)
(3 -3.74177e-16 0)
(3 -2.26335e-16 0)
(3 -6.96973e-09 0)
(3 5.17106e-07 0)
(3.00242 0.00726082 0)
(2.80951 0.292556 0)
(1.82192 0.845797 0)
(3 -4.02012e-17 0)
(3 -3.40941e-17 0)
(3 -2.87166e-17 0)
(3 6.36782e-17 0)
(3 1.975e-16 0)
(3 -2.47746e-10 0)
(3 -1.66269e-10 0)
(3 3.95379e-05 0)
(3.00469 0.0158186 0)
(2.58003 0.476689 0)
(3 3.6882e-17 0)
(3 2.99173e-17 0)
(3 3.59548e-17 0)
(3 3.81958e-17 0)
(3 2.38787e-16 0)
(3 -9.17646e-13 0)
(3 -2.72082e-11 0)
(3 1.33729e-08 0)
(3.00002 0.000245215 0)
(3.03657 0.0341181 0)
(3 -6.0823e-17 0)
(3 7.04628e-17 0)
(3 1.33441e-16 0)
(3 -5.19423e-17 0)
(3 2.11818e-17 0)
(3 -4.55252e-16 0)
(3 -9.13161e-13 0)
(3 5.04894e-13 0)
(3 3.65468e-07 0)
(3.00193 0.000168561 0)
(3 -8.03677e-17 0)
(3 -8.67054e-17 0)
(3 -8.79868e-17 0)
(3 -8.11154e-17 0)
(3 -6.86e-17 0)
(3 1.40199e-16 0)
(3 -4.77705e-15 0)
(3 -3.85166e-15 0)
(3 8.2813e-11 0)
(3 1.78819e-07 0)
(3 9.07857e-17 0)
(3 1.29086e-16 0)
(3 2.23565e-16 0)
(3 2.28491e-16 0)
(3 -3.63636e-17 0)
(2.48757 0.32249 0)
(0.973408 0.544438 0)
(0.731634 0.559973 0)
(0.692327 0.734205 0)
(0.784728 1.0227 0)
(3 -3.27449e-18 0)
(3 5.02553e-17 0)
(3 1.3236e-16 0)
(3 -1.41343e-16 0)
(3 -2.40305e-16 0)
(3.05194 0.0334918 0)
(1.51943 0.641586 0)
(0.956569 0.71895 0)
(0.966934 0.753232 0)
(1.14665 0.834613 0)
(3 -3.58344e-17 0)
(3 -2.94618e-16 0)
(3 -3.29429e-16 0)
(3 -2.84143e-16 0)
(3 -4.49196e-16 0)
(3.00293 0.000593263 0)
(2.61509 0.38835 0)
(1.28809 0.807118 0)
(1.15047 0.837941 0)
(1.32884 0.850088 0)
(3 7.69476e-17 0)
(3 2.10592e-16 0)
(3 1.94764e-16 0)
(3 3.88673e-16 0)
(3 1.19429e-16 0)
(3 9.29968e-07 0)
(3.02974 0.0255299 0)
(2.02267 0.673823 0)
(1.3276 0.871135 0)
(1.44119 0.873383 0)
(3 -1.5618e-16 0)
(3 -5.38922e-17 0)
(3 -1.09651e-16 0)
(3 -1.33483e-16 0)
(3 -2.89959e-18 0)
(3 -5.0805e-08 0)
(3.00067 0.000617822 0)
(2.94039 0.149379 0)
(1.84672 0.797711 0)
(1.51885 0.893812 0)
(3 -4.58191e-17 0)
(3 -2.0223e-16 0)
(3 -3.42146e-16 0)
(3 -4.57676e-16 0)
(3 -3.35985e-16 0)
(3 -6.96973e-09 0)
(3 5.17106e-07 0)
(3.00242 0.00726082 0)
(2.80951 0.292556 0)
(1.82192 0.845797 0)
(3 -9.62466e-17 0)
(3 -1.0651e-16 0)
(3 -9.27978e-17 0)
(3 1.18364e-16 0)
(3 2.25882e-16 0)
(3 -2.47746e-10 0)
(3 -1.66269e-10 0)
(3 3.95379e-05 0)
(3.00469 0.0158186 0)
(2.58003 0.476689 0)
(3 6.48093e-17 0)
(3 6.36901e-17 0)
(3 1.44176e-16 0)
(3 2.28201e-16 0)
(3 3.75343e-16 0)
(3 -9.17073e-13 0)
(3 -2.72077e-11 0)
(3 1.33729e-08 0)
(3.00002 0.000245215 0)
(3.03657 0.0341181 0)
(3 3.38012e-17 0)
(3 3.14782e-17 0)
(3 4.95294e-17 0)
(3 -2.22777e-16 0)
(3 -2.61318e-17 0)
(3 -9.12641e-16 0)
(3 -9.13145e-13 0)
(3 5.04734e-13 0)
(3 3.65468e-07 0)
(3.00193 0.000168561 0)
(3 -1.24018e-16 0)
(3 -1.60609e-16 0)
(3 -2.29335e-16 0)
(3 -2.31965e-16 0)
(3 -1.36744e-16 0)
(3 8.65817e-17 0)
(3 -4.85677e-15 0)
(3 -3.82233e-15 0)
(3 8.28129e-11 0)
(3 1.78819e-07 0)
(3 7.98667e-17 0)
(3 -8.12169e-17 0)
(3 -2.44527e-17 0)
(3 -1.61836e-18 0)
(3 -1.96261e-16 0)
(2.48757 0.32249 0)
(0.973408 0.544438 0)
(0.731634 0.559973 0)
(0.692327 0.734205 0)
(0.784728 1.0227 0)
(3 2.10246e-17 0)
(3 5.62811e-17 0)
(3 1.02354e-16 0)
(3 -1.5375e-16 0)
(3 -1.32858e-16 0)
(3.05194 0.0334918 0)
(1.51943 0.641586 0)
(0.956569 0.71895 0)
(0.966934 0.753232 0)
(1.14665 0.834613 0)
(3 -9.20817e-17 0)
(3 -1.25317e-16 0)
(3 -3.64924e-17 0)
(3 -1.06106e-16 0)
(3 -2.68857e-16 0)
(3.00293 0.000593263 0)
(2.61509 0.38835 0)
(1.28809 0.807118 0)
(1.15047 0.837941 0)
(1.32884 0.850088 0)
(3 5.6571e-17 0)
(3 1.05669e-16 0)
(3 2.69536e-16 0)
(3 6.33864e-16 0)
(3 1.79538e-16 0)
(3 9.29968e-07 0)
(3.02974 0.0255299 0)
(2.02267 0.673823 0)
(1.3276 0.871135 0)
(1.44119 0.873383 0)
(3 -8.68208e-18 0)
(3 -4.67555e-19 0)
(3 -1.31671e-16 0)
(3 -1.17544e-16 0)
(3 2.22019e-17 0)
(3 -5.0805e-08 0)
(3.00067 0.000617822 0)
(2.94039 0.149379 0)
(1.84672 0.797711 0)
(1.51885 0.893812 0)
(3 -6.55372e-17 0)
(3 -1.67769e-16 0)
(3 -3.83246e-16 0)
(3 -4.95376e-16 0)
(3 -3.50294e-16 0)
(3 -6.96973e-09 0)
(3 5.17106e-07 0)
(3.00242 0.00726082 0)
(2.80951 0.292556 0)
(1.82192 0.845797 0)
(3 -1.07864e-16 0)
(3 -7.65563e-17 0)
(3 7.18721e-17 0)
(3 2.39455e-17 0)
(3 2.12263e-16 0)
(3 -2.47746e-10 0)
(3 -1.66269e-10 0)
(3 3.95379e-05 0)
(3.00469 0.0158186 0)
(2.58003 0.476689 0)
(3 3.4331e-17 0)
(3 1.17098e-16 0)
(3 1.25487e-16 0)
(3 1.81177e-16 0)
(3 3.68473e-16 0)
(3 -9.16925e-13 0)
(3 -2.72073e-11 0)
(3 1.33729e-08 0)
(3.00002 0.000245215 0)
(3.03657 0.0341181 0)
(3 6.6331e-17 0)
(3 6.31181e-18 0)
(3 5.65155e-19 0)
(3 -2.29558e-16 0)
(3 1.3092e-17 0)
(3 -9.62899e-16 0)
(3 -9.13507e-13 0)
(3 5.04814e-13 0)
(3 3.65468e-07 0)
(3.00193 0.000168561 0)
(3 -8.4991e-17 0)
(3 -1.01284e-16 0)
(3 -1.21312e-16 0)
(3 -2.12527e-16 0)
(3 -1.15994e-16 0)
(3 7.6293e-17 0)
(3 -4.86269e-15 0)
(3 -3.97564e-15 0)
(3 8.2813e-11 0)
(3 1.78819e-07 0)
(3 -5.62689e-18 0)
(3 -1.55483e-16 0)
(3 -3.80341e-17 0)
(3 -5.43525e-17 0)
(3 -2.47437e-16 0)
(2.48757 0.32249 0)
(0.973408 0.544438 0)
(0.731634 0.559973 0)
(0.692327 0.734205 0)
(0.784728 1.0227 0)
(3 1.70062e-17 0)
(3 4.97589e-17 0)
(3 7.46477e-17 0)
(3 -8.17047e-17 0)
(3 -4.21513e-17 0)
(3.05194 0.0334918 0)
(1.51943 0.641586 0)
(0.956569 0.71895 0)
(0.966934 0.753232 0)
(1.14665 0.834613 0)
(3 -8.05285e-17 0)
(3 -7.2961e-17 0)
(3 -9.9374e-18 0)
(3 -5.19652e-18 0)
(3 -1.4654e-16 0)
(3.00293 0.000593263 0)
(2.61509 0.38835 0)
(1.28809 0.807118 0)
(1.15047 0.837941 0)
(1.32884 0.850088 0)
(3 6.52351e-17 0)
(3 1.89216e-16 0)
(3 3.84446e-16 0)
(3 6.86734e-16 0)
(3 3.09071e-16 0)
(3 9.29968e-07 0)
(3.02974 0.0255299 0)
(2.02267 0.673823 0)
(1.3276 0.871135 0)
(1.44119 0.873383 0)
(3 5.03699e-17 0)
(3 4.80925e-17 0)
(3 -3.96665e-17 0)
(3 -7.28098e-17 0)
(3 7.3672e-17 0)
(3 -5.0805e-08 0)
(3.00067 0.000617822 0)
(2.94039 0.149379 0)
(1.84672 0.797711 0)
(1.51885 0.893812 0)
(3 -8.96134e-17 0)
(3 -2.79569e-16 0)
(3 -4.93438e-16 0)
(3 -4.64946e-16 0)
(3 -3.70658e-16 0)
(3 -6.96973e-09 0)
(3 5.17106e-07 0)
(3.00242 0.00726082 0)
(2.80951 0.292556 0)
(1.82192 0.845797 0)
(3 -2.95021e-17 0)
(3 3.24014e-17 0)
(3 1.76614e-17 0)
(3 4.79754e-18 0)
(3 9.59023e-17 0)
(3 -2.47746e-10 0)
(3 -1.66269e-10 0)
(3 3.95379e-05 0)
(3.00469 0.0158186 0)
(2.58003 0.476689 0)
(3 1.4073e-17 0)
(3 1.29634e-16 0)
(3 1.3232e-16 0)
(3 1.02706e-17 0)
(3 1.7995e-16 0)
(3 -9.17463e-13 0)
(3 -2.72072e-11 0)
(3 1.33729e-08 0)
(3.00002 0.000245215 0)
(3.03657 0.0341181 0)
(3 1.51186e-17 0)
(3 -8.33384e-18 0)
(3 1.63033e-17 0)
(3 -2.99413e-17 0)
(3 1.55416e-16 0)
(3 -8.78009e-16 0)
(3 -9.13438e-13 0)
(3 5.04803e-13 0)
(3 3.65468e-07 0)
(3.00193 0.000168561 0)
(3 -5.28096e-17 0)
(3 -3.30071e-17 0)
(3 -8.38475e-17 0)
(3 -5.98504e-17 0)
(3 6.31498e-17 0)
(3 2.00012e-16 0)
(3 -4.77501e-15 0)
(3 -3.77331e-15 0)
(3 8.28129e-11 0)
(3 1.78819e-07 0)
(3 1.8328e-18 0)
(3 2.2534e-17 0)
(3 8.30998e-17 0)
(3 -2.89947e-17 0)
(3 -2.31071e-16 0)
(2.48757 0.32249 0)
(0.973408 0.544438 0)
(0.731634 0.559973 0)
(0.692327 0.734205 0)
(0.784728 1.0227 0)
(3 2.30808e-17 0)
(3 3.57599e-17 0)
(3 4.17255e-17 0)
(3 5.89071e-17 0)
(3 -4.1883e-17 0)
(3.05194 0.0334918 0)
(1.51943 0.641586 0)
(0.956569 0.71895 0)
(0.966934 0.753232 0)
(1.14665 0.834613 0)
(3 -7.6892e-17 0)
(3 -2.00618e-16 0)
(3 -9.33145e-17 0)
(3 1.17899e-17 0)
(3 -7.21812e-17 0)
(3.00293 0.000593263 0)
(2.61509 0.38835 0)
(1.28809 0.807118 0)
(1.15047 0.837941 0)
(1.32884 0.850088 0)
(3 2.18658e-17 0)
(3 3.20317e-16 0)
(3 4.241e-16 0)
(3 5.88646e-16 0)
(3 3.55302e-16 0)
(3 9.29968e-07 0)
(3.02974 0.0255299 0)
(2.02267 0.673823 0)
(1.3276 0.871135 0)
(1.44119 0.873383 0)
(3 6.78012e-17 0)
(3 2.97996e-17 0)
(3 -1.09429e-17 0)
(3 -4.2111e-17 0)
(3 1.39987e-16 0)
(3 -5.0805e-08 0)
(3.00067 0.000617822 0)
(2.94039 0.149379 0)
(1.84672 0.797711 0)
(1.51885 0.893812 0)
(3 -8.72339e-17 0)
(3 -3.5164e-16 0)
(3 -5.24639e-16 0)
(3 -4.95523e-16 0)
(3 -4.19718e-16 0)
(3 -6.96973e-09 0)
(3 5.17106e-07 0)
(3.00242 0.00726082 0)
(2.80951 0.292556 0)
(1.82192 0.845797 0)
(3 3.27435e-17 0)
(3 1.38344e-16 0)
(3 7.10051e-17 0)
(3 4.63674e-17 0)
(3 6.31771e-17 0)
(3 -2.47746e-10 0)
(3 -1.66269e-10 0)
(3 3.95379e-05 0)
(3.00469 0.0158186 0)
(2.58003 0.476689 0)
(3 -3.16773e-17 0)
(3 -1.15635e-17 0)
(3 1.06046e-16 0)
(3 -2.1184e-17 0)
(3 5.71601e-17 0)
(3 -9.17972e-13 0)
(3 -2.72076e-11 0)
(3 1.33729e-08 0)
(3.00002 0.000245215 0)
(3.03657 0.0341181 0)
(3 -1.08547e-17 0)
(3 8.42967e-17 0)
(3 2.67853e-16 0)
(3 3.37761e-16 0)
(3 2.76744e-16 0)
(3 -3.54849e-16 0)
(3 -9.13338e-13 0)
(3 5.05224e-13 0)
(3 3.65468e-07 0)
(3.00193 0.000168561 0)
(3 4.60799e-17 0)
(3 1.64079e-16 0)
(3 1.51845e-16 0)
(3 2.3304e-16 0)
(3 2.09917e-16 0)
(3 3.56851e-16 0)
(3 -4.60506e-15 0)
(3 -3.53724e-15 0)
(3 8.28132e-11 0)
(3 1.78819e-07 0)
(3 1.06842e-16 0)
(3 1.89145e-16 0)
(3 2.73631e-16 0)
(3 2.55467e-17 0)
(3 -7.12296e-17 0)
(2.48757 0.32249 0)
(0.973408 0.544438 0)
(0.731634 0.559973 0)
(0.692327 0.734205 0)
(0.784728 1.0227 0)
(3 -1.56878e-18 0)
(3 2.40379e-17 0)
(3 -8.90923e-17 0)
(3 -8.61548e-19 0)
(3 3.33147e-17 0)
(3.05194 0.0334918 0)
(1.51943 0.641586 0)
(0.956569 0.71895 0)
(0.966934 0.753232 0)
(1.14665 0.834613 0)
(3 -7.07309e-17 0)
(3 -3.34029e-16 0)
(3 -2.14788e-16 0)
(3 -3.62268e-17 0)
(3 -2.50805e-16 0)
(3.00293 0.000593263 0)
(2.61509 0.38835 0)
(1.28809 0.807118 0)
(1.15047 0.837941 0)
(1.32884 0.850088 0)
(3 1.44783e-17 0)
(3 2.59372e-16 0)
(3 6.28346e-16 0)
(3 5.23102e-16 0)
(3 1.7316e-16 0)
(3 9.29968e-07 0)
(3.02974 0.0255299 0)
(2.02267 0.673823 0)
(1.3276 0.871135 0)
(1.44119 0.873383 0)
(3 3.66378e-17 0)
(3 7.4712e-17 0)
(3 -1.70074e-17 0)
(3 -2.04325e-16 0)
(3 1.63417e-17 0)
(3 -5.0805e-08 0)
(3.00067 0.000617822 0)
(2.94039 0.149379 0)
(1.84672 0.797711 0)
(1.51885 0.893812 0)
(3 -2.38362e-17 0)
(3 -7.95803e-17 0)
(3 -4.48129e-16 0)
(3 -4.31477e-16 0)
(3 -2.10676e-16 0)
(3 -6.96973e-09 0)
(3 5.17106e-07 0)
(3.00242 0.00726082 0)
(2.80951 0.292556 0)
(1.82192 0.845797 0)
(3 1.11803e-16 0)
(3 2.50105e-16 0)
(3 2.04003e-16 0)
(3 3.72389e-17 0)
(3 1.5677e-16 0)
(3 -2.47746e-10 0)
(3 -1.66269e-10 0)
(3 3.95379e-05 0)
(3.00469 0.0158186 0)
(2.58003 0.476689 0)
(3 -8.48083e-17 0)
(3 -1.07702e-16 0)
(3 1.24811e-16 0)
(3 3.51665e-16 0)
(3 1.84448e-16 0)
(3 -9.17963e-13 0)
(3 -2.7208e-11 0)
(3 1.33729e-08 0)
(3.00002 0.000245215 0)
(3.03657 0.0341181 0)
(3 3.32602e-17 0)
(3 5.902e-17 0)
(3 4.04586e-16 0)
(3 6.84393e-16 0)
(3 4.46456e-16 0)
(3 1.94709e-16 0)
(3 -9.12963e-13 0)
(3 5.05456e-13 0)
(3 3.65468e-07 0)
(3.00193 0.000168561 0)
(3 1.31877e-16 0)
(3 2.34782e-16 0)
(3 3.57463e-16 0)
(3 4.63596e-16 0)
(3 5.08364e-16 0)
(3 6.0514e-16 0)
(3 -4.42277e-15 0)
(3 -3.17639e-15 0)
(3 8.28133e-11 0)
(3 1.78819e-07 0)
(3 1.17783e-16 0)
(3 -1.09029e-16 0)
(3 -4.1707e-17 0)
(3 3.10687e-17 0)
(3 -1.06682e-16 0)
(2.48757 0.32249 0)
(0.973408 0.544438 0)
(0.731634 0.559973 0)
(0.692327 0.734205 0)
(0.784728 1.0227 0)
(3 7.90622e-17 0)
(3 -1.69079e-16 0)
(3 -5.19197e-16 0)
(3 4.58932e-16 0)
(3 -8.91277e-16 0)
(3.05194 0.0334918 0)
(1.51943 0.641586 0)
(0.956569 0.71895 0)
(0.966934 0.753232 0)
(1.14665 0.834613 0)
(3 2.07734e-17 0)
(3 4.39444e-16 0)
(3 3.20454e-16 0)
(3 1.63055e-16 0)
(3 -2.49082e-16 0)
(3.00293 0.000593263 0)
(2.61509 0.38835 0)
(1.28809 0.807118 0)
(1.15047 0.837941 0)
(1.32884 0.850088 0)
(3 -6.80143e-17 0)
(3 2.08499e-16 0)
(3 1.29547e-16 0)
(3 4.66873e-16 0)
(3 -1.44675e-15 0)
(3 9.29968e-07 0)
(3.02974 0.0255299 0)
(2.02267 0.673823 0)
(1.3276 0.871135 0)
(1.44119 0.873383 0)
(3 -1.17341e-16 0)
(3 -4.99472e-16 0)
(3 -1.01038e-15 0)
(3 -4.855e-16 0)
(3 -9.23117e-16 0)
(3 -5.0805e-08 0)
(3.00067 0.000617822 0)
(2.94039 0.149379 0)
(1.84672 0.797711 0)
(1.51885 0.893812 0)
(3 2.30213e-16 0)
(3 1.55518e-16 0)
(3 -1.63232e-16 0)
(3 -6.28597e-16 0)
(3 4.64719e-16 0)
(3 -6.96973e-09 0)
(3 5.17106e-07 0)
(3.00242 0.00726082 0)
(2.80951 0.292556 0)
(1.82192 0.845797 0)
(3 1.22265e-16 0)
(3 3.43135e-16 0)
(3 3.47028e-16 0)
(3 2.97016e-17 0)
(3 3.18105e-16 0)
(3 -2.47746e-10 0)
(3 -1.66271e-10 0)
(3 3.95379e-05 0)
(3.00469 0.0158186 0)
(2.58003 0.476689 0)
(3 -1.87557e-16 0)
(3 -8.43413e-17 0)
(3 2.40692e-16 0)
(3 6.93307e-16 0)
(3 1.22386e-16 0)
(3 -9.17029e-13 0)
(3 -2.72081e-11 0)
(3 1.33729e-08 0)
(3.00002 0.000245215 0)
(3.03657 0.0341181 0)
(3 2.57568e-17 0)
(3 1.13559e-16 0)
(3 1.07749e-15 0)
(3 7.94974e-16 0)
(3 4.31159e-16 0)
(3 1.76635e-16 0)
(3 -9.12381e-13 0)
(3 5.06041e-13 0)
(3 3.65468e-07 0)
(3.00193 0.000168561 0)
(3 2.00685e-16 0)
(3 4.01061e-16 0)
(3 8.54715e-16 0)
(3 3.91315e-16 0)
(3 4.089e-16 0)
(3 5.71123e-16 0)
(3 -4.3088e-15 0)
(3 -2.82227e-15 0)
(3 8.28136e-11 0)
(3 1.78819e-07 0)
(1.7912 0.925742 0)
(2.21816 0.190094 0)
(2.26292 0.0297742 0)
(2.26682 -0.0263645 0)
(2.01757 -0.200275 0)
(1.86556 -0.157823 0)
(1.95178 -0.0479831 0)
(2.12816 -0.00182209 0)
(2.28559 0.0197661 0)
(2.49069 0.0287059 0)
(1.85083 0.416822 0)
(2.32595 0.0348989 0)
(2.36553 -0.0475783 0)
(2.33952 -0.143615 0)
(2.0939 -0.524223 0)
(2.05584 -0.30824 0)
(2.01864 -0.0313746 0)
(2.17032 0.0631593 0)
(2.29773 0.102403 0)
(2.49481 0.114526 0)
(1.85254 0.550097 0)
(2.21339 0.420814 0)
(2.45079 0.0693163 0)
(2.38569 -0.202322 0)
(2.20054 -0.676022 0)
(2.20815 -0.576924 0)
(2.19102 -0.214683 0)
(2.26688 0.0156103 0)
(2.34943 0.15622 0)
(2.52873 0.154588 0)
(1.86598 0.648386 0)
(2.25335 0.491287 0)
(2.43463 0.0248091 0)
(2.30533 -0.418918 0)
(2.22772 -0.703827 0)
(2.29022 -0.657231 0)
(2.3476 -0.428913 0)
(2.36441 -0.106372 0)
(2.45868 0.133888 0)
(2.55712 0.211719 0)
(1.87357 0.727443 0)
(2.21672 0.665849 0)
(2.28551 0.0565812 0)
(2.25288 -0.432833 0)
(2.24677 -0.669292 0)
(2.32395 -0.635895 0)
(2.44201 -0.532587 0)
(2.4755 -0.239249 0)
(2.57432 0.0322185 0)
(2.6168 0.205424 0)
(1.88024 0.830653 0)
(2.19944 0.716014 0)
(2.16403 -0.0177613 0)
(2.1693 -0.543442 0)
(2.23311 -0.570029 0)
(2.35293 -0.535363 0)
(2.47109 -0.488481 0)
(2.61302 -0.365886 0)
(2.65796 -0.118793 0)
(2.72629 0.163632 0)
(1.94965 0.870279 0)
(2.08776 0.639645 0)
(2.13793 -0.058333 0)
(2.14749 -0.437368 0)
(2.24609 -0.50062 0)
(2.39796 -0.469433 0)
(2.55047 -0.419037 0)
(2.66597 -0.358121 0)
(2.76033 -0.226267 0)
(2.83882 0.0394909 0)
(2.17773 0.937498 0)
(1.8545 0.402148 0)
(2.03846 -0.0507771 0)
(2.14699 -0.26525 0)
(2.29617 -0.352098 0)
(2.44425 -0.337631 0)
(2.59634 -0.296676 0)
(2.72767 -0.241452 0)
(2.80271 -0.235793 0)
(2.94888 -0.0655178 0)
(2.62871 0.854112 0)
(1.76797 0.112262 0)
(1.94138 -0.143446 0)
(2.15371 -0.199266 0)
(2.3671 -0.240724 0)
(2.54273 -0.232713 0)
(2.67468 -0.207679 0)
(2.79178 -0.156644 0)
(2.88959 -0.148984 0)
(2.98857 -0.0559847 0)
(2.86145 0.714003 0)
(1.86474 0.159095 0)
(1.96484 0.0100735 0)
(2.17642 -0.0486202 0)
(2.39751 -0.0681974 0)
(2.56546 -0.0654225 0)
(2.66908 -0.08518 0)
(2.76246 -0.0743047 0)
(2.85506 -0.0678357 0)
(2.96937 -0.0621659 0)
(1.7912 0.925742 0)
(2.21816 0.190094 0)
(2.26292 0.0297742 0)
(2.26682 -0.0263645 0)
(2.01757 -0.200275 0)
(1.86556 -0.157823 0)
(1.95178 -0.0479831 0)
(2.12816 -0.00182209 0)
(2.28559 0.0197661 0)
(2.49069 0.0287059 0)
(1.85083 0.416822 0)
(2.32595 0.0348989 0)
(2.36553 -0.0475783 0)
(2.33952 -0.143615 0)
(2.0939 -0.524223 0)
(2.05584 -0.30824 0)
(2.01864 -0.0313746 0)
(2.17032 0.0631593 0)
(2.29773 0.102403 0)
(2.49481 0.114526 0)
(1.85254 0.550097 0)
(2.21339 0.420814 0)
(2.45079 0.0693163 0)
(2.38569 -0.202322 0)
(2.20054 -0.676022 0)
(2.20815 -0.576924 0)
(2.19102 -0.214683 0)
(2.26688 0.0156103 0)
(2.34943 0.15622 0)
(2.52873 0.154588 0)
(1.86598 0.648386 0)
(2.25335 0.491287 0)
(2.43463 0.0248091 0)
(2.30533 -0.418918 0)
(2.22772 -0.703827 0)
(2.29022 -0.657231 0)
(2.3476 -0.428913 0)
(2.36441 -0.106372 0)
(2.45868 0.133888 0)
(2.55712 0.211719 0)
(1.87357 0.727443 0)
(2.21672 0.665849 0)
(2.28551 0.0565812 0)
(2.25288 -0.432833 0)
(2.24677 -0.669292 0)
(2.32395 -0.635895 0)
(2.44201 -0.532587 0)
(2.4755 -0.239249 0)
(2.57432 0.0322185 0)
(2.6168 0.205424 0)
(1.88024 0.830653 0)
(2.19944 0.716014 0)
(2.16403 -0.0177613 0)
(2.1693 -0.543442 0)
(2.23311 -0.570029 0)
(2.35293 -0.535363 0)
(2.47109 -0.488481 0)
(2.61302 -0.365886 0)
(2.65796 -0.118793 0)
(2.72629 0.163632 0)
(1.94965 0.870279 0)
(2.08776 0.639645 0)
(2.13793 -0.058333 0)
(2.14749 -0.437368 0)
(2.24609 -0.50062 0)
(2.39796 -0.469433 0)
(2.55047 -0.419037 0)
(2.66597 -0.358121 0)
(2.76033 -0.226267 0)
(2.83882 0.0394909 0)
(2.17773 0.937498 0)
(1.8545 0.402148 0)
(2.03846 -0.0507771 0)
(2.14699 -0.26525 0)
(2.29617 -0.352098 0)
(2.44425 -0.337631 0)
(2.59634 -0.296676 0)
(2.72767 -0.241452 0)
(2.80271 -0.235793 0)
(2.94888 -0.0655178 0)
(2.62871 0.854112 0)
(1.76797 0.112262 0)
(1.94138 -0.143446 0)
(2.15371 -0.199266 0)
(2.3671 -0.240724 0)
(2.54273 -0.232713 0)
(2.67468 -0.207679 0)
(2.79178 -0.156644 0)
(2.88959 -0.148984 0)
(2.98857 -0.0559847 0)
(2.86145 0.714003 0)
(1.86474 0.159095 0)
(1.96484 0.0100735 0)
(2.17642 -0.0486202 0)
(2.39751 -0.0681974 0)
(2.56546 -0.0654225 0)
(2.66908 -0.08518 0)
(2.76246 -0.0743047 0)
(2.85506 -0.0678357 0)
(2.96937 -0.0621659 0)
(1.7912 0.925742 0)
(2.21816 0.190094 0)
(2.26292 0.0297742 0)
(2.26682 -0.0263645 0)
(2.01757 -0.200275 0)
(1.86556 -0.157823 0)
(1.95178 -0.0479831 0)
(2.12816 -0.00182209 0)
(2.28559 0.0197661 0)
(2.49069 0.0287059 0)
(1.85083 0.416822 0)
(2.32595 0.0348989 0)
(2.36553 -0.0475783 0)
(2.33952 -0.143615 0)
(2.0939 -0.524223 0)
(2.05584 -0.30824 0)
(2.01864 -0.0313746 0)
(2.17032 0.0631593 0)
(2.29773 0.102403 0)
(2.49481 0.114526 0)
(1.85254 0.550097 0)
(2.21339 0.420814 0)
(2.45079 0.0693163 0)
(2.38569 -0.202322 0)
(2.20054 -0.676022 0)
(2.20815 -0.576924 0)
(2.19102 -0.214683 0)
(2.26688 0.0156103 0)
(2.34943 0.15622 0)
(2.52873 0.154588 0)
(1.86598 0.648386 0)
(2.25335 0.491287 0)
(2.43463 0.0248091 0)
(2.30533 -0.418918 0)
(2.22772 -0.703827 0)
(2.29022 -0.657231 0)
(2.3476 -0.428913 0)
(2.36441 -0.106372 0)
(2.45868 0.133888 0)
(2.55712 0.211719 0)
(1.87357 0.727443 0)
(2.21672 0.665849 0)
(2.28551 0.0565812 0)
(2.25288 -0.432833 0)
(2.24677 -0.669292 0)
(2.32395 -0.635895 0)
(2.44201 -0.532587 0)
(2.4755 -0.239249 0)
(2.57432 0.0322185 0)
(2.6168 0.205424 0)
(1.88024 0.830653 0)
(2.19944 0.716014 0)
(2.16403 -0.0177613 0)
(2.1693 -0.543442 0)
(2.23311 -0.570029 0)
(2.35293 -0.535363 0)
(2.47109 -0.488481 0)
(2.61302 -0.365886 0)
(2.65796 -0.118793 0)
(2.72629 0.163632 0)
(1.94965 0.870279 0)
(2.08776 0.639645 0)
(2.13793 -0.058333 0)
(2.14749 -0.437368 0)
(2.24609 -0.50062 0)
(2.39796 -0.469433 0)
(2.55047 -0.419037 0)
(2.66597 -0.358121 0)
(2.76033 -0.226267 0)
(2.83882 0.0394909 0)
(2.17773 0.937498 0)
(1.8545 0.402148 0)
(2.03846 -0.0507771 0)
(2.14699 -0.26525 0)
(2.29617 -0.352098 0)
(2.44425 -0.337631 0)
(2.59634 -0.296676 0)
(2.72767 -0.241452 0)
(2.80271 -0.235793 0)
(2.94888 -0.0655178 0)
(2.62871 0.854112 0)
(1.76797 0.112262 0)
(1.94138 -0.143446 0)
(2.15371 -0.199266 0)
(2.3671 -0.240724 0)
(2.54273 -0.232713 0)
(2.67468 -0.207679 0)
(2.79178 -0.156644 0)
(2.88959 -0.148984 0)
(2.98857 -0.0559847 0)
(2.86145 0.714003 0)
(1.86474 0.159095 0)
(1.96484 0.0100735 0)
(2.17642 -0.0486202 0)
(2.39751 -0.0681974 0)
(2.56546 -0.0654225 0)
(2.66908 -0.08518 0)
(2.76246 -0.0743047 0)
(2.85506 -0.0678357 0)
(2.96937 -0.0621659 0)
(1.7912 0.925742 0)
(2.21816 0.190094 0)
(2.26292 0.0297742 0)
(2.26682 -0.0263645 0)
(2.01757 -0.200275 0)
(1.86556 -0.157823 0)
(1.95178 -0.0479831 0)
(2.12816 -0.00182209 0)
(2.28559 0.0197661 0)
(2.49069 0.0287059 0)
(1.85083 0.416822 0)
(2.32595 0.0348989 0)
(2.36553 -0.0475783 0)
(2.33952 -0.143615 0)
(2.0939 -0.524223 0)
(2.05584 -0.30824 0)
(2.01864 -0.0313746 0)
(2.17032 0.0631593 0)
(2.29773 0.102403 0)
(2.49481 0.114526 0)
(1.85254 0.550097 0)
(2.21339 0.420814 0)
(2.45079 0.0693163 0)
(2.38569 -0.202322 0)
(2.20054 -0.676022 0)
(2.20815 -0.576924 0)
(2.19102 -0.214683 0)
(2.26688 0.0156103 0)
(2.34943 0.15622 0)
(2.52873 0.154588 0)
(1.86598 0.648386 0)
(2.25335 0.491287 0)
(2.43463 0.0248091 0)
(2.30533 -0.418918 0)
(2.22772 -0.703827 0)
(2.29022 -0.657231 0)
(2.3476 -0.428913 0)
(2.36441 -0.106372 0)
(2.45868 0.133888 0)
(2.55712 0.211719 0)
(1.87357 0.727443 0)
(2.21672 0.665849 0)
(2.28551 0.0565812 0)
(2.25288 -0.432833 0)
(2.24677 -0.669292 0)
(2.32395 -0.635895 0)
(2.44201 -0.532587 0)
(2.4755 -0.239249 0)
(2.57432 0.0322185 0)
(2.6168 0.205424 0)
(1.88024 0.830653 0)
(2.19944 0.716014 0)
(2.16403 -0.0177613 0)
(2.1693 -0.543442 0)
(2.23311 -0.570029 0)
(2.35293 -0.535363 0)
(2.47109 -0.488481 0)
(2.61302 -0.365886 0)
(2.65796 -0.118793 0)
(2.72629 0.163632 0)
(1.94965 0.870279 0)
(2.08776 0.639645 0)
(2.13793 -0.058333 0)
(2.14749 -0.437368 0)
(2.24609 -0.50062 0)
(2.39796 -0.469433 0)
(2.55047 -0.419037 0)
(2.66597 -0.358121 0)
(2.76033 -0.226267 0)
(2.83882 0.0394909 0)
(2.17773 0.937498 0)
(1.8545 0.402148 0)
(2.03846 -0.0507771 0)
(2.14699 -0.26525 0)
(2.29617 -0.352098 0)
(2.44425 -0.337631 0)
(2.59634 -0.296676 0)
(2.72767 -0.241452 0)
(2.80271 -0.235793 0)
(2.94888 -0.0655178 0)
(2.62871 0.854112 0)
(1.76797 0.112262 0)
(1.94138 -0.143446 0)
(2.15371 -0.199266 0)
(2.3671 -0.240724 0)
(2.54273 -0.232713 0)
(2.67468 -0.207679 0)
(2.79178 -0.156644 0)
(2.88959 -0.148984 0)
(2.98857 -0.0559847 0)
(2.86145 0.714003 0)
(1.86474 0.159095 0)
(1.96484 0.0100735 0)
(2.17642 -0.0486202 0)
(2.39751 -0.0681974 0)
(2.56546 -0.0654225 0)
(2.66908 -0.08518 0)
(2.76246 -0.0743047 0)
(2.85506 -0.0678357 0)
(2.96937 -0.0621659 0)
(1.7912 0.925742 0)
(2.21816 0.190094 0)
(2.26292 0.0297742 0)
(2.26682 -0.0263645 0)
(2.01757 -0.200275 0)
(1.86556 -0.157823 0)
(1.95178 -0.0479831 0)
(2.12816 -0.00182209 0)
(2.28559 0.0197661 0)
(2.49069 0.0287059 0)
(1.85083 0.416822 0)
(2.32595 0.0348989 0)
(2.36553 -0.0475783 0)
(2.33952 -0.143615 0)
(2.0939 -0.524223 0)
(2.05584 -0.30824 0)
(2.01864 -0.0313746 0)
(2.17032 0.0631593 0)
(2.29773 0.102403 0)
(2.49481 0.114526 0)
(1.85254 0.550097 0)
(2.21339 0.420814 0)
(2.45079 0.0693163 0)
(2.38569 -0.202322 0)
(2.20054 -0.676022 0)
(2.20815 -0.576924 0)
(2.19102 -0.214683 0)
(2.26688 0.0156103 0)
(2.34943 0.15622 0)
(2.52873 0.154588 0)
(1.86598 0.648386 0)
(2.25335 0.491287 0)
(2.43463 0.0248091 0)
(2.30533 -0.418918 0)
(2.22772 -0.703827 0)
(2.29022 -0.657231 0)
(2.3476 -0.428913 0)
(2.36441 -0.106372 0)
(2.45868 0.133888 0)
(2.55712 0.211719 0)
(1.87357 0.727443 0)
(2.21672 0.665849 0)
(2.28551 0.0565812 0)
(2.25288 -0.432833 0)
(2.24677 -0.669292 0)
(2.32395 -0.635895 0)
(2.44201 -0.532587 0)
(2.4755 -0.239249 0)
(2.57432 0.0322185 0)
(2.6168 0.205424 0)
(1.88024 0.830653 0)
(2.19944 0.716014 0)
(2.16403 -0.0177613 0)
(2.1693 -0.543442 0)
(2.23311 -0.570029 0)
(2.35293 -0.535363 0)
(2.47109 -0.488481 0)
(2.61302 -0.365886 0)
(2.65796 -0.118793 0)
(2.72629 0.163632 0)
(1.94965 0.870279 0)
(2.08776 0.639645 0)
(2.13793 -0.058333 0)
(2.14749 -0.437368 0)
(2.24609 -0.50062 0)
(2.39796 -0.469433 0)
(2.55047 -0.419037 0)
(2.66597 -0.358121 0)
(2.76033 -0.226267 0)
(2.83882 0.0394909 0)
(2.17773 0.937498 0)
(1.8545 0.402148 0)
(2.03846 -0.0507771 0)
(2.14699 -0.26525 0)
(2.29617 -0.352098 0)
(2.44425 -0.337631 0)
(2.59634 -0.296676 0)
(2.72767 -0.241452 0)
(2.80271 -0.235793 0)
(2.94888 -0.0655178 0)
(2.62871 0.854112 0)
(1.76797 0.112262 0)
(1.94138 -0.143446 0)
(2.15371 -0.199266 0)
(2.3671 -0.240724 0)
(2.54273 -0.232713 0)
(2.67468 -0.207679 0)
(2.79178 -0.156644 0)
(2.88959 -0.148984 0)
(2.98857 -0.0559847 0)
(2.86145 0.714003 0)
(1.86474 0.159095 0)
(1.96484 0.0100735 0)
(2.17642 -0.0486202 0)
(2.39751 -0.0681974 0)
(2.56546 -0.0654225 0)
(2.66908 -0.08518 0)
(2.76246 -0.0743047 0)
(2.85506 -0.0678357 0)
(2.96937 -0.0621659 0)
(1.7912 0.925742 0)
(2.21816 0.190094 0)
(2.26292 0.0297742 0)
(2.26682 -0.0263645 0)
(2.01757 -0.200275 0)
(1.86556 -0.157823 0)
(1.95178 -0.0479831 0)
(2.12816 -0.00182209 0)
(2.28559 0.0197661 0)
(2.49069 0.0287059 0)
(1.85083 0.416822 0)
(2.32595 0.0348989 0)
(2.36553 -0.0475783 0)
(2.33952 -0.143615 0)
(2.0939 -0.524223 0)
(2.05584 -0.30824 0)
(2.01864 -0.0313746 0)
(2.17032 0.0631593 0)
(2.29773 0.102403 0)
(2.49481 0.114526 0)
(1.85254 0.550097 0)
(2.21339 0.420814 0)
(2.45079 0.0693163 0)
(2.38569 -0.202322 0)
(2.20054 -0.676022 0)
(2.20815 -0.576924 0)
(2.19102 -0.214683 0)
(2.26688 0.0156103 0)
(2.34943 0.15622 0)
(2.52873 0.154588 0)
(1.86598 0.648386 0)
(2.25335 0.491287 0)
(2.43463 0.0248091 0)
(2.30533 -0.418918 0)
(2.22772 -0.703827 0)
(2.29022 -0.657231 0)
(2.3476 -0.428913 0)
(2.36441 -0.106372 0)
(2.45868 0.133888 0)
(2.55712 0.211719 0)
(1.87357 0.727443 0)
(2.21672 0.665849 0)
(2.28551 0.0565812 0)
(2.25288 -0.432833 0)
(2.24677 -0.669292 0)
(2.32395 -0.635895 0)
(2.44201 -0.532587 0)
(2.4755 -0.239249 0)
(2.57432 0.0322185 0)
(2.6168 0.205424 0)
(1.88024 0.830653 0)
(2.19944 0.716014 0)
(2.16403 -0.0177613 0)
(2.1693 -0.543442 0)
(2.23311 -0.570029 0)
(2.35293 -0.535363 0)
(2.47109 -0.488481 0)
(2.61302 -0.365886 0)
(2.65796 -0.118793 0)
(2.72629 0.163632 0)
(1.94965 0.870279 0)
(2.08776 0.639645 0)
(2.13793 -0.058333 0)
(2.14749 -0.437368 0)
(2.24609 -0.50062 0)
(2.39796 -0.469433 0)
(2.55047 -0.419037 0)
(2.66597 -0.358121 0)
(2.76033 -0.226267 0)
(2.83882 0.0394909 0)
(2.17773 0.937498 0)
(1.8545 0.402148 0)
(2.03846 -0.0507771 0)
(2.14699 -0.26525 0)
(2.29617 -0.352098 0)
(2.44425 -0.337631 0)
(2.59634 -0.296676 0)
(2.72767 -0.241452 0)
(2.80271 -0.235793 0)
(2.94888 -0.0655178 0)
(2.62871 0.854112 0)
(1.76797 0.112262 0)
(1.94138 -0.143446 0)
(2.15371 -0.199266 0)
(2.3671 -0.240724 0)
(2.54273 -0.232713 0)
(2.67468 -0.207679 0)
(2.79178 -0.156644 0)
(2.88959 -0.148984 0)
(2.98857 -0.0559847 0)
(2.86145 0.714003 0)
(1.86474 0.159095 0)
(1.96484 0.0100735 0)
(2.17642 -0.0486202 0)
(2.39751 -0.0681974 0)
(2.56546 -0.0654225 0)
(2.66908 -0.08518 0)
(2.76246 -0.0743047 0)
(2.85506 -0.0678357 0)
(2.96937 -0.0621659 0)
(1.7912 0.925742 0)
(2.21816 0.190094 0)
(2.26292 0.0297742 0)
(2.26682 -0.0263645 0)
(2.01757 -0.200275 0)
(1.86556 -0.157823 0)
(1.95178 -0.0479831 0)
(2.12816 -0.00182209 0)
(2.28559 0.0197661 0)
(2.49069 0.0287059 0)
(1.85083 0.416822 0)
(2.32595 0.0348989 0)
(2.36553 -0.0475783 0)
(2.33952 -0.143615 0)
(2.0939 -0.524223 0)
(2.05584 -0.30824 0)
(2.01864 -0.0313746 0)
(2.17032 0.0631593 0)
(2.29773 0.102403 0)
(2.49481 0.114526 0)
(1.85254 0.550097 0)
(2.21339 0.420814 0)
(2.45079 0.0693163 0)
(2.38569 -0.202322 0)
(2.20054 -0.676022 0)
(2.20815 -0.576924 0)
(2.19102 -0.214683 0)
(2.26688 0.0156103 0)
(2.34943 0.15622 0)
(2.52873 0.154588 0)
(1.86598 0.648386 0)
(2.25335 0.491287 0)
(2.43463 0.0248091 0)
(2.30533 -0.418918 0)
(2.22772 -0.703827 0)
(2.29022 -0.657231 0)
(2.3476 -0.428913 0)
(2.36441 -0.106372 0)
(2.45868 0.133888 0)
(2.55712 0.211719 0)
(1.87357 0.727443 0)
(2.21672 0.665849 0)
(2.28551 0.0565812 0)
(2.25288 -0.432833 0)
(2.24677 -0.669292 0)
(2.32395 -0.635895 0)
(2.44201 -0.532587 0)
(2.4755 -0.239249 0)
(2.57432 0.0322185 0)
(2.6168 0.205424 0)
(1.88024 0.830653 0)
(2.19944 0.716014 0)
(2.16403 -0.0177613 0)
(2.1693 -0.543442 0)
(2.23311 -0.570029 0)
(2.35293 -0.535363 0)
(2.47109 -0.488481 0)
(2.61302 -0.365886 0)
(2.65796 -0.118793 0)
(2.72629 0.163632 0)
(1.94965 0.870279 0)
(2.08776 0.639645 0)
(2.13793 -0.058333 0)
(2.14749 -0.437368 0)
(2.24609 -0.50062 0)
(2.39796 -0.469433 0)
(2.55047 -0.419037 0)
(2.66597 -0.358121 0)
(2.76033 -0.226267 0)
(2.83882 0.0394909 0)
(2.17773 0.937498 0)
(1.8545 0.402148 0)
(2.03846 -0.0507771 0)
(2.14699 -0.26525 0)
(2.29617 -0.352098 0)
(2.44425 -0.337631 0)
(2.59634 -0.296676 0)
(2.72767 -0.241452 0)
(2.80271 -0.235793 0)
(2.94888 -0.0655178 0)
(2.62871 0.854112 0)
(1.76797 0.112262 0)
(1.94138 -0.143446 0)
(2.15371 -0.199266 0)
(2.3671 -0.240724 0)
(2.54273 -0.232713 0)
(2.67468 -0.207679 0)
(2.79178 -0.156644 0)
(2.88959 -0.148984 0)
(2.98857 -0.0559847 0)
(2.86145 0.714003 0)
(1.86474 0.159095 0)
(1.96484 0.0100735 0)
(2.17642 -0.0486202 0)
(2.39751 -0.0681974 0)
(2.56546 -0.0654225 0)
(2.66908 -0.08518 0)
(2.76246 -0.0743047 0)
(2.85506 -0.0678357 0)
(2.96937 -0.0621659 0)
(1.7912 0.925742 0)
(2.21816 0.190094 0)
(2.26292 0.0297742 0)
(2.26682 -0.0263645 0)
(2.01757 -0.200275 0)
(1.86556 -0.157823 0)
(1.95178 -0.0479831 0)
(2.12816 -0.00182209 0)
(2.28559 0.0197661 0)
(2.49069 0.0287059 0)
(1.85083 0.416822 0)
(2.32595 0.0348989 0)
(2.36553 -0.0475783 0)
(2.33952 -0.143615 0)
(2.0939 -0.524223 0)
(2.05584 -0.30824 0)
(2.01864 -0.0313746 0)
(2.17032 0.0631593 0)
(2.29773 0.102403 0)
(2.49481 0.114526 0)
(1.85254 0.550097 0)
(2.21339 0.420814 0)
(2.45079 0.0693163 0)
(2.38569 -0.202322 0)
(2.20054 -0.676022 0)
(2.20815 -0.576924 0)
(2.19102 -0.214683 0)
(2.26688 0.0156103 0)
(2.34943 0.15622 0)
(2.52873 0.154588 0)
(1.86598 0.648386 0)
(2.25335 0.491287 0)
(2.43463 0.0248091 0)
(2.30533 -0.418918 0)
(2.22772 -0.703827 0)
(2.29022 -0.657231 0)
(2.3476 -0.428913 0)
(2.36441 -0.106372 0)
(2.45868 0.133888 0)
(2.55712 0.211719 0)
(1.87357 0.727443 0)
(2.21672 0.665849 0)
(2.28551 0.0565812 0)
(2.25288 -0.432833 0)
(2.24677 -0.669292 0)
(2.32395 -0.635895 0)
(2.44201 -0.532587 0)
(2.4755 -0.239249 0)
(2.57432 0.0322185 0)
(2.6168 0.205424 0)
(1.88024 0.830653 0)
(2.19944 0.716014 0)
(2.16403 -0.0177613 0)
(2.1693 -0.543442 0)
(2.23311 -0.570029 0)
(2.35293 -0.535363 0)
(2.47109 -0.488481 0)
(2.61302 -0.365886 0)
(2.65796 -0.118793 0)
(2.72629 0.163632 0)
(1.94965 0.870279 0)
(2.08776 0.639645 0)
(2.13793 -0.058333 0)
(2.14749 -0.437368 0)
(2.24609 -0.50062 0)
(2.39796 -0.469433 0)
(2.55047 -0.419037 0)
(2.66597 -0.358121 0)
(2.76033 -0.226267 0)
(2.83882 0.0394909 0)
(2.17773 0.937498 0)
(1.8545 0.402148 0)
(2.03846 -0.0507771 0)
(2.14699 -0.26525 0)
(2.29617 -0.352098 0)
(2.44425 -0.337631 0)
(2.59634 -0.296676 0)
(2.72767 -0.241452 0)
(2.80271 -0.235793 0)
(2.94888 -0.0655178 0)
(2.62871 0.854112 0)
(1.76797 0.112262 0)
(1.94138 -0.143446 0)
(2.15371 -0.199266 0)
(2.3671 -0.240724 0)
(2.54273 -0.232713 0)
(2.67468 -0.207679 0)
(2.79178 -0.156644 0)
(2.88959 -0.148984 0)
(2.98857 -0.0559847 0)
(2.86145 0.714003 0)
(1.86474 0.159095 0)
(1.96484 0.0100735 0)
(2.17642 -0.0486202 0)
(2.39751 -0.0681974 0)
(2.56546 -0.0654225 0)
(2.66908 -0.08518 0)
(2.76246 -0.0743047 0)
(2.85506 -0.0678357 0)
(2.96937 -0.0621659 0)
(1.7912 0.925742 0)
(2.21816 0.190094 0)
(2.26292 0.0297742 0)
(2.26682 -0.0263645 0)
(2.01757 -0.200275 0)
(1.86556 -0.157823 0)
(1.95178 -0.0479831 0)
(2.12816 -0.00182209 0)
(2.28559 0.0197661 0)
(2.49069 0.0287059 0)
(1.85083 0.416822 0)
(2.32595 0.0348989 0)
(2.36553 -0.0475783 0)
(2.33952 -0.143615 0)
(2.0939 -0.524223 0)
(2.05584 -0.30824 0)
(2.01864 -0.0313746 0)
(2.17032 0.0631593 0)
(2.29773 0.102403 0)
(2.49481 0.114526 0)
(1.85254 0.550097 0)
(2.21339 0.420814 0)
(2.45079 0.0693163 0)
(2.38569 -0.202322 0)
(2.20054 -0.676022 0)
(2.20815 -0.576924 0)
(2.19102 -0.214683 0)
(2.26688 0.0156103 0)
(2.34943 0.15622 0)
(2.52873 0.154588 0)
(1.86598 0.648386 0)
(2.25335 0.491287 0)
(2.43463 0.0248091 0)
(2.30533 -0.418918 0)
(2.22772 -0.703827 0)
(2.29022 -0.657231 0)
(2.3476 -0.428913 0)
(2.36441 -0.106372 0)
(2.45868 0.133888 0)
(2.55712 0.211719 0)
(1.87357 0.727443 0)
(2.21672 0.665849 0)
(2.28551 0.0565812 0)
(2.25288 -0.432833 0)
(2.24677 -0.669292 0)
(2.32395 -0.635895 0)
(2.44201 -0.532587 0)
(2.4755 -0.239249 0)
(2.57432 0.0322185 0)
(2.6168 0.205424 0)
(1.88024 0.830653 0)
(2.19944 0.716014 0)
(2.16403 -0.0177613 0)
(2.1693 -0.543442 0)
(2.23311 -0.570029 0)
(2.35293 -0.535363 0)
(2.47109 -0.488481 0)
(2.61302 -0.365886 0)
(2.65796 -0.118793 0)
(2.72629 0.163632 0)
(1.94965 0.870279 0)
(2.08776 0.639645 0)
(2.13793 -0.058333 0)
(2.14749 -0.437368 0)
(2.24609 -0.50062 0)
(2.39796 -0.469433 0)
(2.55047 -0.419037 0)
(2.66597 -0.358121 0)
(2.76033 -0.226267 0)
(2.83882 0.0394909 0)
(2.17773 0.937498 0)
(1.8545 0.402148 0)
(2.03846 -0.0507771 0)
(2.14699 -0.26525 0)
(2.29617 -0.352098 0)
(2.44425 -0.337631 0)
(2.59634 -0.296676 0)
(2.72767 -0.241452 0)
(2.80271 -0.235793 0)
(2.94888 -0.0655178 0)
(2.62871 0.854112 0)
(1.76797 0.112262 0)
(1.94138 -0.143446 0)
(2.15371 -0.199266 0)
(2.3671 -0.240724 0)
(2.54273 -0.232713 0)
(2.67468 -0.207679 0)
(2.79178 -0.156644 0)
(2.88959 -0.148984 0)
(2.98857 -0.0559847 0)
(2.86145 0.714003 0)
(1.86474 0.159095 0)
(1.96484 0.0100735 0)
(2.17642 -0.0486202 0)
(2.39751 -0.0681974 0)
(2.56546 -0.0654225 0)
(2.66908 -0.08518 0)
(2.76246 -0.0743047 0)
(2.85506 -0.0678357 0)
(2.96937 -0.0621659 0)
(1.7912 0.925742 0)
(2.21816 0.190094 0)
(2.26292 0.0297742 0)
(2.26682 -0.0263645 0)
(2.01757 -0.200275 0)
(1.86556 -0.157823 0)
(1.95178 -0.0479831 0)
(2.12816 -0.00182209 0)
(2.28559 0.0197661 0)
(2.49069 0.0287059 0)
(1.85083 0.416822 0)
(2.32595 0.0348989 0)
(2.36553 -0.0475783 0)
(2.33952 -0.143615 0)
(2.0939 -0.524223 0)
(2.05584 -0.30824 0)
(2.01864 -0.0313746 0)
(2.17032 0.0631593 0)
(2.29773 0.102403 0)
(2.49481 0.114526 0)
(1.85254 0.550097 0)
(2.21339 0.420814 0)
(2.45079 0.0693163 0)
(2.38569 -0.202322 0)
(2.20054 -0.676022 0)
(2.20815 -0.576924 0)
(2.19102 -0.214683 0)
(2.26688 0.0156103 0)
(2.34943 0.15622 0)
(2.52873 0.154588 0)
(1.86598 0.648386 0)
(2.25335 0.491287 0)
(2.43463 0.0248091 0)
(2.30533 -0.418918 0)
(2.22772 -0.703827 0)
(2.29022 -0.657231 0)
(2.3476 -0.428913 0)
(2.36441 -0.106372 0)
(2.45868 0.133888 0)
(2.55712 0.211719 0)
(1.87357 0.727443 0)
(2.21672 0.665849 0)
(2.28551 0.0565812 0)
(2.25288 -0.432833 0)
(2.24677 -0.669292 0)
(2.32395 -0.635895 0)
(2.44201 -0.532587 0)
(2.4755 -0.239249 0)
(2.57432 0.0322185 0)
(2.6168 0.205424 0)
(1.88024 0.830653 0)
(2.19944 0.716014 0)
(2.16403 -0.0177613 0)
(2.1693 -0.543442 0)
(2.23311 -0.570029 0)
(2.35293 -0.535363 0)
(2.47109 -0.488481 0)
(2.61302 -0.365886 0)
(2.65796 -0.118793 0)
(2.72629 0.163632 0)
(1.94965 0.870279 0)
(2.08776 0.639645 0)
(2.13793 -0.058333 0)
(2.14749 -0.437368 0)
(2.24609 -0.50062 0)
(2.39796 -0.469433 0)
(2.55047 -0.419037 0)
(2.66597 -0.358121 0)
(2.76033 -0.226267 0)
(2.83882 0.0394909 0)
(2.17773 0.937498 0)
(1.8545 0.402148 0)
(2.03846 -0.0507771 0)
(2.14699 -0.26525 0)
(2.29617 -0.352098 0)
(2.44425 -0.337631 0)
(2.59634 -0.296676 0)
(2.72767 -0.241452 0)
(2.80271 -0.235793 0)
(2.94888 -0.0655178 0)
(2.62871 0.854112 0)
(1.76797 0.112262 0)
(1.94138 -0.143446 0)
(2.15371 -0.199266 0)
(2.3671 -0.240724 0)
(2.54273 -0.232713 0)
(2.67468 -0.207679 0)
(2.79178 -0.156644 0)
(2.88959 -0.148984 0)
(2.98857 -0.0559847 0)
(2.86145 0.714003 0)
(1.86474 0.159095 0)
(1.96484 0.0100735 0)
(2.17642 -0.0486202 0)
(2.39751 -0.0681974 0)
(2.56546 -0.0654225 0)
(2.66908 -0.08518 0)
(2.76246 -0.0743047 0)
(2.85506 -0.0678357 0)
(2.96937 -0.0621659 0)
)
;

boundaryField
{
    inlet
    {
        type            fixedValue;
        value           uniform (3 0 0);
    }
    outlet
    {
        type            inletOutlet;
        inletValue      uniform (3 0 0);
        value           nonuniform List<vector> 
100
(
(2.49069 0.0287059 0)
(2.49481 0.114526 0)
(2.52873 0.154588 0)
(2.55712 0.211719 0)
(2.6168 0.205424 0)
(2.72629 0.163632 0)
(2.83882 0.0394909 0)
(2.94888 -0.0655178 0)
(2.98857 -0.0559847 0)
(2.96937 -0.0621659 0)
(2.49069 0.0287059 0)
(2.49481 0.114526 0)
(2.52873 0.154588 0)
(2.55712 0.211719 0)
(2.6168 0.205424 0)
(2.72629 0.163632 0)
(2.83882 0.0394909 0)
(2.94888 -0.0655178 0)
(2.98857 -0.0559847 0)
(2.96937 -0.0621659 0)
(2.49069 0.0287059 0)
(2.49481 0.114526 0)
(2.52873 0.154588 0)
(2.55712 0.211719 0)
(2.6168 0.205424 0)
(2.72629 0.163632 0)
(2.83882 0.0394909 0)
(2.94888 -0.0655178 0)
(2.98857 -0.0559847 0)
(2.96937 -0.0621659 0)
(2.49069 0.0287059 0)
(2.49481 0.114526 0)
(2.52873 0.154588 0)
(2.55712 0.211719 0)
(2.6168 0.205424 0)
(2.72629 0.163632 0)
(2.83882 0.0394909 0)
(2.94888 -0.0655178 0)
(2.98857 -0.0559847 0)
(2.96937 -0.0621659 0)
(2.49069 0.0287059 0)
(2.49481 0.114526 0)
(2.52873 0.154588 0)
(2.55712 0.211719 0)
(2.6168 0.205424 0)
(2.72629 0.163632 0)
(2.83882 0.0394909 0)
(2.94888 -0.0655178 0)
(2.98857 -0.0559847 0)
(2.96937 -0.0621659 0)
(2.49069 0.0287059 0)
(2.49481 0.114526 0)
(2.52873 0.154588 0)
(2.55712 0.211719 0)
(2.6168 0.205424 0)
(2.72629 0.163632 0)
(2.83882 0.0394909 0)
(2.94888 -0.0655178 0)
(2.98857 -0.0559847 0)
(2.96937 -0.0621659 0)
(2.49069 0.0287059 0)
(2.49481 0.114526 0)
(2.52873 0.154588 0)
(2.55712 0.211719 0)
(2.6168 0.205424 0)
(2.72629 0.163632 0)
(2.83882 0.0394909 0)
(2.94888 -0.0655178 0)
(2.98857 -0.0559847 0)
(2.96937 -0.0621659 0)
(2.49069 0.0287059 0)
(2.49481 0.114526 0)
(2.52873 0.154588 0)
(2.55712 0.211719 0)
(2.6168 0.205424 0)
(2.72629 0.163632 0)
(2.83882 0.0394909 0)
(2.94888 -0.0655178 0)
(2.98857 -0.0559847 0)
(2.96937 -0.0621659 0)
(2.49069 0.0287059 0)
(2.49481 0.114526 0)
(2.52873 0.154588 0)
(2.55712 0.211719 0)
(2.6168 0.205424 0)
(2.72629 0.163632 0)
(2.83882 0.0394909 0)
(2.94888 -0.0655178 0)
(2.98857 -0.0559847 0)
(2.96937 -0.0621659 0)
(2.49069 0.0287059 0)
(2.49481 0.114526 0)
(2.52873 0.154588 0)
(2.55712 0.211719 0)
(2.6168 0.205424 0)
(2.72629 0.163632 0)
(2.83882 0.0394909 0)
(2.94888 -0.0655178 0)
(2.98857 -0.0559847 0)
(2.96937 -0.0621659 0)
)
;
    }
    top
    {
        type            symmetryPlane;
    }
    bottom
    {
        type            symmetryPlane;
    }
    step
    {
        type            slip;
    }
    defaultFaces
    {
        type            empty;
    }
}


// ************************************************************************* //
