/*--------------------------------*- C++ -*----------------------------------*\
  =========                 |
  \\      /  F ield         | OpenFOAM: The Open Source CFD Toolbox
   \\    /   O peration     | Website:  https://openfoam.org
    \\  /    A nd           | Version:  6.0
     \\/     M anipulation  |
\*---------------------------------------------------------------------------*/
FoamFile
{
    version     2.0;
    format      ascii;
    class       volScalarField;
    location    "2.000492";
    object      p;
}
// * * * * * * * * * * * * * * * * * * * * * * * * * * * * * * * * * * * * * //

dimensions      [1 -1 -2 0 0 0 0];

internalField   nonuniform List<scalar> 
3000
(
1
1
1
1
1
5.57581
10.7124
11.1194
11.5359
11.8751
1
1
1
1
1
5.52791
10.6781
11.0938
11.4963
11.8252
1
1
1
1
1
5.43035
10.6274
11.0515
11.4342
11.7608
1
1
1
1
1
5.28273
10.5527
10.991
11.3515
11.6536
1
1
1
1
1
5.08741
10.4472
10.9012
11.2213
11.5172
1
1
1
1
1
4.84773
10.3137
10.8031
11.0816
11.3263
1
1
1
1
1
4.55578
10.1382
10.6716
10.873
11.0792
1
1
1
1
1
4.23249
9.90895
10.5255
10.6464
10.7392
1
1
1
1
1
3.85595
9.66874
10.3822
10.3509
10.2239
1
1
1
1
1
3.44474
9.36605
10.2233
10.0876
9.90622
1
1
1
1
1
5.57581
10.7124
11.1194
11.5359
11.8751
1
1
1
1
1
5.52791
10.6781
11.0938
11.4963
11.8252
1
1
1
1
1
5.43035
10.6274
11.0515
11.4342
11.7608
1
1
1
1
1
5.28273
10.5527
10.991
11.3515
11.6536
1
1
1
1
1
5.08741
10.4472
10.9012
11.2213
11.5172
1
1
1
1
1
4.84773
10.3137
10.8031
11.0816
11.3263
1
1
1
1
1
4.55578
10.1382
10.6716
10.873
11.0792
1
1
1
1
1
4.23249
9.90895
10.5255
10.6464
10.7392
1
1
1
1
1
3.85595
9.66874
10.3822
10.3509
10.2239
1
1
1
1
1
3.44474
9.36605
10.2233
10.0876
9.90622
1
1
1
1
1
5.57581
10.7124
11.1194
11.5359
11.8751
1
1
1
1
1
5.52791
10.6781
11.0938
11.4963
11.8252
1
1
1
1
1
5.43035
10.6274
11.0515
11.4342
11.7608
1
1
1
1
1
5.28273
10.5527
10.991
11.3515
11.6536
1
1
1
1
1
5.08741
10.4472
10.9012
11.2213
11.5172
1
1
1
1
1
4.84773
10.3137
10.8031
11.0816
11.3263
1
1
1
1
1
4.55578
10.1382
10.6716
10.873
11.0792
1
1
1
1
1
4.23249
9.90895
10.5255
10.6464
10.7392
1
1
1
1
1
3.85595
9.66874
10.3822
10.3509
10.2239
1
1
1
1
1
3.44474
9.36605
10.2233
10.0876
9.90622
1
1
1
1
1
5.57581
10.7124
11.1194
11.5359
11.8751
1
1
1
1
1
5.52791
10.6781
11.0938
11.4963
11.8252
1
1
1
1
1
5.43035
10.6274
11.0515
11.4342
11.7608
1
1
1
1
1
5.28273
10.5527
10.991
11.3515
11.6536
1
1
1
1
1
5.08741
10.4472
10.9012
11.2213
11.5172
1
1
1
1
1
4.84773
10.3137
10.8031
11.0816
11.3263
1
1
1
1
1
4.55578
10.1382
10.6716
10.873
11.0792
1
1
1
1
1
4.23249
9.90895
10.5255
10.6464
10.7392
1
1
1
1
1
3.85595
9.66874
10.3822
10.3509
10.2239
1
1
1
1
1
3.44474
9.36605
10.2233
10.0876
9.90622
1
1
1
1
1
5.57581
10.7124
11.1194
11.5359
11.8751
1
1
1
1
1
5.52791
10.6781
11.0938
11.4963
11.8252
1
1
1
1
1
5.43035
10.6274
11.0515
11.4342
11.7608
1
1
1
1
1
5.28273
10.5527
10.991
11.3515
11.6536
1
1
1
1
1
5.08741
10.4472
10.9012
11.2213
11.5172
1
1
1
1
1
4.84773
10.3137
10.8031
11.0816
11.3263
1
1
1
1
1
4.55578
10.1382
10.6716
10.873
11.0792
1
1
1
1
1
4.23249
9.90895
10.5255
10.6464
10.7392
1
1
1
1
1
3.85595
9.66874
10.3822
10.3509
10.2239
1
1
1
1
1
3.44474
9.36605
10.2233
10.0876
9.90622
1
1
1
1
1
5.57581
10.7124
11.1194
11.5359
11.8751
1
1
1
1
1
5.52791
10.6781
11.0938
11.4963
11.8252
1
1
1
1
1
5.43035
10.6274
11.0515
11.4342
11.7608
1
1
1
1
1
5.28273
10.5527
10.991
11.3515
11.6536
1
1
1
1
1
5.08741
10.4472
10.9012
11.2213
11.5172
1
1
1
1
1
4.84773
10.3137
10.8031
11.0816
11.3263
1
1
1
1
1
4.55578
10.1382
10.6716
10.873
11.0792
1
1
1
1
1
4.23249
9.90895
10.5255
10.6464
10.7392
1
1
1
1
1
3.85595
9.66874
10.3822
10.3509
10.2239
1
1
1
1
1
3.44474
9.36605
10.2233
10.0876
9.90622
1
1
1
1
1
5.57581
10.7124
11.1194
11.5359
11.8751
1
1
1
1
1
5.52791
10.6781
11.0938
11.4963
11.8252
1
1
1
1
1
5.43035
10.6274
11.0515
11.4342
11.7608
1
1
1
1
1
5.28273
10.5527
10.991
11.3515
11.6536
1
1
1
1
1
5.08741
10.4472
10.9012
11.2213
11.5172
1
1
1
1
1
4.84773
10.3137
10.8031
11.0816
11.3263
1
1
1
1
1
4.55578
10.1382
10.6716
10.873
11.0792
1
1
1
1
1
4.23249
9.90895
10.5255
10.6464
10.7392
1
1
1
1
1
3.85595
9.66874
10.3822
10.3509
10.2239
1
1
1
1
1
3.44474
9.36605
10.2233
10.0876
9.90622
1
1
1
1
1
5.57581
10.7124
11.1194
11.5359
11.8751
1
1
1
1
1
5.52791
10.6781
11.0938
11.4963
11.8252
1
1
1
1
1
5.43035
10.6274
11.0515
11.4342
11.7608
1
1
1
1
1
5.28273
10.5527
10.991
11.3515
11.6536
1
1
1
1
1
5.08741
10.4472
10.9012
11.2213
11.5172
1
1
1
1
1
4.84773
10.3137
10.8031
11.0816
11.3263
1
1
1
1
1
4.55578
10.1382
10.6716
10.873
11.0792
1
1
1
1
1
4.23249
9.90895
10.5255
10.6464
10.7392
1
1
1
1
1
3.85595
9.66874
10.3822
10.3509
10.2239
1
1
1
1
1
3.44474
9.36605
10.2233
10.0876
9.90622
1
1
1
1
1
5.57581
10.7124
11.1194
11.5359
11.8751
1
1
1
1
1
5.52791
10.6781
11.0938
11.4963
11.8252
1
1
1
1
1
5.43035
10.6274
11.0515
11.4342
11.7608
1
1
1
1
1
5.28273
10.5527
10.991
11.3515
11.6536
1
1
1
1
1
5.08741
10.4472
10.9012
11.2213
11.5172
1
1
1
1
1
4.84773
10.3137
10.8031
11.0816
11.3263
1
1
1
1
1
4.55578
10.1382
10.6716
10.873
11.0792
1
1
1
1
1
4.23249
9.90895
10.5255
10.6464
10.7392
1
1
1
1
1
3.85595
9.66874
10.3822
10.3509
10.2239
1
1
1
1
1
3.44474
9.36605
10.2233
10.0876
9.90622
1
1
1
1
1
5.57581
10.7124
11.1194
11.5359
11.8751
1
1
1
1
1
5.52791
10.6781
11.0938
11.4963
11.8252
1
1
1
1
1
5.43035
10.6274
11.0515
11.4342
11.7608
1
1
1
1
1
5.28273
10.5527
10.991
11.3515
11.6536
1
1
1
1
1
5.08741
10.4472
10.9012
11.2213
11.5172
1
1
1
1
1
4.84773
10.3137
10.8031
11.0816
11.3263
1
1
1
1
1
4.55578
10.1382
10.6716
10.873
11.0792
1
1
1
1
1
4.23249
9.90895
10.5255
10.6464
10.7392
1
1
1
1
1
3.85595
9.66874
10.3822
10.3509
10.2239
1
1
1
1
1
3.44474
9.36605
10.2233
10.0876
9.90622
1
1
1
1
1
2.29046
8.471
9.70481
9.35958
7.81939
1
1
1
1
1
1.11421
5.60331
8.99135
8.35761
7.03994
1
1
1
1
1
1.00059
2.23315
7.28688
7.93991
6.69057
1
1
1
1
1
0.999999
1.08115
4.00022
7.46924
6.65395
1
1
1
1
1
1
1.00051
1.42132
4.8725
6.54191
1
1
1
1
1
1
1
1.01016
1.81117
5.05832
1
1
1
1
1
1
1
1.00004
1.03454
2.39828
1
1
1
1
1
1
1
1
1.00022
1.11419
1
1
1
1
1
1
1
1
1
1.00081
1
1
1
1
1
1
1
1
1
0.999999
1
1
1
1
1
2.29046
8.471
9.70481
9.35958
7.81939
1
1
1
1
1
1.11421
5.60331
8.99135
8.35761
7.03994
1
1
1
1
1
1.00059
2.23315
7.28688
7.93991
6.69057
1
1
1
1
1
0.999999
1.08115
4.00022
7.46924
6.65395
1
1
1
1
1
1
1.00051
1.42132
4.8725
6.54191
1
1
1
1
1
1
1
1.01016
1.81117
5.05832
1
1
1
1
1
1
1
1.00004
1.03454
2.39828
1
1
1
1
1
1
1
1
1.00022
1.11419
1
1
1
1
1
1
1
1
1
1.00081
1
1
1
1
1
1
1
1
1
0.999999
1
1
1
1
1
2.29046
8.471
9.70481
9.35958
7.81939
1
1
1
1
1
1.11421
5.60331
8.99135
8.35761
7.03994
1
1
1
1
1
1.00059
2.23315
7.28688
7.93991
6.69057
1
1
1
1
1
0.999999
1.08115
4.00022
7.46924
6.65395
1
1
1
1
1
1
1.00051
1.42132
4.8725
6.54191
1
1
1
1
1
1
1
1.01016
1.81117
5.05832
1
1
1
1
1
1
1
1.00004
1.03454
2.39828
1
1
1
1
1
1
1
1
1.00022
1.11419
1
1
1
1
1
1
1
1
1
1.00081
1
1
1
1
1
1
1
1
1
0.999999
1
1
1
1
1
2.29046
8.471
9.70481
9.35958
7.81939
1
1
1
1
1
1.11421
5.60331
8.99135
8.35761
7.03994
1
1
1
1
1
1.00059
2.23315
7.28688
7.93991
6.69057
1
1
1
1
1
0.999999
1.08115
4.00022
7.46924
6.65395
1
1
1
1
1
1
1.00051
1.42132
4.8725
6.54191
1
1
1
1
1
1
1
1.01016
1.81117
5.05832
1
1
1
1
1
1
1
1.00004
1.03454
2.39828
1
1
1
1
1
1
1
1
1.00022
1.11419
1
1
1
1
1
1
1
1
1
1.00081
1
1
1
1
1
1
1
1
1
0.999999
1
1
1
1
1
2.29046
8.471
9.70481
9.35958
7.81939
1
1
1
1
1
1.11421
5.60331
8.99135
8.35761
7.03994
1
1
1
1
1
1.00059
2.23315
7.28688
7.93991
6.69057
1
1
1
1
1
0.999999
1.08115
4.00022
7.46924
6.65395
1
1
1
1
1
1
1.00051
1.42132
4.8725
6.54191
1
1
1
1
1
1
1
1.01016
1.81117
5.05832
1
1
1
1
1
1
1
1.00004
1.03454
2.39828
1
1
1
1
1
1
1
1
1.00022
1.11419
1
1
1
1
1
1
1
1
1
1.00081
1
1
1
1
1
1
1
1
1
0.999999
1
1
1
1
1
2.29046
8.471
9.70481
9.35958
7.81939
1
1
1
1
1
1.11421
5.60331
8.99135
8.35761
7.03994
1
1
1
1
1
1.00059
2.23315
7.28688
7.93991
6.69057
1
1
1
1
1
0.999999
1.08115
4.00022
7.46924
6.65395
1
1
1
1
1
1
1.00051
1.42132
4.8725
6.54191
1
1
1
1
1
1
1
1.01016
1.81117
5.05832
1
1
1
1
1
1
1
1.00004
1.03454
2.39828
1
1
1
1
1
1
1
1
1.00022
1.11419
1
1
1
1
1
1
1
1
1
1.00081
1
1
1
1
1
1
1
1
1
0.999999
1
1
1
1
1
2.29046
8.471
9.70481
9.35958
7.81939
1
1
1
1
1
1.11421
5.60331
8.99135
8.35761
7.03994
1
1
1
1
1
1.00059
2.23315
7.28688
7.93991
6.69057
1
1
1
1
1
0.999999
1.08115
4.00022
7.46924
6.65395
1
1
1
1
1
1
1.00051
1.42132
4.8725
6.54191
1
1
1
1
1
1
1
1.01016
1.81117
5.05832
1
1
1
1
1
1
1
1.00004
1.03454
2.39828
1
1
1
1
1
1
1
1
1.00022
1.11419
1
1
1
1
1
1
1
1
1
1.00081
1
1
1
1
1
1
1
1
1
0.999999
1
1
1
1
1
2.29046
8.471
9.70481
9.35958
7.81939
1
1
1
1
1
1.11421
5.60331
8.99135
8.35761
7.03994
1
1
1
1
1
1.00059
2.23315
7.28688
7.93991
6.69057
1
1
1
1
1
0.999999
1.08115
4.00022
7.46924
6.65395
1
1
1
1
1
1
1.00051
1.42132
4.8725
6.54191
1
1
1
1
1
1
1
1.01016
1.81117
5.05832
1
1
1
1
1
1
1
1.00004
1.03454
2.39828
1
1
1
1
1
1
1
1
1.00022
1.11419
1
1
1
1
1
1
1
1
1
1.00081
1
1
1
1
1
1
1
1
1
0.999999
1
1
1
1
1
2.29046
8.471
9.70481
9.35958
7.81939
1
1
1
1
1
1.11421
5.60331
8.99135
8.35761
7.03994
1
1
1
1
1
1.00059
2.23315
7.28688
7.93991
6.69057
1
1
1
1
1
0.999999
1.08115
4.00022
7.46924
6.65395
1
1
1
1
1
1
1.00051
1.42132
4.8725
6.54191
1
1
1
1
1
1
1
1.01016
1.81117
5.05832
1
1
1
1
1
1
1
1.00004
1.03454
2.39828
1
1
1
1
1
1
1
1
1.00022
1.11419
1
1
1
1
1
1
1
1
1
1.00081
1
1
1
1
1
1
1
1
1
0.999999
1
1
1
1
1
2.29046
8.471
9.70481
9.35958
7.81939
1
1
1
1
1
1.11421
5.60331
8.99135
8.35761
7.03994
1
1
1
1
1
1.00059
2.23315
7.28688
7.93991
6.69057
1
1
1
1
1
0.999999
1.08115
4.00022
7.46924
6.65395
1
1
1
1
1
1
1.00051
1.42132
4.8725
6.54191
1
1
1
1
1
1
1
1.01016
1.81117
5.05832
1
1
1
1
1
1
1
1.00004
1.03454
2.39828
1
1
1
1
1
1
1
1
1.00022
1.11419
1
1
1
1
1
1
1
1
1
1.00081
1
1
1
1
1
1
1
1
1
0.999999
1.74747
1.14377
1.15974
1.25479
2.36076
3.99532
4.37872
3.80205
3.25712
2.56331
3.31865
1.5463
1.23524
1.38458
2.20423
3.31259
3.92741
3.62083
3.17875
2.53813
3.84713
1.74312
1.28632
1.6732
2.28051
2.6341
3.32553
3.42351
3.10558
2.53486
4.22556
2.09574
1.5226
2.16341
2.48467
2.42627
2.56389
2.86738
2.81665
2.49337
4.48236
2.37879
1.97346
2.75179
2.67438
2.36693
2.03496
2.10324
2.39333
2.24155
4.61951
2.91837
2.93823
3.24064
2.87877
2.36606
1.90001
1.61773
1.73409
1.8933
4.15315
3.88499
4.30561
3.65961
2.97897
2.35464
1.84492
1.48347
1.32664
1.45071
3.03576
5.35416
5.53819
4.36347
3.18957
2.38002
1.83099
1.4334
1.21861
1.08909
2.29403
6.73299
6.05915
4.6923
3.35961
2.46494
1.91408
1.51228
1.1925
0.954563
2.77443
8.23903
6.87406
4.9493
3.4099
2.43264
1.78613
1.40771
1.13236
0.888073
1.74747
1.14377
1.15974
1.25479
2.36076
3.99532
4.37872
3.80205
3.25712
2.56331
3.31865
1.5463
1.23524
1.38458
2.20423
3.31259
3.92741
3.62083
3.17875
2.53813
3.84713
1.74312
1.28632
1.6732
2.28051
2.6341
3.32553
3.42351
3.10558
2.53486
4.22556
2.09574
1.5226
2.16341
2.48467
2.42627
2.56389
2.86738
2.81665
2.49337
4.48236
2.37879
1.97346
2.75179
2.67438
2.36693
2.03496
2.10324
2.39333
2.24155
4.61951
2.91837
2.93823
3.24064
2.87877
2.36606
1.90001
1.61773
1.73409
1.8933
4.15315
3.88499
4.30561
3.65961
2.97897
2.35464
1.84492
1.48347
1.32664
1.45071
3.03576
5.35416
5.53819
4.36347
3.18957
2.38002
1.83099
1.4334
1.21861
1.08909
2.29403
6.73299
6.05915
4.6923
3.35961
2.46494
1.91408
1.51228
1.1925
0.954563
2.77443
8.23903
6.87406
4.9493
3.4099
2.43264
1.78613
1.40771
1.13236
0.888073
1.74747
1.14377
1.15974
1.25479
2.36076
3.99532
4.37872
3.80205
3.25712
2.56331
3.31865
1.5463
1.23524
1.38458
2.20423
3.31259
3.92741
3.62083
3.17875
2.53813
3.84713
1.74312
1.28632
1.6732
2.28051
2.6341
3.32553
3.42351
3.10558
2.53486
4.22556
2.09574
1.5226
2.16341
2.48467
2.42627
2.56389
2.86738
2.81665
2.49337
4.48236
2.37879
1.97346
2.75179
2.67438
2.36693
2.03496
2.10324
2.39333
2.24155
4.61951
2.91837
2.93823
3.24064
2.87877
2.36606
1.90001
1.61773
1.73409
1.8933
4.15315
3.88499
4.30561
3.65961
2.97897
2.35464
1.84492
1.48347
1.32664
1.45071
3.03576
5.35416
5.53819
4.36347
3.18957
2.38002
1.83099
1.4334
1.21861
1.08909
2.29403
6.73299
6.05915
4.6923
3.35961
2.46494
1.91408
1.51228
1.1925
0.954563
2.77443
8.23903
6.87406
4.9493
3.4099
2.43264
1.78613
1.40771
1.13236
0.888073
1.74747
1.14377
1.15974
1.25479
2.36076
3.99532
4.37872
3.80205
3.25712
2.56331
3.31865
1.5463
1.23524
1.38458
2.20423
3.31259
3.92741
3.62083
3.17875
2.53813
3.84713
1.74312
1.28632
1.6732
2.28051
2.6341
3.32553
3.42351
3.10558
2.53486
4.22556
2.09574
1.5226
2.16341
2.48467
2.42627
2.56389
2.86738
2.81665
2.49337
4.48236
2.37879
1.97346
2.75179
2.67438
2.36693
2.03496
2.10324
2.39333
2.24155
4.61951
2.91837
2.93823
3.24064
2.87877
2.36606
1.90001
1.61773
1.73409
1.8933
4.15315
3.88499
4.30561
3.65961
2.97897
2.35464
1.84492
1.48347
1.32664
1.45071
3.03576
5.35416
5.53819
4.36347
3.18957
2.38002
1.83099
1.4334
1.21861
1.08909
2.29403
6.73299
6.05915
4.6923
3.35961
2.46494
1.91408
1.51228
1.1925
0.954563
2.77443
8.23903
6.87406
4.9493
3.4099
2.43264
1.78613
1.40771
1.13236
0.888073
1.74747
1.14377
1.15974
1.25479
2.36076
3.99532
4.37872
3.80205
3.25712
2.56331
3.31865
1.5463
1.23524
1.38458
2.20423
3.31259
3.92741
3.62083
3.17875
2.53813
3.84713
1.74312
1.28632
1.6732
2.28051
2.6341
3.32553
3.42351
3.10558
2.53486
4.22556
2.09574
1.5226
2.16341
2.48467
2.42627
2.56389
2.86738
2.81665
2.49337
4.48236
2.37879
1.97346
2.75179
2.67438
2.36693
2.03496
2.10324
2.39333
2.24155
4.61951
2.91837
2.93823
3.24064
2.87877
2.36606
1.90001
1.61773
1.73409
1.8933
4.15315
3.88499
4.30561
3.65961
2.97897
2.35464
1.84492
1.48347
1.32664
1.45071
3.03576
5.35416
5.53819
4.36347
3.18957
2.38002
1.83099
1.4334
1.21861
1.08909
2.29403
6.73299
6.05915
4.6923
3.35961
2.46494
1.91408
1.51228
1.1925
0.954563
2.77443
8.23903
6.87406
4.9493
3.4099
2.43264
1.78613
1.40771
1.13236
0.888073
1.74747
1.14377
1.15974
1.25479
2.36076
3.99532
4.37872
3.80205
3.25712
2.56331
3.31865
1.5463
1.23524
1.38458
2.20423
3.31259
3.92741
3.62083
3.17875
2.53813
3.84713
1.74312
1.28632
1.6732
2.28051
2.6341
3.32553
3.42351
3.10558
2.53486
4.22556
2.09574
1.5226
2.16341
2.48467
2.42627
2.56389
2.86738
2.81665
2.49337
4.48236
2.37879
1.97346
2.75179
2.67438
2.36693
2.03496
2.10324
2.39333
2.24155
4.61951
2.91837
2.93823
3.24064
2.87877
2.36606
1.90001
1.61773
1.73409
1.8933
4.15315
3.88499
4.30561
3.65961
2.97897
2.35464
1.84492
1.48347
1.32664
1.45071
3.03576
5.35416
5.53819
4.36347
3.18957
2.38002
1.83099
1.4334
1.21861
1.08909
2.29403
6.73299
6.05915
4.6923
3.35961
2.46494
1.91408
1.51228
1.1925
0.954563
2.77443
8.23903
6.87406
4.9493
3.4099
2.43264
1.78613
1.40771
1.13236
0.888073
1.74747
1.14377
1.15974
1.25479
2.36076
3.99532
4.37872
3.80205
3.25712
2.56331
3.31865
1.5463
1.23524
1.38458
2.20423
3.31259
3.92741
3.62083
3.17875
2.53813
3.84713
1.74312
1.28632
1.6732
2.28051
2.6341
3.32553
3.42351
3.10558
2.53486
4.22556
2.09574
1.5226
2.16341
2.48467
2.42627
2.56389
2.86738
2.81665
2.49337
4.48236
2.37879
1.97346
2.75179
2.67438
2.36693
2.03496
2.10324
2.39333
2.24155
4.61951
2.91837
2.93823
3.24064
2.87877
2.36606
1.90001
1.61773
1.73409
1.8933
4.15315
3.88499
4.30561
3.65961
2.97897
2.35464
1.84492
1.48347
1.32664
1.45071
3.03576
5.35416
5.53819
4.36347
3.18957
2.38002
1.83099
1.4334
1.21861
1.08909
2.29403
6.73299
6.05915
4.6923
3.35961
2.46494
1.91408
1.51228
1.1925
0.954563
2.77443
8.23903
6.87406
4.9493
3.4099
2.43264
1.78613
1.40771
1.13236
0.888073
1.74747
1.14377
1.15974
1.25479
2.36076
3.99532
4.37872
3.80205
3.25712
2.56331
3.31865
1.5463
1.23524
1.38458
2.20423
3.31259
3.92741
3.62083
3.17875
2.53813
3.84713
1.74312
1.28632
1.6732
2.28051
2.6341
3.32553
3.42351
3.10558
2.53486
4.22556
2.09574
1.5226
2.16341
2.48467
2.42627
2.56389
2.86738
2.81665
2.49337
4.48236
2.37879
1.97346
2.75179
2.67438
2.36693
2.03496
2.10324
2.39333
2.24155
4.61951
2.91837
2.93823
3.24064
2.87877
2.36606
1.90001
1.61773
1.73409
1.8933
4.15315
3.88499
4.30561
3.65961
2.97897
2.35464
1.84492
1.48347
1.32664
1.45071
3.03576
5.35416
5.53819
4.36347
3.18957
2.38002
1.83099
1.4334
1.21861
1.08909
2.29403
6.73299
6.05915
4.6923
3.35961
2.46494
1.91408
1.51228
1.1925
0.954563
2.77443
8.23903
6.87406
4.9493
3.4099
2.43264
1.78613
1.40771
1.13236
0.888073
1.74747
1.14377
1.15974
1.25479
2.36076
3.99532
4.37872
3.80205
3.25712
2.56331
3.31865
1.5463
1.23524
1.38458
2.20423
3.31259
3.92741
3.62083
3.17875
2.53813
3.84713
1.74312
1.28632
1.6732
2.28051
2.6341
3.32553
3.42351
3.10558
2.53486
4.22556
2.09574
1.5226
2.16341
2.48467
2.42627
2.56389
2.86738
2.81665
2.49337
4.48236
2.37879
1.97346
2.75179
2.67438
2.36693
2.03496
2.10324
2.39333
2.24155
4.61951
2.91837
2.93823
3.24064
2.87877
2.36606
1.90001
1.61773
1.73409
1.8933
4.15315
3.88499
4.30561
3.65961
2.97897
2.35464
1.84492
1.48347
1.32664
1.45071
3.03576
5.35416
5.53819
4.36347
3.18957
2.38002
1.83099
1.4334
1.21861
1.08909
2.29403
6.73299
6.05915
4.6923
3.35961
2.46494
1.91408
1.51228
1.1925
0.954563
2.77443
8.23903
6.87406
4.9493
3.4099
2.43264
1.78613
1.40771
1.13236
0.888073
1.74747
1.14377
1.15974
1.25479
2.36076
3.99532
4.37872
3.80205
3.25712
2.56331
3.31865
1.5463
1.23524
1.38458
2.20423
3.31259
3.92741
3.62083
3.17875
2.53813
3.84713
1.74312
1.28632
1.6732
2.28051
2.6341
3.32553
3.42351
3.10558
2.53486
4.22556
2.09574
1.5226
2.16341
2.48467
2.42627
2.56389
2.86738
2.81665
2.49337
4.48236
2.37879
1.97346
2.75179
2.67438
2.36693
2.03496
2.10324
2.39333
2.24155
4.61951
2.91837
2.93823
3.24064
2.87877
2.36606
1.90001
1.61773
1.73409
1.8933
4.15315
3.88499
4.30561
3.65961
2.97897
2.35464
1.84492
1.48347
1.32664
1.45071
3.03576
5.35416
5.53819
4.36347
3.18957
2.38002
1.83099
1.4334
1.21861
1.08909
2.29403
6.73299
6.05915
4.6923
3.35961
2.46494
1.91408
1.51228
1.1925
0.954563
2.77443
8.23903
6.87406
4.9493
3.4099
2.43264
1.78613
1.40771
1.13236
0.888073
)
;

boundaryField
{
    inlet
    {
        type            fixedValue;
        value           uniform 1;
    }
    outlet
    {
        type            zeroGradient;
    }
    top
    {
        type            symmetryPlane;
    }
    bottom
    {
        type            symmetryPlane;
    }
    step
    {
        type            zeroGradient;
    }
    defaultFaces
    {
        type            empty;
    }
}


// ************************************************************************* //
