/*--------------------------------*- C++ -*----------------------------------*\
  =========                 |
  \\      /  F ield         | OpenFOAM: The Open Source CFD Toolbox
   \\    /   O peration     | Website:  https://openfoam.org
    \\  /    A nd           | Version:  6.0
     \\/     M anipulation  |
\*---------------------------------------------------------------------------*/
FoamFile
{
    version     2.0;
    format      ascii;
    class       volScalarField;
    location    "2.000492";
    object      rho;
}
// * * * * * * * * * * * * * * * * * * * * * * * * * * * * * * * * * * * * * //

dimensions      [1 -3 0 0 0 0 0];

internalField   nonuniform List<scalar> 
3000
(
1.39997
1.39997
1.39997
1.39997
1.39997
3.57666
5.44515
5.57591
5.71259
5.825
1.39997
1.39997
1.39997
1.39997
1.39997
3.55249
5.43029
5.56625
5.69855
5.80757
1.39997
1.39997
1.39997
1.39997
1.39997
3.50735
5.40737
5.54979
5.67622
5.78487
1.39997
1.39997
1.39997
1.39997
1.39997
3.44347
5.37681
5.52652
5.64597
5.74656
1.39997
1.39997
1.39997
1.39997
1.39997
3.36138
5.33856
5.49327
5.59836
5.69704
1.39997
1.39997
1.39997
1.39997
1.39997
3.26158
5.29393
5.45821
5.54703
5.62755
1.39997
1.39997
1.39997
1.39997
1.39997
3.13691
5.235
5.41221
5.47201
5.53985
1.39997
1.39997
1.39997
1.39997
1.39997
2.99257
5.15437
5.36071
5.39238
5.42691
1.39997
1.39997
1.39997
1.39997
1.39997
2.82619
5.07205
5.30818
5.28531
5.24191
1.39997
1.39997
1.39997
1.39997
1.39997
2.66269
4.98331
5.24823
5.17795
5.06037
1.39997
1.39997
1.39997
1.39997
1.39997
3.57666
5.44515
5.57591
5.71259
5.825
1.39997
1.39997
1.39997
1.39997
1.39997
3.55249
5.43029
5.56625
5.69855
5.80757
1.39997
1.39997
1.39997
1.39997
1.39997
3.50735
5.40737
5.54979
5.67622
5.78487
1.39997
1.39997
1.39997
1.39997
1.39997
3.44347
5.37681
5.52652
5.64597
5.74656
1.39997
1.39997
1.39997
1.39997
1.39997
3.36138
5.33856
5.49327
5.59836
5.69704
1.39997
1.39997
1.39997
1.39997
1.39997
3.26158
5.29393
5.45821
5.54703
5.62755
1.39997
1.39997
1.39997
1.39997
1.39997
3.13691
5.235
5.41221
5.47201
5.53985
1.39997
1.39997
1.39997
1.39997
1.39997
2.99257
5.15437
5.36071
5.39238
5.42691
1.39997
1.39997
1.39997
1.39997
1.39997
2.82619
5.07205
5.30818
5.28531
5.24191
1.39997
1.39997
1.39997
1.39997
1.39997
2.66269
4.98331
5.24823
5.17795
5.06037
1.39997
1.39997
1.39997
1.39997
1.39997
3.57666
5.44515
5.57591
5.71259
5.825
1.39997
1.39997
1.39997
1.39997
1.39997
3.55249
5.43029
5.56625
5.69855
5.80757
1.39997
1.39997
1.39997
1.39997
1.39997
3.50735
5.40737
5.54979
5.67622
5.78487
1.39997
1.39997
1.39997
1.39997
1.39997
3.44347
5.37681
5.52652
5.64597
5.74656
1.39997
1.39997
1.39997
1.39997
1.39997
3.36138
5.33856
5.49327
5.59836
5.69704
1.39997
1.39997
1.39997
1.39997
1.39997
3.26158
5.29393
5.45821
5.54703
5.62755
1.39997
1.39997
1.39997
1.39997
1.39997
3.13691
5.235
5.41221
5.47201
5.53985
1.39997
1.39997
1.39997
1.39997
1.39997
2.99257
5.15437
5.36071
5.39238
5.42691
1.39997
1.39997
1.39997
1.39997
1.39997
2.82619
5.07205
5.30818
5.28531
5.24191
1.39997
1.39997
1.39997
1.39997
1.39997
2.66269
4.98331
5.24823
5.17795
5.06037
1.39997
1.39997
1.39997
1.39997
1.39997
3.57666
5.44515
5.57591
5.71259
5.825
1.39997
1.39997
1.39997
1.39997
1.39997
3.55249
5.43029
5.56625
5.69855
5.80757
1.39997
1.39997
1.39997
1.39997
1.39997
3.50735
5.40737
5.54979
5.67622
5.78487
1.39997
1.39997
1.39997
1.39997
1.39997
3.44347
5.37681
5.52652
5.64597
5.74656
1.39997
1.39997
1.39997
1.39997
1.39997
3.36138
5.33856
5.49327
5.59836
5.69704
1.39997
1.39997
1.39997
1.39997
1.39997
3.26158
5.29393
5.45821
5.54703
5.62755
1.39997
1.39997
1.39997
1.39997
1.39997
3.13691
5.235
5.41221
5.47201
5.53985
1.39997
1.39997
1.39997
1.39997
1.39997
2.99257
5.15437
5.36071
5.39238
5.42691
1.39997
1.39997
1.39997
1.39997
1.39997
2.82619
5.07205
5.30818
5.28531
5.24191
1.39997
1.39997
1.39997
1.39997
1.39997
2.66269
4.98331
5.24823
5.17795
5.06037
1.39997
1.39997
1.39997
1.39997
1.39997
3.57666
5.44515
5.57591
5.71259
5.825
1.39997
1.39997
1.39997
1.39997
1.39997
3.55249
5.43029
5.56625
5.69855
5.80757
1.39997
1.39997
1.39997
1.39997
1.39997
3.50735
5.40737
5.54979
5.67622
5.78487
1.39997
1.39997
1.39997
1.39997
1.39997
3.44347
5.37681
5.52652
5.64597
5.74656
1.39997
1.39997
1.39997
1.39997
1.39997
3.36138
5.33856
5.49327
5.59836
5.69704
1.39997
1.39997
1.39997
1.39997
1.39997
3.26158
5.29393
5.45821
5.54703
5.62755
1.39997
1.39997
1.39997
1.39997
1.39997
3.13691
5.235
5.41221
5.47201
5.53985
1.39997
1.39997
1.39997
1.39997
1.39997
2.99257
5.15437
5.36071
5.39238
5.42691
1.39997
1.39997
1.39997
1.39997
1.39997
2.82619
5.07205
5.30818
5.28531
5.24191
1.39997
1.39997
1.39997
1.39997
1.39997
2.66269
4.98331
5.24823
5.17795
5.06037
1.39997
1.39997
1.39997
1.39997
1.39997
3.57666
5.44515
5.57591
5.71259
5.825
1.39997
1.39997
1.39997
1.39997
1.39997
3.55249
5.43029
5.56625
5.69855
5.80757
1.39997
1.39997
1.39997
1.39997
1.39997
3.50735
5.40737
5.54979
5.67622
5.78487
1.39997
1.39997
1.39997
1.39997
1.39997
3.44347
5.37681
5.52652
5.64597
5.74656
1.39997
1.39997
1.39997
1.39997
1.39997
3.36138
5.33856
5.49327
5.59836
5.69704
1.39997
1.39997
1.39997
1.39997
1.39997
3.26158
5.29393
5.45821
5.54703
5.62755
1.39997
1.39997
1.39997
1.39997
1.39997
3.13691
5.235
5.41221
5.47201
5.53985
1.39997
1.39997
1.39997
1.39997
1.39997
2.99257
5.15437
5.36071
5.39238
5.42691
1.39997
1.39997
1.39997
1.39997
1.39997
2.82619
5.07205
5.30818
5.28531
5.24191
1.39997
1.39997
1.39997
1.39997
1.39997
2.66269
4.98331
5.24823
5.17795
5.06037
1.39997
1.39997
1.39997
1.39997
1.39997
3.57666
5.44515
5.57591
5.71259
5.825
1.39997
1.39997
1.39997
1.39997
1.39997
3.55249
5.43029
5.56625
5.69855
5.80757
1.39997
1.39997
1.39997
1.39997
1.39997
3.50735
5.40737
5.54979
5.67622
5.78487
1.39997
1.39997
1.39997
1.39997
1.39997
3.44347
5.37681
5.52652
5.64597
5.74656
1.39997
1.39997
1.39997
1.39997
1.39997
3.36138
5.33856
5.49327
5.59836
5.69704
1.39997
1.39997
1.39997
1.39997
1.39997
3.26158
5.29393
5.45821
5.54703
5.62755
1.39997
1.39997
1.39997
1.39997
1.39997
3.13691
5.235
5.41221
5.47201
5.53985
1.39997
1.39997
1.39997
1.39997
1.39997
2.99257
5.15437
5.36071
5.39238
5.42691
1.39997
1.39997
1.39997
1.39997
1.39997
2.82619
5.07205
5.30818
5.28531
5.24191
1.39997
1.39997
1.39997
1.39997
1.39997
2.66269
4.98331
5.24823
5.17795
5.06037
1.39997
1.39997
1.39997
1.39997
1.39997
3.57666
5.44515
5.57591
5.71259
5.825
1.39997
1.39997
1.39997
1.39997
1.39997
3.55249
5.43029
5.56625
5.69855
5.80757
1.39997
1.39997
1.39997
1.39997
1.39997
3.50735
5.40737
5.54979
5.67622
5.78487
1.39997
1.39997
1.39997
1.39997
1.39997
3.44347
5.37681
5.52652
5.64597
5.74656
1.39997
1.39997
1.39997
1.39997
1.39997
3.36138
5.33856
5.49327
5.59836
5.69704
1.39997
1.39997
1.39997
1.39997
1.39997
3.26158
5.29393
5.45821
5.54703
5.62755
1.39997
1.39997
1.39997
1.39997
1.39997
3.13691
5.235
5.41221
5.47201
5.53985
1.39997
1.39997
1.39997
1.39997
1.39997
2.99257
5.15437
5.36071
5.39238
5.42691
1.39997
1.39997
1.39997
1.39997
1.39997
2.82619
5.07205
5.30818
5.28531
5.24191
1.39997
1.39997
1.39997
1.39997
1.39997
2.66269
4.98331
5.24823
5.17795
5.06037
1.39997
1.39997
1.39997
1.39997
1.39997
3.57666
5.44515
5.57591
5.71259
5.825
1.39997
1.39997
1.39997
1.39997
1.39997
3.55249
5.43029
5.56625
5.69855
5.80757
1.39997
1.39997
1.39997
1.39997
1.39997
3.50735
5.40737
5.54979
5.67622
5.78487
1.39997
1.39997
1.39997
1.39997
1.39997
3.44347
5.37681
5.52652
5.64597
5.74656
1.39997
1.39997
1.39997
1.39997
1.39997
3.36138
5.33856
5.49327
5.59836
5.69704
1.39997
1.39997
1.39997
1.39997
1.39997
3.26158
5.29393
5.45821
5.54703
5.62755
1.39997
1.39997
1.39997
1.39997
1.39997
3.13691
5.235
5.41221
5.47201
5.53985
1.39997
1.39997
1.39997
1.39997
1.39997
2.99257
5.15437
5.36071
5.39238
5.42691
1.39997
1.39997
1.39997
1.39997
1.39997
2.82619
5.07205
5.30818
5.28531
5.24191
1.39997
1.39997
1.39997
1.39997
1.39997
2.66269
4.98331
5.24823
5.17795
5.06037
1.39997
1.39997
1.39997
1.39997
1.39997
3.57666
5.44515
5.57591
5.71259
5.825
1.39997
1.39997
1.39997
1.39997
1.39997
3.55249
5.43029
5.56625
5.69855
5.80757
1.39997
1.39997
1.39997
1.39997
1.39997
3.50735
5.40737
5.54979
5.67622
5.78487
1.39997
1.39997
1.39997
1.39997
1.39997
3.44347
5.37681
5.52652
5.64597
5.74656
1.39997
1.39997
1.39997
1.39997
1.39997
3.36138
5.33856
5.49327
5.59836
5.69704
1.39997
1.39997
1.39997
1.39997
1.39997
3.26158
5.29393
5.45821
5.54703
5.62755
1.39997
1.39997
1.39997
1.39997
1.39997
3.13691
5.235
5.41221
5.47201
5.53985
1.39997
1.39997
1.39997
1.39997
1.39997
2.99257
5.15437
5.36071
5.39238
5.42691
1.39997
1.39997
1.39997
1.39997
1.39997
2.82619
5.07205
5.30818
5.28531
5.24191
1.39997
1.39997
1.39997
1.39997
1.39997
2.66269
4.98331
5.24823
5.17795
5.06037
1.39997
1.39997
1.39997
1.39997
1.39997
2.14173
4.77482
5.09252
4.92457
4.15492
1.39997
1.39997
1.39997
1.39997
1.39997
1.48919
3.70264
4.92395
4.62547
3.98715
1.39997
1.39997
1.39997
1.39997
1.39997
1.40043
2.16794
4.51369
4.5447
3.98663
1.39997
1.39997
1.39997
1.39997
1.39997
1.39997
1.46432
3.10869
4.5007
4.10221
1.39997
1.39997
1.39997
1.39997
1.39997
1.39997
1.40042
1.70507
3.53765
4.16009
1.39997
1.39997
1.39997
1.39997
1.39997
1.39997
1.39997
1.40863
1.96366
3.60707
1.39997
1.39997
1.39997
1.39997
1.39997
1.39997
1.39997
1.40001
1.42911
2.28084
1.39997
1.39997
1.39997
1.39997
1.39997
1.39997
1.39997
1.39997
1.40018
1.49159
1.39997
1.39997
1.39997
1.39997
1.39997
1.39997
1.39997
1.39997
1.39997
1.40067
1.39997
1.39997
1.39997
1.39997
1.39997
1.39997
1.39997
1.39997
1.39997
1.39997
1.39997
1.39997
1.39997
1.39997
1.39997
2.14173
4.77482
5.09252
4.92457
4.15492
1.39997
1.39997
1.39997
1.39997
1.39997
1.48919
3.70264
4.92395
4.62547
3.98715
1.39997
1.39997
1.39997
1.39997
1.39997
1.40043
2.16794
4.51369
4.5447
3.98663
1.39997
1.39997
1.39997
1.39997
1.39997
1.39997
1.46432
3.10869
4.5007
4.10221
1.39997
1.39997
1.39997
1.39997
1.39997
1.39997
1.40042
1.70507
3.53765
4.16009
1.39997
1.39997
1.39997
1.39997
1.39997
1.39997
1.39997
1.40863
1.96366
3.60707
1.39997
1.39997
1.39997
1.39997
1.39997
1.39997
1.39997
1.40001
1.42911
2.28084
1.39997
1.39997
1.39997
1.39997
1.39997
1.39997
1.39997
1.39997
1.40018
1.49159
1.39997
1.39997
1.39997
1.39997
1.39997
1.39997
1.39997
1.39997
1.39997
1.40067
1.39997
1.39997
1.39997
1.39997
1.39997
1.39997
1.39997
1.39997
1.39997
1.39997
1.39997
1.39997
1.39997
1.39997
1.39997
2.14173
4.77482
5.09252
4.92457
4.15492
1.39997
1.39997
1.39997
1.39997
1.39997
1.48919
3.70264
4.92395
4.62547
3.98715
1.39997
1.39997
1.39997
1.39997
1.39997
1.40043
2.16794
4.51369
4.5447
3.98663
1.39997
1.39997
1.39997
1.39997
1.39997
1.39997
1.46432
3.10869
4.5007
4.10221
1.39997
1.39997
1.39997
1.39997
1.39997
1.39997
1.40042
1.70507
3.53765
4.16009
1.39997
1.39997
1.39997
1.39997
1.39997
1.39997
1.39997
1.40863
1.96366
3.60707
1.39997
1.39997
1.39997
1.39997
1.39997
1.39997
1.39997
1.40001
1.42911
2.28084
1.39997
1.39997
1.39997
1.39997
1.39997
1.39997
1.39997
1.39997
1.40018
1.49159
1.39997
1.39997
1.39997
1.39997
1.39997
1.39997
1.39997
1.39997
1.39997
1.40067
1.39997
1.39997
1.39997
1.39997
1.39997
1.39997
1.39997
1.39997
1.39997
1.39997
1.39997
1.39997
1.39997
1.39997
1.39997
2.14173
4.77482
5.09252
4.92457
4.15492
1.39997
1.39997
1.39997
1.39997
1.39997
1.48919
3.70264
4.92395
4.62547
3.98715
1.39997
1.39997
1.39997
1.39997
1.39997
1.40043
2.16794
4.51369
4.5447
3.98663
1.39997
1.39997
1.39997
1.39997
1.39997
1.39997
1.46432
3.10869
4.5007
4.10221
1.39997
1.39997
1.39997
1.39997
1.39997
1.39997
1.40042
1.70507
3.53765
4.16009
1.39997
1.39997
1.39997
1.39997
1.39997
1.39997
1.39997
1.40863
1.96366
3.60707
1.39997
1.39997
1.39997
1.39997
1.39997
1.39997
1.39997
1.40001
1.42911
2.28084
1.39997
1.39997
1.39997
1.39997
1.39997
1.39997
1.39997
1.39997
1.40018
1.49159
1.39997
1.39997
1.39997
1.39997
1.39997
1.39997
1.39997
1.39997
1.39997
1.40067
1.39997
1.39997
1.39997
1.39997
1.39997
1.39997
1.39997
1.39997
1.39997
1.39997
1.39997
1.39997
1.39997
1.39997
1.39997
2.14173
4.77482
5.09252
4.92457
4.15492
1.39997
1.39997
1.39997
1.39997
1.39997
1.48919
3.70264
4.92395
4.62547
3.98715
1.39997
1.39997
1.39997
1.39997
1.39997
1.40043
2.16794
4.51369
4.5447
3.98663
1.39997
1.39997
1.39997
1.39997
1.39997
1.39997
1.46432
3.10869
4.5007
4.10221
1.39997
1.39997
1.39997
1.39997
1.39997
1.39997
1.40042
1.70507
3.53765
4.16009
1.39997
1.39997
1.39997
1.39997
1.39997
1.39997
1.39997
1.40863
1.96366
3.60707
1.39997
1.39997
1.39997
1.39997
1.39997
1.39997
1.39997
1.40001
1.42911
2.28084
1.39997
1.39997
1.39997
1.39997
1.39997
1.39997
1.39997
1.39997
1.40018
1.49159
1.39997
1.39997
1.39997
1.39997
1.39997
1.39997
1.39997
1.39997
1.39997
1.40067
1.39997
1.39997
1.39997
1.39997
1.39997
1.39997
1.39997
1.39997
1.39997
1.39997
1.39997
1.39997
1.39997
1.39997
1.39997
2.14173
4.77482
5.09252
4.92457
4.15492
1.39997
1.39997
1.39997
1.39997
1.39997
1.48919
3.70264
4.92395
4.62547
3.98715
1.39997
1.39997
1.39997
1.39997
1.39997
1.40043
2.16794
4.51369
4.5447
3.98663
1.39997
1.39997
1.39997
1.39997
1.39997
1.39997
1.46432
3.10869
4.5007
4.10221
1.39997
1.39997
1.39997
1.39997
1.39997
1.39997
1.40042
1.70507
3.53765
4.16009
1.39997
1.39997
1.39997
1.39997
1.39997
1.39997
1.39997
1.40863
1.96366
3.60707
1.39997
1.39997
1.39997
1.39997
1.39997
1.39997
1.39997
1.40001
1.42911
2.28084
1.39997
1.39997
1.39997
1.39997
1.39997
1.39997
1.39997
1.39997
1.40018
1.49159
1.39997
1.39997
1.39997
1.39997
1.39997
1.39997
1.39997
1.39997
1.39997
1.40067
1.39997
1.39997
1.39997
1.39997
1.39997
1.39997
1.39997
1.39997
1.39997
1.39997
1.39997
1.39997
1.39997
1.39997
1.39997
2.14173
4.77482
5.09252
4.92457
4.15492
1.39997
1.39997
1.39997
1.39997
1.39997
1.48919
3.70264
4.92395
4.62547
3.98715
1.39997
1.39997
1.39997
1.39997
1.39997
1.40043
2.16794
4.51369
4.5447
3.98663
1.39997
1.39997
1.39997
1.39997
1.39997
1.39997
1.46432
3.10869
4.5007
4.10221
1.39997
1.39997
1.39997
1.39997
1.39997
1.39997
1.40042
1.70507
3.53765
4.16009
1.39997
1.39997
1.39997
1.39997
1.39997
1.39997
1.39997
1.40863
1.96366
3.60707
1.39997
1.39997
1.39997
1.39997
1.39997
1.39997
1.39997
1.40001
1.42911
2.28084
1.39997
1.39997
1.39997
1.39997
1.39997
1.39997
1.39997
1.39997
1.40018
1.49159
1.39997
1.39997
1.39997
1.39997
1.39997
1.39997
1.39997
1.39997
1.39997
1.40067
1.39997
1.39997
1.39997
1.39997
1.39997
1.39997
1.39997
1.39997
1.39997
1.39997
1.39997
1.39997
1.39997
1.39997
1.39997
2.14173
4.77482
5.09252
4.92457
4.15492
1.39997
1.39997
1.39997
1.39997
1.39997
1.48919
3.70264
4.92395
4.62547
3.98715
1.39997
1.39997
1.39997
1.39997
1.39997
1.40043
2.16794
4.51369
4.5447
3.98663
1.39997
1.39997
1.39997
1.39997
1.39997
1.39997
1.46432
3.10869
4.5007
4.10221
1.39997
1.39997
1.39997
1.39997
1.39997
1.39997
1.40042
1.70507
3.53765
4.16009
1.39997
1.39997
1.39997
1.39997
1.39997
1.39997
1.39997
1.40863
1.96366
3.60707
1.39997
1.39997
1.39997
1.39997
1.39997
1.39997
1.39997
1.40001
1.42911
2.28084
1.39997
1.39997
1.39997
1.39997
1.39997
1.39997
1.39997
1.39997
1.40018
1.49159
1.39997
1.39997
1.39997
1.39997
1.39997
1.39997
1.39997
1.39997
1.39997
1.40067
1.39997
1.39997
1.39997
1.39997
1.39997
1.39997
1.39997
1.39997
1.39997
1.39997
1.39997
1.39997
1.39997
1.39997
1.39997
2.14173
4.77482
5.09252
4.92457
4.15492
1.39997
1.39997
1.39997
1.39997
1.39997
1.48919
3.70264
4.92395
4.62547
3.98715
1.39997
1.39997
1.39997
1.39997
1.39997
1.40043
2.16794
4.51369
4.5447
3.98663
1.39997
1.39997
1.39997
1.39997
1.39997
1.39997
1.46432
3.10869
4.5007
4.10221
1.39997
1.39997
1.39997
1.39997
1.39997
1.39997
1.40042
1.70507
3.53765
4.16009
1.39997
1.39997
1.39997
1.39997
1.39997
1.39997
1.39997
1.40863
1.96366
3.60707
1.39997
1.39997
1.39997
1.39997
1.39997
1.39997
1.39997
1.40001
1.42911
2.28084
1.39997
1.39997
1.39997
1.39997
1.39997
1.39997
1.39997
1.39997
1.40018
1.49159
1.39997
1.39997
1.39997
1.39997
1.39997
1.39997
1.39997
1.39997
1.39997
1.40067
1.39997
1.39997
1.39997
1.39997
1.39997
1.39997
1.39997
1.39997
1.39997
1.39997
1.39997
1.39997
1.39997
1.39997
1.39997
2.14173
4.77482
5.09252
4.92457
4.15492
1.39997
1.39997
1.39997
1.39997
1.39997
1.48919
3.70264
4.92395
4.62547
3.98715
1.39997
1.39997
1.39997
1.39997
1.39997
1.40043
2.16794
4.51369
4.5447
3.98663
1.39997
1.39997
1.39997
1.39997
1.39997
1.39997
1.46432
3.10869
4.5007
4.10221
1.39997
1.39997
1.39997
1.39997
1.39997
1.39997
1.40042
1.70507
3.53765
4.16009
1.39997
1.39997
1.39997
1.39997
1.39997
1.39997
1.39997
1.40863
1.96366
3.60707
1.39997
1.39997
1.39997
1.39997
1.39997
1.39997
1.39997
1.40001
1.42911
2.28084
1.39997
1.39997
1.39997
1.39997
1.39997
1.39997
1.39997
1.39997
1.40018
1.49159
1.39997
1.39997
1.39997
1.39997
1.39997
1.39997
1.39997
1.39997
1.39997
1.40067
1.39997
1.39997
1.39997
1.39997
1.39997
1.39997
1.39997
1.39997
1.39997
1.39997
1.27572
0.896581
0.931162
0.997518
1.59114
2.33843
2.51566
2.2744
2.04333
1.73527
2.15448
1.16417
0.996876
1.09029
1.5592
2.13097
2.41776
2.27009
2.06552
1.75921
2.57551
1.36433
1.07388
1.299
1.69771
1.94159
2.31666
2.33558
2.16246
1.85272
2.89099
1.67036
1.28211
1.64447
1.9109
1.9256
2.03509
2.21516
2.16036
1.95682
3.12196
1.92763
1.62615
2.07192
2.07956
1.9562
1.79814
1.86011
2.0389
1.92681
3.30842
2.30082
2.26336
2.43719
2.27341
2.01925
1.76465
1.59549
1.68283
1.78611
3.13408
2.88937
3.05059
2.74714
2.41381
2.07959
1.7748
1.53324
1.42567
1.5115
2.56982
3.65548
3.78226
3.22129
2.61501
2.14978
1.79527
1.51197
1.35491
1.25109
2.24964
4.50092
4.20194
3.51435
2.78084
2.23659
1.86695
1.57843
1.3391
1.14681
2.7674
5.41374
4.7082
3.70093
2.83405
2.22767
1.78453
1.50607
1.29466
1.09125
1.27572
0.896581
0.931162
0.997518
1.59114
2.33843
2.51566
2.2744
2.04333
1.73527
2.15448
1.16417
0.996876
1.09029
1.5592
2.13097
2.41776
2.27009
2.06552
1.75921
2.57551
1.36433
1.07388
1.299
1.69771
1.94159
2.31666
2.33558
2.16246
1.85272
2.89099
1.67036
1.28211
1.64447
1.9109
1.9256
2.03509
2.21516
2.16036
1.95682
3.12196
1.92763
1.62615
2.07192
2.07956
1.9562
1.79814
1.86011
2.0389
1.92681
3.30842
2.30082
2.26336
2.43719
2.27341
2.01925
1.76465
1.59549
1.68283
1.78611
3.13408
2.88937
3.05059
2.74714
2.41381
2.07959
1.7748
1.53324
1.42567
1.5115
2.56982
3.65548
3.78226
3.22129
2.61501
2.14978
1.79527
1.51197
1.35491
1.25109
2.24964
4.50092
4.20194
3.51435
2.78084
2.23659
1.86695
1.57843
1.3391
1.14681
2.7674
5.41374
4.7082
3.70093
2.83405
2.22767
1.78453
1.50607
1.29466
1.09125
1.27572
0.896581
0.931162
0.997518
1.59114
2.33843
2.51566
2.2744
2.04333
1.73527
2.15448
1.16417
0.996876
1.09029
1.5592
2.13097
2.41776
2.27009
2.06552
1.75921
2.57551
1.36433
1.07388
1.299
1.69771
1.94159
2.31666
2.33558
2.16246
1.85272
2.89099
1.67036
1.28211
1.64447
1.9109
1.9256
2.03509
2.21516
2.16036
1.95682
3.12196
1.92763
1.62615
2.07192
2.07956
1.9562
1.79814
1.86011
2.0389
1.92681
3.30842
2.30082
2.26336
2.43719
2.27341
2.01925
1.76465
1.59549
1.68283
1.78611
3.13408
2.88937
3.05059
2.74714
2.41381
2.07959
1.7748
1.53324
1.42567
1.5115
2.56982
3.65548
3.78226
3.22129
2.61501
2.14978
1.79527
1.51197
1.35491
1.25109
2.24964
4.50092
4.20194
3.51435
2.78084
2.23659
1.86695
1.57843
1.3391
1.14681
2.7674
5.41374
4.7082
3.70093
2.83405
2.22767
1.78453
1.50607
1.29466
1.09125
1.27572
0.896581
0.931162
0.997518
1.59114
2.33843
2.51566
2.2744
2.04333
1.73527
2.15448
1.16417
0.996876
1.09029
1.5592
2.13097
2.41776
2.27009
2.06552
1.75921
2.57551
1.36433
1.07388
1.299
1.69771
1.94159
2.31666
2.33558
2.16246
1.85272
2.89099
1.67036
1.28211
1.64447
1.9109
1.9256
2.03509
2.21516
2.16036
1.95682
3.12196
1.92763
1.62615
2.07192
2.07956
1.9562
1.79814
1.86011
2.0389
1.92681
3.30842
2.30082
2.26336
2.43719
2.27341
2.01925
1.76465
1.59549
1.68283
1.78611
3.13408
2.88937
3.05059
2.74714
2.41381
2.07959
1.7748
1.53324
1.42567
1.5115
2.56982
3.65548
3.78226
3.22129
2.61501
2.14978
1.79527
1.51197
1.35491
1.25109
2.24964
4.50092
4.20194
3.51435
2.78084
2.23659
1.86695
1.57843
1.3391
1.14681
2.7674
5.41374
4.7082
3.70093
2.83405
2.22767
1.78453
1.50607
1.29466
1.09125
1.27572
0.896581
0.931162
0.997518
1.59114
2.33843
2.51566
2.2744
2.04333
1.73527
2.15448
1.16417
0.996876
1.09029
1.5592
2.13097
2.41776
2.27009
2.06552
1.75921
2.57551
1.36433
1.07388
1.299
1.69771
1.94159
2.31666
2.33558
2.16246
1.85272
2.89099
1.67036
1.28211
1.64447
1.9109
1.9256
2.03509
2.21516
2.16036
1.95682
3.12196
1.92763
1.62615
2.07192
2.07956
1.9562
1.79814
1.86011
2.0389
1.92681
3.30842
2.30082
2.26336
2.43719
2.27341
2.01925
1.76465
1.59549
1.68283
1.78611
3.13408
2.88937
3.05059
2.74714
2.41381
2.07959
1.7748
1.53324
1.42567
1.5115
2.56982
3.65548
3.78226
3.22129
2.61501
2.14978
1.79527
1.51197
1.35491
1.25109
2.24964
4.50092
4.20194
3.51435
2.78084
2.23659
1.86695
1.57843
1.3391
1.14681
2.7674
5.41374
4.7082
3.70093
2.83405
2.22767
1.78453
1.50607
1.29466
1.09125
1.27572
0.896581
0.931162
0.997518
1.59114
2.33843
2.51566
2.2744
2.04333
1.73527
2.15448
1.16417
0.996876
1.09029
1.5592
2.13097
2.41776
2.27009
2.06552
1.75921
2.57551
1.36433
1.07388
1.299
1.69771
1.94159
2.31666
2.33558
2.16246
1.85272
2.89099
1.67036
1.28211
1.64447
1.9109
1.9256
2.03509
2.21516
2.16036
1.95682
3.12196
1.92763
1.62615
2.07192
2.07956
1.9562
1.79814
1.86011
2.0389
1.92681
3.30842
2.30082
2.26336
2.43719
2.27341
2.01925
1.76465
1.59549
1.68283
1.78611
3.13408
2.88937
3.05059
2.74714
2.41381
2.07959
1.7748
1.53324
1.42567
1.5115
2.56982
3.65548
3.78226
3.22129
2.61501
2.14978
1.79527
1.51197
1.35491
1.25109
2.24964
4.50092
4.20194
3.51435
2.78084
2.23659
1.86695
1.57843
1.3391
1.14681
2.7674
5.41374
4.7082
3.70093
2.83405
2.22767
1.78453
1.50607
1.29466
1.09125
1.27572
0.896581
0.931162
0.997518
1.59114
2.33843
2.51566
2.2744
2.04333
1.73527
2.15448
1.16417
0.996876
1.09029
1.5592
2.13097
2.41776
2.27009
2.06552
1.75921
2.57551
1.36433
1.07388
1.299
1.69771
1.94159
2.31666
2.33558
2.16246
1.85272
2.89099
1.67036
1.28211
1.64447
1.9109
1.9256
2.03509
2.21516
2.16036
1.95682
3.12196
1.92763
1.62615
2.07192
2.07956
1.9562
1.79814
1.86011
2.0389
1.92681
3.30842
2.30082
2.26336
2.43719
2.27341
2.01925
1.76465
1.59549
1.68283
1.78611
3.13408
2.88937
3.05059
2.74714
2.41381
2.07959
1.7748
1.53324
1.42567
1.5115
2.56982
3.65548
3.78226
3.22129
2.61501
2.14978
1.79527
1.51197
1.35491
1.25109
2.24964
4.50092
4.20194
3.51435
2.78084
2.23659
1.86695
1.57843
1.3391
1.14681
2.7674
5.41374
4.7082
3.70093
2.83405
2.22767
1.78453
1.50607
1.29466
1.09125
1.27572
0.896581
0.931162
0.997518
1.59114
2.33843
2.51566
2.2744
2.04333
1.73527
2.15448
1.16417
0.996876
1.09029
1.5592
2.13097
2.41776
2.27009
2.06552
1.75921
2.57551
1.36433
1.07388
1.299
1.69771
1.94159
2.31666
2.33558
2.16246
1.85272
2.89099
1.67036
1.28211
1.64447
1.9109
1.9256
2.03509
2.21516
2.16036
1.95682
3.12196
1.92763
1.62615
2.07192
2.07956
1.9562
1.79814
1.86011
2.0389
1.92681
3.30842
2.30082
2.26336
2.43719
2.27341
2.01925
1.76465
1.59549
1.68283
1.78611
3.13408
2.88937
3.05059
2.74714
2.41381
2.07959
1.7748
1.53324
1.42567
1.5115
2.56982
3.65548
3.78226
3.22129
2.61501
2.14978
1.79527
1.51197
1.35491
1.25109
2.24964
4.50092
4.20194
3.51435
2.78084
2.23659
1.86695
1.57843
1.3391
1.14681
2.7674
5.41374
4.7082
3.70093
2.83405
2.22767
1.78453
1.50607
1.29466
1.09125
1.27572
0.896581
0.931162
0.997518
1.59114
2.33843
2.51566
2.2744
2.04333
1.73527
2.15448
1.16417
0.996876
1.09029
1.5592
2.13097
2.41776
2.27009
2.06552
1.75921
2.57551
1.36433
1.07388
1.299
1.69771
1.94159
2.31666
2.33558
2.16246
1.85272
2.89099
1.67036
1.28211
1.64447
1.9109
1.9256
2.03509
2.21516
2.16036
1.95682
3.12196
1.92763
1.62615
2.07192
2.07956
1.9562
1.79814
1.86011
2.0389
1.92681
3.30842
2.30082
2.26336
2.43719
2.27341
2.01925
1.76465
1.59549
1.68283
1.78611
3.13408
2.88937
3.05059
2.74714
2.41381
2.07959
1.7748
1.53324
1.42567
1.5115
2.56982
3.65548
3.78226
3.22129
2.61501
2.14978
1.79527
1.51197
1.35491
1.25109
2.24964
4.50092
4.20194
3.51435
2.78084
2.23659
1.86695
1.57843
1.3391
1.14681
2.7674
5.41374
4.7082
3.70093
2.83405
2.22767
1.78453
1.50607
1.29466
1.09125
1.27572
0.896581
0.931162
0.997518
1.59114
2.33843
2.51566
2.2744
2.04333
1.73527
2.15448
1.16417
0.996876
1.09029
1.5592
2.13097
2.41776
2.27009
2.06552
1.75921
2.57551
1.36433
1.07388
1.299
1.69771
1.94159
2.31666
2.33558
2.16246
1.85272
2.89099
1.67036
1.28211
1.64447
1.9109
1.9256
2.03509
2.21516
2.16036
1.95682
3.12196
1.92763
1.62615
2.07192
2.07956
1.9562
1.79814
1.86011
2.0389
1.92681
3.30842
2.30082
2.26336
2.43719
2.27341
2.01925
1.76465
1.59549
1.68283
1.78611
3.13408
2.88937
3.05059
2.74714
2.41381
2.07959
1.7748
1.53324
1.42567
1.5115
2.56982
3.65548
3.78226
3.22129
2.61501
2.14978
1.79527
1.51197
1.35491
1.25109
2.24964
4.50092
4.20194
3.51435
2.78084
2.23659
1.86695
1.57843
1.3391
1.14681
2.7674
5.41374
4.7082
3.70093
2.83405
2.22767
1.78453
1.50607
1.29466
1.09125
)
;

boundaryField
{
    inlet
    {
        type            calculated;
        value           uniform 1.39997;
    }
    outlet
    {
        type            calculated;
        value           nonuniform List<scalar> 
100
(
1.73499
1.75914
1.85298
1.95827
1.92894
1.7884
1.51398
1.25305
1.14788
1.09175
1.73499
1.75914
1.85298
1.95827
1.92894
1.7884
1.51398
1.25305
1.14788
1.09175
1.73499
1.75914
1.85298
1.95827
1.92894
1.7884
1.51398
1.25305
1.14788
1.09175
1.73499
1.75914
1.85298
1.95827
1.92894
1.7884
1.51398
1.25305
1.14788
1.09175
1.73499
1.75914
1.85298
1.95827
1.92894
1.7884
1.51398
1.25305
1.14788
1.09175
1.73499
1.75914
1.85298
1.95827
1.92894
1.7884
1.51398
1.25305
1.14788
1.09175
1.73499
1.75914
1.85298
1.95827
1.92894
1.7884
1.51398
1.25305
1.14788
1.09175
1.73499
1.75914
1.85298
1.95827
1.92894
1.7884
1.51398
1.25305
1.14788
1.09175
1.73499
1.75914
1.85298
1.95827
1.92894
1.7884
1.51398
1.25305
1.14788
1.09175
1.73499
1.75914
1.85298
1.95827
1.92894
1.7884
1.51398
1.25305
1.14788
1.09175
)
;
    }
    top
    {
        type            symmetryPlane;
    }
    bottom
    {
        type            symmetryPlane;
    }
    step
    {
        type            calculated;
        value           nonuniform List<scalar> 
200
(
5.825
5.80757
5.78487
5.74656
5.69704
5.62755
5.53985
5.42691
5.24191
5.06037
5.825
5.80757
5.78487
5.74656
5.69704
5.62755
5.53985
5.42691
5.24191
5.06037
5.825
5.80757
5.78487
5.74656
5.69704
5.62755
5.53985
5.42691
5.24191
5.06037
5.825
5.80757
5.78487
5.74656
5.69704
5.62755
5.53985
5.42691
5.24191
5.06037
5.825
5.80757
5.78487
5.74656
5.69704
5.62755
5.53985
5.42691
5.24191
5.06037
5.825
5.80757
5.78487
5.74656
5.69704
5.62755
5.53985
5.42691
5.24191
5.06037
5.825
5.80757
5.78487
5.74656
5.69704
5.62755
5.53985
5.42691
5.24191
5.06037
5.825
5.80757
5.78487
5.74656
5.69704
5.62755
5.53985
5.42691
5.24191
5.06037
5.825
5.80757
5.78487
5.74656
5.69704
5.62755
5.53985
5.42691
5.24191
5.06037
5.825
5.80757
5.78487
5.74656
5.69704
5.62755
5.53985
5.42691
5.24191
5.06037
1.27572
1.27572
1.27572
1.27572
1.27572
1.27572
1.27572
1.27572
1.27572
1.27572
0.896581
0.896581
0.896581
0.896581
0.896581
0.896581
0.896581
0.896581
0.896581
0.896581
0.931162
0.931162
0.931162
0.931162
0.931162
0.931162
0.931162
0.931162
0.931162
0.931162
0.997518
0.997518
0.997518
0.997518
0.997518
0.997518
0.997518
0.997518
0.997518
0.997518
1.59114
1.59114
1.59114
1.59114
1.59114
1.59114
1.59114
1.59114
1.59114
1.59114
2.33843
2.33843
2.33843
2.33843
2.33843
2.33843
2.33843
2.33843
2.33843
2.33843
2.51566
2.51566
2.51566
2.51566
2.51566
2.51566
2.51566
2.51566
2.51566
2.51566
2.2744
2.2744
2.2744
2.2744
2.2744
2.2744
2.2744
2.2744
2.2744
2.2744
2.04333
2.04333
2.04333
2.04333
2.04333
2.04333
2.04333
2.04333
2.04333
2.04333
1.73527
1.73527
1.73527
1.73527
1.73527
1.73527
1.73527
1.73527
1.73527
1.73527
)
;
    }
    defaultFaces
    {
        type            empty;
    }
}


// ************************************************************************* //
