/*--------------------------------*- C++ -*----------------------------------*\
  =========                 |
  \\      /  F ield         | OpenFOAM: The Open Source CFD Toolbox
   \\    /   O peration     | Website:  https://openfoam.org
    \\  /    A nd           | Version:  6.0
     \\/     M anipulation  |
\*---------------------------------------------------------------------------*/
FoamFile
{
    version     2.0;
    format      ascii;
    class       surfaceScalarField;
    location    "4";
    object      phi;
}
// * * * * * * * * * * * * * * * * * * * * * * * * * * * * * * * * * * * * * //

dimensions      [1 0 -1 0 0 0 0];

internalField   nonuniform List<scalar> 
5280
(
0.00279994
-4.98112e-14
0.00279994
-3.04251e-13
0.00279994
-9.93116e-13
0.00279994
-2.6209e-12
0.00279994
-6.29347e-12
0.00279994
-1.4436e-11
0.00279994
-3.23702e-11
0.00279994
-7.17804e-11
0.00279994
-1.58343e-10
0.00279994
-3.48541e-10
0.00279994
-7.66842e-10
0.00279994
-1.68829e-09
0.00279995
-3.72385e-09
0.00279995
-8.24429e-09
0.00279997
-1.83869e-08
0.00280002
-4.16167e-08
0.00280012
-9.70308e-08
0.00280037
-2.39685e-07
0.00280104
-6.55322e-07
0.00280322
-2.27955e-06
0.0028138
-1.00938e-05
0.00270071
0.000105536
0.00249987
0.000198501
0.0022346
0.000264351
0.00189086
0.000343348
0.00138827
0.000502432
0.000899967
0.000488295
0.000533897
0.000366057
0.000260581
0.000273333
0.000260494
0.00279994
-9.79181e-14
0.00279994
-5.98174e-13
0.00279994
-1.95251e-12
0.00279994
-5.15139e-12
0.00279994
-1.23633e-11
0.00279994
-2.83375e-11
0.00279994
-6.34777e-11
0.00279994
-1.40585e-10
0.00279994
-3.09654e-10
0.00279994
-6.80384e-10
0.00279994
-1.49377e-09
0.00279994
-3.28044e-09
0.00279994
-7.21384e-09
0.00279995
-1.59122e-08
0.00279997
-3.53257e-08
0.00280001
-7.94753e-08
0.0028001
-1.8374e-07
0.00280032
-4.47844e-07
0.00280088
-1.19377e-06
0.00280251
-4.01333e-06
0.00281298
-2.00751e-05
0.00268747
0.000223493
0.00247988
0.000403758
0.00220746
0.000535858
0.00185926
0.000691155
0.00141833
0.000943208
0.000990064
0.000916553
0.0005873
0.000768799
0.000275027
0.000585648
0.000535437
0.00279994
-1.43248e-13
0.00279994
-8.75227e-13
0.00279994
-2.85683e-12
0.00279994
-7.53522e-12
0.00279994
-1.80751e-11
0.00279994
-4.13976e-11
0.00279994
-9.26422e-11
0.00279994
-2.04932e-10
0.00279994
-4.50759e-10
0.00279994
-9.88855e-10
0.00279994
-2.16713e-09
0.00279994
-4.74962e-09
0.00279994
-1.0421e-08
0.00279995
-2.29278e-08
0.00279997
-5.07511e-08
0.0028
-1.13784e-07
0.00280009
-2.61926e-07
0.00280028
-6.34656e-07
0.00280079
-1.67577e-06
0.00280226
-5.58988e-06
0.00281222
-2.95507e-05
0.00267625
0.000351949
0.00246164
0.000616045
0.00218584
0.000810745
0.00184174
0.00103486
0.00143714
0.00134765
0.00104333
0.00131035
0.000650834
0.00116129
0.000300084
0.000936456
0.000835386
0.00279994
-1.85335e-13
0.00279994
-1.1325e-12
0.00279994
-3.69657e-12
0.00279994
-9.74797e-12
0.00279994
-2.33729e-11
0.00279994
-5.34983e-11
0.00279994
-1.19628e-10
0.00279994
-2.64377e-10
0.00279994
-5.80887e-10
0.00279994
-1.2728e-09
0.00279994
-2.78575e-09
0.00279994
-6.0967e-09
0.00279994
-1.33559e-08
0.00279995
-2.93355e-08
0.00279997
-6.4815e-08
0.0028
-1.45014e-07
0.00280007
-3.33007e-07
0.00280025
-8.04357e-07
0.00280071
-2.11369e-06
0.00280205
-7.03126e-06
0.00281155
-3.8563e-05
0.00266651
0.000489517
0.00244545
0.000834802
0.00216799
0.0010873
0.00183104
0.00137143
0.00145144
0.0017271
0.00107662
0.00168517
0.00069945
0.00153844
0.00032921
0.00130676
0.00116439
0.00279994
-2.24065e-13
0.00279994
-1.36928e-12
0.00279994
-4.4694e-12
0.00279994
-1.1784e-11
0.00279994
-2.82461e-11
0.00279994
-6.46242e-11
0.00279994
-1.44426e-10
0.00279994
-3.18972e-10
0.00279994
-7.00324e-10
0.00279994
-1.53326e-09
0.00279994
-3.35289e-09
0.00279994
-7.33114e-09
0.00279994
-1.60445e-08
0.00279995
-3.52045e-08
0.00279996
-7.76971e-08
0.00279999
-1.73629e-07
0.00280006
-3.98182e-07
0.00280023
-9.60153e-07
0.00280065
-2.51665e-06
0.00280188
-8.36343e-06
0.00281091
-4.71028e-05
0.00265776
0.000635266
0.00243109
0.00105918
0.00215262
0.00136487
0.0018231
0.00170057
0.00146374
0.0020863
0.00110471
0.00204421
0.000732868
0.00191026
0.000352153
0.00168757
0.00151632
0.00279994
-2.59454e-13
0.00279994
-1.58563e-12
0.00279994
-5.17555e-12
0.00279994
-1.36444e-11
0.00279994
-3.2699e-11
0.00279994
-7.47911e-11
0.00279994
-1.67088e-10
0.00279994
-3.6887e-10
0.00279994
-8.09505e-10
0.00279994
-1.77142e-09
0.00279994
-3.87166e-09
0.00279994
-8.46082e-09
0.00279994
-1.85064e-08
0.00279995
-4.05831e-08
0.00279996
-8.95146e-08
0.00279999
-1.99913e-07
0.00280005
-4.58149e-07
0.00280021
-1.10383e-06
0.0028006
-2.88973e-06
0.00280174
-9.60148e-06
0.00281028
-5.51545e-05
0.00264981
0.000788408
0.00241817
0.00128856
0.00213962
0.00164253
0.00181754
0.00202227
0.00147435
0.00242935
0.00112451
0.00239405
0.000759209
0.00227553
0.000372388
0.00207444
0.00188843
0.00279994
-2.91505e-13
0.00279994
-1.78155e-12
0.00279994
-5.81502e-12
0.00279994
-1.53294e-11
0.00279994
-3.67329e-11
0.00279994
-8.40042e-11
0.00279994
-1.87634e-10
0.00279994
-4.14131e-10
0.00279994
-9.08597e-10
0.00279994
-1.9877e-09
0.00279994
-4.34311e-09
0.00279994
-9.48817e-09
0.00279994
-2.07469e-08
0.00279995
-4.54813e-08
0.00279996
-1.00283e-07
0.00279999
-2.23876e-07
0.00280004
-5.1284e-07
0.00280018
-1.23486e-06
0.00280055
-3.22952e-06
0.00280157
-1.07246e-05
0.00280965
-6.27565e-05
0.00264308
0.000947765
0.00240568
0.00152371
0.00212854
0.0019188
0.00181301
0.00233744
0.00148413
0.00275807
0.00114246
0.00273576
0.000777255
0.0026407
0.000386035
0.00246579
0.00227418
0.00279994
-3.20142e-13
0.00279994
-1.95658e-12
0.00279994
-6.38631e-12
0.00279994
-1.6835e-11
0.00279994
-4.03391e-11
0.00279994
-9.2246e-11
0.00279994
-2.06028e-10
0.00279994
-4.54694e-10
0.00279994
-9.97504e-10
0.00279994
-2.18201e-09
0.00279994
-4.76723e-09
0.00279994
-1.04138e-08
0.00279994
-2.27692e-08
0.00279995
-4.99108e-08
0.00279996
-1.10043e-07
0.00279998
-2.45654e-07
0.00280004
-5.62709e-07
0.00280016
-1.35489e-06
0.0028005
-3.54331e-06
0.00280145
-1.17677e-05
0.00280895
-6.97838e-05
0.0026359
0.00111371
0.00239586
0.00176154
0.00211794
0.00219584
0.0018094
0.00264563
0.00149367
0.00307365
0.00115364
0.00307579
0.000793384
0.00300092
0.000398395
0.0028609
0.00267227
0.00279994
-3.45164e-13
0.00279994
-2.1095e-12
0.00279994
-6.88544e-12
0.00279994
-1.81508e-11
0.00279994
-4.34925e-11
0.00279994
-9.94585e-11
0.00279994
-2.22141e-10
0.00279994
-4.90265e-10
0.00279994
-1.07557e-09
0.00279994
-2.35283e-09
0.00279994
-5.14057e-09
0.00279994
-1.12297e-08
0.00279994
-2.45535e-08
0.00279995
-5.38232e-08
0.00279996
-1.18671e-07
0.00279998
-2.64914e-07
0.00280003
-6.06816e-07
0.00280014
-1.46095e-06
0.00280044
-3.81965e-06
0.00280125
-1.26788e-05
0.00280824
-7.62983e-05
0.00263068
0.0012843
0.00238377
0.00200628
0.00211117
0.00246759
0.0018061
0.00295032
0.00150347
0.00337614
0.00116472
0.00341457
0.000800845
0.00336475
0.000406631
0.00325526
0.0030786
0.00279994
-3.66265e-13
0.00279994
-2.23843e-12
0.00279994
-7.30624e-12
0.00279994
-1.92606e-11
0.00279994
-4.61542e-11
0.00279994
-1.05554e-10
0.00279994
-2.35778e-10
0.00279994
-5.20423e-10
0.00279994
-1.14188e-09
0.00279994
-2.49823e-09
0.00279994
-5.45907e-09
0.00279994
-1.19273e-08
0.00279994
-2.6083e-08
0.00279994
-5.71857e-08
0.00279995
-1.26107e-07
0.00279997
-2.81569e-07
0.00280001
-6.45101e-07
0.00280011
-1.55345e-06
0.00280038
-4.06259e-06
0.00280109
-1.34826e-05
0.00280739
-8.21298e-05
0.00262413
0.00146073
0.00237563
0.00225264
0.00210134
0.00274104
0.00180384
0.00324751
0.00151436
0.0036655
0.00116972
0.0037592
0.000813304
0.00372112
0.000414637
0.00365406
0.00349293
0.00279994
-3.83009e-13
0.00279994
-2.34069e-12
0.00279994
-7.64002e-12
0.00279994
-2.01414e-11
0.00279994
-4.82693e-11
0.00279994
-1.10405e-10
0.00279994
-2.46655e-10
0.00279994
-5.44536e-10
0.00279994
-1.19504e-09
0.00279994
-2.61513e-09
0.00279994
-5.71587e-09
0.00279994
-1.24914e-08
0.00279994
-2.73238e-08
0.00279994
-5.99218e-08
0.00279995
-1.32178e-07
0.00279997
-2.95209e-07
0.0028
-6.76571e-07
0.00280009
-1.62979e-06
0.00280031
-4.26412e-06
0.00280089
-1.41492e-05
0.00280644
-8.72173e-05
0.00261872
0.00164177
0.00236476
0.00250449
0.00209824
0.00300676
0.00179866
0.00354664
0.001528
0.00393604
0.00116968
0.00411753
0.00082668
0.00406405
0.000420628
0.00406024
0.00391326
0.00279994
-3.9485e-13
0.00279994
-2.41297e-12
0.00279994
-7.87592e-12
0.00279994
-2.07646e-11
0.00279994
-4.97689e-11
0.00279994
-1.13855e-10
0.00279994
-2.54419e-10
0.00279994
-5.61816e-10
0.00279994
-1.2333e-09
0.00279994
-2.69966e-09
0.00279994
-5.90241e-09
0.00279994
-1.2903e-08
0.00279994
-2.82326e-08
0.00279994
-6.19337e-08
0.00279995
-1.36656e-07
0.00279996
-3.053e-07
0.00279999
-6.99899e-07
0.00280005
-1.6864e-06
0.00280022
-4.41312e-06
0.00280063
-1.46379e-05
0.00280536
-9.14998e-05
0.00261358
0.00182704
0.0023551
0.0027609
0.00209141
0.00326961
0.00179564
0.0038422
0.00152362
0.00420794
0.00118456
0.00445655
0.00085085
0.00439772
0.000427346
0.00448387
0.00434032
0.00279994
-4.01161e-13
0.00279994
-2.45142e-12
0.00279994
-8.00142e-12
0.00279994
-2.10973e-11
0.00279994
-5.05743e-11
0.00279994
-1.15724e-10
0.00279994
-2.58671e-10
0.00279994
-5.71399e-10
0.00279994
-1.2548e-09
0.00279994
-2.7478e-09
0.00279994
-6.01009e-09
0.00279994
-1.31439e-08
0.00279994
-2.87718e-08
0.00279994
-6.31433e-08
0.00279994
-1.39386e-07
0.00279995
-3.11537e-07
0.00279997
-7.14534e-07
0.00280001
-1.72252e-06
0.00280013
-4.51037e-06
0.00280037
-1.49608e-05
0.00280403
-9.47087e-05
0.00260623
0.00201849
0.00235006
0.00301508
0.00207933
0.00353949
0.00179468
0.00412653
0.00152033
0.00448223
0.00119472
0.00478212
0.000847051
0.00474536
0.0004306
0.00490045
0.00477063
0.00279994
-4.01205e-13
0.00279994
-2.45155e-12
0.00279994
-8.00183e-12
0.00279994
-2.11006e-11
0.00279994
-5.05928e-11
0.00279994
-1.15801e-10
0.00279994
-2.5894e-10
0.00279994
-5.72241e-10
0.00279994
-1.25725e-09
0.00279994
-2.75454e-09
0.00279994
-6.02798e-09
0.00279994
-1.319e-08
0.00279994
-2.88881e-08
0.00279994
-6.34327e-08
0.00279994
-1.401e-07
0.00279994
-3.13305e-07
0.00279995
-7.18997e-07
0.00279997
-1.73426e-06
0.00280003
-4.54395e-06
0.00280006
-1.5074e-05
0.00280253
-9.67413e-05
0.00259999
0.00221486
0.00234301
0.0032701
0.00207188
0.0038098
0.00179295
0.00440514
0.00151834
0.00475678
0.00120231
0.00509812
0.000849567
0.00509807
0.000434584
0.00531553
0.00520493
0.00279994
-3.94147e-13
0.00279994
-2.40824e-12
0.00279994
-7.86046e-12
0.00279994
-2.07307e-11
0.00279994
-4.97193e-11
0.00279994
-1.13846e-10
0.00279994
-2.54691e-10
0.00279994
-5.63166e-10
0.00279994
-1.23807e-09
0.00279994
-2.71428e-09
0.00279994
-5.94384e-09
0.00279994
-1.30147e-08
0.00279994
-2.85239e-08
0.00279994
-6.2676e-08
0.00279994
-1.38525e-07
0.00279994
-3.1e-07
0.00279993
-7.11923e-07
0.00279992
-1.71844e-06
0.0027999
-4.50606e-06
0.00279971
-1.49579e-05
0.00280085
-9.74445e-05
0.00259332
0.0024164
0.0023372
0.00352433
0.00206515
0.00408104
0.00179108
0.00467885
0.00151961
0.00502819
0.00120828
0.00540943
0.000850298
0.00545603
0.000437691
0.00572823
0.00564234
0.00279994
-3.79047e-13
0.00279994
-2.31574e-12
0.00279994
-7.55856e-12
0.00279994
-1.99382e-11
0.00279994
-4.78355e-11
0.00279994
-1.09588e-10
0.00279994
-2.45321e-10
0.00279994
-5.42845e-10
0.00279994
-1.19435e-09
0.00279994
-2.62065e-09
0.00279994
-5.74382e-09
0.00279994
-1.25879e-08
0.00279994
-2.76131e-08
0.00279994
-6.0729e-08
0.00279993
-1.34342e-07
0.00279992
-3.0091e-07
0.00279991
-6.91686e-07
0.00279987
-1.67113e-06
0.00279977
-4.38628e-06
0.00279932
-1.45829e-05
0.00279898
-9.66918e-05
0.0025872
0.00262239
0.00233003
0.00377963
0.00205991
0.0043504
0.00179184
0.00494656
0.00152162
0.00529835
0.00121794
0.00571308
0.000854975
0.00581895
0.00044308
0.00614024
0.00608514
0.00279994
-3.54865e-13
0.00279994
-2.16772e-12
0.00279994
-7.07542e-12
0.00279994
-1.86684e-11
0.00279994
-4.48106e-11
0.00279994
-1.02729e-10
0.00279994
-2.30164e-10
0.00279994
-5.0981e-10
0.00279994
-1.12288e-09
0.00279994
-2.46663e-09
0.00279994
-5.41256e-09
0.00279994
-1.18759e-08
0.00279994
-2.60821e-08
0.00279993
-5.74295e-08
0.00279993
-1.27192e-07
0.00279991
-2.85225e-07
0.00279988
-6.56394e-07
0.0027998
-1.58766e-06
0.00279961
-4.1716e-06
0.00279887
-1.39097e-05
0.00279695
-9.43749e-05
0.00258157
0.00283217
0.00232248
0.0040369
0.00205542
0.00461668
0.00179274
0.00520889
0.0015269
0.0055641
0.00122487
0.00601507
0.000860771
0.00618301
0.000447986
0.00655312
0.00653287
0.00279994
-3.20472e-13
0.00279994
-1.95724e-12
0.00279994
-6.38845e-12
0.00279994
-1.68619e-11
0.00279994
-4.05024e-11
0.00279994
-9.29439e-11
0.00279994
-2.08497e-10
0.00279994
-4.62472e-10
0.00279994
-1.02019e-09
0.00279994
-2.24467e-09
0.00279994
-4.93367e-09
0.00279994
-1.08433e-08
0.00279993
-2.38541e-08
0.00279993
-5.2611e-08
0.00279992
-1.16712e-07
0.0027999
-2.62152e-07
0.00279985
-6.04277e-07
0.00279973
-1.46392e-06
0.00279943
-3.85204e-06
0.00279837
-1.29134e-05
0.00279468
-9.03011e-05
0.0025754
0.00304603
0.00231559
0.00429492
0.00205146
0.00488004
0.00179579
0.00546418
0.00153296
0.00582684
0.00123825
0.00630973
0.000868822
0.00655239
0.000456431
0.00696557
0.00698907
0.00279994
-2.74637e-13
0.00279994
-1.6768e-12
0.00279994
-5.47311e-12
0.00279994
-1.44541e-11
0.00279994
-3.47562e-11
0.00279994
-7.98798e-11
0.00279994
-1.79533e-10
0.00279994
-3.99096e-10
0.00279994
-8.82469e-10
0.00279994
-1.94647e-09
0.00279994
-4.28908e-09
0.00279994
-9.45061e-09
0.00279993
-2.08429e-08
0.00279993
-4.60849e-08
0.00279991
-1.02487e-07
0.00279988
-2.30755e-07
0.00279981
-5.33174e-07
0.00279965
-1.2946e-06
0.00279923
-3.41301e-06
0.0027978
-1.15498e-05
0.00279219
-8.43163e-05
0.00256965
0.00326332
0.00230799
0.00455482
0.00204729
0.00513997
0.00180024
0.00571086
0.00154298
0.00608399
0.00124859
0.00660406
0.0008806
0.00692033
0.000464441
0.00738176
0.00745329
0.00279994
-2.16035e-13
0.00279994
-1.3183e-12
0.00279994
-4.30296e-12
0.00279994
-1.13751e-11
0.00279994
-2.74048e-11
0.00279994
-6.31549e-11
0.00279994
-1.42419e-10
0.00279994
-3.17804e-10
0.00279994
-7.05619e-10
0.00279994
-1.56307e-09
0.00279994
-3.45926e-09
0.00279993
-7.65539e-09
0.00279993
-1.69564e-08
0.00279992
-3.76504e-08
0.00279991
-8.40771e-08
0.00279987
-1.90069e-07
0.00279978
-4.40899e-07
0.00279956
-1.07455e-06
0.002799
-2.84128e-06
0.00279718
-9.78266e-06
0.00278942
-7.62107e-05
0.00256312
0.00348455
0.00230107
0.00481512
0.00204464
0.00539561
0.00180647
0.00594862
0.0015543
0.00633604
0.00126775
0.00689053
0.000893873
0.00729416
0.000477866
0.00779777
0.00793094
0.00279994
-1.43255e-13
0.00279994
-8.73106e-13
0.00279994
-2.84987e-12
0.00279994
-7.55087e-12
0.00279994
-1.82701e-11
0.00279994
-4.23606e-11
0.00279994
-9.62415e-11
0.00279994
-2.16572e-10
0.00279994
-4.85182e-10
0.00279994
-1.0847e-09
0.00279994
-2.42286e-09
0.00279993
-5.41096e-09
0.00279993
-1.20926e-08
0.00279992
-2.70848e-08
0.0027999
-6.09947e-08
0.00279985
-1.39012e-07
0.00279973
-3.25009e-07
0.00279946
-7.97962e-07
0.00279875
-2.12194e-06
0.00279649
-7.57004e-06
0.00278638
-6.57772e-05
0.00255655
0.00370947
0.00229212
0.0050778
0.00204191
0.00564502
0.00181574
0.00617438
0.00157077
0.00658086
0.00128475
0.00717644
0.000913048
0.00766578
0.000490803
0.00822
0.00842153
0.00279994
-5.48429e-14
0.00279994
-3.32347e-13
0.00279994
-1.08483e-12
0.00279994
-2.90465e-12
0.00279994
-7.16756e-12
0.00279994
-1.70719e-11
0.00279994
-4.00411e-11
0.00279994
-9.32614e-11
0.00279994
-2.16408e-10
0.00279994
-5.00842e-10
0.00279994
-1.15652e-09
0.00279993
-2.66558e-09
0.00279993
-6.13663e-09
0.00279991
-1.41336e-08
0.00279989
-3.26741e-08
0.00279982
-7.63205e-08
0.00279968
-1.82646e-07
0.00279935
-4.58269e-07
0.00279847
-1.23937e-06
0.00279573
-4.87231e-06
0.00278309
-5.28294e-05
0.00254951
0.00393827
0.00228396
0.00534162
0.0020401
0.00588805
0.00182695
0.00638706
0.00159059
0.00681705
0.00131288
0.00745402
0.000933762
0.00804481
0.00051186
0.00864187
0.00893318
0.00279994
5.0605e-14
0.00279994
3.12527e-13
0.00279994
1.02006e-12
0.00279994
2.6374e-12
0.00279994
6.08118e-12
0.00279994
1.31236e-11
0.00279994
2.71157e-11
0.00279994
5.42262e-11
0.00279994
1.05409e-10
0.00279994
1.99105e-10
0.00279994
3.63701e-10
0.00279993
6.35445e-10
0.00279992
1.03763e-09
0.00279991
1.49869e-09
0.00279988
1.58312e-09
0.0027998
-3.40414e-10
0.00279963
-9.96029e-09
0.00279922
-4.7189e-08
0.00279817
-1.82138e-07
0.00279496
-1.70903e-06
0.00277947
-3.70629e-05
0.00254003
0.00417307
0.00227306
0.00560683
0.00203939
0.00612085
0.00184288
0.00658306
0.00161658
0.00704313
0.00134248
0.00772795
0.000962325
0.00842485
0.000531395
0.00907274
0.00946436
0.00279994
1.74278e-13
0.00279994
1.06882e-12
0.00279994
3.48867e-12
0.00279994
9.13813e-12
0.00279994
2.1626e-11
0.00279994
4.85654e-11
0.00279994
1.05975e-10
0.00279994
2.27487e-10
0.00279994
4.83599e-10
0.00279994
1.02185e-09
0.00279993
2.15073e-09
0.00279993
4.51511e-09
0.00279992
9.46565e-09
0.0027999
1.98489e-08
0.00279986
4.17527e-08
0.00279978
8.86206e-08
0.00279957
1.91817e-07
0.0027991
4.3162e-07
0.00279788
1.04183e-06
0.00279422
1.90532e-06
0.00277563
-1.82262e-05
0.00253094
0.00441321
0.00226108
0.00587491
0.00203897
0.00634203
0.00186183
0.00675963
0.00164988
0.00725483
0.00138831
0.00798931
0.00100211
0.0088109
0.000564332
0.00951042
0.0100285
0.00279994
3.17263e-13
0.00279994
1.9431e-12
0.00279994
6.34251e-12
0.00279994
1.66555e-11
0.00279994
3.96115e-11
0.00279994
8.96018e-11
0.00279994
1.97359e-10
0.00279994
4.28442e-10
0.00279994
9.22575e-10
0.00279994
1.97735e-09
0.00279993
4.22645e-09
0.00279993
9.02002e-09
0.00279992
1.92424e-08
0.0027999
4.10977e-08
0.00279985
8.81419e-08
0.00279975
1.90985e-07
0.00279952
4.22991e-07
0.00279897
9.77693e-07
0.00279758
2.43204e-06
0.00279348
5.96292e-06
0.00277135
4.12547e-06
0.00251477
0.00466532
0.00224653
0.00614132
0.00204208
0.00654548
0.00188745
0.00691363
0.00169102
0.00745092
0.00144003
0.00824002
0.00106502
0.00918573
0.000599685
0.00997564
0.0106279
0.00279994
4.8013e-13
0.00279994
2.93859e-12
0.00279994
9.59211e-12
0.00279994
2.52216e-11
0.00279994
6.01344e-11
0.00279994
1.3652e-10
0.00279994
3.02104e-10
0.00279994
6.59456e-10
0.00279994
1.42888e-09
0.00279994
3.08338e-09
0.00279993
6.63842e-09
0.00279993
1.4276e-08
0.00279992
3.06976e-08
0.00279989
6.61061e-08
0.00279984
1.42996e-07
0.00279971
3.12635e-07
0.00279944
6.99212e-07
0.00279878
1.6343e-06
0.00279709
4.11791e-06
0.00279208
1.09312e-05
0.00276498
3.1411e-05
0.00249753
0.00492839
0.00222756
0.0064094
0.00204588
0.00672607
0.00191799
0.00704079
0.00174321
0.00762532
0.00148745
0.00849544
0.00114326
0.00952969
0.000649252
0.0104695
0.0112769
0.00279994
6.61178e-13
0.00279994
4.04465e-12
0.00279994
1.32028e-11
0.00279994
3.4749e-11
0.00279994
8.30039e-11
0.00279994
1.88948e-10
0.00279994
4.19563e-10
0.00279994
9.19615e-10
0.00279994
2.00187e-09
0.00279994
4.34203e-09
0.00279993
9.4002e-09
0.00279993
2.03354e-08
0.00279991
4.40044e-08
0.00279988
9.54025e-08
0.00279982
2.07868e-07
0.00279967
4.58074e-07
0.00279934
1.03376e-06
0.00279852
2.44301e-06
0.00279638
6.24956e-06
0.00278983
1.74486e-05
0.00275732
6.40569e-05
0.00246746
0.00521389
0.00220715
0.00666774
0.00205778
0.00687424
0.0019575
0.00714024
0.00181947
0.00776287
0.00157226
0.00874226
0.00122236
0.00987927
0.000700071
0.0109917
0.0119767
0.00279994
8.54902e-13
0.00279994
5.22749e-12
0.00279994
1.70638e-11
0.00279994
4.49449e-11
0.00279994
1.07516e-10
0.00279994
2.4527e-10
0.00279994
5.4613e-10
0.00279994
1.20097e-09
0.00279994
2.62417e-09
0.00279994
5.71544e-09
0.00279993
1.24294e-08
0.00279993
2.7019e-08
0.00279991
5.877e-08
0.00279988
1.28117e-07
0.0027998
2.80791e-07
0.00279964
6.22684e-07
0.00279925
1.41505e-06
0.00279832
3.37095e-06
0.00279585
8.70824e-06
0.00278825
2.5003e-05
0.00274912
0.000103279
0.00241824
0.00554041
0.00218053
0.00690337
0.00207444
0.00697901
0.00200379
0.00720997
0.00187931
0.00788675
0.00163139
0.0089897
0.00126626
0.0102441
0.000768345
0.0114894
0.0127448
0.00279994
1.05117e-12
0.00279994
6.42723e-12
0.00279994
2.09833e-11
0.00279994
5.53011e-11
0.00279994
1.32433e-10
0.00279994
3.02597e-10
0.00279994
6.75181e-10
0.00279994
1.48851e-09
0.00279994
3.26193e-09
0.00279994
7.12776e-09
0.00279993
1.55571e-08
0.00279993
3.3953e-08
0.00279991
7.4177e-08
0.00279987
1.62489e-07
0.0027998
3.58047e-07
0.00279962
7.98867e-07
0.0027992
1.82846e-06
0.00279817
4.39502e-06
0.00279535
1.14989e-05
0.00278648
3.38396e-05
0.00274422
0.000145558
0.00233789
0.00594232
0.00215947
0.00707953
0.00210753
0.0070295
0.00206185
0.0072546
0.00193883
0.00800904
0.00168076
0.00924725
0.00132458
0.0105998
0.000842946
0.0119709
0.0135875
0.00279994
1.24852e-12
0.00279994
7.60858e-12
0.00279994
2.4776e-11
0.00279994
6.52439e-11
0.00279994
1.56271e-10
0.00279994
3.57328e-10
0.00279994
7.98191e-10
0.00279994
1.76212e-09
0.00279994
3.86766e-09
0.00279994
8.46633e-09
0.00279993
1.85146e-08
0.00279993
4.04938e-08
0.00279991
8.86736e-08
0.00279988
1.9475e-07
0.0027998
4.30422e-07
0.00279964
9.63875e-07
0.00279924
2.21719e-06
0.00279825
5.37223e-06
0.00279544
1.42747e-05
0.00278587
4.3363e-05
0.00274118
0.00019021
0.00216553
0.00651344
0.00215545
0.00708722
0.0021559
0.00702745
0.00213409
0.00727524
0.00201497
0.00812733
0.00177504
0.00948656
0.00143632
0.010938
0.000935514
0.0124713
0.0145226
0.0111998
1.76141e-12
0.0111998
1.08035e-11
0.0111998
3.53579e-11
0.0111998
9.32481e-11
0.0111998
2.2318e-10
0.0111998
5.0917e-10
0.0111998
1.13354e-09
0.0111998
2.49193e-09
0.0111997
5.44302e-09
0.0111997
1.18511e-08
0.0111997
2.57671e-08
0.0111997
5.6009e-08
0.0111997
1.21847e-07
0.0111996
2.65739e-07
0.0111994
5.82881e-07
0.0111991
1.29429e-06
0.0111983
2.94753e-06
0.0111965
7.04875e-06
0.0111922
1.83612e-05
0.0111815
5.38105e-05
0.01115
0.000220857
0.0120228
0.00562063
0.0111679
0.00793082
0.0103193
0.00786827
0.00961455
0.00797415
0.00919116
0.0085462
0.00903885
0.00963584
0.00924434
0.0107299
0.0104167
0.0112971
0.00936946
0.0155686
0.0111998
2.41073e-12
0.0111998
1.49017e-11
0.0111998
4.90859e-11
0.0111998
1.29804e-10
0.0111998
3.10868e-10
0.0111998
7.08772e-10
0.0111998
1.57561e-09
0.0111997
3.45688e-09
0.0111997
7.53293e-09
0.0111997
1.63587e-08
0.0111997
3.54684e-08
0.0111997
7.68699e-08
0.0111997
1.66715e-07
0.0111996
3.62422e-07
0.0111993
7.92216e-07
0.0111988
1.75243e-06
0.0111977
3.97331e-06
0.0111951
9.4487e-06
0.0111886
2.44271e-05
0.0111708
7.10644e-05
0.0110773
0.000312077
0.0106524
0.00602292
0.0103649
0.0082036
0.0101565
0.00806646
0.0100376
0.00808578
0.0101384
0.00844028
0.0105985
0.00917175
0.0115505
0.00977493
0.0127509
0.0100943
0.00826934
0.0138493
0.0111998
3.71511e-12
0.0111998
2.29594e-11
0.0111998
7.5616e-11
0.0111998
1.99952e-10
0.0111998
4.78872e-10
0.0111998
1.09186e-09
0.0111998
2.4274e-09
0.0111997
5.32616e-09
0.0111997
1.16075e-08
0.0111997
2.521e-08
0.0111997
5.46656e-08
0.0111997
1.18489e-07
0.0111996
2.57003e-07
0.0111994
5.58735e-07
0.0111989
1.22133e-06
0.0111978
2.70128e-06
0.0111955
6.12229e-06
0.01119
1.45493e-05
0.011176
3.75724e-05
0.0111373
0.00010887
0.0110056
0.000438526
0.0107447
0.00625589
0.0103635
0.0085642
0.0102738
0.00814055
0.0103426
0.00800639
0.010671
0.00810516
0.0113103
0.0085285
0.0122382
0.00884394
0.0132678
0.00906198
0.00774412
0.0137915
0.0111998
5.99937e-12
0.0111998
3.67918e-11
0.0111998
1.20397e-10
0.0111998
3.17428e-10
0.0111998
7.59331e-10
0.0111998
1.731e-09
0.0111997
3.84977e-09
0.0111997
8.45318e-09
0.0111997
1.84394e-08
0.0111997
4.00897e-08
0.0111997
8.70265e-08
0.0111996
1.88841e-07
0.0111994
4.10039e-07
0.0111991
8.92313e-07
0.0111983
1.95199e-06
0.0111965
4.31892e-06
0.0111924
9.785e-06
0.0111829
2.32226e-05
0.0111591
5.98429e-05
0.011092
0.000173978
0.0108682
0.000652838
0.0106879
0.00639886
0.0106315
0.00859342
0.0105205
0.00823399
0.0106757
0.00783929
0.0110583
0.00771483
0.0116906
0.00789099
0.0124386
0.00809279
0.0132836
0.00821486
0.00762813
0.0133979
0.0111998
8.68886e-12
0.0111998
5.37442e-11
0.0111998
1.77169e-10
0.0111998
4.68869e-10
0.0111998
1.12401e-09
0.0111997
2.56614e-09
0.0111997
5.71431e-09
0.0111997
1.25625e-08
0.0111997
2.74371e-08
0.0111997
5.97263e-08
0.0111997
1.29813e-07
0.0111996
2.82018e-07
0.0111993
6.13014e-07
0.0111988
1.3352e-06
0.0111977
2.92252e-06
0.0111951
6.46644e-06
0.0111895
1.46376e-05
0.0111765
3.4665e-05
0.0111442
8.90412e-05
0.0110555
0.000257965
0.0107591
0.00093315
0.00961839
0.00748755
0.0102992
0.0078692
0.0104213
0.00809058
0.0107801
0.00746814
0.0112269
0.00726128
0.0118219
0.00729205
0.0125139
0.00739734
0.0132451
0.00748119
0.00706804
0.0138038
0.0111998
1.38251e-11
0.0111998
8.22051e-11
0.0111998
2.61921e-10
0.0111998
6.82249e-10
0.0111998
1.62577e-09
0.0111997
3.71015e-09
0.0111997
8.28544e-09
0.0111997
1.83027e-08
0.0111997
4.02129e-08
0.0111997
8.81221e-08
0.0111996
1.9289e-07
0.0111994
4.22103e-07
0.0111991
9.2416e-07
0.0111982
2.02665e-06
0.0111963
4.46118e-06
0.0111921
9.90203e-06
0.0111827
2.23741e-05
0.0111615
5.24923e-05
0.0111109
0.000133034
0.0109612
0.000397967
0.0102343
0.00162485
0.010293
0.00732891
0.0109726
0.0072167
0.0114077
0.00765886
0.0112752
0.00759586
0.0116698
0.00686757
0.0120647
0.00689743
0.0126221
0.00683957
0.0132653
0.00683728
0.00647142
0.0138613
0.0111998
9.5875e-12
0.0111998
5.88052e-11
0.0111998
1.92515e-10
0.0111998
5.08445e-10
0.0111998
1.2202e-09
0.0111998
2.79459e-09
0.0111998
6.25174e-09
0.0111998
1.38214e-08
0.0111998
3.03787e-08
0.0111998
6.65851e-08
0.0111998
1.45769e-07
0.0111998
3.19012e-07
0.0111999
6.98323e-07
0.0112001
1.52996e-06
0.0112005
3.35827e-06
0.0112014
7.40008e-06
0.011204
1.64388e-05
0.011212
3.71441e-05
0.0112432
8.70927e-05
0.0113935
0.000221583
0.012163
0.000802802
0.0184044
0.000774621
0.0146261
0.0110443
0.0125983
0.00972051
0.0121311
0.00807363
0.012471
0.00653243
0.0126718
0.0066994
0.0130196
0.00649423
0.013469
0.00638858
0.00606086
0.0138807
0.0111998
6.08799e-12
0.0111998
3.83345e-11
0.0111998
1.28181e-10
0.0111998
3.41369e-10
0.0111998
8.20478e-10
0.0111998
1.87451e-09
0.0111998
4.1728e-09
0.0111998
9.16497e-09
0.0111998
1.99899e-08
0.0111998
4.3444e-08
0.0111998
9.42437e-08
0.0111999
2.04266e-07
0.0112002
4.42628e-07
0.0112007
9.59535e-07
0.0112019
2.08313e-06
0.0112045
4.53837e-06
0.0112105
9.96518e-06
0.0112245
2.22509e-05
0.0112583
5.14281e-05
0.01135
0.000127161
0.0117849
0.000366598
0.0114905
0.00104696
0.0130057
0.0095492
0.0154806
0.00728651
0.0146599
0.00892578
0.013338
0.007866
0.0132762
0.00677251
0.013469
0.00631047
0.0137413
0.00612092
0.00585439
0.0139497
0.0111998
7.31441e-12
0.0111998
4.37179e-11
0.0111998
1.39929e-10
0.0111998
3.65304e-10
0.0111998
8.71298e-10
0.0111998
1.98854e-09
0.0111998
4.43874e-09
0.0111998
9.79737e-09
0.0111997
2.15038e-08
0.0111997
4.70682e-08
0.0111997
1.02893e-07
0.0111997
2.2482e-07
0.0111997
4.91243e-07
0.0111996
1.07396e-06
0.0111993
2.35103e-06
0.0111987
5.16169e-06
0.0111974
1.1404e-05
0.0111944
2.55412e-05
0.0111875
5.89409e-05
0.0111704
0.000145511
0.0111114
0.000428045
0.0103688
0.00179165
0.013863
0.00607856
0.0140204
0.00714164
0.0152315
0.00773891
0.0136331
0.00948029
0.0137085
0.00671112
0.013786
0.00624137
0.0138974
0.0060178
0.00566052
0.014095
0.0111998
4.48177e-12
0.0111998
2.79547e-11
0.0111998
9.2783e-11
0.0111998
2.46322e-10
0.0111998
5.91361e-10
0.0111998
1.35092e-09
0.0111998
3.00872e-09
0.0111998
6.61387e-09
0.0111998
1.44413e-08
0.0111998
3.14238e-08
0.0111998
6.82563e-08
0.0111999
1.48129e-07
0.0112001
3.21338e-07
0.0112005
6.97047e-07
0.0112013
1.51258e-06
0.0112033
3.28587e-06
0.0112077
7.15653e-06
0.0112178
1.56764e-05
0.0112427
3.47718e-05
0.0113105
7.93064e-05
0.0115496
0.000192267
0.0127028
0.000638481
0.0175079
0.0012901
0.0151146
0.00954958
0.0151977
0.00767482
0.016799
0.00789759
0.0142069
0.00931553
0.0142259
0.00622766
0.0141925
0.00605236
0.00564874
0.0142064
0.0111998
3.9253e-12
0.0111998
2.37627e-11
0.0111998
7.69101e-11
0.0111998
2.01815e-10
0.0111998
4.82195e-10
0.0111998
1.10026e-09
0.0111998
2.45259e-09
0.0111998
5.40219e-09
0.0111998
1.18273e-08
0.0111998
2.58158e-08
0.0111998
5.62661e-08
0.0111998
1.2255e-07
0.0111999
2.66858e-07
0.0112
5.81132e-07
0.0112002
1.26601e-06
0.0112008
2.76062e-06
0.011202
6.03211e-06
0.0112046
1.32399e-05
0.0112105
2.93521e-05
0.0112241
6.65878e-05
0.0112585
0.000159862
0.0114396
0.000460583
0.0107542
0.00198382
0.0154601
0.00487507
0.0149357
0.00821562
0.0149189
0.00792601
0.0164235
0.00781859
0.0147493
0.00789873
0.0144753
0.00632445
0.00571705
0.0144075
0.0111998
2.39999e-12
0.0111998
1.47465e-11
0.0111998
4.83359e-11
0.0111998
1.27573e-10
0.0111998
3.05476e-10
0.0111998
6.97174e-10
0.0111998
1.5526e-09
0.0111998
3.41431e-09
0.0111998
7.45999e-09
0.0111998
1.62461e-08
0.0111998
3.53218e-08
0.0111998
7.67338e-08
0.0111999
1.66635e-07
0.0112002
3.61808e-07
0.0112007
7.85572e-07
0.0112017
1.70585e-06
0.0112041
3.70523e-06
0.0112095
8.0528e-06
0.0112216
1.75242e-05
0.0112507
3.82563e-05
0.0113277
8.43499e-05
0.0115983
0.000193138
0.0129483
0.000636084
0.016466
0.00137079
0.0163572
0.00835448
0.0169444
0.00734043
0.0169117
0.00784947
0.0158592
0.00894821
0.0150648
0.00711225
0.00601635
0.0147636
0.0111998
1.17792e-12
0.0111998
7.41791e-12
0.0111998
2.48059e-11
0.0111998
6.60397e-11
0.0111998
1.58561e-10
0.0111998
3.61615e-10
0.0111998
8.03028e-10
0.0111998
1.75849e-09
0.0111998
3.82237e-09
0.0111998
8.27574e-09
0.0111998
1.78788e-08
0.0111998
3.85768e-08
0.0111999
8.3172e-08
0.0112001
1.79225e-07
0.0112005
3.86057e-07
0.0112014
8.31369e-07
0.0112034
1.79025e-06
0.0112078
3.85644e-06
0.0112175
8.31775e-06
0.0112389
1.79993e-05
0.0112866
3.92691e-05
0.011398
8.74087e-05
0.0118307
0.000214393
0.0125306
0.000694418
0.0195866
0.00137733
0.0170701
0.00983518
0.017689
0.00721557
0.0188443
0.00778096
0.0161658
0.00978371
0.006673
0.015505
0.0111998
8.42553e-13
0.0111998
5.14488e-12
0.0111998
1.67724e-11
0.0111998
4.41422e-11
0.0111998
1.05528e-10
0.0111998
2.40574e-10
0.0111998
5.35251e-10
0.0111998
1.17597e-09
0.0111998
2.5669e-09
0.0111998
5.58437e-09
0.0111998
1.21284e-08
0.0111998
2.63192e-08
0.0111998
5.7091e-08
0.0111999
1.23821e-07
0.0112
2.68545e-07
0.0112002
5.82496e-07
0.0112008
1.26388e-06
0.0112019
2.74417e-06
0.0112043
5.96698e-06
0.0112093
1.30168e-05
0.0112201
2.86049e-05
0.0112439
6.39756e-05
0.011309
0.000149864
0.0115893
0.000413708
0.0113239
0.00164744
0.0170443
0.00410711
0.016571
0.00767771
0.0170672
0.00727509
0.0192684
0.00757464
0.00945417
0.0164827
0.0111998
4.86012e-13
0.0111998
2.99946e-12
0.0111998
9.86729e-12
0.0111998
2.60832e-11
0.0111998
6.2484e-11
0.0111998
1.4257e-10
0.0111998
3.17288e-10
0.0111998
6.97068e-10
0.0111998
1.52126e-09
0.0111998
3.30865e-09
0.0111998
7.18366e-09
0.0111998
1.55835e-08
0.0111998
3.37909e-08
0.0111998
7.32568e-08
0.0112
1.58804e-07
0.0112002
3.44244e-07
0.0112007
7.46237e-07
0.0112018
1.61772e-06
0.0112043
3.50714e-06
0.0112097
7.60386e-06
0.0112218
1.64887e-05
0.01125
3.57799e-05
0.0113218
7.7966e-05
0.0115613
0.000173899
0.0127003
0.000507385
0.0153549
0.00145223
0.0176058
0.00542529
0.017287
0.00759105
0.0176599
0.0071944
0.00737179
0.0197399
0.0111998
2.45964e-13
0.0111998
1.53034e-12
0.0111998
5.06761e-12
0.0111998
1.34313e-11
0.0111998
3.21889e-11
0.0111998
7.33741e-11
0.0111998
1.62984e-10
0.0111998
3.57165e-10
0.0111998
7.77161e-10
0.0111998
1.68475e-09
0.0111998
3.64509e-09
0.0111998
7.87819e-09
0.0111998
1.70174e-08
0.0111998
3.67465e-08
0.0111999
7.93313e-08
0.0112001
1.71239e-07
0.0112004
3.69575e-07
0.0112013
7.97512e-07
0.0112031
1.72064e-06
0.011207
3.71121e-06
0.0112155
8.00052e-06
0.011234
1.72312e-05
0.0112749
3.70603e-05
0.0113692
7.96666e-05
0.0116992
0.000177507
0.0126353
0.000515223
0.0166843
0.00137606
0.0178196
0.00645582
0.018502
0.0065098
0.00686768
0.0190035
0.0111998
1.14926e-13
0.0111998
7.21512e-13
0.0111998
2.40658e-12
0.0111998
6.39734e-12
0.0111998
1.53414e-11
0.0111998
3.49436e-11
0.0111998
7.74877e-11
0.0111998
1.69413e-10
0.0111998
3.67613e-10
0.0111998
7.94484e-10
0.0111998
1.7133e-09
0.0111998
3.69029e-09
0.0111998
7.94298e-09
0.0111998
1.70891e-08
0.0111998
3.67555e-08
0.0111999
7.9036e-08
0.0112001
1.69919e-07
0.0112006
3.65238e-07
0.0112015
7.84935e-07
0.0112035
1.6866e-06
0.0112079
3.62341e-06
0.0112174
7.78329e-06
0.0112377
1.67196e-05
0.0112815
3.59474e-05
0.0113815
7.77062e-05
0.0117207
0.0001764
0.0125807
0.000515352
0.0176186
0.00141954
0.0179153
0.00621487
0.00667494
0.0181074
0.0111998
6.13644e-14
0.0111998
3.78277e-13
0.0111998
1.24296e-12
0.0111998
3.28239e-12
0.0111998
7.85343e-12
0.0111998
1.78892e-11
0.0111998
3.97271e-11
0.0111998
8.70558e-11
0.0111998
1.89442e-10
0.0111998
4.10748e-10
0.0111998
8.88918e-10
0.0111998
1.92194e-09
0.0111998
4.15358e-09
0.0111998
8.97474e-09
0.0111998
1.93909e-08
0.0111998
4.18967e-08
0.0111999
9.05284e-08
0.0112001
1.95622e-07
0.0112004
4.2274e-07
0.0112012
9.13555e-07
0.0112028
1.97403e-06
0.0112064
4.26407e-06
0.0112139
9.20301e-06
0.0112301
1.98266e-05
0.0112654
4.25759e-05
0.0113512
9.11894e-05
0.0116662
0.00020158
0.0125182
0.000571653
0.017327
0.00141074
0.00595222
0.0180479
0.0111998
2.05755e-14
0.0111998
1.3286e-13
0.0111998
4.52977e-13
0.0111998
1.21541e-12
0.0111998
2.92376e-12
0.0111998
6.65753e-12
0.0111998
1.47284e-11
0.0111998
3.2083e-11
0.0111998
6.93006e-11
0.0111998
1.48998e-10
0.0111998
3.19508e-10
0.0111998
6.84076e-10
0.0111998
1.46317e-09
0.0111998
3.12736e-09
0.0111998
6.68065e-09
0.0111998
1.42642e-08
0.0111999
3.0442e-08
0.0112
6.49375e-08
0.0112003
1.38453e-07
0.0112009
2.95037e-07
0.0112022
6.28313e-07
0.0112052
1.33701e-06
0.0112115
2.84198e-06
0.0112253
6.03084e-06
0.0112551
1.27619e-05
0.0113193
2.68858e-05
0.0114643
5.64061e-05
0.0119097
0.000126722
0.012941
0.000379431
0.000995647
0.0178955
0.0111998
8.9677e-15
0.0111998
5.60894e-14
0.0111998
1.86439e-13
0.0111998
4.94393e-13
0.0111998
1.18269e-12
0.0111998
2.68588e-12
0.0111998
5.93441e-12
0.0111998
1.29191e-11
0.0111998
2.78978e-11
0.0111998
5.99752e-11
0.0111998
1.28615e-10
0.0111998
2.75423e-10
0.0111998
5.89316e-10
0.0111998
1.2603e-09
0.0111998
2.69435e-09
0.0111998
5.75877e-09
0.0111998
1.23062e-08
0.0111998
2.62935e-08
0.0111999
5.61708e-08
0.0112001
1.19982e-07
0.0112005
2.56253e-07
0.0112012
5.47231e-07
0.0112029
1.1685e-06
0.0112064
2.49495e-06
0.0112138
5.32739e-06
0.0112293
1.13795e-05
0.0112613
2.43402e-05
0.0113354
5.24661e-05
0.0115976
0.000117078
0.000336596
0.0122564
0.0111998
2.59345e-15
0.0111998
1.70529e-14
0.0111998
5.89299e-14
0.0111998
1.58891e-13
0.0111998
3.82265e-13
0.0111998
8.67811e-13
0.0111998
1.90971e-12
0.0111998
4.13086e-12
0.0111998
8.849e-12
0.0111998
1.88496e-11
0.0111998
4.00166e-11
0.0111998
8.477e-11
0.0111998
1.79309e-10
0.0111998
3.78858e-10
0.0111998
7.99739e-10
0.0111998
1.68676e-09
0.0111998
3.55476e-09
0.0111998
7.4854e-09
0.0111998
1.57493e-08
0.0111999
3.31087e-08
0.0112001
6.95413e-08
0.0112005
1.45935e-07
0.0112014
3.05978e-07
0.0112032
6.41006e-07
0.0112071
1.34197e-06
0.0112157
2.80873e-06
0.0112341
5.88307e-06
0.0112741
1.23682e-05
0.0113648
2.62686e-05
6.17854e-05
0.0116397
0.0111998
1.12852e-15
0.0111998
7.21007e-15
0.0111998
2.43724e-14
0.0111998
6.50475e-14
0.0111998
1.55672e-13
0.0111998
3.52301e-13
0.0111998
7.73562e-13
0.0111998
1.67014e-12
0.0111998
3.57115e-12
0.0111998
7.5923e-12
0.0111998
1.60838e-11
0.0111998
3.39915e-11
0.0111998
7.17153e-11
0.0111998
1.51105e-10
0.0111998
3.18034e-10
0.0111998
6.68774e-10
0.0111998
1.40529e-09
0.0111998
2.9513e-09
0.0111998
6.19586e-09
0.0111998
1.30054e-08
0.0111998
2.73007e-08
0.0111999
5.73252e-08
0.0112001
1.2043e-07
0.0112004
2.53201e-07
0.0112012
5.32989e-07
0.0112029
1.12425e-06
0.0112064
2.3807e-06
0.011214
5.08085e-06
0.0112303
1.10298e-05
2.47582e-05
0.0112699
0.0111998
9.04981e-16
0.0111998
5.53895e-15
0.0111998
1.80757e-14
0.0111998
4.74502e-14
0.0111998
1.12822e-13
0.0111998
2.55175e-13
0.0111998
5.61999e-13
0.0111998
1.21971e-12
0.0111998
2.62487e-12
0.0111998
5.61996e-12
0.0111998
1.19933e-11
0.0111998
2.55407e-11
0.0111998
5.43277e-11
0.0111998
1.15533e-10
0.0111998
2.45884e-10
0.0111998
5.24313e-10
0.0111998
1.12147e-09
0.0111998
2.40853e-09
0.0111998
5.19709e-09
0.0111998
1.12687e-08
0.0111998
2.45426e-08
0.0111998
5.36454e-08
0.0111998
1.17559e-07
0.0111998
2.58026e-07
0.0111998
5.66905e-07
0.0111999
1.24698e-06
0.0112002
2.74996e-06
0.0112007
6.10142e-06
0.0112018
1.37363e-05
3.17583e-05
0.0112026
0.0111998
7.61507e-16
0.0111998
4.61142e-15
0.0111998
1.49508e-14
0.0111998
3.94772e-14
0.0111998
9.53321e-14
0.0111998
2.2069e-13
0.0111998
5.00618e-13
0.0111998
1.1248e-12
0.0111998
2.51641e-12
0.0111998
5.61931e-12
0.0111998
1.25366e-11
0.0111998
2.79438e-11
0.0111998
6.22005e-11
0.0111998
1.38151e-10
0.0111998
3.05895e-10
0.0111998
6.74668e-10
0.0111998
1.48148e-09
0.0111998
3.23895e-09
0.0111998
7.05534e-09
0.0111998
1.5332e-08
0.0111998
3.32934e-08
0.0111998
7.23567e-08
0.0111999
1.57544e-07
0.0112
3.43723e-07
0.0112002
7.51067e-07
0.0112004
1.64249e-06
0.0112007
3.59454e-06
0.0112012
7.88408e-06
0.0112021
1.7413e-05
3.92008e-05
0.0112003
0.0111998
4.12433e-16
0.0111998
2.58597e-15
0.0111998
8.61504e-15
0.0111998
2.29352e-14
0.0111998
5.52772e-14
0.0111998
1.26969e-13
0.0111998
2.84771e-13
0.0111998
6.31271e-13
0.0111998
1.39179e-12
0.0111998
3.06201e-12
0.0111998
6.73495e-12
0.0111998
1.4828e-11
0.0111998
3.27076e-11
0.0111998
7.23326e-11
0.0111998
1.60442e-10
0.0111998
3.56913e-10
0.0111998
7.95671e-10
0.0111998
1.77479e-09
0.0111998
3.95197e-09
0.0111998
8.76156e-09
0.0111998
1.92911e-08
0.0111999
4.21068e-08
0.0112
9.10521e-08
0.0112004
1.95213e-07
0.0112009
4.15836e-07
0.0112016
8.82765e-07
0.0112025
1.87384e-06
0.0112041
3.99073e-06
0.0112075
8.55421e-06
1.85694e-05
0.0112188
0.0111998
3.71399e-16
0.0111998
2.23626e-15
0.0111998
7.19999e-15
0.0111998
1.88271e-14
0.0111998
4.48611e-14
0.0111998
1.02115e-13
0.0111998
2.27069e-13
0.0111998
4.98856e-13
0.0111998
1.0891e-12
0.0111998
2.37004e-12
0.0111998
5.14903e-12
0.0111998
1.11777e-11
0.0111998
2.42582e-11
0.0111998
5.26515e-11
0.0111998
1.14326e-10
0.0111998
2.48418e-10
0.0111998
5.4032e-10
0.0111998
1.17668e-09
0.0111998
2.56631e-09
0.0111998
5.60649e-09
0.0111997
1.22714e-08
0.0111997
2.69153e-08
0.0111997
5.91674e-08
0.0111996
1.30368e-07
0.0111993
2.87881e-07
0.0111987
6.36903e-07
0.0111977
1.41118e-06
0.0111963
3.13098e-06
0.0111947
6.96254e-06
1.55837e-05
0.0111949
0.0111998
1.98145e-16
0.0111998
1.24487e-15
0.0111998
4.15813e-15
0.0111998
1.10638e-14
0.0111998
2.65518e-14
0.0111998
6.05294e-14
0.0111998
1.34371e-13
0.0111998
2.94171e-13
0.0111998
6.39286e-13
0.0111998
1.38382e-12
0.0111998
2.98899e-12
0.0111998
6.44806e-12
0.0111998
1.38993e-11
0.0111998
2.9945e-11
0.0111998
6.44867e-11
0.0111998
1.38822e-10
0.0111998
2.98754e-10
0.0111998
6.42774e-10
0.0111998
1.38272e-09
0.0111998
2.97451e-09
0.0111998
6.40033e-09
0.0111998
1.37796e-08
0.0111998
2.96952e-08
0.0111998
6.40787e-08
0.0111999
1.38501e-07
0.0112
2.99886e-07
0.0112003
6.50502e-07
0.0112012
1.41332e-06
0.0112035
3.07958e-06
6.74844e-06
0.0112102
0.0111998
1.60679e-16
0.0111998
9.62481e-16
0.0111998
3.08471e-15
0.0111998
8.06155e-15
0.0111998
1.92375e-14
0.0111998
4.39078e-14
0.0111998
9.79883e-14
0.0111998
2.16217e-13
0.0111998
4.74439e-13
0.0111998
1.03827e-12
0.0111998
2.26932e-12
0.0111998
4.95689e-12
0.0111998
1.08229e-11
0.0111998
2.36211e-11
0.0111998
5.15276e-11
0.0111998
1.12336e-10
0.0111998
2.44751e-10
0.0111998
5.32941e-10
0.0111998
1.15998e-09
0.0111998
2.52434e-09
0.0111998
5.49435e-09
0.0111998
1.1965e-08
0.0111998
2.60798e-08
0.0111998
5.6918e-08
0.0111997
1.24425e-07
0.0111997
2.72527e-07
0.0111995
5.98282e-07
0.011199
1.31666e-06
0.0111977
2.90792e-06
6.46353e-06
0.0111952
0.0111998
3.30809e-17
0.0111998
2.25281e-16
0.0111998
7.99664e-16
0.0111998
2.17945e-15
0.0111998
5.2624e-15
0.0111998
1.19421e-14
0.0111998
2.62112e-14
0.0111998
5.64803e-14
0.0111998
1.20458e-13
0.0111998
2.55443e-13
0.0111998
5.40055e-13
0.0111998
1.14033e-12
0.0111998
2.40787e-12
0.0111998
5.08981e-12
0.0111998
1.07795e-11
0.0111998
2.28856e-11
0.0111998
4.87123e-11
0.0111998
1.03907e-10
0.0111998
2.21902e-10
0.0111998
4.7379e-10
0.0111998
1.00976e-09
0.0111998
2.1447e-09
0.0111998
4.53349e-09
0.0111998
9.52785e-09
0.0112
1.9901e-08
0.0112002
4.13299e-08
0.0112007
8.54395e-08
0.0112018
1.76537e-07
0.0112038
3.64168e-07
7.5753e-07
0.011208
0.0111998
0.0111998
0.0111998
0.0111998
0.0111998
0.0111998
0.0111998
0.0111998
0.0111998
0.0111998
0.0111998
0.0111998
0.0111998
0.0111998
0.0111998
0.0111998
0.0111998
0.0111998
0.0111998
0.0111998
0.0111998
0.0111998
0.0111998
0.0111998
0.0111998
0.0111998
0.0111999
0.0112002
0.0112008
0.011202
0.00719678
0.00836873
0.00364245
0.0035525
0.00151146
0.00212845
0.000406453
0.00110452
0.00381006
-0.00340083
0.00363145
0.000178509
0.00327267
0.000359513
0.00318022
9.38888e-05
0.00328907
-0.000107428
0.00347867
-0.000189777
0.00354354
-6.01467e-05
0.00355249
-1.02163e-05
0.00362412
-6.2486e-05
0.00406007
-0.000421546
0.00493908
-0.000855778
0.00652051
-0.00158585
0.00491942
0.00171077
0.00425917
0.000729547
0.00446911
-6.66308e-05
0.00475871
-0.000235975
0.00498321
-0.000121778
0.00527017
-0.000289228
0.00553544
-0.000305312
0.00575791
-0.000275603
0.0059179
-0.000226077
0.00598743
-0.000242715
0.0059941
-0.000127443
0.00598673
-1.3682e-05
0.0058105
-2.04285e-05
2.34611e-05
0.00659614
0.0156184
0.00401251
0.00613469
0.00314273
0.00299886
0.00583943
-0.00159044
0.00341147
-0.000970944
0.00403131
-0.000440254
0.00415165
0.000240302
0.00414905
9.67967e-05
0.00419521
-0.000156138
0.00425898
-0.000252554
0.00428697
-8.43054e-05
0.00436323
-9.27835e-05
0.0045503
-0.000258716
0.00484747
-0.000721188
0.00574565
-0.00176485
0.006802
-0.00263336
0.00690817
0.00156977
0.00489314
0.00275273
0.00546648
-0.000591359
0.00560718
-0.000213217
0.00599008
-0.000299114
0.00634828
-0.000425606
0.00664139
-0.000496688
0.00685285
-0.000543512
0.00701638
-0.000459508
0.00714651
-0.000376794
0.00713957
-0.000244551
0.00706444
-0.000110369
0.00693683
-9.37109e-06
0.000125414
0.0083578
0.0210476
0.00661553
0.00787759
0.00733965
0.00227767
0.00552433
0.000224133
0.00455109
2.12154e-06
0.00426154
-0.000151007
0.00492168
-0.000419959
0.00524637
-0.000230395
0.00528703
-0.000201063
0.00529683
-0.00026654
0.00547074
-0.000265026
0.0056937
-0.000323142
0.00593306
-0.000504841
0.00613421
-0.00093067
0.00630335
-0.00195466
0.00725844
-0.00368892
0.00815611
0.000373681
0.00754725
0.00317259
0.00654069
0.000387675
0.00696779
-0.000499202
0.00725483
-0.000627382
0.00753978
-0.000562019
0.00781592
-0.000578371
0.0080371
-0.000599183
0.0081371
-0.000615622
0.00811406
-0.000503629
0.00806907
-0.000314774
0.00791793
-8.05139e-05
0.00775579
7.76829e-05
0.000258868
0.0127544
0.0216878
0.0100619
0.0105707
0.00807583
0.00426518
0.00647995
0.00181994
0.00596442
0.000517604
0.00573481
7.39698e-05
0.00553532
-0.000225009
0.00574134
-0.000440347
0.00601019
-0.000473718
0.00619545
-0.000454839
0.00633814
-0.000410907
0.00660766
-0.000585422
0.00695486
-0.000851924
0.00729255
-0.00128666
0.00774254
-0.00245599
0.00776452
-0.00383861
0.00970374
-0.00191666
0.0104742
0.00207441
0.00819967
0.00240124
0.00884095
-0.00139305
0.00888824
-0.000840658
0.00896084
-0.000780368
0.00907439
-0.000747505
0.00913369
-0.000618295
0.00917924
-0.000574736
0.00915363
-0.000465289
0.00900804
-0.000249215
0.00879632
3.76702e-05
0.00859433
0.00031506
0.000510649
0.0136073
0.021881
0.0112444
0.0129346
0.00883436
0.0066744
0.00769364
0.00296047
0.00708367
0.00112542
0.00671181
0.000437251
0.00633867
0.000145758
0.0060892
-0.000192839
0.00607643
-0.000462249
0.00630225
-0.000678789
0.00674309
-0.000845343
0.00721297
-0.0010504
0.00775196
-0.00138519
0.00835075
-0.00189544
0.00903991
-0.00316835
0.00914425
-0.00403744
0.0106677
-0.00378145
0.0122374
0.00019209
0.0123908
0.00195511
0.0105902
2.61904e-05
0.010262
-0.000815775
0.0101056
-0.000911435
0.0101542
-0.000886739
0.0100918
-0.000782947
0.00997406
-0.000522671
0.00992006
-0.000213542
0.00977546
4.30648e-05
0.00953992
0.000307633
0.00932824
0.000587674
0.000838384
0.0139628
0.021778
0.0122076
0.0146912
0.0104147
0.00846638
0.00895049
0.00442467
0.00786384
0.00221032
0.00722649
0.00106649
0.00682089
0.000551279
0.00653257
9.57222e-05
0.00643916
-0.000366739
0.00660902
-0.000845342
0.00703347
-0.00126235
0.00759866
-0.00160513
0.00828602
-0.00207544
0.00914843
-0.00276255
0.00966551
-0.00372487
0.0107836
-0.00518098
0.0120897
-0.0052441
0.0138507
-0.00173859
0.014525
0.00116965
0.0124149
0.0021677
0.0120244
-0.000538491
0.0115831
-0.000807666
0.0114063
-0.000935894
0.0111922
-0.000764966
0.0109407
-0.000365892
0.0107789
0.000116911
0.0105333
0.000405102
0.0102566
0.000593328
0.0100293
0.000836169
0.00113211
0.0142845
0.0213769
0.0131153
0.0158621
0.0114073
0.0101754
0.00982317
0.00600667
0.00862986
0.00340181
0.0078443
0.00184679
0.00741133
0.000989469
0.00705115
0.000460519
0.00691778
-0.000227847
0.00691531
-0.00083897
0.00707794
-0.00142392
0.00749367
-0.00202254
0.00812131
-0.00271247
0.00905506
-0.00368416
0.0100678
-0.00481086
0.0113525
-0.00653641
0.0127774
-0.0066645
0.01372
-0.00270432
0.0144537
0.000361012
0.0144567
0.00206084
0.0130654
0.00083942
0.0125963
-0.000424301
0.0123014
-0.000680907
0.0120354
-0.000488975
0.0116328
-7.29395e-05
0.0112916
0.000367311
0.0109881
0.000703727
0.0107229
0.000932696
0.0105426
0.00112828
0.00143497
0.0144466
0.0208837
0.0136321
0.0166804
0.0121178
0.0116882
0.0105885
0.00753437
0.00933777
0.00465365
0.00842337
0.00276054
0.00786811
0.00155701
0.0075041
0.000816916
0.00722364
5.22058e-05
0.00708229
-0.000704251
0.00715417
-0.00151225
0.00749563
-0.00238215
0.00812836
-0.0033644
0.00903812
-0.00459834
0.0106737
-0.00644941
0.0120743
-0.00815467
0.0129363
-0.0076407
0.0139527
-0.00372773
0.0149267
-0.000721956
0.0153286
0.00146093
0.0138644
0.00223658
0.0136652
-0.00013058
0.01319
-0.000191285
0.0128167
3.08804e-05
0.0122413
0.000284039
0.0117069
0.000628581
0.0113501
0.000973754
0.0111074
0.00127575
0.0109825
0.00149216
0.00164681
0.014434
0.0205489
0.0138805
0.0172377
0.0126214
0.0129457
0.0112035
0.0089521
0.00995946
0.00589979
0.00897914
0.00374284
0.00832513
0.00222654
0.007866
0.00125719
0.00762928
0.000270149
0.00758076
-0.000683851
0.00770231
-0.00166506
0.00801809
-0.0027362
0.00861804
-0.0039968
0.00955466
-0.00562357
0.0110782
-0.00795098
0.0127722
-0.00993186
0.0130999
-0.00810501
0.0141155
-0.00485963
0.0156595
-0.00237886
0.0168431
6.03257e-05
0.017227
0.00183044
0.0146146
0.00162694
0.014012
0.000723033
0.0134437
0.000686822
0.0128036
0.000800779
0.0121826
0.00101721
0.0117607
0.00135843
0.0114794
0.00165303
0.0113527
0.00184406
0.00191713
0.014368
0.0203929
0.0139419
0.0176663
0.0129468
0.0139389
0.0116855
0.0102135
0.0105056
0.00708345
0.00951329
0.00473837
0.00879594
0.00295756
0.00832522
0.00168808
0.00803561
0.000521491
0.00792739
-0.000627579
0.00803839
-0.00183367
0.00841576
-0.00318794
0.00915009
-0.00483983
0.0105414
-0.00720926
0.0124018
-0.00993518
0.0134248
-0.0104773
0.013495
-0.00804027
0.0146421
-0.00631276
0.0160683
-0.00390508
0.0173233
-0.00128084
0.0179233
0.0011848
0.0166239
0.00296458
0.0147976
0.0015561
0.0140443
0.00147233
0.0133873
0.00146518
0.0127908
0.00156321
0.0123242
0.00178791
0.0119894
0.00206375
0.0118194
0.00220566
0.00218958
0.0143918
0.0204122
0.0139706
0.0180904
0.0131348
0.0147736
0.0120549
0.0112956
0.0109602
0.0081815
0.010004
0.00569702
0.00926028
0.00371462
0.00871861
0.00215656
0.00842393
0.000750118
0.00834191
-0.000630984
0.00846489
-0.0020518
0.0088385
-0.00365979
0.00945466
-0.00562835
0.010664
-0.008597
0.0121101
-0.011017
0.0122554
-0.00990476
0.0142214
-0.00763409
0.0158142
-0.0079051
0.0161475
-0.00430232
0.0165581
-0.00174314
0.0169405
0.000701398
0.0174668
0.00254749
0.0156205
0.00305842
0.0146055
0.00226243
0.0138891
0.00221809
0.0133276
0.00222565
0.0128436
0.00226518
0.0124311
0.002418
0.012232
0.00253073
0.00250384
0.0144653
0.0207117
0.0140214
0.0185365
0.0133099
0.0154857
0.0123568
0.0122544
0.0113621
0.00917646
0.0104577
0.00660307
0.00972462
0.00445411
0.0091677
0.00258376
0.00886629
0.000943878
0.00878309
-0.000656571
0.00890966
-0.00229019
0.0092946
-0.00409829
0.00996196
-0.00632991
0.010676
-0.00930022
0.0115323
-0.011494
0.0136099
-0.0116602
0.0142583
-0.0102877
0.0156321
-0.0099895
0.0171771
-0.00581122
0.0179035
-0.00245634
0.0182293
0.000286643
0.0180145
0.00262601
0.0170405
0.00443286
0.0152651
0.00353619
0.0144207
0.00307369
0.0138721
0.00286448
0.0134323
0.00280845
0.0129722
0.00273335
0.0126976
0.00285887
0.00280922
0.014626
0.0215867
0.0141016
0.0190629
0.0134625
0.0161281
0.0126366
0.0130872
0.0117438
0.0100648
0.0109014
0.00743618
0.010214
0.00510549
0.00968304
0.00304065
0.00941163
0.00114856
0.00937911
-0.000665166
0.00954003
-0.00246987
0.00987893
-0.0044136
0.0104455
-0.00678163
0.0110354
-0.00969822
0.0116013
-0.0119867
0.0132466
-0.013082
0.0136059
-0.0107372
0.0153887
-0.0123413
0.0175826
-0.00793852
0.0183253
-0.00314628
0.0181289
0.000520596
0.0174214
0.00315281
0.0176168
0.00477243
0.0157464
0.00481916
0.0149638
0.0040401
0.0144349
0.00362727
0.0139788
0.00330986
0.0134938
0.00317652
0.0131255
0.00313587
0.00308829
0.0149944
0.0230705
0.0142867
0.0197699
0.0136484
0.0167716
0.0129096
0.0138316
0.012115
0.0108486
0.0113395
0.00817332
0.0106981
0.00574275
0.0102284
0.00367124
0.00993339
0.00159892
0.00985898
-0.000410256
0.009964
-0.00237147
0.0102846
-0.00448631
0.0108178
-0.00706556
0.0114374
-0.0100061
0.0120231
-0.0125542
0.0129903
-0.0138825
0.0142107
-0.011475
0.014426
-0.0125921
0.0159918
-0.00966458
0.0178978
-0.00512903
0.0188337
-0.000515403
0.0187739
0.00312344
0.0181666
0.00535314
0.0161192
0.00674315
0.0154462
0.00496446
0.014934
0.00430854
0.0145275
0.00390259
0.0140362
0.00348726
0.0135714
0.00342546
0.0034107
0.015561
0.0272442
0.0145404
0.0207894
0.0138624
0.0174531
0.0132111
0.014487
0.0125063
0.0115322
0.0118003
0.00888285
0.0111356
0.00641752
0.0107138
0.00434096
0.0103183
0.00218196
0.0101067
2.0235e-05
0.0101079
-0.0021146
0.010359
-0.00446545
0.0108907
-0.00738367
0.0118887
-0.0107868
0.0125794
-0.0131879
0.0134149
-0.0146791
0.014259
-0.0130996
0.0147177
-0.0129666
0.0154578
-0.0102905
0.0162681
-0.00621569
0.0174433
-0.00173575
0.0184309
0.00202053
0.0189144
0.00491557
0.0183508
0.00755481
0.0157196
0.0079576
0.0153151
0.00529897
0.0149232
0.00436612
0.0144329
0.00398841
0.0139496
0.00373934
0.0036754
0.0158023
0.0304377
0.014948
0.0216438
0.0142151
0.0181885
0.0135819
0.0151195
0.0129444
0.0121597
0.0122756
0.00957202
0.0115744
0.00714379
0.0111513
0.00497317
0.0107086
0.00277703
0.0103928
0.000518297
0.010301
-0.00179013
0.0105732
-0.00451552
0.0113789
-0.00800927
0.0125588
-0.0119194
0.0132326
-0.0138882
0.0139398
-0.0152938
0.0145037
-0.0136312
0.0135779
-0.0124614
0.0137885
-0.0098389
0.0142896
-0.00702192
0.0158665
-0.0035271
0.0167484
0.00131731
0.0176421
0.00409906
0.019249
0.00605236
0.0176862
0.00929106
0.0157619
0.00788966
0.015361
0.00527151
0.0148492
0.00430719
0.0142865
0.00407583
0.00387023
0.0207874
0.0277544
0.015633
0.0267849
0.0148264
0.0189857
0.0141413
0.0157916
0.0134181
0.0128633
0.0127422
0.0102681
0.0120286
0.00788239
0.0115475
0.00560171
0.0110648
0.0033477
0.0106691
0.00100818
0.0105819
-0.00155088
0.0110121
-0.00479684
0.0124579
-0.00931759
0.0133168
-0.0128996
0.0141966
-0.0145985
0.0151087
-0.0159831
0.0158375
-0.0137288
0.0142951
-0.0107544
0.0127013
-0.00849364
0.0110613
-0.00623723
0.0125324
-0.00386019
0.0145572
-0.00116397
0.0160624
0.00272585
0.0173162
0.00470311
0.0185707
0.00628195
0.0181794
0.00758068
0.0168209
0.0075629
0.0166811
0.00550594
0.0146433
0.00467256
0.00425376
0.0211015
0.0246911
0.0192496
0.0286228
0.0161516
0.022064
0.0149435
0.0169654
0.0140156
0.0137385
0.0131539
0.0111389
0.0125079
0.00853713
0.0119302
0.00631108
0.011371
0.00398313
0.0109456
0.0014821
0.0107359
-0.00121466
0.0112493
-0.0051267
0.0133563
-0.011361
0.0148887
-0.0145079
0.0162929
-0.0159933
0.0173853
-0.0172339
0.015499
-0.0119872
0.0143535
-0.00963319
0.0138052
-0.00788402
0.0134825
-0.00603158
0.0130847
-0.00410489
0.0138374
-0.00205977
0.0159158
0.000751135
0.0164384
0.00391487
0.0169285
0.00558763
0.0177291
0.0072125
0.0177263
0.00860122
0.016496
0.0076649
0.0149273
0.00540318
0.00453966
0.0176634
0.024893
0.0212115
0.025056
0.0195999
0.0236531
0.0164956
0.0200362
0.0147737
0.0153866
0.0136064
0.0122928
0.0129182
0.00926654
0.0123981
0.00688722
0.011969
0.00441187
0.0116583
0.00181775
0.0110403
-0.000514449
0.0126941
-0.00668846
0.0152672
-0.0142856
0.0167688
-0.0163824
0.0197402
-0.0186583
0.016342
-0.0134391
0.0150576
-0.0107646
0.0144407
-0.00904537
0.0139295
-0.00739027
0.0137181
-0.00585886
0.0137288
-0.00429382
0.0141653
-0.00257933
0.015376
-0.000520316
0.0160618
0.00329401
0.0165155
0.00493105
0.0172302
0.00641977
0.0182849
0.00777735
0.0174119
0.00866037
0.0152892
0.00687226
0.00481289
0.0203018
0.0168431
0.0203352
0.0249837
0.0191212
0.0248276
0.0175632
0.0215725
0.0154949
0.0174113
0.0142109
0.013563
0.0133726
0.00993832
0.0129087
0.00715179
0.0124974
0.00447054
0.0113671
0.00226916
0.00870434
0.000701706
0.0163368
-0.0166395
0.0191387
-0.0190951
0.0196234
-0.0191322
0.0172573
-0.0154195
0.01594
-0.0120561
0.0151331
-0.0101761
0.0145601
-0.0084997
0.0140772
-0.00699919
0.0138346
-0.00572541
0.013749
-0.00432623
0.0137928
-0.00276822
0.0141093
-0.00094142
0.0157643
0.0015787
0.0159913
0.00450514
0.016522
0.00582301
0.0169916
0.0068592
0.0173642
0.00735224
0.0157674
0.00738639
0.00505793
0.0247838
0.0037027
0.019491
0.0302845
0.0200403
0.0242796
0.0187026
0.0228253
0.0163488
0.0195905
0.0148348
0.0147344
0.0135483
0.0110036
0.012934
0.00758626
0.0118552
0.00465715
0.00932965
0.00355927
0.0202287
-0.0108232
0.0195754
-0.0171117
0.0187689
-0.0184143
0.0183645
-0.0179417
0.0171103
-0.0134991
0.0162417
-0.0115055
0.0153234
-0.00959697
0.0147064
-0.00792035
0.014391
-0.00670194
0.0139937
-0.00537706
0.0137496
-0.00414307
0.0136751
-0.00281794
0.0139355
-0.0013092
0.0148693
0.000553084
0.0158395
0.0034052
0.0159948
0.00546235
0.0162039
0.00670658
0.0160806
0.00727212
0.0153622
0.00785345
0.00623156
0.0127429
0.00228894
0.018536
0.0246572
0.0199034
0.0228779
0.019091
0.0235974
0.0175869
0.0210223
0.0152317
0.0166476
0.0131141
0.0127881
0.0113964
0.00926338
0.0095591
0.00666427
0.0178826
-0.00458663
0.0215394
-0.0138336
0.0213964
-0.0172552
0.0199892
-0.0177267
0.0184092
-0.0160406
0.0177789
-0.0123686
0.0166763
-0.0105204
0.0155909
-0.00880179
0.0149256
-0.00730029
0.0145552
-0.00629501
0.0141311
-0.00497936
0.0138688
-0.00391452
0.0137477
-0.00275827
0.0138407
-0.00148737
0.0143399
-2.77955e-05
0.0156993
0.00189411
0.0159966
0.00487673
0.0159405
0.00652175
0.0156517
0.00722123
0.0154414
0.00793544
0.00653385
0.0114005
0.00223033
0.0187366
0.0179662
0.0182057
0.0234726
0.0186589
0.0231417
0.0175426
0.0220251
0.0150511
0.0189312
0.0129138
0.0147327
0.0114774
0.0107158
0.016588
0.00168559
0.0213602
-0.00878802
0.0217876
-0.0136908
0.0211232
-0.0162887
0.0210194
-0.0174183
0.0196117
-0.0149468
0.0183421
-0.0110356
0.0170054
-0.00941879
0.0158532
-0.00799165
0.0151643
-0.0065964
0.0146995
-0.00570861
0.0143044
-0.0045987
0.0139684
-0.00362451
0.0137033
-0.00258214
0.0136195
-0.00147645
0.0138159
-0.000273399
0.0143572
0.00124941
0.0157556
0.00325817
0.0158933
0.00603305
0.0158947
0.00684848
0.0155091
0.00714191
0.00560455
0.0110108
0.00265848
0.0209173
0.00847326
0.0186801
0.0250174
0.0182026
0.0234404
0.0176548
0.0224659
0.016351
0.0201201
0.0146608
0.0165145
0.0148545
0.0107803
0.0199681
-0.0029124
0.0217165
-0.0098887
0.023156
-0.0143015
0.024071
-0.016793
0.0253303
-0.0187237
0.0203601
-0.010325
0.0187855
-0.0094207
0.0173615
-0.00820397
0.0161546
-0.00708239
0.0153836
-0.00581229
0.0148733
-0.00502166
0.0144714
-0.00422005
0.0139546
-0.00317894
0.0135271
-0.0022677
0.0133323
-0.00134156
0.0134439
-0.000363612
0.0139726
0.000798878
0.0150147
0.00242313
0.0157972
0.00497963
0.0159398
0.00664988
0.0157903
0.00711013
0.0052562
0.013074
0.000775817
0.0172735
0.00380716
0.0192961
0.0219016
0.0186118
0.0240074
0.0183757
0.0226901
0.0175725
0.0209047
0.0153123
0.0190503
0.0198893
0.00668439
0.022427
-0.00481125
0.0249045
-0.0116672
0.0263654
-0.0152571
0.0319805
-0.0221794
0.0224437
-0.00902328
0.0206773
-0.00887122
0.0190715
-0.00793077
0.0176597
-0.00699717
0.0163901
-0.00606915
0.0155338
-0.00497894
0.0150314
-0.00426403
0.0144841
-0.00370007
0.0139669
-0.00274163
0.0135071
-0.00198819
0.0132886
-0.00121284
0.0133795
-0.000407545
0.0138011
0.000523316
0.0146339
0.00179556
0.0157023
0.00420058
0.0157276
0.00664506
0.0162239
0.00710223
0.00378738
0.0112527
0.000707294
0.0114464
0.00343284
0.02036
0.0122141
0.0189655
0.0253728
0.0188646
0.0227697
0.0191082
0.0207102
0.0223614
0.0157781
0.0244798
0.00470282
0.0259995
-0.00618824
0.0281011
-0.0138749
0.038332
-0.0254215
0.0243158
-0.00793017
0.0228207
-0.00747507
0.0209674
-0.00708649
0.019312
-0.00642314
0.0178866
-0.00572405
0.0165745
-0.00498697
0.015627
-0.00408637
0.0151417
-0.00347168
0.0145133
-0.00306254
0.0139888
-0.00225979
0.0135325
-0.00168167
0.0132615
-0.00105085
0.0131967
-0.000392529
0.0133263
0.000349743
0.0137237
0.00132402
0.0150469
0.00277891
0.0151771
0.00584924
0.0166436
0.00636861
0.00467308
0.0116709
0.000218443
0.013026
0.00197813
0.019438
0.00597622
0.0200787
0.0245905
0.0206284
0.0222318
0.0188449
0.0223951
0.0250451
0.00936277
0.0299224
-0.000307958
0.0323062
-0.00880733
0.044274
-0.0258146
0.0262196
-0.00697014
0.0248012
-0.00638124
0.0230237
-0.0057337
0.0212056
-0.00530445
0.0195174
-0.00493323
0.0180814
-0.00446619
0.0167329
-0.00385402
0.0156915
-0.00313621
0.0151949
-0.00265098
0.014535
-0.00235545
0.0139994
-0.00175126
0.013532
-0.00133664
0.0132393
-0.000848961
0.0131416
-0.000351357
0.0132462
0.000190872
0.0136577
0.00087221
0.0143968
0.00187165
0.0164516
0.0052269
0.0175163
0.00625307
0.00520816
0.0110892
0.000284125
0.0116051
0.00135078
0.0142046
0.00330916
0.0234302
0.0153605
0.0257812
0.0195409
0.029045
0.018629
0.0291175
0.00998646
0.0343804
-0.00514802
0.0493157
-0.0236075
0.0283232
-0.00479715
0.0268923
-0.00501725
0.0251756
-0.00445274
0.0233683
-0.00390136
0.0214525
-0.00362226
0.0197562
-0.00339461
0.0182994
-0.00308525
0.0169101
-0.00266115
0.0158121
-0.00214855
0.0153011
-0.00180636
0.0146205
-0.00159189
0.0140581
-0.0012244
0.0134388
-0.00081567
0.0131331
-0.000583869
0.0131455
-0.000352475
0.013419
-0.000107301
0.0138025
0.000267156
0.0143171
0.000896318
0.0171228
0.00231404
0.019461
0.00540232
0.00411071
0.0114469
5.09235e-06
0.012535
0.000155306
0.01389
0.00171609
0.0245204
0.00442429
0.0339948
0.00909903
0.0310587
0.0201588
0.0391356
0.0024785
0.054565
-0.0203536
0.0318726
-0.000580068
0.0295803
-0.00187639
0.0277235
-0.00234023
0.0258279
-0.00224893
0.0238225
-0.0020089
0.0218483
-0.00185797
0.020131
-0.00172455
0.0186135
-0.00156886
0.0171323
-0.00135962
0.0159779
-0.0010939
0.0154157
-0.000914798
0.0147107
-0.000807671
0.014067
-0.000630259
0.0135162
-0.000385974
0.0131935
-0.000302104
0.0130807
-0.000204583
0.0131606
-8.81288e-05
0.0134918
6.77915e-05
0.0140991
0.000327266
0.0151137
0.000841682
0.0185663
0.00100921
0.00263152
0.0112171
0.0113864
0.0131183
0.0177021
0.0266277
0.0472474
0.050461
0.0312419
0.0313957
0.0300923
0.0282284
0.0262643
0.0241765
0.0221359
0.0203751
0.0188233
0.0172928
0.0160979
0.0155033
0.0147772
0.014082
0.013564
0.0132249
0.0130473
0.0130461
0.0132193
0.0136154
0.0144755
0.0153056
)
;

boundaryField
{
    inlet
    {
        type            calculated;
        value           nonuniform List<scalar> 
60
(
-0.00279994
-0.00279994
-0.00279994
-0.00279994
-0.00279994
-0.00279994
-0.00279994
-0.00279994
-0.00279994
-0.00279994
-0.00279994
-0.00279994
-0.00279994
-0.00279994
-0.00279994
-0.00279994
-0.00279994
-0.00279994
-0.00279994
-0.00279994
-0.00279994
-0.00279994
-0.00279994
-0.00279994
-0.00279994
-0.00279994
-0.00279994
-0.00279994
-0.00279994
-0.00279994
-0.0111998
-0.0111998
-0.0111998
-0.0111998
-0.0111998
-0.0111998
-0.0111998
-0.0111998
-0.0111998
-0.0111998
-0.0111998
-0.0111998
-0.0111998
-0.0111998
-0.0111998
-0.0111998
-0.0111998
-0.0111998
-0.0111998
-0.0111998
-0.0111998
-0.0111998
-0.0111998
-0.0111998
-0.0111998
-0.0111998
-0.0111998
-0.0111998
-0.0111998
-0.0111998
)
;
    }
    outlet
    {
        type            calculated;
        value           nonuniform List<scalar> 
30
(
0.00553029
0.00668111
0.00756173
0.0084319
0.00919031
0.00989606
0.0104005
0.0108311
0.0112174
0.0117083
0.0121595
0.0126008
0.0129771
0.013363
0.0136459
0.0138835
0.0141321
0.0143686
0.0146275
0.014915
0.015301
0.0155303
0.015736
0.0160357
0.0164215
0.017302
0.0179637
0.0180717
0.0180967
0.0177271
)
;
    }
    top
    {
        type            symmetryPlane;
        value           uniform 0;
    }
    bottom
    {
        type            symmetryPlane;
        value           uniform 0;
    }
    step
    {
        type            calculated;
        value           uniform 0;
    }
    defaultFaces
    {
        type            empty;
        value           nonuniform 0();
    }
}


// ************************************************************************* //
