/*--------------------------------*- C++ -*----------------------------------*\
  =========                 |
  \\      /  F ield         | OpenFOAM: The Open Source CFD Toolbox
   \\    /   O peration     | Website:  https://openfoam.org
    \\  /    A nd           | Version:  6.0
     \\/     M anipulation  |
\*---------------------------------------------------------------------------*/
FoamFile
{
    version     2.0;
    format      ascii;
    class       volVectorField;
    location    "4";
    object      U;
}
// * * * * * * * * * * * * * * * * * * * * * * * * * * * * * * * * * * * * * //

dimensions      [0 1 -1 0 0 0 0];

internalField   nonuniform List<vector> 
2700
(
(3 -8.89508e-12 0)
(3 -5.44079e-11 0)
(3 -1.77814e-10 0)
(3 -4.69577e-10 0)
(3 -1.12804e-09 0)
(2.99999 -2.58829e-09 0)
(2.99998 -5.80532e-09 0)
(2.99996 -1.28766e-08 0)
(2.99991 -2.84125e-08 0)
(2.9998 -6.25557e-08 0)
(2.99956 -1.37647e-07 0)
(2.99904 -3.02985e-07 0)
(2.99792 -6.67645e-07 0)
(2.99547 -1.47412e-06 0)
(2.99011 -3.26631e-06 0)
(2.97828 -7.28561e-06 0)
(2.95175 -1.64694e-05 0)
(2.89008 -3.82805e-05 0)
(2.73609 -9.44595e-05 0)
(2.29801 -0.000277051 0)
(-0.191932 -0.00119035 0)
(-1.97665 0.00146474 0)
(-1.16675 0.0042817 0)
(-0.426837 0.00770716 0)
(0.0427624 0.0120415 0)
(0.282753 0.0196578 0)
(0.339625 0.0223493 0)
(0.223156 0.0197373 0)
(0.0355456 0.0155938 0)
(-0.0214159 0.0149697 0)
(3 -2.63807e-11 0)
(3 -1.61351e-10 0)
(3 -5.27243e-10 0)
(3 -1.39198e-09 0)
(3 -3.34249e-09 0)
(2.99999 -7.66494e-09 0)
(2.99998 -1.7179e-08 0)
(2.99996 -3.8069e-08 0)
(2.99991 -8.39058e-08 0)
(2.9998 -1.84488e-07 0)
(2.99956 -4.053e-07 0)
(2.99904 -8.90441e-07 0)
(2.99792 -1.95766e-06 0)
(2.99547 -4.31032e-06 0)
(2.9901 -9.51733e-06 0)
(2.97827 -2.11319e-05 0)
(2.95174 -4.7467e-05 0)
(2.89005 -0.000109249 0)
(2.73601 -0.000264761 0)
(2.29762 -0.000758151 0)
(-0.191998 -0.00351741 0)
(-1.97605 0.00455068 0)
(-1.16235 0.0128397 0)
(-0.417218 0.0224992 0)
(0.0568423 0.0337387 0)
(0.296199 0.050083 0)
(0.345791 0.0506842 0)
(0.23397 0.0423655 0)
(0.0555682 0.031504 0)
(-0.00903777 0.0280561 0)
(3 -4.30664e-11 0)
(3 -2.63382e-10 0)
(3 -8.60475e-10 0)
(3 -2.27092e-09 0)
(3 -5.44992e-09 0)
(2.99999 -1.24878e-08 0)
(2.99998 -2.79602e-08 0)
(2.99996 -6.18844e-08 0)
(2.99991 -1.36198e-07 0)
(2.9998 -2.98961e-07 0)
(2.99956 -6.55512e-07 0)
(2.99904 -1.43693e-06 0)
(2.99792 -3.15093e-06 0)
(2.99547 -6.91653e-06 0)
(2.9901 -1.52164e-05 0)
(2.97826 -3.36331e-05 0)
(2.95172 -7.50978e-05 0)
(2.89001 -0.000171333 0)
(2.73587 -0.000408893 0)
(2.29688 -0.00115068 0)
(-0.190991 -0.00574953 0)
(-1.97319 0.00801521 0)
(-1.15621 0.0221357 0)
(-0.406107 0.0385708 0)
(0.0719081 0.0573097 0)
(0.308692 0.0814354 0)
(0.350202 0.08119 0)
(0.240002 0.0702871 0)
(0.0723478 0.0545671 0)
(0.00329658 0.0480601 0)
(3 -5.86769e-11 0)
(3 -3.58826e-10 0)
(3 -1.17208e-09 0)
(3 -3.09225e-09 0)
(3 -7.41718e-09 0)
(2.99999 -1.69836e-08 0)
(2.99998 -3.79921e-08 0)
(2.99996 -8.39984e-08 0)
(2.99991 -1.84641e-07 0)
(2.9998 -4.04733e-07 0)
(2.99956 -8.86062e-07 0)
(2.99904 -1.939e-06 0)
(2.99792 -4.2439e-06 0)
(2.99546 -9.29629e-06 0)
(2.9901 -2.04042e-05 0)
(2.97825 -4.4979e-05 0)
(2.95169 -0.000100108 0)
(2.88994 -0.000227421 0)
(2.73568 -0.000539146 0)
(2.29581 -0.00151106 0)
(-0.189242 -0.00787069 0)
(-1.96837 0.0117636 0)
(-1.14853 0.0317558 0)
(-0.393809 0.0548042 0)
(0.0874904 0.0805779 0)
(0.320276 0.110462 0)
(0.353305 0.110054 0)
(0.243193 0.0988381 0)
(0.0843796 0.0803207 0)
(0.0147896 0.0713121 0)
(3 -7.31086e-11 0)
(3 -4.47055e-10 0)
(3 -1.46007e-09 0)
(3 -3.85105e-09 0)
(3 -9.23359e-09 0)
(2.99999 -2.11313e-08 0)
(2.99998 -4.72386e-08 0)
(2.99996 -1.04359e-07 0)
(2.99991 -2.29189e-07 0)
(2.9998 -5.01883e-07 0)
(2.99956 -1.09756e-06 0)
(2.99904 -2.39905e-06 0)
(2.99792 -5.24428e-06 0)
(2.99546 -1.14723e-05 0)
(2.99009 -2.5144e-05 0)
(2.97824 -5.53393e-05 0)
(2.95166 -0.00012294 0)
(2.88986 -0.000278636 0)
(2.73544 -0.000658199 0)
(2.29442 -0.00184289 0)
(-0.186706 -0.00986818 0)
(-1.9616 0.0157951 0)
(-1.1393 0.0417041 0)
(-0.380457 0.0711585 0)
(0.10339 0.103325 0)
(0.331031 0.137591 0)
(0.355469 0.137174 0)
(0.245088 0.126768 0)
(0.0926654 0.107713 0)
(0.0245075 0.0962509 0)
(3 -8.63446e-11 0)
(3 -5.27971e-10 0)
(3 -1.72417e-09 0)
(3 -4.54683e-09 0)
(3 -1.08989e-08 0)
(2.99999 -2.49332e-08 0)
(2.99998 -5.57125e-08 0)
(2.99996 -1.23014e-07 0)
(2.99991 -2.69998e-07 0)
(2.9998 -5.90869e-07 0)
(2.99956 -1.29128e-06 0)
(2.99904 -2.82045e-06 0)
(2.99792 -6.16083e-06 0)
(2.99546 -1.34669e-05 0)
(2.99008 -2.94912e-05 0)
(2.97822 -6.48499e-05 0)
(2.95162 -0.000143926 0)
(2.88976 -0.0003258 0)
(2.73515 -0.000768156 0)
(2.29272 -0.00215154 0)
(-0.18335 -0.0117386 0)
(-1.95289 0.020117 0)
(-1.12851 0.0519952 0)
(-0.366079 0.0877004 0)
(0.119457 0.12576 0)
(0.340974 0.163565 0)
(0.356793 0.163377 0)
(0.246081 0.153951 0)
(0.0985719 0.135717 0)
(0.032524 0.12244 0)
(3 -9.83879e-11 0)
(3 -6.01596e-10 0)
(3 -1.96449e-09 0)
(3 -5.18e-09 0)
(3 -1.24146e-08 0)
(2.99999 -2.83943e-08 0)
(2.99998 -6.34285e-08 0)
(2.99996 -1.40006e-07 0)
(2.99991 -3.07185e-07 0)
(2.9998 -6.71993e-07 0)
(2.99956 -1.46798e-06 0)
(2.99904 -3.20506e-06 0)
(2.99791 -6.99791e-06 0)
(2.99545 -1.52897e-05 0)
(2.99007 -3.34675e-05 0)
(2.9782 -7.3556e-05 0)
(2.95157 -0.000163154 0)
(2.88965 -0.00036905 0)
(2.73483 -0.000869062 0)
(2.29075 -0.00243573 0)
(-0.179164 -0.0134805 0)
(-1.94224 0.0247143 0)
(-1.11632 0.0626649 0)
(-0.350636 0.1044 0)
(0.135679 0.14795 0)
(0.350225 0.188709 0)
(0.357425 0.189097 0)
(0.246536 0.18089 0)
(0.102752 0.163976 0)
(0.0390112 0.149859 0)
(3 -1.09225e-10 0)
(3 -6.67852e-10 0)
(3 -2.18077e-09 0)
(3 -5.75e-09 0)
(3 -1.37795e-08 0)
(2.99999 -3.15127e-08 0)
(2.99998 -7.03854e-08 0)
(2.99996 -1.55338e-07 0)
(2.99991 -3.40768e-07 0)
(2.9998 -7.45326e-07 0)
(2.99956 -1.62788e-06 0)
(2.99904 -3.55349e-06 0)
(2.99791 -7.75719e-06 0)
(2.99545 -1.69454e-05 0)
(2.99006 -3.7084e-05 0)
(2.97818 -8.14869e-05 0)
(2.95152 -0.0001807 0)
(2.88953 -0.0004086 0)
(2.73446 -0.000961595 0)
(2.28851 -0.00269764 0)
(-0.174044 -0.0150843 0)
(-1.9296 0.0296044 0)
(-1.10245 0.0736842 0)
(-0.33444 0.12129 0)
(0.152025 0.169955 0)
(0.358885 0.21312 0)
(0.357544 0.214616 0)
(0.246508 0.207801 0)
(0.105872 0.19255 0)
(0.0444017 0.178343 0)
(3 -1.18807e-10 0)
(3 -7.26439e-10 0)
(3 -2.37206e-09 0)
(3 -6.25429e-09 0)
(3 -1.49878e-08 0)
(2.99999 -3.42753e-08 0)
(2.99998 -7.65539e-08 0)
(2.99996 -1.68948e-07 0)
(2.99991 -3.70613e-07 0)
(2.9998 -8.1058e-07 0)
(2.99956 -1.77035e-06 0)
(2.99904 -3.86439e-06 0)
(2.99791 -8.43565e-06 0)
(2.99544 -1.8427e-05 0)
(2.99005 -4.03253e-05 0)
(2.97815 -8.86061e-05 0)
(2.95146 -0.000196477 0)
(2.88939 -0.000444225 0)
(2.73406 -0.00104511 0)
(2.28603 -0.00293503 0)
(-0.16803 -0.0165419 0)
(-1.915 0.0347828 0)
(-1.08731 0.0850888 0)
(-0.317015 0.138291 0)
(0.168282 0.191864 0)
(0.367016 0.236877 0)
(0.357328 0.240153 0)
(0.24623 0.23483 0)
(0.108042 0.221429 0)
(0.0488577 0.207751 0)
(3 -1.27044e-10 0)
(3 -7.76803e-10 0)
(3 -2.53654e-09 0)
(3 -6.68812e-09 0)
(3 -1.6028e-08 0)
(2.99999 -3.66559e-08 0)
(2.99998 -8.1876e-08 0)
(2.99996 -1.80706e-07 0)
(2.99991 -3.96438e-07 0)
(2.9998 -8.67136e-07 0)
(2.99956 -1.89404e-06 0)
(2.99904 -4.13476e-06 0)
(2.99791 -9.02666e-06 0)
(2.99544 -1.97198e-05 0)
(2.99004 -4.31582e-05 0)
(2.97812 -9.48381e-05 0)
(2.9514 -0.000210307 0)
(2.88924 -0.000475495 0)
(2.73363 -0.00111846 0)
(2.28333 -0.00314429 0)
(-0.160996 -0.0178397 0)
(-1.89836 0.0402588 0)
(-1.07051 0.0969083 0)
(-0.299001 0.155432 0)
(0.184766 0.213712 0)
(0.374774 0.259946 0)
(0.356974 0.26609 0)
(0.245676 0.261904 0)
(0.109864 0.250653 0)
(0.0526916 0.23792 0)
(3 -1.33802e-10 0)
(3 -8.18131e-10 0)
(3 -2.67156e-09 0)
(3 -7.04446e-09 0)
(3 -1.68833e-08 0)
(2.99999 -3.86162e-08 0)
(2.99998 -8.62663e-08 0)
(2.99996 -1.90425e-07 0)
(2.99991 -4.17833e-07 0)
(2.9998 -9.14104e-07 0)
(2.99956 -1.99702e-06 0)
(2.99904 -4.36046e-06 0)
(2.9979 -9.52142e-06 0)
(2.99543 -2.08052e-05 0)
(2.99002 -4.5544e-05 0)
(2.9781 -0.000100104 0)
(2.95133 -0.000222038 0)
(2.88909 -0.000502138 0)
(2.73317 -0.00118134 0)
(2.28044 -0.00332562 0)
(-0.152944 -0.0189563 0)
(-1.87971 0.0460664 0)
(-1.05233 0.10911 0)
(-0.279832 0.17268 0)
(0.200843 0.235677 0)
(0.382345 0.282122 0)
(0.356689 0.2929 0)
(0.244781 0.288578 0)
(0.111549 0.280488 0)
(0.0560358 0.268829 0)
(3 -1.38906e-10 0)
(3 -8.49353e-10 0)
(3 -2.77361e-09 0)
(3 -7.31409e-09 0)
(3 -1.75315e-08 0)
(2.99999 -4.01052e-08 0)
(2.99998 -8.96099e-08 0)
(2.99996 -1.9785e-07 0)
(2.99991 -4.34231e-07 0)
(2.9998 -9.50224e-07 0)
(2.99956 -2.07649e-06 0)
(2.99904 -4.53522e-06 0)
(2.9979 -9.90575e-06 0)
(2.99543 -2.1651e-05 0)
(2.99001 -4.74084e-05 0)
(2.97806 -0.00010423 0)
(2.95127 -0.000231249 0)
(2.88892 -0.000523087 0)
(2.73268 -0.00123074 0)
(2.27738 -0.00346933 0)
(-0.143828 -0.0198762 0)
(-1.85901 0.0521962 0)
(-1.03281 0.121807 0)
(-0.259779 0.189903 0)
(0.216965 0.257913 0)
(0.38988 0.303869 0)
(0.356486 0.319995 0)
(0.243882 0.314608 0)
(0.113797 0.311408 0)
(0.0590254 0.300468 0)
(3 -1.42148e-10 0)
(3 -8.69187e-10 0)
(3 -2.83852e-09 0)
(3 -7.48599e-09 0)
(3 -1.79463e-08 0)
(2.99999 -4.10627e-08 0)
(2.99998 -9.17729e-08 0)
(2.99996 -2.02686e-07 0)
(2.99991 -4.44987e-07 0)
(2.9998 -9.74093e-07 0)
(2.99956 -2.12939e-06 0)
(2.99903 -4.65243e-06 0)
(2.9979 -1.01654e-05 0)
(2.99542 -2.22263e-05 0)
(2.99 -4.86853e-05 0)
(2.97803 -0.000107074 0)
(2.95119 -0.000237636 0)
(2.88875 -0.000537698 0)
(2.73218 -0.00126534 0)
(2.27419 -0.00357229 0)
(-0.133539 -0.0205672 0)
(-1.83621 0.0586971 0)
(-1.01162 0.134893 0)
(-0.23936 0.207545 0)
(0.233394 0.280016 0)
(0.39738 0.325928 0)
(0.356317 0.346475 0)
(0.243106 0.34076 0)
(0.116074 0.343175 0)
(0.0614604 0.332825 0)
(3 -1.43283e-10 0)
(3 -8.76147e-10 0)
(3 -2.86143e-09 0)
(3 -7.54739e-09 0)
(3 -1.80972e-08 0)
(2.99999 -4.1419e-08 0)
(2.99998 -9.26004e-08 0)
(2.99996 -2.04592e-07 0)
(2.99991 -4.49362e-07 0)
(2.9998 -9.84108e-07 0)
(2.99956 -2.15228e-06 0)
(2.99903 -4.70463e-06 0)
(2.9979 -1.02843e-05 0)
(2.99541 -2.2497e-05 0)
(2.98998 -4.93017e-05 0)
(2.978 -0.000108481 0)
(2.95112 -0.000240873 0)
(2.88858 -0.000545276 0)
(2.73167 -0.00128367 0)
(2.27091 -0.00363079 0)
(-0.122061 -0.0209943 0)
(-1.81133 0.0656217 0)
(-0.989005 0.148237 0)
(-0.218173 0.225847 0)
(0.249666 0.30187 0)
(0.40479 0.348425 0)
(0.356242 0.372367 0)
(0.242666 0.367726 0)
(0.118729 0.375258 0)
(0.0634371 0.365815 0)
(3 -1.4203e-10 0)
(3 -8.68514e-10 0)
(3 -2.83675e-09 0)
(3 -7.48351e-09 0)
(3 -1.79487e-08 0)
(2.99999 -4.10936e-08 0)
(2.99998 -9.19125e-08 0)
(2.99996 -2.03173e-07 0)
(2.99991 -4.46486e-07 0)
(2.9998 -9.78368e-07 0)
(2.99955 -2.14098e-06 0)
(2.99903 -4.68275e-06 0)
(2.99789 -1.02427e-05 0)
(2.99541 -2.24194e-05 0)
(2.98997 -4.91611e-05 0)
(2.97797 -0.000108236 0)
(2.95105 -0.00024047 0)
(2.88841 -0.000544675 0)
(2.73115 -0.00128284 0)
(2.26758 -0.00363648 0)
(-0.109295 -0.0211344 0)
(-1.78437 0.0729912 0)
(-0.964875 0.161888 0)
(-0.196389 0.244645 0)
(0.265758 0.323799 0)
(0.412066 0.371173 0)
(0.356392 0.397974 0)
(0.242646 0.395588 0)
(0.121692 0.407605 0)
(0.0650405 0.399494 0)
(3 -1.38073e-10 0)
(3 -8.44351e-10 0)
(3 -2.75813e-09 0)
(3 -7.27769e-09 0)
(3 -1.74609e-08 0)
(2.99999 -3.99952e-08 0)
(2.99998 -8.9506e-08 0)
(2.99996 -1.97981e-07 0)
(2.99991 -4.35381e-07 0)
(2.9998 -9.54739e-07 0)
(2.99955 -2.09087e-06 0)
(2.99903 -4.57668e-06 0)
(2.99789 -1.00185e-05 0)
(2.9954 -2.19458e-05 0)
(2.98995 -4.81599e-05 0)
(2.97794 -0.000106113 0)
(2.95098 -0.000235935 0)
(2.88823 -0.000534805 0)
(2.73063 -0.00126039 0)
(2.26424 -0.00358345 0)
(-0.0951737 -0.020966 0)
(-1.7553 0.0808334 0)
(-0.939322 0.17589 0)
(-0.17379 0.263835 0)
(0.28163 0.345858 0)
(0.419102 0.394142 0)
(0.356878 0.423515 0)
(0.243259 0.424223 0)
(0.125113 0.440333 0)
(0.0664348 0.43396 0)
(3 -1.31059e-10 0)
(3 -8.01496e-10 0)
(3 -2.61853e-09 0)
(3 -6.91135e-09 0)
(3 -1.65894e-08 0)
(2.99999 -3.80222e-08 0)
(2.99998 -8.5154e-08 0)
(2.99996 -1.88515e-07 0)
(2.99991 -4.1495e-07 0)
(2.99979 -9.10826e-07 0)
(2.99955 -1.9967e-06 0)
(2.99903 -4.37501e-06 0)
(2.99789 -9.58676e-06 0)
(2.99539 -2.10215e-05 0)
(2.98994 -4.6178e-05 0)
(2.97791 -0.000101847 0)
(2.95091 -0.000226672 0)
(2.88806 -0.000514294 0)
(2.73012 -0.00121296 0)
(2.26095 -0.00346278 0)
(-0.079626 -0.0204711 0)
(-1.7241 0.0891597 0)
(-0.912418 0.190345 0)
(-0.150427 0.283306 0)
(0.297353 0.368003 0)
(0.425953 0.417284 0)
(0.357797 0.449134 0)
(0.244518 0.453589 0)
(0.128997 0.473641 0)
(0.0677073 0.469394 0)
(3 -1.20599e-10 0)
(3 -7.37583e-10 0)
(3 -2.41022e-09 0)
(3 -6.36411e-09 0)
(3 -1.52855e-08 0)
(2.99999 -3.50633e-08 0)
(2.99998 -7.86087e-08 0)
(2.99996 -1.74231e-07 0)
(2.99991 -3.84001e-07 0)
(2.99979 -8.44028e-07 0)
(2.99955 -1.85283e-06 0)
(2.99903 -4.06543e-06 0)
(2.99788 -8.92082e-06 0)
(2.99539 -1.95883e-05 0)
(2.98993 -4.30886e-05 0)
(2.97788 -9.51612e-05 0)
(2.95084 -0.000212071 0)
(2.8879 -0.000481774 0)
(2.72964 -0.00113737 0)
(2.25775 -0.00326644 0)
(-0.0625591 -0.0196264 0)
(-1.69073 0.0979984 0)
(-0.884095 0.205307 0)
(-0.126443 0.303053 0)
(0.312924 0.390208 0)
(0.432632 0.440576 0)
(0.359269 0.474895 0)
(0.246669 0.483685 0)
(0.133478 0.507669 0)
(0.0690144 0.505987 0)
(3 -1.06272e-10 0)
(3 -6.50032e-10 0)
(3 -2.12479e-09 0)
(3 -5.61382e-09 0)
(3 -1.3496e-08 0)
(2.99999 -3.09975e-08 0)
(2.99998 -6.96004e-08 0)
(2.99996 -1.54534e-07 0)
(2.99991 -3.41236e-07 0)
(2.99979 -7.51521e-07 0)
(2.99955 -1.6531e-06 0)
(2.99903 -3.6346e-06 0)
(2.99788 -7.99167e-06 0)
(2.99538 -1.75834e-05 0)
(2.98992 -3.87552e-05 0)
(2.97785 -8.57571e-05 0)
(2.95078 -0.000191477 0)
(2.88775 -0.000435778 0)
(2.72918 -0.00103019 0)
(2.2547 -0.00298573 0)
(-0.0439019 -0.0184052 0)
(-1.65517 0.107384 0)
(-0.854448 0.220794 0)
(-0.101826 0.323115 0)
(0.328435 0.412379 0)
(0.439223 0.463977 0)
(0.361413 0.500869 0)
(0.249734 0.51457 0)
(0.138644 0.542597 0)
(0.0704521 0.544014 0)
(3 -8.76218e-11 0)
(3 -5.36055e-10 0)
(3 -1.75312e-09 0)
(3 -4.63646e-09 0)
(3 -1.11636e-08 0)
(2.99999 -2.56934e-08 0)
(2.99998 -5.78362e-08 0)
(2.99996 -1.28781e-07 0)
(2.99991 -2.85244e-07 0)
(2.99979 -6.30223e-07 0)
(2.99955 -1.39081e-06 0)
(2.99903 -3.06793e-06 0)
(2.99788 -6.76758e-06 0)
(2.99538 -1.49378e-05 0)
(2.9899 -3.30273e-05 0)
(2.97783 -7.33051e-05 0)
(2.95072 -0.000164161 0)
(2.88762 -0.000374653 0)
(2.72877 -0.00088751 0)
(2.25186 -0.00261032 0)
(-0.0235568 -0.0167786 0)
(-1.61737 0.117355 0)
(-0.823409 0.236838 0)
(-0.0767426 0.343472 0)
(0.343784 0.434442 0)
(0.445814 0.487452 0)
(0.364392 0.527092 0)
(0.254 0.546326 0)
(0.144658 0.578588 0)
(0.0722167 0.583792 0)
(3 -6.41604e-11 0)
(3 -3.92662e-10 0)
(3 -1.28546e-09 0)
(3 -3.40628e-09 0)
(3 -8.22637e-09 0)
(2.99999 -1.90098e-08 0)
(2.99998 -4.30003e-08 0)
(2.99996 -9.62729e-08 0)
(2.99991 -2.14495e-07 0)
(2.99979 -4.76792e-07 0)
(2.99955 -1.05868e-06 0)
(2.99902 -2.34955e-06 0)
(2.99788 -5.21409e-06 0)
(2.99537 -1.15766e-05 0)
(2.9899 -2.57425e-05 0)
(2.97781 -5.74532e-05 0)
(2.95068 -0.000129352 0)
(2.88751 -0.000296697 0)
(2.72842 -0.000705414 0)
(2.2493 -0.00213037 0)
(-0.00142652 -0.0147139 0)
(-1.57731 0.127965 0)
(-0.79105 0.253479 0)
(-0.0510658 0.364063 0)
(0.359078 0.456261 0)
(0.452512 0.510944 0)
(0.368378 0.553592 0)
(0.259534 0.579087 0)
(0.151694 0.615854 0)
(0.0744493 0.625777 0)
(3 -3.53754e-11 0)
(3 -2.16724e-10 0)
(3 -7.11564e-10 0)
(3 -1.89623e-09 0)
(3 -4.61932e-09 0)
(2.99999 -1.0797e-08 0)
(2.99998 -2.47565e-08 0)
(2.99996 -5.62635e-08 0)
(2.99991 -1.27339e-07 0)
(2.99979 -2.87592e-07 0)
(2.99955 -6.48695e-07 0)
(2.99902 -1.46191e-06 0)
(2.99788 -3.2927e-06 0)
(2.99537 -7.41566e-06 0)
(2.98989 -1.67174e-05 0)
(2.97779 -3.78018e-05 0)
(2.95064 -8.61821e-05 0)
(2.88743 -0.000199994 0)
(2.72815 -0.000479564 0)
(2.24708 -0.00153502 0)
(0.0226011 -0.0121787 0)
(-1.53492 0.139259 0)
(-0.757424 0.270777 0)
(-0.0250783 0.384817 0)
(0.374286 0.477663 0)
(0.459489 0.534363 0)
(0.373611 0.580369 0)
(0.266682 0.613043 0)
(0.160001 0.654596 0)
(0.0774521 0.67052 0)
(3 -7.56765e-13 0)
(3 -5.11526e-12 0)
(3 -2.12022e-11 0)
(3 -7.91871e-11 0)
(3 -2.76945e-10 0)
(2.99999 -9.03742e-10 0)
(2.99998 -2.76217e-09 0)
(2.99996 -7.98357e-09 0)
(2.99991 -2.20526e-08 0)
(2.99979 -5.87587e-08 0)
(2.99955 -1.52166e-07 0)
(2.99902 -3.85294e-07 0)
(2.99788 -9.5846e-07 0)
(2.99537 -2.35176e-06 0)
(2.98989 -5.71398e-06 0)
(2.97778 -1.38046e-05 0)
(2.95062 -3.34252e-05 0)
(2.88737 -8.19954e-05 0)
(2.72796 -0.000205893 0)
(2.24527 -0.00082083 0)
(0.0486858 -0.00913199 0)
(-1.49016 0.151327 0)
(-0.722393 0.28877 0)
(0.00135587 0.405623 0)
(0.389466 0.498415 0)
(0.466914 0.557597 0)
(0.380369 0.607425 0)
(0.275606 0.648549 0)
(0.16988 0.695116 0)
(0.0814752 0.71876 0)
(3 4.01585e-11 0)
(3 2.44996e-10 0)
(3 7.94884e-10 0)
(3 2.06929e-09 0)
(3 4.85937e-09 0)
(2.99999 1.0804e-08 0)
(2.99998 2.3281e-08 0)
(2.99996 4.9221e-08 0)
(2.99991 1.02781e-07 0)
(2.99979 2.12745e-07 0)
(2.99955 4.37352e-07 0)
(2.99902 8.93808e-07 0)
(2.99788 1.81664e-06 0)
(2.99537 3.67245e-06 0)
(2.98989 7.38374e-06 0)
(2.97778 1.47687e-05 0)
(2.95062 2.936e-05 0)
(2.88736 5.80534e-05 0)
(2.72788 0.000116164 0)
(2.24397 8.01614e-06 0)
(0.077022 -0.0055151 0)
(-1.44293 0.16427 0)
(-0.686244 0.30751 0)
(0.0280148 0.426291 0)
(0.404709 0.518217 0)
(0.475063 0.580452 0)
(0.389075 0.634596 0)
(0.286765 0.685906 0)
(0.181789 0.737949 0)
(0.0870345 0.77147 0)
(3 8.77772e-11 0)
(3 5.36103e-10 0)
(3 1.74488e-09 0)
(3 4.57098e-09 0)
(3 1.08425e-08 0)
(2.99999 2.44488e-08 0)
(2.99998 5.36496e-08 0)
(2.99996 1.1596e-07 0)
(2.99991 2.48476e-07 0)
(2.99979 5.29668e-07 0)
(2.99955 1.12536e-06 0)
(2.99902 2.38565e-06 0)
(2.99788 5.04947e-06 0)
(2.99537 1.06774e-05 0)
(2.98989 2.25744e-05 0)
(2.97779 4.77972e-05 0)
(2.95063 0.000101643 0)
(2.8874 0.000218543 0)
(2.72793 0.000483096 0)
(2.24327 0.000941474 0)
(0.107791 -0.00131734 0)
(-1.39321 0.178232 0)
(-0.648582 0.327028 0)
(0.0548905 0.446516 0)
(0.420012 0.536699 0)
(0.484172 0.602701 0)
(0.400194 0.661682 0)
(0.300581 0.724996 0)
(0.196356 0.784243 0)
(0.0945745 0.830181 0)
(3 1.42395e-10 0)
(3 8.70048e-10 0)
(3 2.83509e-09 0)
(3 7.44393e-09 0)
(3 1.77208e-08 0)
(2.99999 4.01572e-08 0)
(2.99998 8.86709e-08 0)
(2.99996 1.93072e-07 0)
(2.99991 4.17158e-07 0)
(2.99979 8.97346e-07 0)
(2.99955 1.92513e-06 0)
(2.99903 4.12299e-06 0)
(2.99788 8.82014e-06 0)
(2.99538 1.88577e-05 0)
(2.9899 4.03292e-05 0)
(2.97781 8.64203e-05 0)
(2.95067 0.000186197 0)
(2.88749 0.000406413 0)
(2.7281 0.000913511 0)
(2.24321 0.00203857 0)
(0.140871 0.00362831 0)
(-1.34148 0.193454 0)
(-0.61003 0.34728 0)
(0.0819154 0.465856 0)
(0.435617 0.553456 0)
(0.494591 0.624055 0)
(0.4142 0.68933 0)
(0.317762 0.764794 0)
(0.214511 0.83574 0)
(0.104737 0.89694 0)
(3 2.03809e-10 0)
(3 1.24565e-09 0)
(3 4.06212e-09 0)
(3 1.06813e-08 0)
(3 2.54859e-08 0)
(2.99999 5.79357e-08 0)
(2.99998 1.28433e-07 0)
(2.99996 2.80954e-07 0)
(2.99991 6.10228e-07 0)
(2.99979 1.32021e-06 0)
(2.99955 2.84983e-06 0)
(2.99903 6.14342e-06 0)
(2.99788 1.32333e-05 0)
(2.99538 2.84993e-05 0)
(2.98991 6.142e-05 0)
(2.97784 0.000132709 0)
(2.95074 0.000288594 0)
(2.88764 0.000636941 0)
(2.72844 0.00145216 0)
(2.24392 0.00345178 0)
(0.175975 0.00959233 0)
(-1.28798 0.210148 0)
(-0.570312 0.368092 0)
(0.108793 0.483614 0)
(0.451497 0.568056 0)
(0.506942 0.643608 0)
(0.431326 0.717937 0)
(0.33949 0.805459 0)
(0.237669 0.894031 0)
(0.118017 0.974608 0)
(3 2.70735e-10 0)
(3 1.65509e-09 0)
(3 5.4007e-09 0)
(3 1.42178e-08 0)
(3 3.39861e-08 0)
(2.99999 7.74517e-08 0)
(2.99998 1.72235e-07 0)
(2.99996 3.78168e-07 0)
(2.99991 8.24823e-07 0)
(2.99979 1.79273e-06 0)
(2.99955 3.88918e-06 0)
(2.99903 8.42888e-06 0)
(2.99789 1.82599e-05 0)
(2.99539 3.95639e-05 0)
(2.98993 8.58196e-05 0)
(2.97788 0.000186731 0)
(2.95084 0.000409261 0)
(2.88787 0.000911632 0)
(2.72901 0.00210299 0)
(2.24567 0.00518974 0)
(0.21478 0.0167555 0)
(-1.23247 0.22911 0)
(-0.529002 0.388894 0)
(0.135891 0.498897 0)
(0.467889 0.580232 0)
(0.521933 0.661245 0)
(0.452189 0.747823 0)
(0.366566 0.849282 0)
(0.2672 0.959315 0)
(0.135479 1.06735 0)
(3 3.40377e-10 0)
(3 2.08108e-09 0)
(3 6.79319e-09 0)
(3 1.78974e-08 0)
(3 4.28366e-08 0)
(2.99999 9.78005e-08 0)
(2.99998 2.18001e-07 0)
(2.99996 4.8002e-07 0)
(2.99991 1.05041e-06 0)
(2.9998 2.29143e-06 0)
(2.99955 4.99114e-06 0)
(2.99903 1.08647e-05 0)
(2.99789 2.36493e-05 0)
(2.9954 5.15073e-05 0)
(2.98996 0.000112362 0)
(2.97795 0.000246023 0)
(2.95098 0.000543093 0)
(2.8882 0.00122024 0)
(2.72984 0.00284702 0)
(2.24862 0.00721156 0)
(0.257501 0.0247988 0)
(-1.17458 0.251412 0)
(-0.485335 0.408019 0)
(0.163074 0.510458 0)
(0.485002 0.589911 0)
(0.540297 0.678435 0)
(0.477673 0.780364 0)
(0.399586 0.898013 0)
(0.305577 1.03218 0)
(0.159148 1.18409 0)
(3 4.10667e-10 0)
(3 2.51134e-09 0)
(3 8.2015e-09 0)
(3 2.16254e-08 0)
(3 5.18215e-08 0)
(2.99999 1.18502e-07 0)
(2.99998 2.64662e-07 0)
(2.99996 5.84099e-07 0)
(2.99991 1.28148e-06 0)
(2.9998 2.80357e-06 0)
(2.99956 6.12604e-06 0)
(2.99903 1.33815e-05 0)
(2.9979 2.92385e-05 0)
(2.99542 6.39478e-05 0)
(2.99 0.000140158 0)
(2.97803 0.000308562 0)
(2.95117 0.000685743 0)
(2.88864 0.0015551 0)
(2.731 0.00368342 0)
(2.25295 0.00961023 0)
(0.306247 0.033805 0)
(-1.11482 0.279205 0)
(-0.43496 0.423959 0)
(0.191406 0.517328 0)
(0.503946 0.596086 0)
(0.563115 0.69427 0)
(0.508732 0.812448 0)
(0.439707 0.945833 0)
(0.357618 1.10546 0)
(0.193154 1.32122 0)
(3 5.37498e-10 0)
(3 3.28672e-09 0)
(3 1.07312e-08 0)
(3 2.82807e-08 0)
(3 6.77093e-08 0)
(2.99999 1.54635e-07 0)
(2.99998 3.44796e-07 0)
(2.99996 7.59464e-07 0)
(2.99991 1.66255e-06 0)
(2.9998 3.62847e-06 0)
(2.99956 7.90807e-06 0)
(2.99905 1.7227e-05 0)
(2.99792 3.75333e-05 0)
(2.99547 8.18439e-05 0)
(2.99011 0.000178819 0)
(2.97828 0.000392377 0)
(2.95175 0.000868955 0)
(2.89005 0.00196315 0)
(2.7349 0.00463109 0)
(2.26802 0.0120167 0)
(0.458169 0.0410896 0)
(-0.895319 0.313425 0)
(-0.400267 0.445827 0)
(0.152571 0.539127 0)
(0.493552 0.622191 0)
(0.627058 0.732315 0)
(0.640256 0.874236 0)
(0.638552 1.03423 0)
(0.686201 1.21869 0)
(0.602048 1.48395 0)
(3 7.4504e-10 0)
(3 4.55473e-09 0)
(3 1.48619e-08 0)
(3 3.91201e-08 0)
(3 9.34908e-08 0)
(2.99999 2.12993e-07 0)
(2.99998 4.73485e-07 0)
(2.99996 1.03926e-06 0)
(2.99991 2.26614e-06 0)
(2.9998 4.92474e-06 0)
(2.99957 1.06844e-05 0)
(2.99907 2.31631e-05 0)
(2.99797 5.02108e-05 0)
(2.99558 0.000108902 0)
(2.99034 0.000236579 0)
(2.9788 0.000515875 0)
(2.95291 0.00113427 0)
(2.89281 0.0025394 0)
(2.74213 0.0059097 0)
(2.29316 0.0150586 0)
(0.650065 0.050597 0)
(-0.623063 0.322274 0)
(-0.246052 0.491182 0)
(0.224723 0.595462 0)
(0.528373 0.679718 0)
(0.682688 0.776903 0)
(0.748551 0.90236 0)
(0.800071 1.04732 0)
(0.924456 1.19609 0)
(0.979341 1.34524 0)
(3 1.09392e-09 0)
(3 6.68756e-09 0)
(3 2.18189e-08 0)
(3 5.74153e-08 0)
(3 1.37144e-07 0)
(2.99999 3.12225e-07 0)
(2.99998 6.93474e-07 0)
(2.99996 1.5206e-06 0)
(2.99991 3.31205e-06 0)
(2.99981 7.18922e-06 0)
(2.99959 1.5578e-05 0)
(2.9991 3.37286e-05 0)
(2.99804 7.3016e-05 0)
(2.99572 0.000158143 0)
(2.99065 0.00034304 0)
(2.97948 0.000746783 0)
(2.95444 0.0016387 0)
(2.89639 0.00365866 0)
(2.75147 0.00847686 0)
(2.3268 0.0214458 0)
(0.859271 0.069563 0)
(-0.330173 0.351515 0)
(-0.0745375 0.542276 0)
(0.315852 0.64364 0)
(0.585079 0.72542 0)
(0.741375 0.811019 0)
(0.835364 0.915643 0)
(0.916491 1.0333 0)
(1.05924 1.14665 0)
(1.1746 1.21677 0)
(3 1.73477e-09 0)
(3 1.06074e-08 0)
(3 3.46199e-08 0)
(3 9.1142e-08 0)
(3 2.17829e-07 0)
(2.99999 4.96263e-07 0)
(2.99998 1.10314e-06 0)
(2.99996 2.42107e-06 0)
(2.99992 5.2786e-06 0)
(2.99982 1.14698e-05 0)
(2.99961 2.48801e-05 0)
(2.99914 5.39281e-05 0)
(2.99814 0.000116872 0)
(2.99594 0.000253403 0)
(2.99113 0.000550228 0)
(2.98052 0.00119882 0)
(2.95679 0.00263181 0)
(2.90189 0.00587373 0)
(2.76562 0.0135819 0)
(2.3733 0.0339996 0)
(1.08814 0.102852 0)
(-0.0152122 0.404769 0)
(0.103325 0.609899 0)
(0.396753 0.693422 0)
(0.640863 0.758166 0)
(0.79433 0.825995 0)
(0.901139 0.906964 0)
(0.996139 0.995922 0)
(1.13262 1.08162 0)
(1.24997 1.12406 0)
(3 2.62296e-09 0)
(3 1.60393e-08 0)
(3 5.23508e-08 0)
(3 1.37821e-07 0)
(3 3.29387e-07 0)
(2.99999 7.50431e-07 0)
(2.99998 1.66824e-06 0)
(2.99997 3.66173e-06 0)
(2.99992 7.98465e-06 0)
(2.99984 1.73519e-05 0)
(2.99964 3.76427e-05 0)
(2.99922 8.1592e-05 0)
(2.9983 0.000176808 0)
(2.9963 0.000383255 0)
(2.99191 0.000831763 0)
(2.98225 0.00181057 0)
(2.96066 0.00396816 0)
(2.91094 0.00882838 0)
(2.78869 0.0202901 0)
(2.44448 0.0500607 0)
(1.36129 0.142878 0)
(0.34007 0.4584 0)
(0.285816 0.656685 0)
(0.461965 0.732085 0)
(0.683167 0.765647 0)
(0.835234 0.811303 0)
(0.94724 0.872981 0)
(1.04737 0.941381 0)
(1.17561 1.00804 0)
(1.28946 1.04716 0)
(3 4.02044e-09 0)
(3 2.45982e-08 0)
(3 8.03805e-08 0)
(3 2.12024e-07 0)
(3 5.08146e-07 0)
(2.99999 1.16188e-06 0)
(2.99999 2.59415e-06 0)
(2.99997 5.72224e-06 0)
(2.99994 1.25452e-05 0)
(2.99986 2.74192e-05 0)
(2.99969 5.98387e-05 0)
(2.99933 0.000130502 0)
(2.99854 0.000284567 0)
(2.99681 0.000620721 0)
(2.99303 0.00135546 0)
(2.9847 0.0029677 0)
(2.96612 0.00653597 0)
(2.92356 0.0145813 0)
(2.82018 0.0334489 0)
(2.53501 0.0814347 0)
(1.62974 0.222928 0)
(0.610304 0.631034 0)
(0.429004 0.700136 0)
(0.508613 0.745212 0)
(0.687015 0.754716 0)
(0.857959 0.777768 0)
(0.983453 0.820193 0)
(1.08775 0.873306 0)
(1.20913 0.928143 0)
(1.31691 0.967407 0)
(3 4.18091e-09 0)
(3 2.55627e-08 0)
(3 8.34869e-08 0)
(3 2.20278e-07 0)
(3 5.28513e-07 0)
(3 1.21067e-06 0)
(2.99999 2.70963e-06 0)
(2.99998 5.99416e-06 0)
(2.99995 1.31837e-05 0)
(2.9999 2.89156e-05 0)
(2.99978 6.33398e-05 0)
(2.99952 0.000138679 0)
(2.99896 0.000303629 0)
(2.99773 0.00066505 0)
(2.99504 0.00145819 0)
(2.98915 0.00320442 0)
(2.97613 0.00707568 0)
(2.94677 0.0157862 0)
(2.87779 0.0360153 0)
(2.69911 0.0861903 0)
(2.15664 0.228659 0)
(1.09222 0.650967 0)
(0.703743 0.697275 0)
(0.687159 0.736385 0)
(0.782098 0.747356 0)
(0.919714 0.751852 0)
(1.03511 0.776115 0)
(1.13473 0.813005 0)
(1.247 0.855015 0)
(1.34497 0.889926 0)
(3 2.79926e-09 0)
(3 1.70909e-08 0)
(3 5.56938e-08 0)
(3 1.46563e-07 0)
(3 3.50571e-07 0)
(3 8.00198e-07 0)
(2.99999 1.78369e-06 0)
(2.99998 3.92823e-06 0)
(2.99997 8.59845e-06 0)
(2.99993 1.87641e-05 0)
(2.99984 4.0889e-05 0)
(2.99965 8.90469e-05 0)
(2.99924 0.000193899 0)
(2.99835 0.000422323 0)
(2.99642 0.000920544 0)
(2.9922 0.00200992 0)
(2.98293 0.00440449 0)
(2.96233 0.00972827 0)
(2.91517 0.021861 0)
(2.80003 0.0510483 0)
(2.47891 0.132237 0)
(1.64019 0.348561 0)
(0.864946 0.618946 0)
(0.799038 0.70409 0)
(0.844847 0.733654 0)
(0.9615 0.736645 0)
(1.08445 0.75045 0)
(1.18316 0.775284 0)
(1.28777 0.805819 0)
(1.37647 0.831991 0)
(3 2.39334e-09 0)
(3 1.46277e-08 0)
(3 4.77289e-08 0)
(3 1.2572e-07 0)
(3 3.00876e-07 0)
(3 6.8689e-07 0)
(2.99999 1.53098e-06 0)
(2.99999 3.3706e-06 0)
(2.99997 7.3742e-06 0)
(2.99994 1.60819e-05 0)
(2.99987 3.5016e-05 0)
(2.99972 7.61833e-05 0)
(2.9994 0.000165697 0)
(2.9987 0.000360392 0)
(2.99716 0.00078415 0)
(2.9938 0.00170792 0)
(2.98642 0.00372868 0)
(2.97004 0.00818276 0)
(2.93279 0.018163 0)
(2.84354 0.04134 0)
(2.60426 0.0997492 0)
(1.89693 0.266174 0)
(1.02939 0.688054 0)
(0.874699 0.74464 0)
(0.893117 0.776898 0)
(0.984956 0.77777 0)
(1.11345 0.767944 0)
(1.21933 0.771554 0)
(1.32125 0.786139 0)
(1.40377 0.801779 0)
(3 2.10651e-09 0)
(3 1.288e-08 0)
(3 4.20539e-08 0)
(3 1.10857e-07 0)
(3 2.65552e-07 0)
(3 6.06928e-07 0)
(3 1.35455e-06 0)
(2.99999 2.9867e-06 0)
(2.99998 6.54532e-06 0)
(2.99996 1.43003e-05 0)
(2.99992 3.11971e-05 0)
(2.99982 6.80124e-05 0)
(2.99962 0.000148236 0)
(2.99918 0.000323096 0)
(2.99821 0.000704461 0)
(2.99612 0.00153724 0)
(2.99157 0.00336063 0)
(2.98156 0.00737602 0)
(2.95929 0.0163291 0)
(2.90797 0.0368365 0)
(2.7793 0.0866617 0)
(2.39704 0.224709 0)
(1.53129 0.613886 0)
(1.12234 0.743537 0)
(1.05264 0.803031 0)
(1.05857 0.823065 0)
(1.13872 0.812539 0)
(1.24781 0.794829 0)
(1.35233 0.79207 0)
(1.43276 0.796167 0)
(3 1.5013e-09 0)
(3 9.17739e-09 0)
(3 2.99469e-08 0)
(3 7.88545e-08 0)
(3 1.88581e-07 0)
(3 4.30085e-07 0)
(3 9.57396e-07 0)
(2.99999 2.10483e-06 0)
(2.99999 4.59794e-06 0)
(2.99997 1.00113e-05 0)
(2.99994 2.17617e-05 0)
(2.99988 4.72638e-05 0)
(2.99974 0.000102609 0)
(2.99944 0.000222729 0)
(2.99878 0.000483505 0)
(2.99734 0.00105003 0)
(2.99421 0.00228274 0)
(2.98736 0.00497459 0)
(2.97219 0.0108992 0)
(2.93784 0.0241651 0)
(2.856 0.0550273 0)
(2.63614 0.134839 0)
(2.02538 0.353841 0)
(1.30165 0.772689 0)
(1.16083 0.856546 0)
(1.13715 0.87779 0)
(1.17102 0.868301 0)
(1.25809 0.84674 0)
(1.37084 0.827297 0)
(1.45386 0.817121 0)
(3 1.12954e-09 0)
(3 6.90674e-09 0)
(3 2.25501e-08 0)
(3 5.94298e-08 0)
(3 1.42296e-07 0)
(3 3.25001e-07 0)
(3 7.24712e-07 0)
(3 1.59633e-06 0)
(2.99999 3.49444e-06 0)
(2.99999 7.62569e-06 0)
(2.99997 1.66157e-05 0)
(2.99993 3.61784e-05 0)
(2.99985 7.87508e-05 0)
(2.99968 0.000171411 0)
(2.99932 0.000373149 0)
(2.99852 0.000812614 0)
(2.9968 0.00177103 0)
(2.99305 0.00386616 0)
(2.98484 0.00846935 0)
(2.96667 0.0186936 0)
(2.92515 0.0419525 0)
(2.82232 0.0980213 0)
(2.51192 0.253742 0)
(1.84552 0.645042 0)
(1.40732 0.869836 0)
(1.27855 0.905392 0)
(1.26356 0.918733 0)
(1.30685 0.906572 0)
(1.40037 0.879722 0)
(1.48089 0.857512 0)
(3 6.38927e-10 0)
(3 3.90487e-09 0)
(3 1.27358e-08 0)
(3 3.35076e-08 0)
(3 8.00367e-08 0)
(3 1.8224e-07 0)
(3 4.04875e-07 0)
(3 8.88077e-07 0)
(3 1.93505e-06 0)
(2.99999 4.20174e-06 0)
(2.99998 9.10706e-06 0)
(2.99996 1.972e-05 0)
(2.99992 4.26783e-05 0)
(2.99983 9.23381e-05 0)
(2.99963 0.000199755 0)
(2.99921 0.000432143 0)
(2.99828 0.000935162 0)
(2.99629 0.00202542 0)
(2.99197 0.00439559 0)
(2.98253 0.0095831 0)
(2.9616 0.021107 0)
(2.91349 0.0475903 0)
(2.78873 0.115759 0)
(2.45516 0.298757 0)
(1.73964 0.704851 0)
(1.4655 0.827127 0)
(1.40539 0.892877 0)
(1.39244 0.922025 0)
(1.44392 0.916381 0)
(1.51442 0.889473 0)
(3 3.60806e-10 0)
(3 2.20443e-09 0)
(3 7.18621e-09 0)
(3 1.8895e-08 0)
(3 4.50972e-08 0)
(3 1.02582e-07 0)
(3 2.27627e-07 0)
(3 4.98585e-07 0)
(3 1.08465e-06 0)
(3 2.3511e-06 0)
(2.99999 5.08636e-06 0)
(2.99998 1.09919e-05 0)
(2.99995 2.3739e-05 0)
(2.99989 5.12478e-05 0)
(2.99977 0.000110604 0)
(2.9995 0.000238668 0)
(2.99892 0.000515005 0)
(2.99766 0.00111159 0)
(2.99492 0.00240133 0)
(2.98892 0.00519878 0)
(2.9757 0.0113118 0)
(2.94595 0.0248987 0)
(2.8757 0.0564152 0)
(2.69094 0.1384 0)
(2.20386 0.356298 0)
(1.63842 0.762509 0)
(1.52491 0.869153 0)
(1.48687 0.921945 0)
(1.48906 0.941204 0)
(1.53102 0.928455 0)
(3 2.37249e-10 0)
(3 1.45021e-09 0)
(3 4.73198e-09 0)
(3 1.24603e-08 0)
(3 2.97999e-08 0)
(3 6.79624e-08 0)
(3 1.51279e-07 0)
(3 3.32548e-07 0)
(3 7.26339e-07 0)
(3 1.58127e-06 0)
(2.99999 3.43691e-06 0)
(2.99999 7.46424e-06 0)
(2.99997 1.62051e-05 0)
(2.99995 3.51771e-05 0)
(2.99988 7.63608e-05 0)
(2.99974 0.000165776 0)
(2.99945 0.000359965 0)
(2.99881 0.000781915 0)
(2.99742 0.0016997 0)
(2.99441 0.0037001 0)
(2.98784 0.00807927 0)
(2.97336 0.0177561 0)
(2.94058 0.0395892 0)
(2.86094 0.0915074 0)
(2.62878 0.232417 0)
(2.11826 0.583523 0)
(1.74581 0.83228 0)
(1.63427 0.91512 0)
(1.59543 0.953975 0)
(1.59139 0.964381 0)
(3 1.30713e-10 0)
(3 7.98875e-10 0)
(3 2.60563e-09 0)
(3 6.85579e-09 0)
(3 1.6377e-08 0)
(3 3.72921e-08 0)
(3 8.28553e-08 0)
(3 1.81751e-07 0)
(3 3.96054e-07 0)
(3 8.60086e-07 0)
(3 1.86449e-06 0)
(2.99999 4.03817e-06 0)
(2.99999 8.74184e-06 0)
(2.99997 1.89198e-05 0)
(2.99994 4.09426e-05 0)
(2.99988 8.85962e-05 0)
(2.99974 0.000191719 0)
(2.99945 0.000414924 0)
(2.99881 0.000898279 0)
(2.99743 0.00194612 0)
(2.99445 0.00422303 0)
(2.98796 0.00919616 0)
(2.97371 0.0201805 0)
(2.94143 0.045068 0)
(2.86067 0.106254 0)
(2.63474 0.273694 0)
(2.13733 0.632226 0)
(1.83236 0.851483 0)
(1.7361 0.929759 0)
(1.70519 0.970021 0)
(3 6.4446e-11 0)
(3 3.93825e-10 0)
(3 1.28396e-09 0)
(3 3.37521e-09 0)
(3 8.05065e-09 0)
(3 1.82944e-08 0)
(3 4.05409e-08 0)
(3 8.86596e-08 0)
(3 1.92539e-07 0)
(3 4.1658e-07 0)
(3 8.99516e-07 0)
(3 1.94018e-06 0)
(2.99999 4.18219e-06 0)
(2.99999 9.01146e-06 0)
(2.99997 1.94121e-05 0)
(2.99995 4.18089e-05 0)
(2.99988 9.00331e-05 0)
(2.99975 0.000193864 0)
(2.99946 0.000417445 0)
(2.99884 0.000899069 0)
(2.9975 0.00193762 0)
(2.99462 0.00418248 0)
(2.98837 0.00906106 0)
(2.97463 0.0197923 0)
(2.94356 0.0440983 0)
(2.8659 0.10463 0)
(2.65206 0.268723 0)
(2.17167 0.630444 0)
(1.92785 0.823192 0)
(1.84855 0.920767 0)
(3 3.1481e-11 0)
(3 1.92364e-10 0)
(3 6.27081e-10 0)
(3 1.64823e-09 0)
(3 3.93081e-09 0)
(3 8.9306e-09 0)
(3 1.97855e-08 0)
(3 4.32566e-08 0)
(3 9.39099e-08 0)
(3 2.03122e-07 0)
(3 4.38473e-07 0)
(3 9.45519e-07 0)
(3 2.03774e-06 0)
(2.99999 4.39023e-06 0)
(2.99999 9.45679e-06 0)
(2.99997 2.03681e-05 0)
(2.99995 4.3866e-05 0)
(2.99988 9.44695e-05 0)
(2.99975 0.000203453 0)
(2.99945 0.00043821 0)
(2.99882 0.000944127 0)
(2.99746 0.00203553 0)
(2.99451 0.00439533 0)
(2.9881 0.0095229 0)
(2.97397 0.020788 0)
(2.94192 0.0462222 0)
(2.86218 0.108854 0)
(2.64391 0.278315 0)
(2.24711 0.629896 0)
(2.05113 0.839745 0)
(3 1.46325e-11 0)
(3 8.93867e-11 0)
(3 2.913e-10 0)
(3 7.65531e-10 0)
(3 1.82566e-09 0)
(3 4.14825e-09 0)
(3 9.19219e-09 0)
(3 2.01023e-08 0)
(3 4.36566e-08 0)
(3 9.44636e-08 0)
(3 2.04007e-07 0)
(3 4.40141e-07 0)
(3 9.49109e-07 0)
(3 2.04612e-06 0)
(3 4.41056e-06 0)
(2.99999 9.50689e-06 0)
(2.99998 2.04919e-05 0)
(2.99996 4.41715e-05 0)
(2.99992 9.522e-05 0)
(2.99983 0.000205288 0)
(2.99963 0.000442678 0)
(2.99922 0.000954965 0)
(2.99835 0.00206179 0)
(2.9965 0.00445915 0)
(2.99253 0.00967946 0)
(2.98393 0.0211798 0)
(2.96458 0.0472367 0)
(2.91427 0.111863 0)
(2.77696 0.28052 0)
(2.44714 0.588889 0)
(3 5.27568e-12 0)
(3 3.22099e-11 0)
(3 1.04819e-10 0)
(3 2.74745e-10 0)
(3 6.52631e-10 0)
(3 1.47502e-09 0)
(3 3.24697e-09 0)
(3 7.04592e-09 0)
(3 1.51689e-08 0)
(3 3.25104e-08 0)
(3 6.94939e-08 0)
(3 1.48306e-07 0)
(3 3.16147e-07 0)
(3 6.73375e-07 0)
(3 1.43325e-06 0)
(3 3.04868e-06 0)
(2.99999 6.48089e-06 0)
(2.99998 1.37686e-05 0)
(2.99996 2.92326e-05 0)
(2.99992 6.2025e-05 0)
(2.99982 0.000131518 0)
(2.99962 0.000278704 0)
(2.99918 0.000590333 0)
(2.99825 0.00125023 0)
(2.99624 0.00264953 0)
(2.9919 0.00562837 0)
(2.98246 0.0120337 0)
(2.96148 0.0262021 0)
(2.91155 0.0613706 0)
(2.75952 0.155475 0)
(3 2.06457e-12 0)
(3 1.26098e-11 0)
(3 4.10619e-11 0)
(3 1.07711e-10 0)
(3 2.56063e-10 0)
(3 5.79206e-10 0)
(3 1.27607e-09 0)
(3 2.77151e-09 0)
(3 5.97244e-09 0)
(3 1.28144e-08 0)
(3 2.74276e-08 0)
(3 5.86236e-08 0)
(3 1.252e-07 0)
(3 2.67253e-07 0)
(3 5.70299e-07 0)
(3 1.21672e-06 0)
(3 2.59546e-06 0)
(2.99999 5.53588e-06 0)
(2.99998 1.18065e-05 0)
(2.99996 2.51784e-05 0)
(2.99992 5.36938e-05 0)
(2.99984 0.000114506 0)
(2.99965 0.000244221 0)
(2.99925 0.00052103 0)
(2.99839 0.00111229 0)
(2.99655 0.00237773 0)
(2.9926 0.00509767 0)
(2.98403 0.0109963 0)
(2.96514 0.0240733 0)
(2.91222 0.0551548 0)
(3 6.64651e-13 0)
(3 4.05862e-12 0)
(3 1.31999e-11 0)
(3 3.45214e-11 0)
(3 8.16628e-11 0)
(3 1.83453e-10 0)
(3 4.00695e-10 0)
(3 8.61433e-10 0)
(3 1.83496e-09 0)
(3 3.88698e-09 0)
(3 8.20456e-09 0)
(3 1.72758e-08 0)
(3 3.63098e-08 0)
(3 7.61996e-08 0)
(3 1.59696e-07 0)
(3 3.34256e-07 0)
(3 6.98742e-07 0)
(2.99999 1.45883e-06 0)
(2.99999 3.04177e-06 0)
(2.99997 6.33388e-06 0)
(2.99994 1.31709e-05 0)
(2.99987 2.73489e-05 0)
(2.99973 5.67061e-05 0)
(2.99941 0.000117404 0)
(2.99872 0.000242731 0)
(2.99721 0.000501264 0)
(2.99395 0.00103469 0)
(2.98681 0.00213786 0)
(2.97106 0.00444107 0)
(2.92896 0.00935709 0)
(3 3.63117e-13 0)
(3 2.22164e-12 0)
(3 7.24634e-12 0)
(3 1.90106e-11 0)
(3 4.51308e-11 0)
(3 1.01802e-10 0)
(3 2.2339e-10 0)
(3 4.82696e-10 0)
(3 1.03369e-09 0)
(3 2.20155e-09 0)
(3 4.67218e-09 0)
(3 9.89123e-09 0)
(3 2.09048e-08 0)
(3 4.41343e-08 0)
(3 9.31367e-08 0)
(3 1.96601e-07 0)
(3 4.15436e-07 0)
(3 8.79438e-07 0)
(2.99999 1.86627e-06 0)
(2.99998 3.97192e-06 0)
(2.99995 8.47915e-06 0)
(2.99989 1.81536e-05 0)
(2.99977 3.89645e-05 0)
(2.9995 8.38018e-05 0)
(2.9989 0.00018052 0)
(2.99761 0.000389385 0)
(2.99479 0.00084119 0)
(2.9886 0.00182131 0)
(2.97491 0.00396233 0)
(2.93913 0.008691 0)
(3 2.97593e-13 0)
(3 1.81689e-12 0)
(3 5.92364e-12 0)
(3 1.56094e-11 0)
(3 3.7416e-11 0)
(3 8.56394e-11 0)
(3 1.91513e-10 0)
(3 4.23271e-10 0)
(3 9.29978e-10 0)
(3 2.03724e-09 0)
(3 4.456e-09 0)
(3 9.73761e-09 0)
(3 2.12638e-08 0)
(3 4.63965e-08 0)
(3 1.0114e-07 0)
(3 2.20247e-07 0)
(3 4.79131e-07 0)
(3 1.04153e-06 0)
(2.99999 2.26352e-06 0)
(2.99998 4.92164e-06 0)
(2.99996 1.07148e-05 0)
(2.99991 2.33701e-05 0)
(2.99981 5.1077e-05 0)
(2.9996 0.00011183 0)
(2.99912 0.000245122 0)
(2.9981 0.000537515 0)
(2.99586 0.00117874 0)
(2.99097 0.00258577 0)
(2.98022 0.00568522 0)
(2.95364 0.0125681 0)
(3 2.09651e-13 0)
(3 1.27649e-12 0)
(3 4.15297e-12 0)
(3 1.09605e-11 0)
(3 2.64135e-11 0)
(3 6.09853e-11 0)
(3 1.37954e-10 0)
(3 3.09105e-10 0)
(3 6.89741e-10 0)
(3 1.53676e-09 0)
(3 3.42267e-09 0)
(3 7.62305e-09 0)
(3 1.69771e-08 0)
(3 3.77934e-08 0)
(3 8.40548e-08 0)
(3 1.86655e-07 0)
(3 4.13604e-07 0)
(3 9.14045e-07 0)
(2.99999 2.01384e-06 0)
(2.99999 4.42255e-06 0)
(2.99998 9.68097e-06 0)
(2.99995 2.11272e-05 0)
(2.99989 4.59807e-05 0)
(2.99976 9.98352e-05 0)
(2.99947 0.000216347 0)
(2.99885 0.000468157 0)
(2.99752 0.0010123 0)
(2.99461 0.00218956 0)
(2.98824 0.00474694 0)
(2.97347 0.0103522 0)
(3 1.39953e-13 0)
(3 8.55188e-13 0)
(3 2.78878e-12 0)
(3 7.34399e-12 0)
(3 1.75789e-11 0)
(3 4.01528e-11 0)
(3 8.95645e-11 0)
(3 1.97384e-10 0)
(3 4.32381e-10 0)
(3 9.44471e-10 0)
(3 2.06088e-09 0)
(3 4.49723e-09 0)
(3 9.82245e-09 0)
(3 2.14869e-08 0)
(3 4.71014e-08 0)
(3 1.03493e-07 0)
(3 2.27894e-07 0)
(3 5.02562e-07 0)
(3 1.1085e-06 0)
(2.99999 2.44153e-06 0)
(2.99998 5.36122e-06 0)
(2.99996 1.17218e-05 0)
(2.99992 2.55062e-05 0)
(2.99982 5.52591e-05 0)
(2.99961 0.000119348 0)
(2.99916 0.000257412 0)
(2.99815 0.000555417 0)
(2.99595 0.00120077 0)
(2.9911 0.00260483 0)
(2.98002 0.00568458 0)
(3 1.01728e-13 0)
(3 6.22248e-13 0)
(3 2.03207e-12 0)
(3 5.35096e-12 0)
(3 1.27875e-11 0)
(3 2.91228e-11 0)
(3 6.47021e-11 0)
(3 1.419e-10 0)
(3 3.09092e-10 0)
(3 6.70848e-10 0)
(3 1.45316e-09 0)
(3 3.14443e-09 0)
(3 6.80012e-09 0)
(3 1.47018e-08 0)
(3 3.1783e-08 0)
(3 6.87177e-08 0)
(3 1.48615e-07 0)
(3 3.21552e-07 0)
(3 6.96185e-07 0)
(2.99999 1.50868e-06 0)
(2.99999 3.27362e-06 0)
(2.99997 7.11561e-06 0)
(2.99994 1.55012e-05 0)
(2.99988 3.38587e-05 0)
(2.99974 7.41688e-05 0)
(2.99944 0.000162914 0)
(2.99878 0.000358667 0)
(2.99734 0.000790872 0)
(2.99421 0.00174692 0)
(2.98728 0.00386754 0)
(3 6.40797e-14 0)
(3 3.92043e-13 0)
(3 1.28033e-12 0)
(3 3.37237e-12 0)
(3 8.0631e-12 0)
(3 1.83767e-11 0)
(3 4.08693e-11 0)
(3 8.97535e-11 0)
(3 1.95841e-10 0)
(3 4.25929e-10 0)
(3 9.24803e-10 0)
(3 2.00624e-09 0)
(3 4.34998e-09 0)
(3 9.42795e-09 0)
(3 2.04257e-08 0)
(3 4.42334e-08 0)
(3 9.57486e-08 0)
(3 2.07173e-07 0)
(3 4.48119e-07 0)
(3 9.69154e-07 0)
(2.99999 2.09625e-06 0)
(2.99998 4.53614e-06 0)
(2.99995 9.82383e-06 0)
(2.9999 2.12999e-05 0)
(2.99979 4.6249e-05 0)
(2.99954 0.00010058 0)
(2.99899 0.000219093 0)
(2.9978 0.000477855 0)
(2.9952 0.00104458 0)
(2.98947 0.00228857 0)
(3 3.45711e-14 0)
(3 2.11857e-13 0)
(3 6.92423e-13 0)
(3 1.82529e-12 0)
(3 4.3674e-12 0)
(3 9.95951e-12 0)
(3 2.21591e-11 0)
(3 4.86828e-11 0)
(3 1.06277e-10 0)
(3 2.31299e-10 0)
(3 5.02716e-10 0)
(3 1.0921e-09 0)
(3 2.37231e-09 0)
(3 5.15379e-09 0)
(3 1.11983e-08 0)
(3 2.4335e-08 0)
(3 5.28868e-08 0)
(3 1.1494e-07 0)
(3 2.49792e-07 0)
(3 5.42826e-07 0)
(2.99999 1.17956e-06 0)
(2.99998 2.56324e-06 0)
(2.99997 5.57087e-06 0)
(2.99993 1.2112e-05 0)
(2.99985 2.63508e-05 0)
(2.99967 5.73882e-05 0)
(2.99928 0.000125168 0)
(2.99844 0.000273537 0)
(2.99662 0.000599364 0)
(2.99268 0.00131855 0)
(3 5.92807e-15 0)
(3 3.61223e-14 0)
(3 1.17556e-13 0)
(3 3.06455e-13 0)
(3 7.19504e-13 0)
(3 1.59643e-12 0)
(3 3.42799e-12 0)
(3 7.21402e-12 0)
(3 1.49821e-11 0)
(3 3.08278e-11 0)
(3 6.29936e-11 0)
(3 1.28033e-10 0)
(3 2.59174e-10 0)
(3 5.23203e-10 0)
(3 1.05473e-09 0)
(3 2.12585e-09 0)
(3 4.28703e-09 0)
(3 8.64804e-09 0)
(3 1.74237e-08 0)
(3 3.49509e-08 0)
(2.99999 6.9466e-08 0)
(2.99999 1.35888e-07 0)
(2.99997 2.59276e-07 0)
(2.99993 4.7639e-07 0)
(2.99985 8.25877e-07 0)
(2.99967 1.30019e-06 0)
(2.99928 1.68397e-06 0)
(2.99843 1.15595e-06 0)
(2.9966 -3.1499e-06 0)
(2.9926 -1.8543e-05 0)
(1.17433 1.419 0)
(1.37709 1.28044 0)
(1.45274 0.991571 0)
(1.30183 0.286678 0)
(1.45497 -0.102288 0)
(1.40326 -0.0503202 0)
(1.39943 -0.0175611 0)
(1.38929 -0.00914313 0)
(1.37169 -0.0193829 0)
(1.33519 -0.0275021 0)
(1.28915 -0.0185064 0)
(1.23384 -0.0163219 0)
(1.12544 -0.026812 0)
(0.920185 -0.058852 0)
(0.423442 -0.12309 0)
(-0.65416 -0.106045 0)
(-1.23907 -0.0608021 0)
(-0.940222 -0.05419 0)
(-0.528718 -0.0388826 0)
(-0.173234 -0.0323652 0)
(0.109191 -0.0273508 0)
(0.348952 -0.030385 0)
(0.542057 -0.0308002 0)
(0.700376 -0.0290507 0)
(0.833197 -0.0253213 0)
(0.94645 -0.0217616 0)
(1.04112 -0.0129606 0)
(1.12186 -0.00207227 0)
(1.18342 0.00375411 0)
(1.22616 0.0131791 0)
(1.36875 1.22174 0)
(1.51417 0.885121 0)
(1.53377 0.373307 0)
(1.55631 0.00393893 0)
(1.59413 -0.049354 0)
(1.5986 -0.00912017 0)
(1.56671 0.00595151 0)
(1.54352 -0.00898781 0)
(1.53072 -0.0275374 0)
(1.51411 -0.0360814 0)
(1.48192 -0.0250654 0)
(1.43608 -0.0309166 0)
(1.35348 -0.0489584 0)
(1.1969 -0.090213 0)
(0.839627 -0.16437 0)
(-0.0322297 -0.168534 0)
(-0.712021 -0.0320926 0)
(-0.534121 0.00562106 0)
(-0.170008 -0.0010082 0)
(0.113634 -0.0162756 0)
(0.366082 -0.0246602 0)
(0.574263 -0.0333837 0)
(0.745723 -0.0371705 0)
(0.888711 -0.0376139 0)
(1.00907 -0.032047 0)
(1.11181 -0.0257418 0)
(1.19749 -0.016346 0)
(1.26642 -0.00370038 0)
(1.31747 0.0027539 0)
(1.35269 0.0129614 0)
(1.47308 1.01449 0)
(1.59106 0.633843 0)
(1.66909 0.272933 0)
(1.77146 0.137958 0)
(1.80698 0.0672454 0)
(1.80467 0.0121486 0)
(1.78872 -0.02451 0)
(1.77585 -0.0395731 0)
(1.77015 -0.0423846 0)
(1.75679 -0.0428463 0)
(1.73306 -0.0384431 0)
(1.69872 -0.0503174 0)
(1.63311 -0.0682411 0)
(1.4951 -0.10194 0)
(1.17705 -0.160901 0)
(0.4358 -0.202396 0)
(-0.15374 0.0030388 0)
(-0.122453 0.0784516 0)
(0.0894785 0.0444178 0)
(0.363144 -0.00700459 0)
(0.590045 -0.0296026 0)
(0.775581 -0.036046 0)
(0.928451 -0.0383096 0)
(1.05658 -0.0385916 0)
(1.16475 -0.0358198 0)
(1.25472 -0.0272418 0)
(1.33006 -0.0171348 0)
(1.39009 -0.00471568 0)
(1.43524 0.00553065 0)
(1.46594 0.0156776 0)
(1.51765 0.931146 0)
(1.66973 0.658926 0)
(1.79069 0.483459 0)
(1.88342 0.310903 0)
(1.92325 0.14143 0)
(1.92852 0.0431052 0)
(1.93006 -0.00604511 0)
(1.93109 -0.0291765 0)
(1.92673 -0.0432788 0)
(1.91371 -0.0522352 0)
(1.89083 -0.0521869 0)
(1.85842 -0.0647643 0)
(1.79762 -0.086651 0)
(1.66909 -0.121532 0)
(1.39001 -0.174696 0)
(0.779103 -0.205315 0)
(0.378325 -0.00739893 0)
(0.322569 0.0953266 0)
(0.439587 0.0809076 0)
(0.66352 0.00325867 0)
(0.840677 -0.0231389 0)
(0.992059 -0.032058 0)
(1.11931 -0.0360076 0)
(1.22731 -0.0330982 0)
(1.32057 -0.0301106 0)
(1.39938 -0.0230207 0)
(1.46486 -0.00985032 0)
(1.51676 0.00688645 0)
(1.5549 0.022424 0)
(1.57881 0.0348647 0)
(1.54492 0.942733 0)
(1.70185 0.721313 0)
(1.82699 0.509284 0)
(1.9131 0.298685 0)
(1.96885 0.136275 0)
(2.00216 0.0497863 0)
(2.01342 0.010555 0)
(2.01344 -0.0252487 0)
(2.01148 -0.0549427 0)
(2.00365 -0.0762255 0)
(1.98386 -0.0886367 0)
(1.95154 -0.102855 0)
(1.89356 -0.125556 0)
(1.77429 -0.157512 0)
(1.52512 -0.199211 0)
(1.00588 -0.219142 0)
(0.712833 -0.0889593 0)
(0.692799 0.0255502 0)
(0.719479 0.0563003 0)
(0.842179 0.0126948 0)
(1.00336 -0.017882 0)
(1.14014 -0.0318363 0)
(1.25611 -0.0385867 0)
(1.3546 -0.0349722 0)
(1.43776 -0.0253726 0)
(1.50968 -0.0144958 0)
(1.57127 -0.00148188 0)
(1.6204 0.013439 0)
(1.65371 0.0294641 0)
(1.67535 0.0423354 0)
(1.55859 0.921004 0)
(1.70919 0.74406 0)
(1.83825 0.53712 0)
(1.9381 0.357726 0)
(2.00916 0.227061 0)
(2.05229 0.136982 0)
(2.0672 0.0844625 0)
(2.06613 0.0309689 0)
(2.06332 -0.0225824 0)
(2.05638 -0.0730604 0)
(2.04034 -0.115683 0)
(2.01063 -0.145018 0)
(1.95409 -0.177697 0)
(1.84065 -0.214493 0)
(1.60999 -0.251908 0)
(1.15246 -0.263204 0)
(0.921966 -0.153083 0)
(0.970316 -0.0441864 0)
(0.987545 0.0291252 0)
(1.07629 0.038329 0)
(1.20163 -0.00192881 0)
(1.3097 -0.0274487 0)
(1.4032 -0.037323 0)
(1.48522 -0.0335566 0)
(1.55617 -0.0170009 0)
(1.61833 0.00262149 0)
(1.67298 0.017687 0)
(1.71504 0.0306631 0)
(1.74248 0.0455206 0)
(1.76026 0.0607393 0)
(1.5669 0.882084 0)
(1.71041 0.753846 0)
(1.84038 0.586592 0)
(1.94595 0.426085 0)
(2.02347 0.289191 0)
(2.07545 0.179406 0)
(2.09603 0.103249 0)
(2.09528 0.0398028 0)
(2.0935 -0.0247122 0)
(2.08895 -0.0842604 0)
(2.07699 -0.137517 0)
(2.04959 -0.183807 0)
(1.99291 -0.231605 0)
(1.88099 -0.281246 0)
(1.66237 -0.326123 0)
(1.25759 -0.329375 0)
(1.0653 -0.20087 0)
(1.11863 -0.076897 0)
(1.14747 0.0241031 0)
(1.19945 0.0682073 0)
(1.29258 0.0351423 0)
(1.39391 -0.00823187 0)
(1.48298 -0.0256523 0)
(1.56114 -0.0234036 0)
(1.62752 -0.00598411 0)
(1.68371 0.0157849 0)
(1.73173 0.0313854 0)
(1.77114 0.0446063 0)
(1.79905 0.0581633 0)
(1.81849 0.0751661 0)
(1.57555 0.847873 0)
(1.70966 0.761936 0)
(1.83712 0.627565 0)
(1.94509 0.483575 0)
(2.02776 0.351518 0)
(2.0864 0.239084 0)
(2.11513 0.149493 0)
(2.11825 0.0834277 0)
(2.11582 0.0149979 0)
(2.11076 -0.056212 0)
(2.09849 -0.129233 0)
(2.07107 -0.202714 0)
(2.01523 -0.275495 0)
(1.90735 -0.347873 0)
(1.70822 -0.413377 0)
(1.3653 -0.410561 0)
(1.19974 -0.245302 0)
(1.25302 -0.109186 0)
(1.28624 -0.00361547 0)
(1.31592 0.0592955 0)
(1.37949 0.0558918 0)
(1.46878 0.0119033 0)
(1.55346 -0.00638363 0)
(1.62811 -0.00441637 0)
(1.69176 0.00856019 0)
(1.74294 0.0288827 0)
(1.78578 0.0468739 0)
(1.82181 0.0628583 0)
(1.84861 0.0761691 0)
(1.86812 0.0895692 0)
(1.58535 0.824811 0)
(1.70876 0.769148 0)
(1.83109 0.661664 0)
(1.93896 0.533965 0)
(2.02473 0.408304 0)
(2.08789 0.293689 0)
(2.12269 0.194415 0)
(2.12925 0.113337 0)
(2.12638 0.0308486 0)
(2.12065 -0.0538993 0)
(2.10827 -0.139974 0)
(2.0817 -0.22755 0)
(2.02775 -0.31869 0)
(1.9253 -0.419068 0)
(1.75218 -0.509997 0)
(1.47471 -0.494487 0)
(1.33212 -0.264049 0)
(1.37674 -0.147114 0)
(1.40772 -0.0492456 0)
(1.4252 0.0258839 0)
(1.4609 0.0570896 0)
(1.53075 0.0443219 0)
(1.61575 0.0313108 0)
(1.68943 0.0294021 0)
(1.74933 0.0358627 0)
(1.79565 0.0497687 0)
(1.83248 0.0673112 0)
(1.86319 0.0840807 0)
(1.88618 0.0963832 0)
(1.90471 0.103026 0)
(1.59795 0.812116 0)
(1.70939 0.775346 0)
(1.82456 0.689455 0)
(1.9301 0.576934 0)
(2.01708 0.458333 0)
(2.08315 0.343689 0)
(2.1226 0.238602 0)
(2.1327 0.144227 0)
(2.13024 0.0516683 0)
(2.12427 -0.0430032 0)
(2.11093 -0.141933 0)
(2.08273 -0.247175 0)
(2.02592 -0.364904 0)
(1.92648 -0.508015 0)
(1.79039 -0.616819 0)
(1.59296 -0.576049 0)
(1.45953 -0.261927 0)
(1.48271 -0.189913 0)
(1.51685 -0.107949 0)
(1.53971 -0.024687 0)
(1.56152 0.0414815 0)
(1.61147 0.0673869 0)
(1.68539 0.061626 0)
(1.75459 0.0581061 0)
(1.81133 0.0605214 0)
(1.85546 0.0701824 0)
(1.89068 0.0861847 0)
(1.91856 0.102932 0)
(1.93755 0.113736 0)
(1.95369 0.116028 0)
(1.61157 0.812229 0)
(1.71215 0.782564 0)
(1.81883 0.712227 0)
(1.92025 0.612885 0)
(2.00657 0.501592 0)
(2.07413 0.388055 0)
(2.11603 0.279403 0)
(2.12847 0.170392 0)
(2.12702 0.0648423 0)
(2.12054 -0.0415254 0)
(2.10529 -0.152273 0)
(2.07325 -0.271681 0)
(2.00871 -0.408675 0)
(1.91312 -0.573399 0)
(1.81866 -0.666827 0)
(1.69938 -0.632329 0)
(1.57619 -0.333685 0)
(1.56407 -0.233566 0)
(1.6069 -0.147653 0)
(1.63656 -0.0545455 0)
(1.65648 0.0320498 0)
(1.68899 0.0869307 0)
(1.7468 0.094836 0)
(1.81202 0.0961195 0)
(1.86642 0.0961733 0)
(1.90949 0.100663 0)
(1.94324 0.110029 0)
(1.96842 0.122704 0)
(1.98351 0.130012 0)
(1.99777 0.128953 0)
(1.62914 0.8265 0)
(1.71862 0.793185 0)
(1.81548 0.731251 0)
(1.91091 0.641986 0)
(1.9948 0.537356 0)
(2.06235 0.425645 0)
(2.10445 0.314608 0)
(2.1179 0.191443 0)
(2.1185 0.0735567 0)
(2.11221 -0.0425763 0)
(2.09536 -0.162028 0)
(2.05952 -0.289472 0)
(1.98903 -0.431584 0)
(1.90737 -0.583236 0)
(1.84354 -0.664613 0)
(1.78097 -0.663026 0)
(1.69262 -0.501456 0)
(1.66532 -0.258636 0)
(1.7005 -0.163397 0)
(1.72849 -0.0704508 0)
(1.74616 0.0179808 0)
(1.7675 0.0890574 0)
(1.80862 0.119884 0)
(1.86431 0.127649 0)
(1.91507 0.130205 0)
(1.95596 0.132294 0)
(1.98848 0.136195 0)
(2.01164 0.142847 0)
(2.02339 0.147098 0)
(2.03534 0.144502 0)
(1.65305 0.842918 0)
(1.73066 0.804466 0)
(1.81637 0.74694 0)
(1.90402 0.664781 0)
(1.98359 0.565391 0)
(2.04944 0.455129 0)
(2.08919 0.34057 0)
(2.10198 0.209329 0)
(2.10543 0.0801 0)
(2.10032 -0.0452775 0)
(2.08316 -0.170002 0)
(2.04576 -0.299923 0)
(1.97538 -0.43949 0)
(1.90688 -0.571731 0)
(1.86661 -0.661341 0)
(1.83802 -0.677951 0)
(1.80497 -0.596897 0)
(1.78 -0.353129 0)
(1.78227 -0.19184 0)
(1.81165 -0.0804566 0)
(1.82909 0.0214082 0)
(1.84448 0.105622 0)
(1.87139 0.154533 0)
(1.91525 0.165526 0)
(1.96122 0.166028 0)
(1.99953 0.162742 0)
(2.03001 0.1601 0)
(2.05117 0.160825 0)
(2.06017 0.162322 0)
(2.06854 0.159089 0)
(1.67588 0.862191 0)
(1.74631 0.816314 0)
(1.82141 0.759973 0)
(1.90015 0.682037 0)
(1.97374 0.585886 0)
(2.03605 0.4765 0)
(2.07279 0.360829 0)
(2.08425 0.233878 0)
(2.08948 0.100762 0)
(2.08646 -0.030796 0)
(2.07009 -0.159334 0)
(2.03251 -0.291771 0)
(1.96636 -0.433095 0)
(1.90863 -0.563614 0)
(1.88735 -0.660159 0)
(1.88414 -0.689007 0)
(1.88477 -0.642543 0)
(1.8853 -0.509807 0)
(1.88131 -0.274806 0)
(1.89486 -0.105399 0)
(1.90823 0.0204083 0)
(1.91473 0.122804 0)
(1.92915 0.192212 0)
(1.9595 0.211115 0)
(2.00004 0.207291 0)
(2.03579 0.193951 0)
(2.06551 0.182801 0)
(2.08597 0.176941 0)
(2.09281 0.175709 0)
(2.09755 0.172645 0)
(1.6912 0.901814 0)
(1.76131 0.837187 0)
(1.82864 0.772893 0)
(1.89872 0.694141 0)
(1.96558 0.599335 0)
(2.02395 0.493176 0)
(2.05884 0.382206 0)
(2.06878 0.263974 0)
(2.07318 0.134756 0)
(2.07114 0.00110982 0)
(2.05518 -0.131832 0)
(2.01676 -0.271773 0)
(1.95386 -0.428667 0)
(1.90808 -0.575215 0)
(1.90522 -0.666256 0)
(1.9221 -0.700021 0)
(1.94293 -0.668151 0)
(1.96824 -0.574883 0)
(1.97869 -0.390515 0)
(1.97661 -0.17771 0)
(1.97956 -0.00118993 0)
(1.97967 0.119767 0)
(1.98095 0.211314 0)
(1.99486 0.252121 0)
(2.02401 0.252151 0)
(2.05929 0.229591 0)
(2.09105 0.206016 0)
(2.11345 0.193051 0)
(2.12083 0.188624 0)
(2.12297 0.185807 0)
(1.72922 0.939959 0)
(1.78078 0.856075 0)
(1.83882 0.779633 0)
(1.9003 0.698644 0)
(1.96069 0.60708 0)
(2.01537 0.508712 0)
(2.0482 0.405917 0)
(2.05608 0.291697 0)
(2.05867 0.1675 0)
(2.05594 0.0359355 0)
(2.03954 -0.102176 0)
(1.99851 -0.256831 0)
(1.9372 -0.444031 0)
(1.90862 -0.596022 0)
(1.92389 -0.675538 0)
(1.95516 -0.702786 0)
(1.99082 -0.668856 0)
(2.02659 -0.581562 0)
(2.053 -0.445495 0)
(2.06437 -0.253332 0)
(2.05429 -0.0603792 0)
(2.0397 0.0912249 0)
(2.03519 0.199881 0)
(2.03466 0.26997 0)
(2.04725 0.286015 0)
(2.07248 0.272264 0)
(2.10571 0.239783 0)
(2.1327 0.213822 0)
(2.14243 0.204175 0)
(2.14302 0.200475 0)
(1.78247 0.957182 0)
(1.8025 0.894495 0)
(1.85306 0.790207 0)
(1.90732 0.699537 0)
(1.96168 0.612934 0)
(2.0123 0.525032 0)
(2.04108 0.429282 0)
(2.04545 0.315257 0)
(2.04623 0.193609 0)
(2.04196 0.0630372 0)
(2.02303 -0.0819231 0)
(1.97582 -0.261129 0)
(1.921 -0.485074 0)
(1.91376 -0.617269 0)
(1.94407 -0.684719 0)
(1.98669 -0.69462 0)
(2.03278 -0.646707 0)
(2.07432 -0.551163 0)
(2.10675 -0.432492 0)
(2.12486 -0.288342 0)
(2.12523 -0.116959 0)
(2.10661 0.0675921 0)
(2.08856 0.180232 0)
(2.07981 0.247854 0)
(2.07803 0.292288 0)
(2.08963 0.298198 0)
(2.11413 0.282447 0)
(2.14416 0.248319 0)
(2.15969 0.226648 0)
(2.1606 0.217668 0)
(1.85733 0.962086 0)
(1.83403 0.935527 0)
(1.86347 0.840567 0)
(1.91634 0.722765 0)
(1.9686 0.627223 0)
(2.01466 0.545657 0)
(2.037 0.448632 0)
(2.03692 0.335233 0)
(2.0359 0.214086 0)
(2.0291 0.0808414 0)
(2.0049 -0.0745333 0)
(1.94733 -0.297894 0)
(1.90936 -0.542935 0)
(1.92552 -0.652207 0)
(1.96667 -0.693729 0)
(2.01732 -0.672939 0)
(2.07423 -0.603789 0)
(2.1236 -0.503619 0)
(2.15491 -0.400464 0)
(2.1769 -0.28926 0)
(2.18356 -0.160903 0)
(2.16956 -0.0186954 0)
(2.13667 0.123571 0)
(2.12041 0.197055 0)
(2.11632 0.262903 0)
(2.11676 0.303321 0)
(2.12933 0.310669 0)
(2.15252 0.289194 0)
(2.17102 0.255581 0)
(2.17515 0.235982 0)
(1.97569 0.914139 0)
(1.88425 0.938621 0)
(1.8821 0.888136 0)
(1.91974 0.783538 0)
(1.97475 0.66764 0)
(2.01883 0.57706 0)
(2.03458 0.463747 0)
(2.03119 0.345975 0)
(2.02741 0.220307 0)
(2.01659 0.0786479 0)
(1.98438 -0.103926 0)
(1.91829 -0.427741 0)
(1.90614 -0.619682 0)
(1.94354 -0.692989 0)
(1.99607 -0.687555 0)
(2.05299 -0.634269 0)
(2.12072 -0.54908 0)
(2.16979 -0.469338 0)
(2.19924 -0.380361 0)
(2.22153 -0.290789 0)
(2.2323 -0.19471 0)
(2.22602 -0.0847944 0)
(2.19301 0.0505385 0)
(2.16518 0.168197 0)
(2.15698 0.239586 0)
(2.15003 0.295951 0)
(2.15055 0.32455 0)
(2.16262 0.319133 0)
(2.17805 0.288301 0)
(2.18693 0.257276 0)
(2.08218 0.917316 0)
(1.94631 0.93548 0)
(1.91741 0.912276 0)
(1.93284 0.8371 0)
(1.97935 0.720012 0)
(2.02035 0.611755 0)
(2.03042 0.471558 0)
(2.02617 0.337141 0)
(2.01892 0.192909 0)
(2.0002 0.0146872 0)
(1.94494 -0.279351 0)
(1.89789 -0.625788 0)
(1.92443 -0.710238 0)
(1.97549 -0.718663 0)
(2.0326 -0.666318 0)
(2.10212 -0.583167 0)
(2.16669 -0.507355 0)
(2.21272 -0.444704 0)
(2.24137 -0.367434 0)
(2.26132 -0.292493 0)
(2.27348 -0.213788 0)
(2.273 -0.123746 0)
(2.25299 -0.0109494 0)
(2.21484 0.144339 0)
(2.19442 0.225962 0)
(2.1839 0.280188 0)
(2.17664 0.318611 0)
(2.17732 0.329765 0)
(2.18493 0.312605 0)
(2.19257 0.281029 0)
(2.24725 0.806162 0)
(2.03015 0.889549 0)
(1.97 0.907948 0)
(1.95876 0.868158 0)
(1.98794 0.771363 0)
(2.01831 0.641217 0)
(2.02212 0.486391 0)
(2.01751 0.329395 0)
(2.00199 0.146554 0)
(1.95581 -0.132116 0)
(1.89345 -0.535733 0)
(1.90869 -0.655134 0)
(1.95021 -0.705345 0)
(2.01572 -0.684913 0)
(2.08688 -0.615207 0)
(2.15386 -0.538988 0)
(2.21009 -0.476527 0)
(2.25295 -0.420917 0)
(2.28079 -0.358516 0)
(2.29832 -0.290835 0)
(2.31125 -0.220468 0)
(2.31535 -0.141372 0)
(2.30588 -0.0452016 0)
(2.27149 0.0878811 0)
(2.23412 0.212628 0)
(2.21533 0.267248 0)
(2.20366 0.308175 0)
(2.1967 0.330289 0)
(2.19549 0.326356 0)
(2.20266 0.30052 0)
(2.4494 0.279081 0)
(2.07441 0.7695 0)
(2.01243 0.861077 0)
(1.98733 0.868568 0)
(1.99645 0.805875 0)
(2.01308 0.674029 0)
(2.0134 0.521648 0)
(2.00222 0.346857 0)
(1.9619 0.108822 0)
(1.90609 -0.302146 0)
(1.89629 -0.489001 0)
(1.91917 -0.598434 0)
(1.97735 -0.638181 0)
(2.05762 -0.608925 0)
(2.13652 -0.549569 0)
(2.1976 -0.49303 0)
(2.24899 -0.443035 0)
(2.28924 -0.39329 0)
(2.31707 -0.344103 0)
(2.33467 -0.279324 0)
(2.3469 -0.215668 0)
(2.35294 -0.147295 0)
(2.34926 -0.0688737 0)
(2.32929 0.0292072 0)
(2.28465 0.164197 0)
(2.24933 0.255857 0)
(2.23173 0.304003 0)
(2.21783 0.331221 0)
(2.20824 0.334254 0)
(2.21435 0.313607 0)
(2.55896 0.147794 0)
(2.13058 0.709306 0)
(2.04925 0.820135 0)
(2.01353 0.857072 0)
(2.00492 0.825045 0)
(2.00796 0.714578 0)
(2.004 0.560084 0)
(1.98132 0.338616 0)
(1.91841 -0.0323672 0)
(1.87376 -0.301593 0)
(1.8889 -0.455538 0)
(1.93205 -0.543083 0)
(2.01013 -0.561915 0)
(2.1011 -0.525337 0)
(2.17824 -0.481874 0)
(2.23517 -0.441157 0)
(2.28391 -0.402658 0)
(2.322 -0.359856 0)
(2.35035 -0.318898 0)
(2.36884 -0.262741 0)
(2.37932 -0.206987 0)
(2.38602 -0.147104 0)
(2.38527 -0.0799791 0)
(2.37344 -0.00258414 0)
(2.33992 0.0986344 0)
(2.293 0.224272 0)
(2.2604 0.289176 0)
(2.2386 0.321912 0)
(2.22134 0.330522 0)
(2.22376 0.312426 0)
(2.66843 0.158229 0)
(2.22228 0.7456 0)
(2.09855 0.834854 0)
(2.04807 0.857953 0)
(2.02112 0.836608 0)
(2.00611 0.744934 0)
(1.98433 0.575892 0)
(1.92796 0.253245 0)
(1.87059 -0.134975 0)
(1.87371 -0.305401 0)
(1.89564 -0.430708 0)
(1.95034 -0.488747 0)
(2.03705 -0.477732 0)
(2.13055 -0.445555 0)
(2.20917 -0.415996 0)
(2.26518 -0.387783 0)
(2.31347 -0.358471 0)
(2.35081 -0.322229 0)
(2.37915 -0.286803 0)
(2.39873 -0.24453 0)
(2.40882 -0.193233 0)
(2.4162 -0.139016 0)
(2.41716 -0.0798373 0)
(2.40872 -0.0146647 0)
(2.38447 0.0632076 0)
(2.3398 0.168847 0)
(2.29246 0.253635 0)
(2.26034 0.304331 0)
(2.23435 0.321394 0)
(2.23155 0.299796 0)
(2.80868 0.123911 0)
(2.43495 0.59591 0)
(2.17465 0.822265 0)
(2.08577 0.853379 0)
(2.03796 0.836263 0)
(1.99965 0.741698 0)
(1.94183 0.518928 0)
(1.87925 0.114184 0)
(1.86094 -0.13078 0)
(1.8683 -0.311501 0)
(1.9022 -0.407209 0)
(1.972 -0.412604 0)
(2.05728 -0.392886 0)
(2.16159 -0.365728 0)
(2.235 -0.350221 0)
(2.2899 -0.332805 0)
(2.33832 -0.311143 0)
(2.37572 -0.281605 0)
(2.40322 -0.251061 0)
(2.42465 -0.220677 0)
(2.43644 -0.173056 0)
(2.44356 -0.125293 0)
(2.44541 -0.074853 0)
(2.43922 -0.0203144 0)
(2.42087 0.042807 0)
(2.38117 0.125974 0)
(2.32999 0.223082 0)
(2.28712 0.290893 0)
(2.24618 0.316103 0)
(2.23384 0.274034 0)
(2.8752 0.0613789 0)
(2.5877 0.339121 0)
(2.20632 0.850283 0)
(2.09836 0.87024 0)
(2.04044 0.83749 0)
(1.9727 0.697524 0)
(1.88826 0.343643 0)
(1.83752 0.0452709 0)
(1.84047 -0.168174 0)
(1.86226 -0.305594 0)
(1.91628 -0.325455 0)
(1.98712 -0.319353 0)
(2.09823 -0.295008 0)
(2.18872 -0.290543 0)
(2.25627 -0.287644 0)
(2.3095 -0.278458 0)
(2.35842 -0.262417 0)
(2.39657 -0.238385 0)
(2.42329 -0.212337 0)
(2.44649 -0.189336 0)
(2.46046 -0.149366 0)
(2.4671 -0.10972 0)
(2.46958 -0.0684368 0)
(2.46522 -0.0239873 0)
(2.45124 0.0272861 0)
(2.42028 0.0946688 0)
(2.37106 0.194475 0)
(2.31396 0.271038 0)
(2.25273 0.305106 0)
(2.23138 0.249868 0)
(2.92262 0.0403077 0)
(2.74037 0.212834 0)
(2.34322 0.699954 0)
(2.13305 0.842273 0)
(2.03909 0.819605 0)
(1.90988 0.583559 0)
(1.81633 0.164526 0)
(1.8195 -0.0496213 0)
(1.83418 -0.200854 0)
(1.87078 -0.244231 0)
(1.92322 -0.240175 0)
(2.02075 -0.218246 0)
(2.11527 -0.215704 0)
(2.19895 -0.221419 0)
(2.26591 -0.225963 0)
(2.32121 -0.222105 0)
(2.37273 -0.210339 0)
(2.41277 -0.192074 0)
(2.43934 -0.171482 0)
(2.46412 -0.153561 0)
(2.4802 -0.124219 0)
(2.48646 -0.091454 0)
(2.48938 -0.0574548 0)
(2.48652 -0.0213714 0)
(2.47621 0.0188587 0)
(2.45366 0.0698252 0)
(2.41046 0.146261 0)
(2.34298 0.229748 0)
(2.26253 0.270044 0)
(2.23097 0.235592 0)
(2.93898 0.0230624 0)
(2.80962 0.119949 0)
(2.48439 0.450051 0)
(2.17532 0.834965 0)
(2.02099 0.798108 0)
(1.86129 0.391013 0)
(1.78596 0.143806 0)
(1.79428 -0.0689394 0)
(1.82651 -0.148524 0)
(1.87078 -0.165188 0)
(1.957 -0.149912 0)
(2.0413 -0.145437 0)
(2.12757 -0.148079 0)
(2.20726 -0.155054 0)
(2.27384 -0.16149 0)
(2.33086 -0.16081 0)
(2.38414 -0.15301 0)
(2.42531 -0.141382 0)
(2.45188 -0.128232 0)
(2.47716 -0.11635 0)
(2.49514 -0.0995309 0)
(2.50215 -0.0751699 0)
(2.50516 -0.0496378 0)
(2.50283 -0.02277 0)
(2.49423 0.00678329 0)
(2.47619 0.04281 0)
(2.44012 0.0929835 0)
(2.37319 0.166195 0)
(2.2764 0.21667 0)
(2.23294 0.201357 0)
(2.95854 0.0132321 0)
(2.87811 0.063745 0)
(2.67684 0.236146 0)
(2.27668 0.660647 0)
(1.96669 0.655334 0)
(1.82355 0.279116 0)
(1.80809 0.0718112 0)
(1.8037 -0.0325009 0)
(1.83725 -0.0685032 0)
(1.91161 -0.0612524 0)
(1.98591 -0.0604914 0)
(2.06379 -0.0644918 0)
(2.14529 -0.0703006 0)
(2.22092 -0.0783816 0)
(2.2851 -0.0858211 0)
(2.34114 -0.0892613 0)
(2.39361 -0.0883069 0)
(2.43373 -0.0852555 0)
(2.45909 -0.0812788 0)
(2.48377 -0.077436 0)
(2.50289 -0.0714948 0)
(2.51096 -0.0600136 0)
(2.51397 -0.0480399 0)
(2.51224 -0.0352983 0)
(2.50522 -0.020614 0)
(2.49037 -0.000997725 0)
(2.45974 0.0288311 0)
(2.39701 0.0761502 0)
(2.27922 0.13156 0)
(2.22676 0.140899 0)
(2.95819 -0.000434078 0)
(2.88199 -0.00131285 0)
(2.70255 0.0280995 0)
(2.32761 0.170103 0)
(1.81587 0.236317 0)
(1.68418 0.136137 0)
(1.7193 0.0566023 0)
(1.76461 0.0221862 0)
(1.84902 0.0245681 0)
(1.92536 0.0297116 0)
(1.9958 0.0314156 0)
(2.07024 0.032566 0)
(2.14817 0.0333445 0)
(2.22046 0.0326204 0)
(2.28244 0.0305774 0)
(2.33755 0.0280066 0)
(2.38999 0.02539 0)
(2.43062 0.0227669 0)
(2.45664 0.0200921 0)
(2.48219 0.0172194 0)
(2.50278 0.0151221 0)
(2.51201 0.0149827 0)
(2.51549 0.0148714 0)
(2.51431 0.0148751 0)
(2.50799 0.0152813 0)
(2.49435 0.0165405 0)
(2.46588 0.0199876 0)
(2.40567 0.0290653 0)
(2.28449 0.0459268 0)
(2.22254 0.068442 0)
)
;

boundaryField
{
    inlet
    {
        type            fixedValue;
        value           uniform (3 0 0);
    }
    outlet
    {
        type            inletOutlet;
        inletValue      uniform (3 0 0);
        value           nonuniform List<vector> 
30
(
(1.22616 0.0131791 0)
(1.35269 0.0129614 0)
(1.46594 0.0156776 0)
(1.57881 0.0348647 0)
(1.67535 0.0423354 0)
(1.76026 0.0607393 0)
(1.81849 0.0751661 0)
(1.86812 0.0895692 0)
(1.90471 0.103026 0)
(1.95369 0.116028 0)
(1.99777 0.128953 0)
(2.03534 0.144502 0)
(2.06854 0.159089 0)
(2.09755 0.172645 0)
(2.12297 0.185807 0)
(2.14302 0.200475 0)
(2.1606 0.217668 0)
(2.17515 0.235982 0)
(2.18693 0.257276 0)
(2.19257 0.281029 0)
(2.20266 0.30052 0)
(2.21435 0.313607 0)
(2.22376 0.312426 0)
(2.23155 0.299796 0)
(2.23384 0.274034 0)
(2.23138 0.249868 0)
(2.23097 0.235592 0)
(2.23294 0.201357 0)
(2.22676 0.140899 0)
(2.22254 0.068442 0)
)
;
    }
    top
    {
        type            symmetryPlane;
    }
    bottom
    {
        type            symmetryPlane;
    }
    step
    {
        type            slip;
    }
    defaultFaces
    {
        type            empty;
    }
}


// ************************************************************************* //
