/*--------------------------------*- C++ -*----------------------------------*\
  =========                 |
  \\      /  F ield         | OpenFOAM: The Open Source CFD Toolbox
   \\    /   O peration     | Website:  https://openfoam.org
    \\  /    A nd           | Version:  6.0
     \\/     M anipulation  |
\*---------------------------------------------------------------------------*/
FoamFile
{
    version     2.0;
    format      ascii;
    class       volScalarField;
    location    "1.000346";
    object      rho;
}
// * * * * * * * * * * * * * * * * * * * * * * * * * * * * * * * * * * * * * //

dimensions      [1 -3 0 0 0 0 0];

internalField   nonuniform List<scalar> 
4800
(
1.39997
1.39997
1.39997
1.39997
1.39997
1.39997
1.39997
1.39997
1.39997
1.39997
1.39997
1.39997
1.39997
1.39997
1.39997
1.39997
1.39997
1.39997
1.39997
1.39997
1.39997
1.39997
2.43339
5.09174
5.44894
5.51454
5.60383
5.65593
5.67438
5.68793
5.68899
5.7061
5.77977
5.95117
6.07517
6.07061
5.9415
5.91984
5.95729
6.05508
1.39997
1.39997
1.39997
1.39997
1.39997
1.39997
1.39997
1.39997
1.39997
1.39997
1.39997
1.39997
1.39997
1.39997
1.39997
1.39997
1.39997
1.39997
1.39997
1.39997
1.39997
1.39997
2.42167
5.07664
5.46941
5.52558
5.59126
5.62564
5.63711
5.66735
5.71885
5.75215
5.75108
5.70916
5.74376
5.84518
5.85425
5.69867
5.57744
5.45389
1.39997
1.39997
1.39997
1.39997
1.39997
1.39997
1.39997
1.39997
1.39997
1.39997
1.39997
1.39997
1.39997
1.39997
1.39997
1.39997
1.39997
1.39997
1.39997
1.39997
1.39997
1.39997
2.40529
5.05395
5.48124
5.54562
5.59067
5.59065
5.56001
5.57294
5.68791
5.76987
5.7418
5.6008
5.50606
5.60772
5.62427
5.40951
5.14754
5.07919
1.39997
1.39997
1.39997
1.39997
1.39997
1.39997
1.39997
1.39997
1.39997
1.39997
1.39997
1.39997
1.39997
1.39997
1.39997
1.39997
1.39997
1.39997
1.39997
1.39997
1.39997
1.39997
2.38504
5.03203
5.47569
5.56149
5.60571
5.59614
5.56581
5.53654
5.56588
5.71105
5.77416
5.68945
5.52169
5.40581
5.50473
5.55973
5.50714
5.46395
1.39997
1.39997
1.39997
1.39997
1.39997
1.39997
1.39997
1.39997
1.39997
1.39997
1.39997
1.39997
1.39997
1.39997
1.39997
1.39997
1.39997
1.39997
1.39997
1.39997
1.39997
1.39997
2.36401
5.02015
5.46095
5.56634
5.6297
5.62802
5.6074
5.57966
5.53254
5.59895
5.79696
5.8883
5.74512
5.50931
5.50808
5.68884
5.87198
5.98083
1.39997
1.39997
1.39997
1.39997
1.39997
1.39997
1.39997
1.39997
1.39997
1.39997
1.39997
1.39997
1.39997
1.39997
1.39997
1.39997
1.39997
1.39997
1.39997
1.39997
1.39997
1.39997
2.34511
5.02353
5.46377
5.54728
5.61812
5.64001
5.64169
5.6355
5.61964
5.61133
5.73272
5.95788
6.07174
5.9136
5.74292
5.92308
6.13084
6.1817
1.39997
1.39997
1.39997
1.39997
1.39997
1.39997
1.39997
1.39997
1.39997
1.39997
1.39997
1.39997
1.39997
1.39997
1.39997
1.39997
1.39997
1.39997
1.39997
1.39997
1.39997
1.39997
2.32298
5.02815
5.48145
5.53612
5.58805
5.61272
5.63325
5.70292
5.76551
5.74638
5.70832
5.90291
6.15997
6.20148
6.05743
5.77061
5.65736
5.64634
1.39997
1.39997
1.39997
1.39997
1.39997
1.39997
1.39997
1.39997
1.39997
1.39997
1.39997
1.39997
1.39997
1.39997
1.39997
1.39997
1.39997
1.39997
1.39997
1.39997
1.39997
1.39997
2.29049
5.01467
5.48446
5.53534
5.58232
5.58492
5.59924
5.70418
5.80254
5.81047
5.71282
5.70515
5.9624
6.19742
6.05128
5.5892
5.23504
5.14934
1.39997
1.39997
1.39997
1.39997
1.39997
1.39997
1.39997
1.39997
1.39997
1.39997
1.39997
1.39997
1.39997
1.39997
1.39997
1.39997
1.39997
1.39997
1.39997
1.39997
1.39997
1.39997
2.24821
4.98024
5.47866
5.54269
5.58766
5.61505
5.60894
5.59406
5.6798
5.76555
5.71752
5.59796
5.60405
5.8068
5.784
5.50969
5.21886
5.1344
1.39997
1.39997
1.39997
1.39997
1.39997
1.39997
1.39997
1.39997
1.39997
1.39997
1.39997
1.39997
1.39997
1.39997
1.39997
1.39997
1.39997
1.39997
1.39997
1.39997
1.39997
1.39997
2.20491
4.94293
5.46291
5.55239
5.61871
5.6535
5.61234
5.53842
5.52074
5.64495
5.74206
5.62566
5.40152
5.32794
5.52218
5.67452
5.72436
5.75949
1.39997
1.39997
1.39997
1.39997
1.39997
1.39997
1.39997
1.39997
1.39997
1.39997
1.39997
1.39997
1.39997
1.39997
1.39997
1.39997
1.39997
1.39997
1.39997
1.39997
1.39997
1.39997
2.16704
4.92162
5.44167
5.54924
5.63879
5.66123
5.63751
5.55142
5.48621
5.57639
5.71834
5.67193
5.35072
5.13304
5.39
5.84972
6.16268
6.29965
1.39997
1.39997
1.39997
1.39997
1.39997
1.39997
1.39997
1.39997
1.39997
1.39997
1.39997
1.39997
1.39997
1.39997
1.39997
1.39997
1.39997
1.39997
1.39997
1.39997
1.39997
1.39997
2.1336
4.90657
5.4447
5.54177
5.6062
5.62614
5.60297
5.58667
5.56842
5.60889
5.70905
5.65585
5.44596
5.30276
5.48096
5.8916
6.08664
6.05039
1.39997
1.39997
1.39997
1.39997
1.39997
1.39997
1.39997
1.39997
1.39997
1.39997
1.39997
1.39997
1.39997
1.39997
1.39997
1.39997
1.39997
1.39997
1.39997
1.39997
1.39997
1.39997
2.10277
4.90493
5.47607
5.53682
5.57393
5.54973
5.55115
5.63329
5.72036
5.71927
5.69545
5.73996
5.77537
5.72939
5.65002
5.54012
5.47113
5.41635
1.39997
1.39997
1.39997
1.39997
1.39997
1.39997
1.39997
1.39997
1.39997
1.39997
1.39997
1.39997
1.39997
1.39997
1.39997
1.39997
1.39997
1.39997
1.39997
1.39997
1.39997
1.39997
2.06073
4.89111
5.50541
5.51989
5.53229
5.49719
5.51409
5.69171
5.80196
5.76642
5.67438
5.89685
6.16888
6.17532
5.88679
5.34171
5.11719
5.22927
1.39997
1.39997
1.39997
1.39997
1.39997
1.39997
1.39997
1.39997
1.39997
1.39997
1.39997
1.39997
1.39997
1.39997
1.39997
1.39997
1.39997
1.39997
1.39997
1.39997
1.39997
1.39997
2.00122
4.84829
5.51518
5.51148
5.48646
5.48545
5.5816
5.70158
5.74682
5.69689
5.66793
5.89366
6.15512
6.23511
5.95921
5.38239
5.19672
5.26051
1.39997
1.39997
1.39997
1.39997
1.39997
1.39997
1.39997
1.39997
1.39997
1.39997
1.39997
1.39997
1.39997
1.39997
1.39997
1.39997
1.39997
1.39997
1.39997
1.39997
1.39997
1.39997
1.93399
4.78548
5.49008
5.49262
5.47978
5.55406
5.66553
5.65121
5.6276
5.60695
5.65896
5.75207
5.97563
6.20798
6.01934
5.6003
5.17927
5.00916
1.39997
1.39997
1.39997
1.39997
1.39997
1.39997
1.39997
1.39997
1.39997
1.39997
1.39997
1.39997
1.39997
1.39997
1.39997
1.39997
1.39997
1.39997
1.39997
1.39997
1.39997
1.39997
1.87081
4.71561
5.45488
5.46454
5.53705
5.64467
5.65402
5.60727
5.52332
5.57111
5.64255
5.62774
5.53273
5.44726
5.70416
5.8088
5.77948
5.77205
1.39997
1.39997
1.39997
1.39997
1.39997
1.39997
1.39997
1.39997
1.39997
1.39997
1.39997
1.39997
1.39997
1.39997
1.39997
1.39997
1.39997
1.39997
1.39997
1.39997
1.39997
1.39997
1.81282
4.66344
5.41669
5.49588
5.6425
5.65861
5.59717
5.47483
5.49271
5.64823
5.77234
5.69154
5.35391
5.15433
5.37572
5.76979
6.10387
6.34407
1.39997
1.39997
1.39997
1.39997
1.39997
1.39997
1.39997
1.39997
1.39997
1.39997
1.39997
1.39997
1.39997
1.39997
1.39997
1.39997
1.39997
1.39997
1.39997
1.39997
1.39997
1.39997
1.75284
4.62806
5.46646
5.55766
5.63521
5.62055
5.49523
5.40274
5.44714
5.71616
5.87935
5.78113
5.32466
4.99559
5.13013
5.68703
6.31769
6.70934
1.39997
1.39997
1.39997
1.39997
1.39997
1.39997
1.39997
1.39997
1.39997
1.39997
1.39997
1.39997
1.39997
1.39997
1.39997
1.39997
1.39997
1.39997
1.39997
1.39997
1.39997
1.39997
1.69509
4.58403
5.53775
5.55776
5.5831
5.50761
5.43646
5.45537
5.5933
5.73192
5.80429
5.74876
5.50731
5.26479
5.27205
5.53558
5.71655
5.54217
1.39997
1.39997
1.39997
1.39997
1.39997
1.39997
1.39997
1.39997
1.39997
1.39997
1.39997
1.39997
1.39997
1.39997
1.39997
1.39997
1.39997
1.39997
1.39997
1.39997
1.39997
1.39997
1.63187
4.49408
5.53203
5.53233
5.51668
5.40074
5.3634
5.59898
5.74372
5.69164
5.57291
5.59474
5.85194
6.01472
5.85199
5.50345
5.07696
4.8613
1.39997
1.39997
1.39997
1.39997
1.39997
1.39997
1.39997
1.39997
1.39997
1.39997
1.39997
1.39997
1.39997
1.39997
1.39997
1.39997
1.39997
1.39997
1.39997
1.39997
1.39997
1.39997
1.56629
4.38867
5.50775
5.49259
5.45957
5.39517
5.48344
5.65758
5.73447
5.65747
5.41792
5.46489
5.93116
6.3313
6.29088
5.6455
4.88231
4.68189
1.39997
1.39997
1.39997
1.39997
1.39997
1.39997
1.39997
1.39997
1.39997
1.39997
1.39997
1.39997
1.39997
1.39997
1.39997
1.39997
1.39997
1.39997
1.39997
1.39997
1.39997
1.39997
1.50555
4.28529
5.45893
5.46714
5.45482
5.52636
5.62
5.64023
5.68328
5.5656
5.38663
5.43172
5.77539
6.18946
6.24532
5.86049
5.2516
5.18222
1.39997
1.39997
1.39997
1.39997
1.39997
1.39997
1.39997
1.39997
1.39997
1.39997
1.39997
1.39997
1.39997
1.39997
1.39997
1.39997
1.39997
1.39997
1.39997
1.39997
1.39997
1.39997
1.44682
4.16692
5.42635
5.42895
5.4688
5.58475
5.64609
5.62934
5.51145
5.43858
5.50077
5.56134
5.58518
5.62594
5.72991
5.87903
5.94955
6.06346
1.39997
1.39997
1.39997
1.39997
1.39997
1.39997
1.39997
1.39997
1.39997
1.39997
1.39997
1.39997
1.39997
1.39997
1.39997
1.39997
1.39997
1.39997
1.39997
1.39997
1.39997
1.39997
1.407
4.01057
5.4133
5.40719
5.45703
5.54469
5.62567
5.56908
5.36826
5.41391
5.64935
5.77133
5.54606
5.11534
5.03512
5.56723
6.08381
6.47425
1.39997
1.39997
1.39997
1.39997
1.39997
1.39997
1.39997
1.39997
1.39997
1.39997
1.39997
1.39997
1.39997
1.39997
1.39997
1.39997
1.39997
1.39997
1.39997
1.39997
1.39997
1.39997
1.40021
3.84686
5.40689
5.38356
5.43982
5.53569
5.55509
5.43284
5.28404
5.35563
5.72665
5.89553
5.59681
5.05816
4.92379
5.15898
5.8778
6.39606
1.39997
1.39997
1.39997
1.39997
1.39997
1.39997
1.39997
1.39997
1.39997
1.39997
1.39997
1.39997
1.39997
1.39997
1.39997
1.39997
1.39997
1.39997
1.39997
1.39997
1.39997
1.39997
1.39997
3.68443
5.40739
5.38147
5.45877
5.52129
5.48145
5.35426
5.33914
5.53029
5.71149
5.85505
5.59193
5.14668
5.00697
5.10515
5.20037
5.20553
1.39997
1.39997
1.39997
1.39997
1.39997
1.39997
1.39997
1.39997
1.39997
1.39997
1.39997
1.39997
1.39997
1.39997
1.39997
1.39997
1.39997
1.39997
1.39997
1.39997
1.39997
1.39997
1.39997
3.51194
5.40055
5.42962
5.49691
5.47097
5.33463
5.39569
5.67091
5.79396
5.66308
5.44984
5.51299
5.62295
5.51249
5.29674
5.06357
4.76899
1.39997
1.39997
1.39997
1.39997
1.39997
1.39997
1.39997
1.39997
1.39997
1.39997
1.39997
1.39997
1.39997
1.39997
1.39997
1.39997
1.39997
1.39997
1.39997
1.39997
1.39997
1.39997
1.39997
3.33512
5.37428
5.4933
5.48094
5.36315
5.27388
5.4551
5.81462
5.86642
5.65071
5.27571
5.4027
5.90638
6.17363
5.95981
5.22473
4.87759
1.39997
1.39997
1.39997
1.39997
1.39997
1.39997
1.39997
1.39997
1.39997
1.39997
1.39997
1.39997
1.39997
1.39997
1.39997
1.39997
1.39997
1.39997
1.39997
1.39997
1.39997
1.39997
1.39997
3.16335
5.32936
5.48174
5.43061
5.31451
5.28507
5.53217
5.73562
5.84017
5.60163
5.30391
5.44241
5.83589
6.11777
6.11747
5.86027
5.6659
1.39997
1.39997
1.39997
1.39997
1.39997
1.39997
1.39997
1.39997
1.39997
1.39997
1.39997
1.39997
1.39997
1.39997
1.39997
1.39997
1.39997
1.39997
1.39997
1.39997
1.39997
1.39997
1.39997
2.98655
5.26081
5.38926
5.36628
5.35997
5.51708
5.54251
5.59519
5.54961
5.48849
5.48406
5.58261
5.64542
5.79835
5.90643
5.84977
6.177
1.39997
1.39997
1.39997
1.39997
1.39997
1.39997
1.39997
1.39997
1.39997
1.39997
1.39997
1.39997
1.39997
1.39997
1.39997
1.39997
1.39997
1.39997
1.39997
1.39997
1.39997
1.39997
1.39997
2.79363
5.15969
5.29704
5.3026
5.47169
5.61565
5.55803
5.34761
5.19193
5.38376
5.63301
5.64669
5.38604
4.831
4.69092
5.46153
6.02582
1.39997
1.39997
1.39997
1.39997
1.39997
1.39997
1.39997
1.39997
1.39997
1.39997
1.39997
1.39997
1.39997
1.39997
1.39997
1.39997
1.39997
1.39997
1.39997
1.39997
1.39997
1.39997
1.39997
2.60088
5.0399
5.27757
5.40652
5.56042
5.58264
5.48567
5.17445
5.1748
5.38635
5.71671
5.71811
5.23444
4.68451
4.47584
4.51604
4.78633
1.39997
1.39997
1.39997
1.39997
1.39997
1.39997
1.39997
1.39997
1.39997
1.39997
1.39997
1.39997
1.39997
1.39997
1.39997
1.39997
1.39997
1.39997
1.39997
1.39997
1.39997
1.39997
1.39997
2.44041
4.92334
5.37674
5.52724
5.58984
5.54511
5.29638
5.10638
5.17566
5.5498
5.77397
5.71125
5.11086
4.62231
4.41871
4.37645
4.44785
1.39997
1.39997
1.39997
1.39997
1.39997
1.39997
1.39997
1.39997
1.39997
1.39997
1.39997
1.39997
1.39997
1.39997
1.39997
1.39997
1.39997
1.39997
1.39997
1.39997
1.39997
1.39997
1.39997
2.29663
4.93083
5.54205
5.56753
5.57874
5.39113
5.19195
5.11386
5.32904
5.68284
5.77065
5.50961
5.04305
4.64529
4.44709
4.38902
4.33609
1.39997
1.39997
1.39997
1.39997
1.39997
1.39997
1.39997
1.39997
1.39997
1.39997
1.39997
1.39997
1.39997
1.39997
1.39997
1.39997
1.39997
1.39997
1.39997
1.39997
1.39997
1.39997
1.39997
2.11809
5.04964
5.63437
5.48554
5.32632
5.29489
5.31639
5.55476
5.66939
5.59532
5.36018
5.20188
5.18717
5.27416
4.80271
4.46701
4.21969
1.39997
1.39997
1.39997
1.39997
1.39997
1.39997
1.39997
1.39997
1.39997
1.39997
1.39997
1.39997
1.39997
1.39997
1.39997
1.39997
1.39997
1.39997
1.39997
1.39997
1.39997
1.39997
1.39997
1.90965
4.97734
5.56565
5.31254
5.18887
5.28577
5.63932
5.83427
5.71626
5.51737
5.07733
5.08525
5.59782
6.12432
5.96625
4.73731
4.24293
1.39997
1.39997
1.39997
1.39997
1.39997
1.39997
1.39997
1.39997
1.39997
1.39997
1.39997
1.39997
1.39997
1.39997
1.39997
1.39997
1.39997
1.39997
1.39997
1.39997
1.39997
1.39997
1.39997
1.72411
4.76566
5.44037
5.22331
5.24629
5.56984
5.80663
5.79631
5.62248
5.13138
5.07085
5.16378
5.7479
6.04534
6.18364
5.75283
4.70454
1.39997
1.39997
1.39997
1.39997
1.39997
1.39997
1.39997
1.39997
1.39997
1.39997
1.39997
1.39997
1.39997
1.39997
1.39997
1.39997
1.39997
1.39997
1.39997
1.39997
1.39997
1.39997
1.39997
1.57737
4.46596
5.31452
5.34717
5.57808
5.6945
5.78446
5.72253
5.22445
5.01476
5.1465
5.67322
5.71026
5.86332
5.99929
6.04819
6.24616
1.39997
1.39997
1.39997
1.39997
1.39997
1.39997
1.39997
1.39997
1.39997
1.39997
1.39997
1.39997
1.39997
1.39997
1.39997
1.39997
1.39997
1.39997
1.39997
1.39997
1.39997
1.39997
1.39997
1.4936
4.28537
5.40802
5.53164
5.60953
5.62593
5.52706
5.16529
5.05127
5.04766
5.51069
5.74733
5.58636
5.25962
5.29663
5.74883
6.03046
1.39997
1.39997
1.39997
1.39997
1.39997
1.39997
1.39997
1.39997
1.39997
1.39997
1.39997
1.39997
1.39997
1.39997
1.39997
1.39997
1.39997
1.39997
1.39997
1.39997
1.39997
1.39997
1.39997
1.40976
3.79957
5.2892
5.33174
5.36515
5.34175
5.25601
5.25919
5.35723
5.42053
5.37777
5.22198
5.10723
4.85628
4.5014
4.05416
3.23502
1.39997
1.39997
1.39997
1.39997
1.39997
1.39997
1.39997
1.39997
1.39997
1.39997
1.39997
1.39997
1.39997
1.39997
1.39997
1.39997
1.39997
1.39997
1.39997
1.39997
1.39997
1.39997
1.39997
1.40004
2.81119
5.01239
5.23397
5.26634
5.31527
5.36872
5.36617
5.30673
5.22827
5.09186
4.96932
4.88107
4.77325
4.59129
4.14591
3.26648
1.39997
1.39997
1.39997
1.39997
1.39997
1.39997
1.39997
1.39997
1.39997
1.39997
1.39997
1.39997
1.39997
1.39997
1.39997
1.39997
1.39997
1.39997
1.39997
1.39997
1.39997
1.39997
1.39997
1.39997
1.85455
4.66504
5.30044
5.26925
5.27368
5.28178
5.25302
5.17212
5.06994
4.98023
4.91371
4.80665
4.65167
4.42341
4.09756
3.42835
1.39997
1.39997
1.39997
1.39997
1.39997
1.39997
1.39997
1.39997
1.39997
1.39997
1.39997
1.39997
1.39997
1.39997
1.39997
1.39997
1.39997
1.39997
1.39997
1.39997
1.39997
1.39997
1.39997
1.39997
1.42806
3.74797
5.22787
5.21247
5.18869
5.18001
5.161
5.1198
5.03634
4.91228
4.77992
4.6304
4.44964
4.21425
3.88967
3.43466
1.39997
1.39997
1.39997
1.39997
1.39997
1.39997
1.39997
1.39997
1.39997
1.39997
1.39997
1.39997
1.39997
1.39997
1.39997
1.39997
1.39997
1.39997
1.39997
1.39997
1.39997
1.39997
1.39997
1.39997
1.40001
2.42171
4.96679
5.20982
5.15806
5.1422
5.11351
5.06336
4.9743
4.84041
4.70407
4.54047
4.3447
4.10279
3.80325
3.44
1.39997
1.39997
1.39997
1.39997
1.39997
1.39997
1.39997
1.39997
1.39997
1.39997
1.39997
1.39997
1.39997
1.39997
1.39997
1.39997
1.39997
1.39997
1.39997
1.39997
1.39997
1.39997
1.39997
1.39997
1.39997
1.51706
4.12981
5.20582
5.13999
5.11366
5.05168
4.97508
4.89029
4.79129
4.68204
4.53515
4.33548
4.08591
3.79752
3.48079
1.39997
1.39997
1.39997
1.39997
1.39997
1.39997
1.39997
1.39997
1.39997
1.39997
1.39997
1.39997
1.39997
1.39997
1.39997
1.39997
1.39997
1.39997
1.39997
1.39997
1.39997
1.39997
1.39997
1.39997
1.39997
1.401
2.63332
4.95912
5.11167
5.05795
4.98769
4.90532
4.8296
4.74772
4.6423
4.50691
4.31965
4.08233
3.82316
3.55052
1.39997
1.39997
1.39997
1.39997
1.39997
1.39997
1.39997
1.39997
1.39997
1.39997
1.39997
1.39997
1.39997
1.39997
1.39997
1.39997
1.39997
1.39997
1.39997
1.39997
1.39997
1.39997
1.39997
1.39997
1.39997
1.39997
1.55266
4.07175
5.12788
5.07598
4.96137
4.85348
4.77723
4.6913
4.58374
4.43806
4.27078
4.07314
3.85732
3.62001
1.39997
1.39997
1.39997
1.39997
1.39997
1.39997
1.39997
1.39997
1.39997
1.39997
1.39997
1.39997
1.39997
1.39997
1.39997
1.39997
1.39997
1.39997
1.39997
1.39997
1.39997
1.39997
1.39997
1.39997
1.39997
1.39997
1.40179
2.40623
4.83254
5.03676
4.93786
4.84605
4.75511
4.65543
4.52663
4.36035
4.20369
4.04662
3.86895
3.65769
1.39997
1.39997
1.39997
1.39997
1.39997
1.39997
1.39997
1.39997
1.39997
1.39997
1.39997
1.39997
1.39997
1.39997
1.39997
1.39997
1.39997
1.39997
1.39997
1.39997
1.39997
1.39997
1.39997
1.39997
1.39997
1.39997
1.39997
1.49527
3.65025
4.98663
4.95066
4.84986
4.73969
4.62066
4.47597
4.30924
4.16197
4.02307
3.86484
3.67151
1.39997
1.39997
1.39997
1.39997
1.39997
1.39997
1.39997
1.39997
1.39997
1.39997
1.39997
1.39997
1.39997
1.39997
1.39997
1.39997
1.39997
1.39997
1.39997
1.39997
1.39997
1.39997
1.39997
1.39997
1.39997
1.39997
1.39997
1.40072
1.90828
4.45361
4.99266
4.88255
4.77133
4.63057
4.47132
4.31472
4.17431
4.03341
3.86773
3.68026
1.39997
1.39997
1.39997
1.39997
1.39997
1.39997
1.39997
1.39997
1.39997
1.39997
1.39997
1.39997
1.39997
1.39997
1.39997
1.39997
1.39997
1.39997
1.39997
1.39997
1.39997
1.39997
1.39997
1.39997
1.39997
1.39997
1.39997
1.39997
1.42253
2.7395
4.77217
4.87136
4.76392
4.64479
4.4928
4.34731
4.20658
4.05708
3.88464
3.70896
1.39997
1.39997
1.39997
1.39997
1.39997
1.39997
1.39997
1.39997
1.39997
1.39997
1.39997
1.39997
1.39997
1.39997
1.39997
1.39997
1.39997
1.39997
1.39997
1.39997
1.39997
1.39997
1.39997
1.39997
1.39997
1.39997
1.39997
1.39997
1.40007
1.56158
3.55866
4.81135
4.77913
4.67556
4.55196
4.41744
4.27391
4.11186
3.93525
3.77007
1.39997
1.39997
1.39997
1.39997
1.39997
1.39997
1.39997
1.39997
1.39997
1.39997
1.39997
1.39997
1.39997
1.39997
1.39997
1.39997
1.39997
1.39997
1.39997
1.39997
1.39997
1.39997
1.39997
1.39997
1.39997
1.39997
1.39997
1.39997
1.39997
1.40223
1.87199
4.0511
4.79931
4.70883
4.60001
4.47577
4.33941
4.18349
4.01813
3.86215
1.39997
1.39997
1.39997
1.39997
1.39997
1.39997
1.39997
1.39997
1.39997
1.39997
1.39997
1.39997
1.39997
1.39997
1.39997
1.39997
1.39997
1.39997
1.39997
1.39997
1.39997
1.39997
1.39997
1.39997
1.39997
1.39997
1.39997
1.39997
1.39997
1.39997
1.41846
2.24336
4.35125
4.73027
4.6185
4.50252
4.37619
4.2377
4.09648
3.94999
1.39997
1.39997
1.39997
1.39997
1.39997
1.39997
1.39997
1.39997
1.39997
1.39997
1.39997
1.39997
1.39997
1.39997
1.39997
1.39997
1.39997
1.39997
1.39997
1.39997
1.39997
1.39997
1.39997
1.39997
1.39997
1.39997
1.39997
1.39997
1.39997
1.39997
1.40007
1.46114
2.63171
4.49481
4.65189
4.52798
4.40151
4.27492
4.14516
4.00789
1.39997
1.39997
1.39997
1.39997
1.39997
1.39997
1.39997
1.39997
1.39997
1.39997
1.39997
1.39997
1.39997
1.39997
1.39997
1.39997
1.39997
1.39997
1.39997
1.39997
1.39997
1.39997
1.39997
1.39997
1.39997
1.39997
1.39997
1.39997
1.39997
1.39997
1.39997
1.40054
1.53598
2.98098
4.51073
4.5803
4.4402
4.31234
4.18761
4.05474
1.39997
1.39997
1.39997
1.39997
1.39997
1.39997
1.39997
1.39997
1.39997
1.39997
1.39997
1.39997
1.39997
1.39997
1.39997
1.39997
1.39997
1.39997
1.39997
1.39997
1.39997
1.39997
1.39997
1.39997
1.39997
1.39997
1.39997
1.39997
1.39997
1.39997
1.39997
1.39997
1.40198
1.6372
3.21853
4.47218
4.50895
4.37313
4.23306
4.10666
1.39997
1.39997
1.39997
1.39997
1.39997
1.39997
1.39997
1.39997
1.39997
1.39997
1.39997
1.39997
1.39997
1.39997
1.39997
1.39997
1.39997
1.39997
1.39997
1.39997
1.39997
1.39997
1.39997
1.39997
1.39997
1.39997
1.39997
1.39997
1.39997
1.39997
1.39997
1.39997
1.39997
1.40531
1.73646
3.34917
4.41754
4.4516
4.31234
4.17384
1.39997
1.39997
1.39997
1.39997
1.39997
1.39997
1.39997
1.39997
1.39997
1.39997
1.39997
1.39997
1.39997
1.39997
1.39997
1.39997
1.39997
1.39997
1.39997
1.39997
1.39997
1.39997
1.39997
1.39997
1.39997
1.39997
1.39997
1.39997
1.39997
1.39997
1.39997
1.39997
1.39997
1.39999
1.41025
1.80985
3.38625
4.36159
4.39745
4.27999
1.39997
1.39997
1.39997
1.39997
1.39997
1.39997
1.39997
1.39997
1.39997
1.39997
1.39997
1.39997
1.39997
1.39997
1.39997
1.39997
1.39997
1.39997
1.39997
1.39997
1.39997
1.39997
1.39997
1.39997
1.39997
1.39997
1.39997
1.39997
1.39997
1.39997
1.39997
1.39997
1.39997
1.39997
1.40002
1.41501
1.84004
3.34794
4.29581
4.33871
1.39997
1.39997
1.39997
1.39997
1.39997
1.39997
1.39997
1.39997
1.39997
1.39997
1.39997
1.39997
1.39997
1.39997
1.39997
1.39997
1.39997
1.39997
1.39997
1.39997
1.39997
1.39997
1.39997
1.39997
1.39997
1.39997
1.39997
1.39997
1.39997
1.39997
1.39997
1.39997
1.39997
1.39997
1.39997
1.40005
1.4172
1.82685
3.25885
4.23261
1.39997
1.39997
1.39997
1.39997
1.39997
1.39997
1.39997
1.39997
1.39997
1.39997
1.39997
1.39997
1.39997
1.39997
1.39997
1.39997
1.39997
1.39997
1.39997
1.39997
1.39997
1.39997
1.39997
1.39997
1.39997
1.39997
1.39997
1.39997
1.39997
1.39997
1.39997
1.39997
1.39997
1.39997
1.39997
1.39997
1.40006
1.41701
1.78122
3.22602
1.39997
1.39997
1.39997
1.39997
1.39997
1.39997
1.39997
1.39997
1.39997
1.39997
1.39997
1.39997
1.39997
1.39997
1.39997
1.39997
1.39997
1.39997
1.39997
1.39997
1.39997
1.39997
1.39997
1.39997
1.39997
1.39997
1.39997
1.39997
1.39997
1.39997
1.39997
1.39997
1.39997
1.39997
1.39997
1.39997
1.39997
1.40007
1.41265
1.8067
1.39997
1.39997
1.39997
1.39997
1.39997
1.39997
1.39997
1.39997
1.39997
1.39997
1.39997
1.39997
1.39997
1.39997
1.39997
1.39997
1.39997
1.39997
1.39997
1.39997
1.39997
1.39997
1.39997
1.39997
1.39997
1.39997
1.39997
1.39997
1.39997
1.39997
1.39997
1.39997
1.39997
1.39997
1.39997
1.39997
1.39997
1.39997
1.40004
1.41524
1.39997
1.39997
1.39997
1.39997
1.39997
1.39997
1.39997
1.39997
1.39997
1.39997
1.39997
1.39997
1.39997
1.39997
1.39997
1.39997
1.39997
1.39997
1.39997
1.39997
1.39997
1.39997
1.39997
1.39997
1.39997
1.39997
1.39997
1.39997
1.39997
1.39997
1.39997
1.39997
1.39997
1.39997
1.39997
1.39997
1.39997
1.39997
1.39997
1.4
1.39997
1.39997
1.39997
1.39997
1.39997
1.39997
1.39997
1.39997
1.39997
1.39997
1.39997
1.39997
1.39997
1.39997
1.39997
1.39997
1.39997
1.39997
1.39997
1.39997
1.39997
1.39997
1.39997
1.39997
1.39997
1.39997
1.39997
1.39997
1.39997
1.39997
1.39997
1.39997
1.39997
1.39997
1.39997
1.39997
1.39997
1.39997
1.39997
1.39997
1.39997
1.39997
1.39997
1.39997
1.39997
1.39997
1.39997
1.39997
1.39997
1.39997
1.39997
1.39997
1.39997
1.39997
1.39997
1.39997
1.39997
1.39997
1.39997
1.39997
1.39997
1.39997
1.39997
1.39997
1.39997
1.39997
1.39997
1.39997
1.39997
1.39997
1.39997
1.39997
1.39997
1.39997
1.39997
1.39997
1.39997
1.39997
1.39997
1.39997
1.39997
1.39997
1.39997
1.39997
1.39997
1.39997
1.39997
1.39997
1.39997
1.39997
1.39997
1.39997
1.39997
1.39997
1.39997
1.39997
1.39997
1.39997
1.39997
1.39997
1.39997
1.39997
1.39997
1.39997
1.39997
1.39997
1.39997
1.39997
1.39997
1.39997
1.39997
1.39997
1.39997
1.39997
1.39997
1.39997
1.39997
1.39997
1.39997
1.39997
1.39997
1.39997
1.39997
1.39997
1.39997
1.39997
1.39997
1.39997
1.39997
1.39997
1.39997
1.39997
1.39997
1.39997
1.39997
1.39997
1.39997
1.39997
1.39997
1.39997
1.39997
1.39997
1.39997
1.39997
1.39997
1.39997
1.39997
1.39997
1.39997
1.39997
1.39997
1.39997
1.39997
1.39997
1.39997
1.39997
1.39997
1.39997
1.39997
1.39997
1.39997
1.39997
1.39997
1.39997
1.39997
1.39997
1.39997
1.39997
1.39997
1.39997
1.39997
1.39997
1.39997
1.39997
1.39997
1.39997
1.39997
1.39997
1.39997
1.39997
1.39997
1.39997
1.39997
1.39997
1.39997
1.39997
1.39997
1.39997
1.39997
1.39997
1.39997
1.39997
1.39997
1.39997
1.39997
1.39997
1.39997
1.39997
1.39997
1.39997
1.39997
1.39997
1.39997
1.39997
1.39997
1.39997
1.39997
1.39997
1.39997
1.39997
1.39997
1.39997
1.39997
1.39997
1.39997
1.39997
1.39997
1.39997
1.39997
1.39997
1.39997
1.39997
1.39997
1.39997
1.39997
1.39997
1.39997
1.39997
1.39997
1.39997
1.39997
1.39997
1.39997
1.39997
1.39997
1.39997
1.39997
1.39997
1.39997
1.39997
1.39997
1.39997
1.39997
1.39997
1.39997
1.39997
1.39997
1.39997
1.39997
1.39997
1.39997
1.39997
1.39997
1.39997
1.39997
1.39997
1.39997
1.39997
1.39997
1.39997
1.39997
1.39997
1.39997
1.39997
1.39997
1.39997
1.39997
1.39997
1.39997
1.39997
1.39997
1.39997
1.39997
1.39997
1.39997
1.39997
1.39997
1.39997
1.39997
1.39997
1.39997
1.39997
1.39997
1.39997
1.39997
1.39997
1.39997
1.39997
1.39997
1.39997
1.39997
1.39997
1.39997
1.39997
1.39997
1.39997
1.39997
1.39997
1.39997
1.39997
1.39997
1.39997
1.39997
1.39997
1.39997
1.39997
1.39997
1.39997
1.39997
1.39997
1.39997
1.39997
1.39997
1.39997
1.39997
1.39997
1.39997
1.39997
1.39997
1.39997
1.39997
1.39997
1.39997
1.39997
1.39997
1.39997
1.39997
1.39997
1.39997
1.39997
1.39997
1.39997
1.39997
1.39997
1.39997
1.39997
1.39997
1.39997
1.39997
1.39997
1.39997
1.39997
1.39997
1.39997
1.39997
1.39997
1.39997
1.39997
1.39997
1.39997
1.39997
1.39997
1.39997
1.39997
1.39997
1.39997
1.39997
1.39997
1.39997
1.39997
1.39997
1.39997
1.39997
1.39997
1.39997
1.39997
1.39997
1.39997
1.39997
1.39997
1.39997
1.39997
1.39997
1.39997
1.39997
1.39997
1.39997
1.39997
1.39997
1.39997
1.39997
1.39997
1.39997
1.39997
1.39997
1.39997
1.39997
1.39997
1.39997
1.39997
1.39997
1.39997
1.39997
1.39997
1.39997
1.39997
1.39997
1.39997
1.39997
1.39997
1.39997
1.39997
1.39997
1.39997
1.39997
1.39997
1.39997
1.39997
1.39997
1.39997
1.39997
1.39997
1.39997
1.39997
1.39997
1.39997
1.39997
1.39997
1.39997
1.39997
1.39997
1.39997
1.39997
1.39997
1.39997
1.39997
1.39997
1.39997
1.39997
1.39997
1.39997
1.39997
1.39997
1.39997
1.39997
1.39997
1.39997
1.39997
1.39997
1.39997
1.39997
1.39997
1.39997
1.39997
1.39997
1.39997
1.39997
1.39997
1.39997
1.39997
1.39997
1.39997
1.39997
1.39997
1.39997
1.39997
1.39997
1.39997
1.39997
1.39997
1.39997
1.39997
1.39997
1.39997
1.39997
1.39997
1.39997
1.39997
1.39997
1.39997
1.39997
1.39997
1.39997
1.39997
1.39997
1.39997
1.39997
1.39997
1.39997
1.39997
1.39997
1.39997
1.39997
1.39997
1.39997
1.39997
1.39997
1.39997
1.39997
1.39997
1.39997
1.39997
1.39997
1.39997
1.39997
1.39997
1.39997
1.39997
1.39997
1.39997
1.39997
1.39997
1.39997
1.39997
1.39997
1.39997
1.39997
1.39997
1.39997
1.39997
1.39997
1.39997
1.39997
1.39997
1.39997
1.39997
1.39997
1.39997
1.39997
1.39997
1.39997
1.39997
1.39997
1.39997
1.39997
1.39997
1.39997
1.39997
1.39997
1.39997
1.39997
1.39997
1.39997
1.39997
1.39997
1.39997
1.39997
1.39997
1.39997
1.39997
1.39997
1.39997
1.39997
1.39997
1.39997
1.39997
1.39997
1.39997
1.39997
1.39997
1.39997
1.39997
1.39997
1.39997
1.39997
1.39997
1.39997
1.39997
1.39997
1.39997
0.569913
0.436981
0.548728
0.653126
0.704563
0.75965
0.777274
0.760291
0.759296
0.777545
0.799319
0.805421
0.79471
0.770153
0.751249
0.742443
0.73123
0.714166
0.695454
0.67873
0.662156
0.643622
0.627158
0.617872
0.612226
0.60708
0.600172
0.593898
0.593387
0.594499
0.594684
0.596042
0.601456
0.609327
0.618972
0.630136
0.64355
0.656479
0.664914
0.683536
1.40276
0.59757
0.593362
0.638457
0.692015
0.752954
0.783144
0.775092
0.774667
0.791965
0.816197
0.822546
0.811408
0.788065
0.764524
0.75445
0.743135
0.726941
0.708559
0.689371
0.670934
0.652985
0.63715
0.627761
0.622964
0.6186
0.612665
0.606462
0.604196
0.604335
0.603602
0.604804
0.610282
0.618415
0.62776
0.636866
0.645716
0.655451
0.663514
0.682564
1.94832
0.834467
0.656695
0.672551
0.723136
0.787577
0.838689
0.83047
0.819607
0.833516
0.862766
0.87026
0.857508
0.831666
0.804797
0.790687
0.777506
0.760713
0.743302
0.724195
0.70268
0.682047
0.66451
0.653075
0.646996
0.641798
0.634856
0.627571
0.623562
0.622965
0.62071
0.620022
0.624757
0.633071
0.642731
0.651777
0.656715
0.66076
0.665986
0.683572
2.2944
1.23951
0.857464
0.729596
0.737272
0.776698
0.845306
0.888945
0.885327
0.904158
0.930648
0.934183
0.920506
0.888828
0.860365
0.843584
0.830133
0.81389
0.795581
0.775185
0.752639
0.729529
0.708882
0.695495
0.687637
0.680356
0.670892
0.659903
0.650821
0.647299
0.644692
0.643574
0.647569
0.65523
0.663956
0.673567
0.682184
0.687452
0.692398
0.708747
2.51886
1.60574
1.06902
0.863731
0.774001
0.7907
0.841014
0.920407
0.960689
0.995992
1.00619
1.00502
0.990846
0.956941
0.923212
0.902319
0.886127
0.868834
0.848793
0.827211
0.80512
0.782498
0.762067
0.74819
0.739333
0.731131
0.721188
0.708956
0.696297
0.688849
0.685264
0.684094
0.687506
0.694978
0.703642
0.711053
0.716167
0.718692
0.722464
0.738424
2.67972
1.86622
1.30398
1.07894
0.882875
0.829243
0.851346
0.91823
0.978923
1.02543
1.04437
1.0425
1.02685
0.992007
0.962463
0.948397
0.934822
0.917512
0.89522
0.871473
0.847937
0.823724
0.802575
0.789805
0.781939
0.773809
0.764394
0.753121
0.740195
0.730177
0.724502
0.722265
0.725367
0.732822
0.741301
0.750775
0.755183
0.756263
0.758838
0.774383
2.83687
2.07143
1.56579
1.23509
1.02286
0.8698
0.878428
0.915415
0.973932
1.02451
1.04891
1.04625
1.03099
0.996271
0.968913
0.959036
0.951712
0.939911
0.92256
0.901664
0.878979
0.856859
0.835346
0.820525
0.811105
0.802189
0.792627
0.781527
0.77022
0.760974
0.755249
0.753117
0.755951
0.762258
0.770427
0.782325
0.790279
0.793452
0.797041
0.813955
2.99426
2.25809
1.78078
1.40368
1.16557
0.952543
0.915419
0.91707
0.946908
0.989205
1.03112
1.03231
1.02031
0.986917
0.964747
0.957393
0.955662
0.949165
0.934718
0.917235
0.898519
0.880351
0.861777
0.845601
0.833481
0.822737
0.811863
0.801492
0.793029
0.784656
0.778312
0.775918
0.77831
0.784304
0.794966
0.808294
0.818137
0.822818
0.826809
0.845104
3.11849
2.42881
1.92632
1.56046
1.27995
1.06401
0.947887
0.941066
0.923781
0.936593
0.973802
0.999717
0.994191
0.971005
0.963559
0.961948
0.963635
0.958463
0.944927
0.928483
0.91101
0.891887
0.872604
0.858616
0.849862
0.840741
0.830454
0.822489
0.816739
0.807746
0.799058
0.796698
0.800764
0.812761
0.833468
0.84905
0.855196
0.854675
0.85353
0.870361
3.18181
2.55172
2.04591
1.68885
1.40056
1.18193
1.02544
0.978059
0.930193
0.908018
0.918409
0.944779
0.962701
0.962759
0.968245
0.974074
0.979054
0.973546
0.960191
0.942697
0.922665
0.899721
0.877802
0.864668
0.859026
0.853046
0.845245
0.837747
0.830512
0.82191
0.81985
0.831651
0.864477
0.923712
0.982144
0.998388
0.990868
0.965536
0.926287
0.915809
3.23208
2.64292
2.15338
1.80032
1.52785
1.29748
1.11532
1.02269
0.952362
0.905187
0.906914
0.915495
0.937059
0.957269
0.975526
0.992312
0.997516
0.991528
0.978139
0.959668
0.935845
0.909047
0.884728
0.871239
0.864637
0.858316
0.850319
0.843512
0.837339
0.850534
0.90141
0.990362
1.0901
1.17834
1.23603
1.24868
1.24478
1.22373
1.17193
1.08608
3.28885
2.72413
2.25436
1.90797
1.65002
1.40042
1.21056
1.10014
1.01704
0.913803
0.902306
0.912047
0.921723
0.947174
0.972282
0.99844
1.00495
0.999341
0.986491
0.969253
0.946749
0.919958
0.895674
0.88008
0.870069
0.861387
0.853495
0.861215
0.909465
1.01749
1.15251
1.25819
1.32022
1.34399
1.36858
1.37641
1.3884
1.39885
1.40499
1.36627
3.35781
2.81218
2.35312
2.00494
1.75698
1.51211
1.29953
1.17338
1.07226
0.951254
0.909005
0.91586
0.916616
0.93346
0.964157
0.995444
1.00243
0.997163
0.985738
0.970551
0.950629
0.927324
0.90562
0.889253
0.876617
0.86903
0.893441
0.998606
1.1649
1.30142
1.37171
1.39745
1.40452
1.39215
1.39798
1.41126
1.43005
1.45311
1.4871
1.51077
3.44674
2.90694
2.45883
2.10081
1.84689
1.61482
1.39091
1.2452
1.13771
1.02076
0.938104
0.931884
0.918488
0.918598
0.945728
0.978319
0.994082
0.989765
0.982137
0.970188
0.951756
0.929241
0.910088
0.895948
0.891688
0.939382
1.09837
1.29569
1.4191
1.46346
1.45139
1.43735
1.42203
1.40562
1.40738
1.42095
1.44048
1.46558
1.50302
1.55311
3.53686
3.00714
2.56183
2.19297
1.93848
1.71702
1.47875
1.30764
1.19651
1.08605
0.980336
0.954194
0.931641
0.908759
0.919356
0.944008
0.973443
0.976276
0.974721
0.966527
0.949575
0.928108
0.912232
0.913321
0.987169
1.19188
1.39386
1.49289
1.52681
1.50927
1.47375
1.44785
1.42382
1.40326
1.40355
1.41784
1.43822
1.45993
1.49109
1.56257
3.6175
3.10524
2.66492
2.29083
2.02853
1.81235
1.56318
1.3618
1.25089
1.15118
1.04119
0.989587
0.953075
0.912427
0.89938
0.905967
0.92527
0.945462
0.95468
0.956019
0.94617
0.928294
0.931153
1.0242
1.26736
1.47587
1.54686
1.56586
1.55006
1.5177
1.46534
1.42941
1.40392
1.39538
1.39886
1.41752
1.4395
1.46243
1.49236
1.56945
3.68417
3.1921
2.76695
2.39535
2.12379
1.89645
1.63985
1.40785
1.30603
1.22142
1.11085
1.02919
0.980255
0.920489
0.897725
0.900074
0.89987
0.911478
0.9272
0.946526
0.94331
0.947899
1.05657
1.32861
1.55082
1.60573
1.60442
1.58372
1.55184
1.49603
1.44163
1.41395
1.39628
1.39304
1.39659
1.4186
1.44433
1.47267
1.50615
1.57923
3.75119
3.26842
2.86559
2.50194
2.21048
1.9651
1.70597
1.46353
1.36344
1.28783
1.1715
1.07415
1.0251
0.958157
0.905822
0.904787
0.896565
0.894174
0.904745
0.929369
0.948561
1.08072
1.38365
1.62392
1.6687
1.65465
1.62345
1.58161
1.52943
1.47504
1.42797
1.40706
1.39509
1.39432
1.40138
1.43126
1.46153
1.49385
1.52704
1.58838
3.82718
3.34449
2.96143
2.60075
2.27981
2.01881
1.77117
1.53345
1.42898
1.35787
1.23612
1.12215
1.06188
0.996879
0.923193
0.914911
0.899476
0.893598
0.895923
0.914916
1.04881
1.39975
1.67791
1.72299
1.70541
1.68303
1.62625
1.55582
1.5114
1.46286
1.42189
1.40626
1.40155
1.40053
1.41057
1.44509
1.48026
1.51171
1.54673
1.59739
3.92493
3.43757
3.05676
2.68534
2.33358
2.06936
1.85101
1.62901
1.50199
1.42256
1.29497
1.17282
1.10934
1.05037
0.970959
0.936747
0.907706
0.893836
0.900406
0.986113
1.33172
1.67896
1.75041
1.74222
1.72205
1.66286
1.58265
1.53527
1.4962
1.4492
1.41721
1.40661
1.41027
1.4103
1.42039
1.45876
1.50159
1.53141
1.56883
1.60039
4.03715
3.55903
3.14752
2.75417
2.38295
2.12644
1.94174
1.7401
1.58161
1.48349
1.35302
1.22312
1.16064
1.10601
1.02346
0.963302
0.918858
0.904662
0.948519
1.22998
1.61957
1.74293
1.74655
1.73694
1.68495
1.61868
1.55035
1.51346
1.47605
1.44133
1.41808
1.41157
1.41685
1.43171
1.44374
1.47448
1.52004
1.55028
1.56527
1.58009
4.15172
3.70519
3.24262
2.82774
2.45012
2.20185
2.04779
1.85389
1.65462
1.53333
1.41089
1.28456
1.21879
1.1617
1.08021
0.999573
0.951637
0.960835
1.15606
1.55051
1.73643
1.74483
1.73544
1.68471
1.62436
1.5662
1.52317
1.49754
1.47082
1.44075
1.43217
1.4249
1.4282
1.45752
1.47869
1.49357
1.52962
1.55152
1.55035
1.55491
4.17926
3.86207
3.32111
2.90643
2.54806
2.29554
2.14297
1.95064
1.72479
1.58362
1.46853
1.3481
1.27404
1.21653
1.13839
1.0409
0.997807
1.11803
1.49347
1.77328
1.76856
1.72867
1.67406
1.60393
1.56321
1.53165
1.50963
1.49356
1.47951
1.46022
1.44639
1.44706
1.45693
1.4846
1.50857
1.50829
1.51199
1.5324
1.52703
1.52766
3.94448
3.80332
3.40578
3.01361
2.67902
2.40802
2.23048
2.03053
1.7877
1.63569
1.5325
1.42028
1.33497
1.27051
1.17774
1.09254
1.13438
1.48133
1.8097
1.84165
1.78074
1.69498
1.62568
1.55555
1.5258
1.52015
1.5043
1.50021
1.49587
1.48978
1.48323
1.47689
1.48871
1.49729
1.49478
1.49662
1.49252
1.49789
1.48913
1.49489
3.24048
3.66889
3.41654
3.11765
2.81022
2.50939
2.30085
2.09651
1.85841
1.70024
1.60255
1.49071
1.39494
1.31813
1.2226
1.19644
1.45522
1.8712
1.97289
1.90475
1.78277
1.68725
1.61251
1.54457
1.5164
1.51278
1.5127
1.50721
1.5145
1.51457
1.50419
1.48417
1.47116
1.47156
1.46213
1.46117
1.45927
1.45253
1.4504
1.46849
2.74307
3.61116
3.45733
3.19265
2.90574
2.58894
2.35333
2.15723
1.9397
1.77761
1.67323
1.56184
1.45445
1.35716
1.30343
1.47061
1.9244
2.12579
2.07096
1.93511
1.79994
1.70242
1.61405
1.55762
1.53613
1.52118
1.51477
1.50714
1.5126
1.50895
1.48893
1.46428
1.44724
1.43491
1.4193
1.41582
1.42058
1.41598
1.418
1.45161
2.20636
3.57012
3.51284
3.25208
2.96625
2.65724
2.40918
2.22192
2.02324
1.85753
1.74236
1.62906
1.50013
1.41267
1.50294
1.98893
2.29034
2.22258
2.10444
1.96492
1.84773
1.752
1.65367
1.59346
1.55559
1.53475
1.5138
1.49398
1.48223
1.47915
1.46318
1.43717
1.4125
1.39637
1.38552
1.37804
1.38615
1.39461
1.39531
1.43658
1.71382
3.38811
3.54123
3.30539
3.01437
2.72014
2.46855
2.28322
2.10618
1.94138
1.81446
1.684
1.54275
1.54824
1.99076
2.43413
2.44506
2.3187
2.15615
2.02651
1.92313
1.80432
1.69726
1.63149
1.58597
1.54588
1.51051
1.47944
1.456
1.43465
1.41274
1.39502
1.3773
1.3622
1.3587
1.3519
1.3549
1.37467
1.38075
1.41879
1.42731
2.99634
3.50383
3.36314
3.09914
2.80058
2.53839
2.35379
2.1889
2.01981
1.88003
1.71941
1.64497
1.91806
2.56877
2.63853
2.53196
2.36403
2.2076
2.07911
1.96122
1.84514
1.75549
1.69216
1.63574
1.57833
1.52252
1.47631
1.44193
1.40875
1.38103
1.36312
1.35212
1.33888
1.33675
1.33364
1.33316
1.353
1.37011
1.4044
1.40031
2.44147
3.52945
3.47689
3.21029
2.88464
2.61088
2.42237
2.26015
2.10011
1.9268
1.78267
1.90559
2.5434
2.90314
2.77152
2.57327
2.39651
2.24791
2.119
1.99292
1.88493
1.80639
1.73695
1.66999
1.60464
1.53806
1.47785
1.43602
1.396
1.36518
1.34767
1.33697
1.32437
1.31702
1.31538
1.31353
1.32929
1.35248
1.38037
1.39997
1.86477
3.37857
3.50802
3.30309
2.9826
2.70268
2.50178
2.32835
2.15949
1.97255
1.96203
2.55338
3.09423
2.95928
2.79697
2.60731
2.44069
2.30866
2.17374
2.04467
1.94387
1.86332
1.78463
1.70081
1.61839
1.54154
1.48154
1.43531
1.39164
1.35848
1.33891
1.32626
1.30913
1.29235
1.289
1.28474
1.29199
1.31728
1.34146
1.39997
1.49664
2.95956
3.50366
3.41019
3.13024
2.82439
2.57996
2.40031
2.18611
2.08677
2.48784
3.20808
3.31632
3.08761
2.86096
2.68374
2.53069
2.37865
2.23112
2.10518
2.00679
1.91949
1.8357
1.74419
1.65047
1.56676
1.50135
1.44718
1.4009
1.36494
1.33789
1.31914
1.2937
1.26817
1.25774
1.24969
1.24905
1.26265
1.28501
1.39997
1.40834
2.32666
3.48327
3.48898
3.26126
2.93463
2.67102
2.44486
2.25428
2.4397
3.29703
3.60684
3.45157
3.19148
2.95321
2.77111
2.61083
2.44569
2.28723
2.1628
2.0644
1.96895
1.87301
1.77682
1.68076
1.59758
1.53283
1.47766
1.4289
1.38604
1.34451
1.31092
1.28065
1.25362
1.23791
1.22444
1.21754
1.22155
1.24237
1.39997
1.40031
1.72531
3.24761
3.4543
3.34021
3.05255
2.78523
2.49908
2.50654
3.29177
4.00168
3.83388
3.53777
3.26468
3.02242
2.82769
2.66335
2.50437
2.35359
2.22416
2.11255
2.01141
1.92641
1.82621
1.71716
1.62543
1.54525
1.47275
1.41803
1.37384
1.33803
1.30309
1.27194
1.24684
1.22769
1.20976
1.19762
1.19769
1.21385
1.39997
1.39998
1.45003
2.66442
3.47302
3.42251
3.18116
2.84814
2.679
3.25744
4.18817
4.18715
3.92698
3.60969
3.33774
3.09832
2.90048
2.74185
2.58344
2.42498
2.28826
2.16653
2.04816
1.92679
1.81647
1.71882
1.6463
1.57076
1.49573
1.43445
1.38563
1.34571
1.30776
1.27369
1.24698
1.22517
1.20449
1.18959
1.18887
1.19608
1.39997
1.39997
1.4035
1.98683
3.34677
3.41375
3.26511
2.9549
3.22404
4.42453
4.6879
4.36538
4.00462
3.7049
3.43714
3.20146
2.99359
2.8013
2.61671
2.4549
2.31839
2.19596
2.07161
1.94133
1.82883
1.74136
1.65655
1.60229
1.54514
1.48394
1.42847
1.37808
1.32866
1.28549
1.2553
1.23196
1.20944
1.19431
1.19056
1.18688
1.39997
1.39997
1.40011
1.54153
2.85491
3.39842
3.31708
3.34223
4.45141
5.11602
4.91073
4.53296
4.13739
3.8075
3.54526
3.32102
3.09445
2.84923
2.63769
2.47834
2.35026
2.23006
2.10245
1.97046
1.85867
1.76305
1.6748
1.59578
1.5276
1.46733
1.41416
1.36348
1.31177
1.26746
1.23623
1.21179
1.18965
1.17622
1.16975
1.17321
1.39997
1.39997
1.39997
1.41511
2.22264
3.2614
3.40664
4.54056
5.75181
5.5336
5.07487
4.63107
4.22548
3.87979
3.6066
3.37509
3.12057
2.87265
2.67184
2.51407
2.37606
2.24293
2.11053
1.98443
1.87404
1.77563
1.68904
1.6061
1.53527
1.47454
1.42076
1.36863
1.31581
1.27063
1.23806
1.21276
1.1903
1.17769
1.16944
1.17191
1.39997
1.39997
1.39997
1.40085
1.67746
2.66299
4.11201
5.79345
6.22839
5.78289
5.19789
4.70858
4.31004
3.98303
3.67507
3.36768
3.12433
2.94296
2.76602
2.59542
2.43485
2.28417
2.14556
2.02247
1.91143
1.81258
1.72342
1.64084
1.56942
1.50796
1.45144
1.39538
1.33956
1.29107
1.25486
1.22823
1.20742
1.19293
1.18267
1.17951
1.39997
1.39997
1.39997
1.39999
1.44019
2.88671
5.85113
7.1419
6.62738
5.91975
5.27953
4.73999
4.33079
3.97787
3.64059
3.3407
3.10484
2.90446
2.72486
2.55084
2.38845
2.23732
2.09996
1.97841
1.86795
1.77198
1.68541
1.60592
1.53668
1.47656
1.42132
1.36656
1.31124
1.2632
1.228
1.20272
1.18309
1.16914
1.16095
1.15879
)
;

boundaryField
{
    inlet
    {
        type            calculated;
        value           uniform 1.39997;
    }
    outlet
    {
        type            calculated;
        value           nonuniform List<scalar> 
40
(
0.683986
0.682824
0.683862
0.70912
0.738582
0.774568
0.814176
0.845234
0.870906
0.919115
1.09865
1.37419
1.51217
1.55303
1.56168
1.56898
1.57956
1.58949
1.59874
1.60219
1.5812
1.55573
1.52835
1.49539
1.4685
1.45118
1.43533
1.41777
1.40386
1.38042
1.3421
1.28565
1.24241
1.21359
1.19579
1.18659
1.17294
1.17164
1.17926
1.15855
)
;
    }
    top
    {
        type            symmetryPlane;
    }
    bottom
    {
        type            symmetryPlane;
    }
    step
    {
        type            calculated;
        value           nonuniform List<scalar> 
80
(
6.05508
5.45389
5.07919
5.46395
5.98083
6.1817
5.64634
5.14934
5.1344
5.75949
6.29965
6.05039
5.41635
5.22927
5.26051
5.00916
5.77205
6.34407
6.70934
5.54217
4.8613
4.68189
5.18222
6.06346
6.47425
6.39606
5.20553
4.76899
4.87759
5.6659
6.177
6.02582
4.78633
4.44785
4.33609
4.21969
4.24293
4.70454
6.24616
6.03046
0.569913
0.436981
0.548728
0.653126
0.704563
0.75965
0.777274
0.760291
0.759296
0.777545
0.799319
0.805421
0.79471
0.770153
0.751249
0.742443
0.73123
0.714166
0.695454
0.67873
0.662156
0.643622
0.627158
0.617872
0.612226
0.60708
0.600172
0.593898
0.593387
0.594499
0.594684
0.596042
0.601456
0.609327
0.618972
0.630136
0.64355
0.656479
0.664914
0.683536
)
;
    }
    defaultFaces
    {
        type            empty;
    }
}


// ************************************************************************* //
