/*--------------------------------*- C++ -*----------------------------------*\
  =========                 |
  \\      /  F ield         | OpenFOAM: The Open Source CFD Toolbox
   \\    /   O peration     | Website:  https://openfoam.org
    \\  /    A nd           | Version:  6.0
     \\/     M anipulation  |
\*---------------------------------------------------------------------------*/
FoamFile
{
    version     2.0;
    format      ascii;
    class       volVectorField;
    location    "1.000346";
    object      U;
}
// * * * * * * * * * * * * * * * * * * * * * * * * * * * * * * * * * * * * * //

dimensions      [0 1 -1 0 0 0 0];

internalField   nonuniform List<vector> 
4800
(
(3 -9.27715e-17 0)
(3 2.19902e-16 0)
(3 4.54744e-16 0)
(3 -3.19944e-16 0)
(3 -4.59235e-16 0)
(3 -3.47301e-16 0)
(3 3.19318e-16 0)
(3 9.65751e-17 0)
(3 4.55893e-16 0)
(3 2.87389e-16 0)
(3 -6.32717e-17 0)
(3 -3.4332e-16 0)
(3 -7.82705e-16 0)
(3 -6.78931e-16 0)
(3 2.79482e-16 0)
(3 1.3578e-15 0)
(3 1.28455e-15 0)
(3 1.03446e-15 0)
(3 -6.22136e-17 0)
(3 -1.20797e-16 0)
(3 -1.73097e-16 0)
(3 -3.19291e-16 0)
(2.09155 0.00275305 0)
(0.818844 0.00376334 0)
(0.690663 0.0112954 0)
(0.636615 0.0101548 0)
(0.584048 0.00484591 0)
(0.543741 -0.000635458 0)
(0.511827 -0.00662343 0)
(0.477515 -0.00980351 0)
(0.42985 -0.00392541 0)
(0.371322 0.0112618 0)
(0.330099 0.0207338 0)
(0.295326 0.00846887 0)
(0.263052 -0.00939169 0)
(0.219068 -0.0182779 0)
(0.164808 -0.0341367 0)
(0.0776468 -0.0592441 0)
(0.0192741 -0.0585325 0)
(0.0189851 -0.0619941 0)
(3 -1.50025e-16 0)
(3 4.82934e-17 0)
(3 2.19421e-16 0)
(3 -1.8478e-16 0)
(3 -5.02884e-16 0)
(3 -2.22351e-16 0)
(3 6.97002e-16 0)
(3 2.43325e-16 0)
(3 4.83376e-16 0)
(3 -2.51824e-16 0)
(3 -1.39404e-16 0)
(3 -1.02754e-16 0)
(3 -5.64739e-16 0)
(3 -8.9949e-16 0)
(3 -1.0264e-16 0)
(3 1.31012e-15 0)
(3 1.47768e-15 0)
(3 1.24317e-15 0)
(3 1.12018e-15 0)
(3 3.20569e-16 0)
(3 -3.64508e-16 0)
(3 6.78512e-16 0)
(2.09103 0.0114738 0)
(0.811877 0.0147937 0)
(0.684844 0.0251532 0)
(0.633263 0.0254665 0)
(0.582311 0.0177232 0)
(0.542453 0.00881942 0)
(0.508623 -0.00076884 0)
(0.475279 -0.0160849 0)
(0.433093 -0.0129635 0)
(0.38542 0.0141454 0)
(0.336198 0.0505215 0)
(0.299205 0.0765548 0)
(0.261742 0.0736807 0)
(0.20164 0.0295606 0)
(0.138315 -0.054056 0)
(0.0847675 -0.0659626 0)
(0.0493973 0.0116691 0)
(0.022959 0.0767186 0)
(3 4.85626e-17 0)
(3 -2.36406e-16 0)
(3 -6.45906e-16 0)
(3 -7.9245e-16 0)
(3 -9.35356e-17 0)
(3 2.90001e-16 0)
(3 9.55722e-16 0)
(3 9.5325e-16 0)
(3 -6.32174e-17 0)
(3 -6.93427e-16 0)
(3 1.35903e-16 0)
(3 3.68645e-16 0)
(3 9.98174e-17 0)
(3 -2.44215e-16 0)
(3 -7.30305e-16 0)
(3 2.52155e-16 0)
(3 3.12104e-16 0)
(3 3.96856e-17 0)
(3 6.88137e-16 0)
(3 5.78286e-16 0)
(3 9.64677e-16 0)
(3 9.34025e-16 0)
(2.09585 0.0231255 0)
(0.803539 0.0243781 0)
(0.677379 0.0392381 0)
(0.62742 0.0344184 0)
(0.579424 0.0282821 0)
(0.539227 0.0198703 0)
(0.504253 0.0187925 0)
(0.468374 0.0149591 0)
(0.435805 1.31042e-05 0)
(0.394849 0.0117879 0)
(0.347105 0.0407568 0)
(0.297364 0.0591506 0)
(0.248311 0.0394173 0)
(0.185372 0.0162008 0)
(0.128656 0.0101444 0)
(0.103892 0.0224042 0)
(0.0807709 0.0584096 0)
(0.0273113 0.0876899 0)
(3 1.50731e-16 0)
(3 -4.55317e-17 0)
(3 -3.603e-16 0)
(3 -5.34628e-16 0)
(3 -5.6596e-16 0)
(3 -4.04662e-16 0)
(3 2.67481e-16 0)
(3 9.6972e-16 0)
(3 1.9733e-16 0)
(3 2.45138e-16 0)
(3 4.33015e-16 0)
(3 3.11191e-16 0)
(3 -3.53209e-16 0)
(3 -4.95526e-16 0)
(3 3.46754e-17 0)
(3 -1.36979e-16 0)
(3 2.13021e-16 0)
(3 -1.25769e-15 0)
(3 -2.898e-17 0)
(3 7.46262e-16 0)
(3 1.44632e-15 0)
(3 2.304e-16 0)
(2.1152 0.0381397 0)
(0.80267 0.0361423 0)
(0.674561 0.0551566 0)
(0.625295 0.0465689 0)
(0.579482 0.0365293 0)
(0.539775 0.0312434 0)
(0.503864 0.0340211 0)
(0.465137 0.0404086 0)
(0.430256 0.04205 0)
(0.397394 0.024759 0)
(0.35325 0.0279145 0)
(0.303477 0.037518 0)
(0.237676 0.040605 0)
(0.184784 0.0337937 0)
(0.135973 0.0941863 0)
(0.10906 0.128821 0)
(0.079894 0.103335 0)
(0.0275374 0.0530495 0)
(3 -5.1812e-17 0)
(3 -1.33042e-16 0)
(3 -3.72529e-16 0)
(3 -7.35778e-16 0)
(3 -7.30958e-16 0)
(3 -6.58486e-16 0)
(3 -4.97224e-16 0)
(3 -2.46329e-16 0)
(3 6.14933e-16 0)
(3 8.67498e-16 0)
(3 5.76055e-16 0)
(3 7.42346e-17 0)
(3 -4.02719e-17 0)
(3 -1.65365e-16 0)
(3 3.35083e-16 0)
(3 1.54196e-16 0)
(3 -8.17688e-16 0)
(3 -1.2776e-15 0)
(3 -2.00244e-16 0)
(3 1.029e-15 0)
(3 1.28114e-16 0)
(3 -1.93546e-16 0)
(2.14341 0.0458976 0)
(0.807703 0.0433603 0)
(0.676102 0.0753479 0)
(0.627653 0.0668927 0)
(0.581503 0.0524019 0)
(0.540382 0.0381311 0)
(0.505652 0.0359593 0)
(0.46572 0.0481866 0)
(0.423363 0.0586975 0)
(0.388854 0.0454927 0)
(0.350281 0.0377376 0)
(0.300676 0.0273229 0)
(0.253373 0.0258599 0)
(0.205263 0.0735581 0)
(0.168237 0.1245 0)
(0.118543 0.157617 0)
(0.0564156 0.117071 0)
(0.0237868 0.0812091 0)
(3 2.21152e-16 0)
(3 -1.57576e-17 0)
(3 -3.06983e-16 0)
(3 -8.24891e-16 0)
(3 -3.11825e-16 0)
(3 -4.21805e-16 0)
(3 -6.81077e-16 0)
(3 -2.63758e-16 0)
(3 5.20933e-16 0)
(3 9.57217e-16 0)
(3 8.75375e-16 0)
(3 3.48176e-16 0)
(3 7.14253e-16 0)
(3 2.98678e-16 0)
(3 -6.52421e-17 0)
(3 5.32408e-16 0)
(3 -8.85021e-16 0)
(3 -7.42663e-16 0)
(3 -1.12751e-15 0)
(3 -3.45633e-16 0)
(3 2.17429e-16 0)
(3 -1.03999e-15 0)
(2.16642 0.0514391 0)
(0.811099 0.0516445 0)
(0.673696 0.0936186 0)
(0.622873 0.0914073 0)
(0.577743 0.068819 0)
(0.539421 0.0457409 0)
(0.504067 0.0311702 0)
(0.470465 0.037123 0)
(0.430608 0.0636393 0)
(0.386704 0.0797584 0)
(0.345901 0.0696469 0)
(0.298246 0.0775479 0)
(0.254243 0.101805 0)
(0.214955 0.100344 0)
(0.171303 0.0904571 0)
(0.11921 0.0675217 0)
(0.0495474 0.0460364 0)
(0.0236835 0.0345099 0)
(3 -1.67743e-17 0)
(3 5.54135e-17 0)
(3 1.6508e-16 0)
(3 -1.34378e-17 0)
(3 5.71982e-16 0)
(3 2.75506e-16 0)
(3 1.13573e-16 0)
(3 -3.25876e-16 0)
(3 3.46313e-16 0)
(3 7.33036e-16 0)
(3 1.07632e-15 0)
(3 4.05107e-16 0)
(3 6.88021e-16 0)
(3 6.09559e-16 0)
(3 1.12299e-16 0)
(3 -9.86363e-17 0)
(3 -2.23691e-16 0)
(3 -7.75778e-16 0)
(3 -9.74992e-16 0)
(3 -1.0332e-15 0)
(3 -5.98416e-16 0)
(3 -1.30076e-16 0)
(2.18762 0.0600187 0)
(0.813912 0.0639354 0)
(0.672339 0.106138 0)
(0.62096 0.104158 0)
(0.575128 0.086083 0)
(0.538263 0.0588794 0)
(0.505778 0.0454587 0)
(0.476071 0.0568374 0)
(0.437824 0.0787694 0)
(0.386871 0.10414 0)
(0.349496 0.116465 0)
(0.299447 0.132463 0)
(0.259597 0.136837 0)
(0.206522 0.141382 0)
(0.160045 0.0761751 0)
(0.113936 -0.00953085 0)
(0.0589337 0.00072153 0)
(0.0253158 0.0360844 0)
(3 -1.66824e-16 0)
(3 9.17912e-17 0)
(3 2.20437e-16 0)
(3 3.64532e-16 0)
(3 1.53942e-16 0)
(3 -2.77648e-16 0)
(3 7.23106e-17 0)
(3 -2.49772e-16 0)
(3 6.3071e-16 0)
(3 4.62966e-16 0)
(3 -2.86758e-16 0)
(3 -6.13758e-16 0)
(3 -4.10222e-16 0)
(3 4.70779e-16 0)
(3 1.34356e-15 0)
(3 5.67429e-16 0)
(3 -6.03817e-16 0)
(3 -7.84487e-16 0)
(3 -4.51355e-16 0)
(3 -6.37074e-16 0)
(3 -3.38306e-16 0)
(3 1.13011e-15 0)
(2.21618 0.0716379 0)
(0.81649 0.0813758 0)
(0.667214 0.112437 0)
(0.6177 0.105556 0)
(0.573741 0.0897867 0)
(0.537089 0.078234 0)
(0.508423 0.0810302 0)
(0.477823 0.0798121 0)
(0.44139 0.0889628 0)
(0.393104 0.111845 0)
(0.348827 0.128178 0)
(0.314931 0.148059 0)
(0.257729 0.171043 0)
(0.198067 0.142289 0)
(0.133911 0.084065 0)
(0.104792 0.0330336 0)
(0.0775554 0.0160129 0)
(0.0276276 0.0273491 0)
(3 3.73717e-16 0)
(3 6.31836e-16 0)
(3 1.012e-16 0)
(3 9.04094e-16 0)
(3 4.97808e-16 0)
(3 -2.04878e-17 0)
(3 3.93651e-16 0)
(3 3.84927e-16 0)
(3 2.34968e-16 0)
(3 -3.50069e-16 0)
(3 -9.78264e-17 0)
(3 5.07988e-16 0)
(3 -2.61298e-16 0)
(3 6.47152e-16 0)
(3 7.2621e-16 0)
(3 6.93956e-17 0)
(3 -6.54509e-16 0)
(3 -4.30091e-16 0)
(3 -4.95045e-16 0)
(3 -4.90216e-16 0)
(3 -3.25365e-17 0)
(3 8.9355e-16 0)
(2.25704 0.0836822 0)
(0.820412 0.101237 0)
(0.662291 0.119661 0)
(0.61667 0.105158 0)
(0.57769 0.0900421 0)
(0.54502 0.0935878 0)
(0.512708 0.113167 0)
(0.477507 0.121774 0)
(0.438704 0.119392 0)
(0.396186 0.113254 0)
(0.353816 0.127377 0)
(0.314817 0.122677 0)
(0.271042 0.115366 0)
(0.185294 0.145394 0)
(0.122692 0.147701 0)
(0.105951 0.131746 0)
(0.0814818 0.125159 0)
(0.0280974 0.116022 0)
(3 -1.32603e-17 0)
(3 -1.52236e-16 0)
(3 -5.01675e-16 0)
(3 -1.76992e-16 0)
(3 1.76748e-16 0)
(3 4.80866e-16 0)
(3 5.20937e-16 0)
(3 4.40962e-16 0)
(3 -3.20832e-16 0)
(3 -9.79481e-16 0)
(3 -4.7755e-16 0)
(3 3.03438e-17 0)
(3 -2.92267e-16 0)
(3 7.77317e-16 0)
(3 -1.91389e-16 0)
(3 -5.95719e-16 0)
(3 -1.9354e-16 0)
(3 -4.35634e-16 0)
(3 -3.27098e-16 0)
(3 -2.51278e-16 0)
(3 -6.37777e-17 0)
(3 -2.79972e-16 0)
(2.29844 0.0894269 0)
(0.82254 0.113501 0)
(0.657119 0.131151 0)
(0.61712 0.112238 0)
(0.585532 0.0997101 0)
(0.557318 0.104271 0)
(0.523818 0.11226 0)
(0.477959 0.124057 0)
(0.4354 0.131648 0)
(0.394644 0.130173 0)
(0.351735 0.127286 0)
(0.305976 0.115026 0)
(0.25971 0.0729644 0)
(0.205181 0.0869924 0)
(0.127399 0.166817 0)
(0.101102 0.210734 0)
(0.0745702 0.167729 0)
(0.0279799 0.116097 0)
(3 -1.58835e-16 0)
(3 -3.7068e-16 0)
(3 2.44273e-16 0)
(3 -1.64021e-16 0)
(3 -2.87313e-16 0)
(3 3.43344e-16 0)
(3 6.25294e-16 0)
(3 3.66557e-17 0)
(3 -4.91772e-16 0)
(3 -4.54522e-16 0)
(3 -1.15634e-15 0)
(3 -1.54496e-15 0)
(3 -9.87665e-16 0)
(3 -2.02419e-16 0)
(3 2.68485e-16 0)
(3 3.71041e-16 0)
(3 3.88408e-16 0)
(3 -9.04803e-16 0)
(3 -4.19857e-16 0)
(3 5.38266e-16 0)
(3 4.13842e-16 0)
(3 -1.08054e-18 0)
(2.33401 0.0923584 0)
(0.823334 0.121579 0)
(0.65237 0.147206 0)
(0.621718 0.134575 0)
(0.59451 0.120722 0)
(0.563963 0.106635 0)
(0.527739 0.10116 0)
(0.481719 0.108775 0)
(0.435263 0.128023 0)
(0.386856 0.137014 0)
(0.346222 0.142566 0)
(0.296981 0.111732 0)
(0.2578 0.0782568 0)
(0.212771 0.072485 0)
(0.164632 0.137861 0)
(0.122181 0.240359 0)
(0.0593962 0.26543 0)
(0.0243435 0.24526 0)
(3 1.63422e-16 0)
(3 1.84601e-16 0)
(3 9.06728e-16 0)
(3 2.75774e-16 0)
(3 2.41343e-16 0)
(3 1.05352e-15 0)
(3 8.66714e-16 0)
(3 -3.1772e-16 0)
(3 -5.36776e-16 0)
(3 1.02869e-16 0)
(3 -5.31692e-16 0)
(3 -3.70853e-16 0)
(3 1.99116e-16 0)
(3 8.56581e-17 0)
(3 4.71807e-16 0)
(3 5.26955e-16 0)
(3 -6.84686e-17 0)
(3 -2.2366e-16 0)
(3 -3.41798e-16 0)
(3 3.35598e-16 0)
(3 6.46555e-16 0)
(3 2.52343e-16 0)
(2.36653 0.0959073 0)
(0.829712 0.134235 0)
(0.656092 0.167506 0)
(0.6269 0.160527 0)
(0.596248 0.145575 0)
(0.564583 0.116943 0)
(0.525266 0.0910015 0)
(0.483371 0.0844304 0)
(0.443911 0.108518 0)
(0.393328 0.144053 0)
(0.344586 0.167261 0)
(0.278688 0.131014 0)
(0.254446 0.0858583 0)
(0.224242 0.0704474 0)
(0.206226 0.112259 0)
(0.153022 0.211294 0)
(0.0868344 0.292982 0)
(0.0275689 0.331964 0)
(3 8.22997e-18 0)
(3 9.47029e-17 0)
(3 1.30899e-16 0)
(3 -4.61913e-16 0)
(3 2.57175e-16 0)
(3 7.36368e-16 0)
(3 2.13906e-16 0)
(3 -4.32098e-16 0)
(3 -1.02381e-15 0)
(3 -7.92958e-16 0)
(3 4.24562e-17 0)
(3 9.18708e-16 0)
(3 1.00467e-15 0)
(3 4.7487e-16 0)
(3 3.41698e-16 0)
(3 -5.30528e-17 0)
(3 -1.6098e-16 0)
(3 5.68868e-16 0)
(3 4.88919e-16 0)
(3 1.14526e-15 0)
(3 1.49026e-15 0)
(3 1.2266e-16 0)
(2.40047 0.103676 0)
(0.842315 0.153685 0)
(0.661704 0.185555 0)
(0.634534 0.172911 0)
(0.600044 0.153834 0)
(0.561873 0.127295 0)
(0.521821 0.0963806 0)
(0.486277 0.10152 0)
(0.449755 0.135485 0)
(0.40128 0.159618 0)
(0.343523 0.17111 0)
(0.263284 0.181076 0)
(0.248671 0.196627 0)
(0.221144 0.179866 0)
(0.215616 0.171557 0)
(0.187047 0.183915 0)
(0.0955864 0.200653 0)
(0.0277803 0.157132 0)
(3 6.58287e-17 0)
(3 1.08819e-16 0)
(3 -3.64541e-16 0)
(3 3.84383e-18 0)
(3 -5.76341e-16 0)
(3 4.57528e-17 0)
(3 -4.11621e-16 0)
(3 1.50841e-16 0)
(3 -6.15024e-16 0)
(3 -9.9176e-16 0)
(3 8.41307e-17 0)
(3 8.73961e-16 0)
(3 4.5521e-16 0)
(3 -1.13948e-17 0)
(3 -6.75364e-16 0)
(3 -1.0925e-15 0)
(3 -6.78349e-16 0)
(3 3.14678e-16 0)
(3 1.02712e-15 0)
(3 1.14756e-15 0)
(3 1.44255e-15 0)
(3 5.45941e-16 0)
(2.44208 0.119838 0)
(0.855127 0.181903 0)
(0.670975 0.196582 0)
(0.640079 0.174719 0)
(0.60478 0.150381 0)
(0.561609 0.125256 0)
(0.523935 0.125333 0)
(0.496332 0.156759 0)
(0.452876 0.184392 0)
(0.399562 0.190752 0)
(0.34811 0.180463 0)
(0.289543 0.236919 0)
(0.266947 0.313225 0)
(0.217362 0.336 0)
(0.188049 0.290427 0)
(0.173861 0.161297 0)
(0.085131 0.0345359 0)
(0.0302441 -0.0353371 0)
(3 -1.8422e-16 0)
(3 1.82767e-17 0)
(3 -5.77018e-16 0)
(3 -5.10342e-16 0)
(3 -6.02746e-17 0)
(3 6.75472e-16 0)
(3 4.5046e-16 0)
(3 7.10598e-16 0)
(3 6.12973e-16 0)
(3 8.06344e-16 0)
(3 1.72885e-16 0)
(3 5.68872e-16 0)
(3 4.44076e-16 0)
(3 -3.44431e-16 0)
(3 -1.35356e-15 0)
(3 -1.60982e-15 0)
(3 -1.19306e-15 0)
(3 -8.38958e-17 0)
(3 1.87643e-16 0)
(3 5.19197e-16 0)
(3 4.30431e-16 0)
(3 7.60619e-16 0)
(2.49882 0.130857 0)
(0.868911 0.211653 0)
(0.676033 0.202918 0)
(0.645157 0.170331 0)
(0.60761 0.140565 0)
(0.566007 0.128769 0)
(0.540383 0.162431 0)
(0.503651 0.201209 0)
(0.451015 0.227227 0)
(0.391729 0.224185 0)
(0.354874 0.216814 0)
(0.310795 0.25928 0)
(0.293543 0.331201 0)
(0.221583 0.390329 0)
(0.148662 0.339261 0)
(0.0923144 0.152959 0)
(0.047882 -0.0155903 0)
(0.0286949 -0.0716616 0)
(3 -1.75072e-16 0)
(3 -3.94323e-17 0)
(3 -2.622e-16 0)
(3 1.44074e-16 0)
(3 1.39728e-15 0)
(3 9.20634e-16 0)
(3 5.97766e-16 0)
(3 8.6099e-16 0)
(3 1.41391e-15 0)
(3 8.94293e-16 0)
(3 2.68125e-16 0)
(3 2.07749e-16 0)
(3 -3.80706e-16 0)
(3 -5.73713e-16 0)
(3 -8.19952e-16 0)
(3 -9.65358e-16 0)
(3 -1.88854e-16 0)
(3 -5.56406e-16 0)
(3 2.16092e-18 0)
(3 7.91023e-17 0)
(3 4.93152e-17 0)
(3 -4.07558e-17 0)
(2.56342 0.136159 0)
(0.884996 0.227096 0)
(0.67869 0.210874 0)
(0.649564 0.165724 0)
(0.613155 0.137761 0)
(0.58298 0.152476 0)
(0.551779 0.19359 0)
(0.507288 0.210057 0)
(0.452556 0.224556 0)
(0.386209 0.226274 0)
(0.350071 0.252349 0)
(0.326664 0.274746 0)
(0.317873 0.316659 0)
(0.228702 0.339554 0)
(0.110997 0.292242 0)
(0.0508346 0.205474 0)
(0.0398077 0.131353 0)
(0.0318488 0.130162 0)
(3 8.26686e-17 0)
(3 -1.07466e-16 0)
(3 -1.92257e-16 0)
(3 4.89437e-16 0)
(3 1.02089e-15 0)
(3 1.40754e-16 0)
(3 2.86708e-16 0)
(3 5.95648e-16 0)
(3 8.68618e-16 0)
(3 -2.92263e-16 0)
(3 -4.06798e-16 0)
(3 -9.33898e-17 0)
(3 -7.41699e-16 0)
(3 -5.57135e-16 0)
(3 -9.26091e-16 0)
(3 -9.22415e-16 0)
(3 1.12983e-16 0)
(3 1.06336e-16 0)
(3 2.38746e-16 0)
(3 -7.35557e-16 0)
(3 -1.33879e-15 0)
(3 -1.17959e-15 0)
(2.63337 0.138068 0)
(0.908706 0.229525 0)
(0.681419 0.209472 0)
(0.652993 0.172265 0)
(0.624392 0.158249 0)
(0.601265 0.186186 0)
(0.558289 0.202352 0)
(0.508437 0.187692 0)
(0.450623 0.179525 0)
(0.391675 0.221744 0)
(0.363626 0.26751 0)
(0.326207 0.275902 0)
(0.310164 0.225654 0)
(0.231949 0.172435 0)
(0.120828 0.208538 0)
(0.0640232 0.313023 0)
(0.0439808 0.400161 0)
(0.0372575 0.398747 0)
(3 6.45755e-17 0)
(3 1.58801e-17 0)
(3 2.14876e-16 0)
(3 2.01002e-16 0)
(3 -9.35721e-17 0)
(3 -1.62646e-16 0)
(3 -3.12621e-16 0)
(3 3.31524e-16 0)
(3 6.46315e-16 0)
(3 -2.2114e-16 0)
(3 -8.78546e-16 0)
(3 -7.24628e-16 0)
(3 -4.58011e-16 0)
(3 -5.61958e-16 0)
(3 -5.11456e-16 0)
(3 -2.04406e-16 0)
(3 -1.38816e-16 0)
(3 3.06146e-16 0)
(3 5.83705e-17 0)
(3 2.86082e-17 0)
(3 -7.43771e-16 0)
(3 -1.02805e-15 0)
(2.70429 0.135263 0)
(0.934223 0.233924 0)
(0.690404 0.21539 0)
(0.667704 0.196272 0)
(0.641228 0.20075 0)
(0.608357 0.198638 0)
(0.556138 0.197428 0)
(0.493975 0.167961 0)
(0.452197 0.159834 0)
(0.415148 0.200804 0)
(0.378493 0.265738 0)
(0.326265 0.283981 0)
(0.271278 0.20231 0)
(0.227897 0.132819 0)
(0.162282 0.196035 0)
(0.128521 0.366039 0)
(0.0925463 0.492204 0)
(0.0455066 0.544336 0)
(3 -1.64263e-16 0)
(3 2.2755e-16 0)
(3 8.18988e-16 0)
(3 2.48472e-16 0)
(3 -3.89055e-16 0)
(3 3.82172e-16 0)
(3 1.06862e-16 0)
(3 1.67356e-16 0)
(3 7.3829e-17 0)
(3 8.27547e-16 0)
(3 2.05355e-16 0)
(3 -4.18072e-16 0)
(3 -1.79902e-16 0)
(3 3.14453e-16 0)
(3 4.78108e-16 0)
(3 4.72328e-16 0)
(3 4.50502e-18 0)
(3 -9.86668e-17 0)
(3 1.92865e-16 0)
(3 9.91001e-16 0)
(3 6.20524e-16 0)
(3 7.79169e-17 0)
(2.78045 0.124597 0)
(0.959448 0.244066 0)
(0.705533 0.236598 0)
(0.682047 0.231241 0)
(0.643785 0.226446 0)
(0.608114 0.198842 0)
(0.548943 0.172599 0)
(0.485044 0.172874 0)
(0.452512 0.196333 0)
(0.432511 0.250728 0)
(0.388144 0.284488 0)
(0.321494 0.279981 0)
(0.249218 0.218513 0)
(0.224315 0.172863 0)
(0.188146 0.210747 0)
(0.162299 0.319712 0)
(0.122184 0.407355 0)
(0.0542882 0.424915 0)
(3 -1.60297e-16 0)
(3 -9.47063e-17 0)
(3 -2.68385e-17 0)
(3 -1.52163e-16 0)
(3 3.19554e-16 0)
(3 4.58661e-16 0)
(3 2.76912e-16 0)
(3 -1.21056e-16 0)
(3 -1.09134e-15 0)
(3 2.29886e-16 0)
(3 9.40929e-16 0)
(3 4.78604e-16 0)
(3 1.08235e-15 0)
(3 1.22381e-15 0)
(3 1.89511e-16 0)
(3 -1.34024e-15 0)
(3 -1.12557e-15 0)
(3 -6.06306e-16 0)
(3 -1.56308e-16 0)
(3 9.11898e-16 0)
(3 1.37286e-15 0)
(3 7.9816e-16 0)
(2.84274 0.112349 0)
(0.982008 0.264431 0)
(0.715738 0.257904 0)
(0.689487 0.246966 0)
(0.64452 0.238892 0)
(0.597612 0.206363 0)
(0.545316 0.171086 0)
(0.495948 0.190748 0)
(0.469615 0.271191 0)
(0.435545 0.302545 0)
(0.389539 0.301494 0)
(0.305369 0.267055 0)
(0.233599 0.224089 0)
(0.235883 0.208449 0)
(0.210162 0.237285 0)
(0.208603 0.279807 0)
(0.132738 0.310261 0)
(0.0544665 0.222397 0)
(3 1.47255e-16 0)
(3 -4.36578e-17 0)
(3 -4.45068e-16 0)
(3 -8.91945e-17 0)
(3 1.05598e-16 0)
(3 -4.4923e-16 0)
(3 8.46217e-17 0)
(3 -2.57869e-16 0)
(3 -4.80641e-16 0)
(3 1.7653e-16 0)
(3 7.38039e-16 0)
(3 7.11693e-16 0)
(3 9.67217e-16 0)
(3 1.32549e-15 0)
(3 1.02141e-16 0)
(3 -2.0748e-15 0)
(3 -1.57797e-15 0)
(3 -1.14285e-15 0)
(3 -2.5439e-16 0)
(3 1.3475e-15 0)
(3 9.12205e-16 0)
(3 6.56518e-17 0)
(2.89839 0.091155 0)
(1.00187 0.28205 0)
(0.718609 0.260479 0)
(0.696662 0.242132 0)
(0.649471 0.233901 0)
(0.587562 0.208545 0)
(0.544146 0.204034 0)
(0.52087 0.261233 0)
(0.481487 0.321563 0)
(0.431265 0.332948 0)
(0.377886 0.285911 0)
(0.307068 0.263338 0)
(0.250604 0.33344 0)
(0.244732 0.391207 0)
(0.205344 0.377814 0)
(0.206135 0.313471 0)
(0.0980725 0.187994 0)
(0.0466939 0.0768225 0)
(3 2.70161e-16 0)
(3 5.5522e-17 0)
(3 2.03532e-16 0)
(3 7.24535e-16 0)
(3 -5.98048e-16 0)
(3 -4.99767e-16 0)
(3 3.02455e-16 0)
(3 4.81272e-16 0)
(3 4.03321e-16 0)
(3 7.01893e-16 0)
(3 8.38694e-16 0)
(3 9.23929e-16 0)
(3 1.2739e-15 0)
(3 2.21095e-15 0)
(3 7.62522e-16 0)
(3 -9.16909e-16 0)
(3 -1.17428e-15 0)
(3 -1.13369e-15 0)
(3 -5.13189e-16 0)
(3 1.33629e-15 0)
(3 8.71089e-16 0)
(3 -9.31249e-16 0)
(2.942 0.0694105 0)
(1.02554 0.290209 0)
(0.722785 0.261914 0)
(0.699704 0.234383 0)
(0.646019 0.220871 0)
(0.585208 0.221801 0)
(0.557734 0.261119 0)
(0.532799 0.305079 0)
(0.486909 0.330429 0)
(0.426121 0.334906 0)
(0.361919 0.270857 0)
(0.317126 0.273241 0)
(0.292632 0.368913 0)
(0.271996 0.468381 0)
(0.19248 0.494783 0)
(0.153699 0.37919 0)
(0.0729977 0.212489 0)
(0.0445484 0.123751 0)
(3 -2.20674e-16 0)
(3 -9.65984e-17 0)
(3 5.61631e-16 0)
(3 4.85677e-17 0)
(3 -8.30837e-16 0)
(3 -9.02303e-16 0)
(3 -2.79591e-16 0)
(3 9.66024e-16 0)
(3 1.12613e-15 0)
(3 3.22182e-16 0)
(3 9.82255e-16 0)
(3 1.44971e-15 0)
(3 2.32214e-15 0)
(3 2.20925e-15 0)
(3 9.63528e-16 0)
(3 -4.04769e-16 0)
(3 -1.29235e-15 0)
(3 -8.29835e-16 0)
(3 -6.35971e-16 0)
(3 3.70602e-16 0)
(3 1.10931e-15 0)
(3 -8.44352e-17 0)
(2.97618 0.0503084 0)
(1.05481 0.299556 0)
(0.729287 0.270654 0)
(0.698852 0.236609 0)
(0.644879 0.218831 0)
(0.597497 0.253423 0)
(0.569144 0.300795 0)
(0.537021 0.312739 0)
(0.489971 0.327845 0)
(0.414906 0.306227 0)
(0.352214 0.283569 0)
(0.339879 0.30753 0)
(0.332032 0.403072 0)
(0.28785 0.50905 0)
(0.19396 0.526617 0)
(0.0885959 0.447437 0)
(0.024326 0.243296 0)
(0.0489816 0.153384 0)
(3 4.51368e-17 0)
(3 4.21306e-16 0)
(3 5.97742e-16 0)
(3 -5.30469e-17 0)
(3 -5.6552e-16 0)
(3 -1.7884e-18 0)
(3 4.19953e-16 0)
(3 3.87613e-16 0)
(3 4.12374e-16 0)
(3 4.1808e-16 0)
(3 5.35169e-16 0)
(3 1.3985e-15 0)
(3 1.88019e-15 0)
(3 1.42056e-15 0)
(3 1.66697e-16 0)
(3 -8.46934e-16 0)
(3 -1.39988e-15 0)
(3 -1.11831e-15 0)
(3 -8.44028e-16 0)
(3 -8.15494e-16 0)
(3 9.47287e-17 0)
(3 1.96347e-16 0)
(2.99934 0.0249471 0)
(1.09224 0.308344 0)
(0.732556 0.280198 0)
(0.699926 0.249489 0)
(0.649782 0.244642 0)
(0.612134 0.273969 0)
(0.57482 0.304658 0)
(0.538936 0.306382 0)
(0.484449 0.283496 0)
(0.41116 0.273244 0)
(0.368564 0.315764 0)
(0.357227 0.374113 0)
(0.362122 0.38962 0)
(0.310266 0.412538 0)
(0.196616 0.437485 0)
(0.0651242 0.439509 0)
(0.0144211 0.494423 0)
(0.0544561 0.502641 0)
(3 6.83632e-17 0)
(3 1.31526e-16 0)
(3 -1.4727e-16 0)
(3 3.39579e-16 0)
(3 1.53258e-16 0)
(3 -3.91122e-17 0)
(3 7.49265e-16 0)
(3 -2.43778e-17 0)
(3 2.98948e-16 0)
(3 1.18427e-16 0)
(3 -5.26079e-16 0)
(3 7.27106e-16 0)
(3 8.25344e-16 0)
(3 -3.05603e-16 0)
(3 -1.9301e-16 0)
(3 -7.59742e-16 0)
(3 -1.16341e-15 0)
(3 -8.07044e-16 0)
(3 -1.65403e-16 0)
(3 -7.31881e-16 0)
(3 -9.20545e-16 0)
(3 -5.70369e-16 0)
(3.00384 0.00415746 0)
(1.13922 0.324043 0)
(0.73679 0.287934 0)
(0.697415 0.263872 0)
(0.650163 0.269133 0)
(0.61612 0.292185 0)
(0.575973 0.311482 0)
(0.529887 0.305123 0)
(0.470936 0.257693 0)
(0.421463 0.273324 0)
(0.403912 0.356866 0)
(0.36856 0.409997 0)
(0.354149 0.383663 0)
(0.28668 0.275799 0)
(0.219899 0.270084 0)
(0.12358 0.446605 0)
(0.0717239 0.605889 0)
(0.0686764 0.69714 0)
(3 1.03437e-16 0)
(3 1.49629e-17 0)
(3 -5.43096e-16 0)
(3 1.26683e-16 0)
(3 6.36226e-16 0)
(3 1.5418e-16 0)
(3 -1.01767e-17 0)
(3 -5.19563e-17 0)
(3 6.80592e-16 0)
(3 6.12705e-16 0)
(3 1.92289e-16 0)
(3 -2.64863e-16 0)
(3 -4.10465e-16 0)
(3 -7.15873e-16 0)
(3 -1.6772e-16 0)
(3 -5.24252e-16 0)
(3 -3.50352e-16 0)
(3 -1.89464e-16 0)
(3 -1.75023e-16 0)
(3 2.37586e-17 0)
(3 -7.694e-17 0)
(3 8.78148e-17 0)
(3.0002 0.00012746 0)
(1.20369 0.3384 0)
(0.740226 0.297182 0)
(0.696914 0.276167 0)
(0.655779 0.286576 0)
(0.623813 0.309759 0)
(0.577024 0.331126 0)
(0.514421 0.301923 0)
(0.465695 0.275164 0)
(0.437306 0.296291 0)
(0.434904 0.384533 0)
(0.379334 0.423807 0)
(0.320337 0.375067 0)
(0.27321 0.272626 0)
(0.235669 0.273419 0)
(0.194655 0.349901 0)
(0.127156 0.570729 0)
(0.0778639 0.653276 0)
(3 3.45118e-17 0)
(3 -1.04111e-18 0)
(3 -2.45297e-16 0)
(3 3.11507e-16 0)
(3 1.21476e-15 0)
(3 8.53613e-16 0)
(3 2.62596e-16 0)
(3 1.28173e-16 0)
(3 6.44267e-17 0)
(3 -2.07174e-16 0)
(3 -1.18022e-16 0)
(3 -1.2087e-15 0)
(3 -9.21798e-16 0)
(3 -1.78175e-16 0)
(3 8.29408e-16 0)
(3 8.55221e-16 0)
(3 5.85744e-17 0)
(3 -8.59154e-16 0)
(3 -3.51567e-16 0)
(3 4.68318e-16 0)
(3 7.75353e-16 0)
(3 3.74349e-16 0)
(3 6.0141e-07 0)
(1.28573 0.349862 0)
(0.748151 0.306627 0)
(0.698573 0.291585 0)
(0.661363 0.312412 0)
(0.624726 0.321527 0)
(0.57762 0.307291 0)
(0.506112 0.299169 0)
(0.472859 0.314929 0)
(0.461387 0.381833 0)
(0.455021 0.412922 0)
(0.382565 0.439758 0)
(0.279624 0.374739 0)
(0.26162 0.279871 0)
(0.25469 0.29574 0)
(0.225647 0.34585 0)
(0.171879 0.374022 0)
(0.077206 0.354708 0)
(3 -3.33907e-16 0)
(3 -6.83065e-16 0)
(3 -3.59703e-17 0)
(3 -5.48891e-16 0)
(3 5.42697e-16 0)
(3 6.66791e-16 0)
(3 5.06745e-16 0)
(3 -1.77568e-16 0)
(3 -3.96572e-16 0)
(3 -1.73596e-16 0)
(3 -3.63127e-16 0)
(3 -7.2632e-16 0)
(3 -2.30778e-16 0)
(3 2.41837e-16 0)
(3 8.51683e-16 0)
(3 6.39384e-16 0)
(3 3.02582e-16 0)
(3 -1.87507e-16 0)
(3 -7.89476e-17 0)
(3 -5.09389e-17 0)
(3 7.16733e-17 0)
(3 -5.35933e-16 0)
(3 1.871e-10 0)
(1.38088 0.352656 0)
(0.757127 0.317556 0)
(0.703437 0.319353 0)
(0.65932 0.335606 0)
(0.619305 0.32339 0)
(0.565938 0.284851 0)
(0.515219 0.29266 0)
(0.503404 0.398346 0)
(0.468491 0.45348 0)
(0.455702 0.433863 0)
(0.381996 0.392414 0)
(0.276419 0.396925 0)
(0.265145 0.471778 0)
(0.257982 0.472692 0)
(0.229947 0.430874 0)
(0.168554 0.388876 0)
(0.0648981 0.275815 0)
(3 -5.53186e-17 0)
(3 -1.85617e-16 0)
(3 -7.05013e-16 0)
(3 -7.75746e-16 0)
(3 -1.03391e-16 0)
(3 7.01384e-16 0)
(3 1.13632e-16 0)
(3 4.87277e-16 0)
(3 3.09397e-16 0)
(3 3.23228e-16 0)
(3 1.26311e-17 0)
(3 1.96899e-16 0)
(3 4.23467e-16 0)
(3 3.07865e-16 0)
(3 1.89124e-16 0)
(3 4.79984e-16 0)
(3 1.87316e-16 0)
(3 -3.22968e-16 0)
(3 -7.35938e-18 0)
(3 -6.11392e-16 0)
(3 -9.26988e-16 0)
(3 -7.79762e-16 0)
(3 6.18318e-15 0)
(1.48344 0.35623 0)
(0.771031 0.332952 0)
(0.703997 0.343417 0)
(0.655424 0.343136 0)
(0.604566 0.309116 0)
(0.563083 0.291954 0)
(0.539393 0.341671 0)
(0.533253 0.433012 0)
(0.478762 0.460294 0)
(0.436995 0.435356 0)
(0.379939 0.367352 0)
(0.311911 0.420949 0)
(0.315663 0.576241 0)
(0.279269 0.674736 0)
(0.192389 0.665981 0)
(0.126226 0.473609 0)
(0.0621981 0.324381 0)
(3 1.81123e-16 0)
(3 1.59556e-16 0)
(3 -4.19655e-16 0)
(3 -5.67983e-16 0)
(3 -7.49851e-16 0)
(3 -1.8692e-16 0)
(3 -5.41454e-16 0)
(3 6.91633e-16 0)
(3 -1.44202e-16 0)
(3 2.80272e-16 0)
(3 -1.60935e-16 0)
(3 1.02873e-16 0)
(3 -3.59303e-16 0)
(3 4.82095e-17 0)
(3 3.65567e-16 0)
(3 4.61933e-16 0)
(3 -5.15741e-17 0)
(3 -6.18023e-16 0)
(3 -1.86328e-16 0)
(3 -7.14079e-16 0)
(3 -9.32063e-16 0)
(3 -1.14654e-16 0)
(3 -1.71358e-15 0)
(1.59306 0.367168 0)
(0.783638 0.355238 0)
(0.701818 0.350609 0)
(0.646258 0.330774 0)
(0.594378 0.30972 0)
(0.569564 0.312083 0)
(0.571957 0.395773 0)
(0.5476 0.457193 0)
(0.488637 0.468377 0)
(0.419837 0.414517 0)
(0.380454 0.360088 0)
(0.351042 0.444614 0)
(0.363377 0.605098 0)
(0.299763 0.719149 0)
(0.190406 0.755947 0)
(0.0756946 0.691662 0)
(0.0574822 0.619674 0)
(3 -7.2561e-17 0)
(3 -2.1126e-17 0)
(3 1.57747e-16 0)
(3 -1.15007e-16 0)
(3 -1.31936e-15 0)
(3 -1.19379e-15 0)
(3 -1.02667e-15 0)
(3 -4.88923e-16 0)
(3 -4.06401e-16 0)
(3 -2.08106e-16 0)
(3 -4.33341e-16 0)
(3 -4.08569e-16 0)
(3 -7.99346e-16 0)
(3 -1.29606e-16 0)
(3 3.41697e-16 0)
(3 5.20561e-16 0)
(3 -2.4003e-16 0)
(3 -3.3486e-16 0)
(3 -2.54202e-16 0)
(3 -9.77162e-16 0)
(3 -3.56142e-16 0)
(3 2.82715e-16 0)
(3 -1.15372e-15 0)
(1.71022 0.369588 0)
(0.795183 0.370749 0)
(0.688021 0.361478 0)
(0.6345 0.329176 0)
(0.600065 0.318091 0)
(0.592658 0.372917 0)
(0.600103 0.404411 0)
(0.560777 0.45748 0)
(0.488911 0.44813 0)
(0.398957 0.406105 0)
(0.397897 0.419629 0)
(0.382988 0.471725 0)
(0.407755 0.559658 0)
(0.328054 0.662233 0)
(0.20225 0.733602 0)
(0.0787299 0.734161 0)
(0.077644 0.786587 0)
(3 -1.29964e-16 0)
(3 1.0773e-16 0)
(3 3.41975e-16 0)
(3 7.27451e-17 0)
(3 -4.86214e-16 0)
(3 -8.44927e-16 0)
(3 -6.7889e-16 0)
(3 -2.39344e-16 0)
(3 1.95938e-16 0)
(3 9.28106e-17 0)
(3 -6.51558e-17 0)
(3 -2.70121e-16 0)
(3 -1.22367e-15 0)
(3 -1.538e-15 0)
(3 6.80612e-17 0)
(3 4.56911e-16 0)
(3 4.90178e-16 0)
(3 5.7509e-16 0)
(3 1.18774e-16 0)
(3 -1.9435e-17 0)
(3 -7.54303e-16 0)
(3 -2.06816e-16 0)
(3 -1.17482e-15 0)
(1.82828 0.356979 0)
(0.801021 0.371948 0)
(0.672559 0.354918 0)
(0.63277 0.353621 0)
(0.616938 0.388072 0)
(0.606448 0.403367 0)
(0.612612 0.386666 0)
(0.56166 0.356251 0)
(0.492977 0.350397 0)
(0.412155 0.422574 0)
(0.421824 0.500728 0)
(0.392863 0.522032 0)
(0.402264 0.491751 0)
(0.317331 0.401105 0)
(0.2544 0.409972 0)
(0.146559 0.657871 0)
(0.0863105 0.782934 0)
(3 1.18878e-16 0)
(3 1.47872e-16 0)
(3 4.58675e-16 0)
(3 8.02789e-17 0)
(3 3.82896e-17 0)
(3 -4.6508e-16 0)
(3 -7.23231e-16 0)
(3 -2.5134e-16 0)
(3 -1.38881e-16 0)
(3 2.63098e-16 0)
(3 8.52242e-16 0)
(3 5.0307e-16 0)
(3 -1.37791e-15 0)
(3 -2.0568e-15 0)
(3 -1.04128e-15 0)
(3 -6.56375e-16 0)
(3 1.95679e-16 0)
(3 1.43634e-15 0)
(3 9.50952e-16 0)
(3 -2.81946e-16 0)
(3 -8.3161e-16 0)
(3 -7.09445e-16 0)
(3 -1.27751e-15 0)
(1.9512 0.348665 0)
(0.800332 0.37901 0)
(0.670274 0.359242 0)
(0.652874 0.389473 0)
(0.636583 0.433163 0)
(0.612608 0.428115 0)
(0.605177 0.390995 0)
(0.551318 0.309652 0)
(0.514523 0.335043 0)
(0.460522 0.433983 0)
(0.440099 0.554282 0)
(0.39103 0.566894 0)
(0.362915 0.488869 0)
(0.300353 0.374011 0)
(0.269395 0.351142 0)
(0.226977 0.396144 0)
(0.102307 0.454937 0)
(3 6.67428e-17 0)
(3 -2.43997e-16 0)
(3 2.05463e-16 0)
(3 1.68076e-16 0)
(3 -6.92912e-16 0)
(3 -1.07495e-15 0)
(3 -7.98408e-16 0)
(3 -7.72022e-16 0)
(3 3.81697e-17 0)
(3 2.40864e-16 0)
(3 2.12513e-16 0)
(3 1.44208e-16 0)
(3 -1.94581e-16 0)
(3 -1.49555e-15 0)
(3 -1.62751e-15 0)
(3 -1.3125e-15 0)
(3 5.4251e-16 0)
(3 6.47801e-16 0)
(3 6.67504e-16 0)
(3 -5.25688e-16 0)
(3 -8.94415e-16 0)
(3 -9.10526e-16 0)
(3 -1.93348e-15 0)
(2.08866 0.373228 0)
(0.804516 0.402581 0)
(0.693824 0.385374 0)
(0.693102 0.426146 0)
(0.663202 0.438865 0)
(0.631101 0.429827 0)
(0.592502 0.358361 0)
(0.555848 0.317848 0)
(0.542593 0.340253 0)
(0.51571 0.481411 0)
(0.463048 0.580106 0)
(0.389631 0.591004 0)
(0.311652 0.472162 0)
(0.285477 0.385465 0)
(0.284783 0.365901 0)
(0.244173 0.393955 0)
(0.107244 0.391497 0)
(3 -2.094e-16 0)
(3 -4.26637e-16 0)
(3 -8.32751e-16 0)
(3 -2.90953e-16 0)
(3 -8.82119e-16 0)
(3 -1.393e-15 0)
(3 -1.36886e-15 0)
(3 -9.84463e-16 0)
(3 6.50695e-16 0)
(3 1.01278e-15 0)
(3 -2.87942e-16 0)
(3 -8.11747e-16 0)
(3 -2.40947e-16 0)
(3 -4.00378e-16 0)
(3 -1.03093e-15 0)
(3 -8.31104e-16 0)
(3 4.44135e-16 0)
(3 2.41299e-16 0)
(3 -5.46746e-16 0)
(3 -6.20783e-16 0)
(3 -1.01208e-15 0)
(3 -6.29142e-16 0)
(3 -1.30448e-15 0)
(2.30536 0.402851 0)
(0.862492 0.4569 0)
(0.757283 0.420226 0)
(0.745421 0.426359 0)
(0.696993 0.429176 0)
(0.644072 0.38012 0)
(0.599229 0.353536 0)
(0.575227 0.355826 0)
(0.581724 0.439628 0)
(0.557202 0.531523 0)
(0.48228 0.578575 0)
(0.379423 0.54879 0)
(0.266239 0.481081 0)
(0.282923 0.411118 0)
(0.297549 0.398249 0)
(0.268348 0.435189 0)
(0.108538 0.424943 0)
(3 -8.59753e-17 0)
(3 -1.25747e-16 0)
(3 -5.13066e-16 0)
(3 -5.65598e-16 0)
(3 -9.02706e-16 0)
(3 -1.14461e-15 0)
(3 -1.1341e-15 0)
(3 -8.12667e-16 0)
(3 9.11506e-18 0)
(3 -2.30126e-16 0)
(3 -9.99687e-16 0)
(3 -1.20885e-15 0)
(3 -6.67924e-16 0)
(3 1.87135e-16 0)
(3 -3.01064e-16 0)
(3 1.61503e-17 0)
(3 -3.06866e-16 0)
(3 -5.68778e-16 0)
(3 -1.12845e-15 0)
(3 -8.27418e-16 0)
(3 -7.30955e-16 0)
(3 -1.03656e-16 0)
(3 -1.08673e-15 0)
(2.62081 0.36483 0)
(0.983875 0.498107 0)
(0.833201 0.437861 0)
(0.798922 0.415981 0)
(0.730834 0.37223 0)
(0.665785 0.35342 0)
(0.635529 0.365251 0)
(0.62028 0.477669 0)
(0.619066 0.547257 0)
(0.563358 0.570244 0)
(0.473701 0.521741 0)
(0.380107 0.495515 0)
(0.269205 0.551757 0)
(0.286564 0.664199 0)
(0.294609 0.562086 0)
(0.278707 0.533426 0)
(0.105471 0.474466 0)
(3 1.23407e-16 0)
(3 6.1985e-17 0)
(3 -2.28862e-16 0)
(3 -6.14197e-16 0)
(3 -5.05213e-16 0)
(3 -1.88965e-16 0)
(3 -1.1139e-16 0)
(3 -2.72869e-16 0)
(3 -4.93081e-16 0)
(3 -6.75987e-16 0)
(3 -1.32179e-15 0)
(3 -1.00292e-15 0)
(3 -1.2196e-16 0)
(3 1.67676e-16 0)
(3 4.23248e-16 0)
(3 5.95206e-16 0)
(3 -3.56478e-16 0)
(3 -1.24408e-15 0)
(3 -1.23724e-15 0)
(3 -7.1121e-16 0)
(3 -1.35302e-15 0)
(3 -1.60128e-15 0)
(3 -2.17865e-15 0)
(2.90098 0.225073 0)
(1.08882 0.457513 0)
(0.866813 0.426054 0)
(0.826356 0.370923 0)
(0.758792 0.35861 0)
(0.706765 0.381496 0)
(0.693449 0.491513 0)
(0.656974 0.552992 0)
(0.633421 0.548053 0)
(0.570015 0.539162 0)
(0.451103 0.466371 0)
(0.406367 0.511476 0)
(0.352785 0.713959 0)
(0.355936 0.932993 0)
(0.258235 0.997595 0)
(0.209242 0.710575 0)
(0.112448 0.566508 0)
(3 3.33166e-16 0)
(3 1.38083e-16 0)
(3 -6.04478e-18 0)
(3 -4.17888e-16 0)
(3 -7.83645e-16 0)
(3 -5.18038e-16 0)
(3 -1.10857e-16 0)
(3 -3.64962e-16 0)
(3 -1.33645e-15 0)
(3 -1.30666e-15 0)
(3 -1.42303e-15 0)
(3 -9.80465e-16 0)
(3 5.09386e-16 0)
(3 7.35766e-16 0)
(3 7.24464e-16 0)
(3 3.07539e-16 0)
(3 -4.33111e-16 0)
(3 -1.47703e-16 0)
(3 -9.05961e-16 0)
(3 -6.01281e-16 0)
(3 -1.44933e-15 0)
(3 -2.64969e-15 0)
(3 -3.03189e-15 0)
(2.96447 0.102874 0)
(1.11661 0.411038 0)
(0.862072 0.400469 0)
(0.825819 0.376964 0)
(0.783573 0.38257 0)
(0.758542 0.478318 0)
(0.724406 0.565702 0)
(0.666088 0.589693 0)
(0.625962 0.567741 0)
(0.546492 0.464167 0)
(0.464171 0.466122 0)
(0.445118 0.539439 0)
(0.433774 0.775394 0)
(0.401711 0.959882 0)
(0.299927 1.1164 0)
(0.144475 1.13331 0)
(0.0859387 0.850131 0)
(3 1.4403e-16 0)
(3 2.02872e-16 0)
(3 1.68341e-16 0)
(3 6.10003e-16 0)
(3 -3.68491e-16 0)
(3 -6.36394e-16 0)
(3 -8.52609e-16 0)
(3 -1.27722e-15 0)
(3 -1.96118e-15 0)
(3 -1.52311e-15 0)
(3 -1.35557e-15 0)
(3 -4.74268e-16 0)
(3 1.76922e-17 0)
(3 9.45483e-16 0)
(3 4.50038e-16 0)
(3 1.60272e-16 0)
(3 5.92328e-16 0)
(3 -6.85667e-17 0)
(3 -1.05217e-16 0)
(3 -2.05781e-16 0)
(3 -1.1405e-15 0)
(3 -1.4752e-15 0)
(3 -1.14087e-15 0)
(2.93448 0.0595857 0)
(1.10068 0.381399 0)
(0.816437 0.406548 0)
(0.823775 0.439018 0)
(0.796764 0.498888 0)
(0.779564 0.529316 0)
(0.740758 0.563459 0)
(0.688117 0.571089 0)
(0.603915 0.476469 0)
(0.553309 0.459966 0)
(0.497979 0.532442 0)
(0.509196 0.719292 0)
(0.479251 0.784468 0)
(0.462727 0.93937 0)
(0.35143 1.14269 0)
(0.198201 1.34133 0)
(0.128874 1.49341 0)
(3 -4.47099e-16 0)
(3 -2.94096e-16 0)
(3 -1.9081e-18 0)
(3 3.21561e-16 0)
(3 -2.66729e-16 0)
(3 -5.23848e-16 0)
(3 -7.21657e-16 0)
(3 -1.37171e-15 0)
(3 -1.78707e-15 0)
(3 -1.40731e-15 0)
(3 -8.21562e-17 0)
(3 -4.57667e-16 0)
(3 -4.19339e-17 0)
(3 5.75613e-16 0)
(3 1.05084e-15 0)
(3 1.06265e-15 0)
(3 6.28311e-16 0)
(3 -1.47531e-16 0)
(3 1.54462e-16 0)
(3 1.94305e-16 0)
(3 7.37758e-16 0)
(3 7.16272e-16 0)
(3 3.27481e-16 0)
(2.96535 0.0413016 0)
(1.09766 0.382641 0)
(0.797858 0.447747 0)
(0.80018 0.519084 0)
(0.779157 0.538609 0)
(0.777225 0.532246 0)
(0.744651 0.492577 0)
(0.660196 0.42566 0)
(0.610007 0.444768 0)
(0.58256 0.488224 0)
(0.590856 0.646573 0)
(0.557607 0.7861 0)
(0.502798 0.806926 0)
(0.508155 0.817602 0)
(0.430752 0.982168 0)
(0.289199 1.35288 0)
(0.167389 1.67838 0)
(3 -5.86167e-17 0)
(3 -4.70614e-16 0)
(3 -4.40379e-16 0)
(3 -1.12438e-16 0)
(3 1.50595e-16 0)
(3 7.68709e-17 0)
(3 5.18931e-17 0)
(3 -1.20375e-16 0)
(3 -3.53254e-16 0)
(3 -2.31027e-16 0)
(3 3.44456e-16 0)
(3 2.59488e-16 0)
(3 6.86103e-16 0)
(3 1.06663e-15 0)
(3 1.25335e-15 0)
(3 5.76783e-16 0)
(3 2.98457e-16 0)
(3 -1.96715e-16 0)
(3 -4.86717e-16 0)
(3 -2.49336e-16 0)
(3 2.61393e-17 0)
(3 -1.29388e-16 0)
(3 -3.26222e-16 0)
(3.00445 0.00378236 0)
(1.296 0.437127 0)
(0.807192 0.477176 0)
(0.773618 0.488426 0)
(0.746193 0.49145 0)
(0.72152 0.47973 0)
(0.697028 0.472289 0)
(0.680995 0.503234 0)
(0.672825 0.568942 0)
(0.656297 0.630259 0)
(0.648407 0.660485 0)
(0.602444 0.678516 0)
(0.548137 0.71759 0)
(0.505695 0.745956 0)
(0.499778 0.817125 0)
(0.628042 0.953574 0)
(0.788785 1.23286 0)
(3 5.49729e-17 0)
(3 1.29571e-16 0)
(3 1.79086e-16 0)
(3 4.8403e-16 0)
(3 1.12929e-15 0)
(3 1.15951e-15 0)
(3 1.00235e-15 0)
(3 9.37361e-16 0)
(3 8.89225e-16 0)
(3 6.67932e-16 0)
(3 1.9602e-16 0)
(3 1.19723e-16 0)
(3 -1.16264e-16 0)
(3 -3.37042e-16 0)
(3 -3.88465e-16 0)
(3 1.42997e-17 0)
(3 1.77852e-16 0)
(3 1.87237e-16 0)
(3 -1.04815e-15 0)
(3 -1.38779e-15 0)
(3 -1.31352e-15 0)
(3 -5.45349e-16 0)
(3 -3.74361e-18 0)
(3.0001 1.12551e-05 0)
(1.90259 0.481165 0)
(0.869747 0.536392 0)
(0.778566 0.511853 0)
(0.751587 0.510601 0)
(0.729431 0.521064 0)
(0.72007 0.552446 0)
(0.710882 0.589839 0)
(0.70442 0.624066 0)
(0.688366 0.650917 0)
(0.666525 0.665873 0)
(0.648582 0.694864 0)
(0.638168 0.751935 0)
(0.643964 0.848629 0)
(0.690465 0.98273 0)
(0.818008 1.09241 0)
(1.11622 1.21425 0)
(3 6.46334e-17 0)
(3 5.65799e-16 0)
(3 7.98916e-16 0)
(3 6.83726e-16 0)
(3 7.68255e-16 0)
(3 9.08398e-16 0)
(3 7.97793e-16 0)
(3 9.29824e-16 0)
(3 8.82737e-16 0)
(3 3.33275e-16 0)
(3 -2.62248e-16 0)
(3 -3.62259e-16 0)
(3 -5.94355e-16 0)
(3 -4.71958e-16 0)
(3 -2.03317e-16 0)
(3 4.78253e-16 0)
(3 6.35126e-16 0)
(3 3.21749e-16 0)
(3 -3.06589e-16 0)
(3 -9.35884e-16 0)
(3 -1.07443e-15 0)
(3 -4.8286e-16 0)
(3 -2.61978e-16 0)
(3 2.15421e-08 0)
(2.82898 0.229384 0)
(1.08799 0.588468 0)
(0.861769 0.548941 0)
(0.82273 0.537721 0)
(0.790827 0.554209 0)
(0.765638 0.582031 0)
(0.746688 0.616223 0)
(0.733945 0.651108 0)
(0.72609 0.680594 0)
(0.723335 0.713574 0)
(0.727938 0.763527 0)
(0.74083 0.82358 0)
(0.772196 0.900134 0)
(0.84114 0.99238 0)
(0.966448 1.1087 0)
(1.22677 1.19036 0)
(3 1.86041e-17 0)
(3 8.96124e-17 0)
(3 -9.31081e-17 0)
(3 -2.06145e-16 0)
(3 -1.7664e-16 0)
(3 -1.62769e-17 0)
(3 9.43817e-17 0)
(3 -2.2685e-16 0)
(3 -3.39343e-16 0)
(3 -3.86435e-16 0)
(3 -4.88836e-16 0)
(3 -5.31954e-16 0)
(3 -1.37146e-16 0)
(3 6.17634e-17 0)
(3 3.63703e-16 0)
(3 3.35829e-16 0)
(3 4.15026e-16 0)
(3 2.87144e-16 0)
(3 4.38911e-17 0)
(3 -5.01492e-16 0)
(3 -8.17953e-16 0)
(3 -5.72713e-16 0)
(3 -5.50568e-17 0)
(3 -4.42473e-12 0)
(3.03619 0.00976305 0)
(1.46891 0.584928 0)
(0.907916 0.618949 0)
(0.86797 0.599542 0)
(0.836317 0.60626 0)
(0.811296 0.629029 0)
(0.792233 0.663863 0)
(0.78289 0.702759 0)
(0.782037 0.733452 0)
(0.79143 0.755233 0)
(0.806201 0.781675 0)
(0.834014 0.817455 0)
(0.883434 0.871255 0)
(0.971049 0.940164 0)
(1.09982 1.01477 0)
(1.30073 1.07153 0)
(3 2.77752e-17 0)
(3 -5.225e-17 0)
(3 -2.21176e-16 0)
(3 -4.33573e-16 0)
(3 -5.86964e-16 0)
(3 -5.96137e-16 0)
(3 -2.81152e-16 0)
(3 -1.95719e-16 0)
(3 -1.03544e-16 0)
(3 3.50813e-16 0)
(3 2.36206e-16 0)
(3 -1.61551e-16 0)
(3 -2.27103e-16 0)
(3 -4.37866e-16 0)
(3 -3.32095e-18 0)
(3 5.14605e-17 0)
(3 -1.3378e-16 0)
(3 1.25394e-16 0)
(3 4.89496e-16 0)
(3 5.52788e-16 0)
(3 6.02545e-16 0)
(3 3.43636e-16 0)
(3 4.93093e-16 0)
(3 -6.50397e-12 0)
(3.0005 4.58458e-05 0)
(2.34407 0.455473 0)
(1.02635 0.664088 0)
(0.913605 0.644939 0)
(0.897571 0.638775 0)
(0.880336 0.65578 0)
(0.866694 0.689218 0)
(0.85587 0.726824 0)
(0.84939 0.755249 0)
(0.855591 0.776095 0)
(0.877987 0.79856 0)
(0.918244 0.826651 0)
(0.982542 0.86374 0)
(1.0752 0.911447 0)
(1.19592 0.955315 0)
(1.35649 0.991916 0)
(3 -6.8924e-17 0)
(3 -5.83514e-18 0)
(3 5.44805e-17 0)
(3 -3.63444e-17 0)
(3 -1.1457e-16 0)
(3 -2.37305e-17 0)
(3 -4.85776e-16 0)
(3 -2.60066e-16 0)
(3 1.80084e-16 0)
(3 4.3184e-16 0)
(3 7.39421e-16 0)
(3 8.09888e-16 0)
(3 3.31023e-16 0)
(3 3.86619e-16 0)
(3 4.66282e-16 0)
(3 3.05123e-16 0)
(3 -7.84474e-17 0)
(3 -1.42087e-16 0)
(3 3.07197e-16 0)
(3 9.5747e-16 0)
(3 1.16228e-15 0)
(3 1.06713e-15 0)
(3 5.32797e-16 0)
(3 -1.07586e-12 0)
(3 1.36906e-08 0)
(3.05049 0.0526131 0)
(1.38414 0.661355 0)
(0.977867 0.679379 0)
(0.959714 0.673901 0)
(0.93921 0.698559 0)
(0.926612 0.732449 0)
(0.920221 0.763286 0)
(0.918739 0.785169 0)
(0.928181 0.805671 0)
(0.952353 0.827889 0)
(0.991003 0.85058 0)
(1.05132 0.876439 0)
(1.14175 0.906764 0)
(1.24684 0.928702 0)
(1.38714 0.945696 0)
(3 -2.88043e-17 0)
(3 -1.02672e-16 0)
(3 2.06623e-16 0)
(3 1.66278e-16 0)
(3 1.31297e-16 0)
(3 2.53408e-16 0)
(3 -8.5293e-17 0)
(3 -1.70285e-16 0)
(3 -2.0245e-16 0)
(3 1.19162e-16 0)
(3 5.52485e-16 0)
(3 7.72609e-16 0)
(3 6.28565e-16 0)
(3 5.29338e-16 0)
(3 3.79517e-16 0)
(3 2.36042e-16 0)
(3 5.7436e-17 0)
(3 3.91046e-17 0)
(3 -1.95564e-16 0)
(3 -2.35342e-16 0)
(3 -1.0294e-16 0)
(3 9.26678e-16 0)
(3 7.48328e-16 0)
(3 -1.14793e-14 0)
(3 -2.2266e-08 0)
(3.00338 0.00051774 0)
(2.21432 0.528407 0)
(1.08064 0.742235 0)
(0.986744 0.734004 0)
(0.984488 0.731288 0)
(0.981568 0.74884 0)
(0.982622 0.768816 0)
(0.990622 0.788013 0)
(1.00619 0.81063 0)
(1.02733 0.837015 0)
(1.0582 0.860677 0)
(1.10682 0.883885 0)
(1.18396 0.905018 0)
(1.27833 0.918186 0)
(1.39921 0.930022 0)
(3 -5.11655e-17 0)
(3 -1.42379e-16 0)
(3 -1.60863e-16 0)
(3 -5.6286e-17 0)
(3 7.80996e-17 0)
(3 -1.07902e-16 0)
(3 -4.46386e-17 0)
(3 4.51768e-17 0)
(3 -8.3728e-17 0)
(3 8.00142e-16 0)
(3 7.51441e-16 0)
(3 6.07248e-16 0)
(3 1.87069e-16 0)
(3 6.82393e-17 0)
(3 1.31806e-16 0)
(3 -9.26917e-17 0)
(3 -5.51792e-17 0)
(3 -2.67981e-17 0)
(3 -9.49664e-19 0)
(3 -1.41931e-16 0)
(3 1.12701e-16 0)
(3 6.80191e-16 0)
(3 9.99931e-16 0)
(3 1.32528e-15 0)
(3 -7.21982e-09 0)
(3 1.00268e-06 0)
(3.0336 0.0710306 0)
(1.45542 0.733591 0)
(1.04252 0.763922 0)
(1.03941 0.761788 0)
(1.03267 0.779031 0)
(1.03447 0.795799 0)
(1.04997 0.811425 0)
(1.07141 0.827921 0)
(1.09515 0.84597 0)
(1.11822 0.862977 0)
(1.15519 0.880221 0)
(1.21956 0.898136 0)
(1.30294 0.910579 0)
(1.40509 0.922204 0)
(3 -4.76799e-18 0)
(3 1.19502e-16 0)
(3 9.90006e-17 0)
(3 2.34144e-16 0)
(3 -1.07565e-16 0)
(3 -4.38259e-16 0)
(3 3.17787e-16 0)
(3 7.24694e-17 0)
(3 6.37629e-17 0)
(3 1.74756e-16 0)
(3 4.87094e-16 0)
(3 -5.90548e-17 0)
(3 -1.54989e-16 0)
(3 -2.05665e-16 0)
(3 -2.5379e-16 0)
(3 -6.94242e-16 0)
(3 -6.38623e-16 0)
(3 -4.01448e-16 0)
(3 7.32076e-16 0)
(3 9.43512e-16 0)
(3 6.88212e-16 0)
(3 3.58671e-16 0)
(3 -8.50572e-18 0)
(3 1.49606e-15 0)
(3 -5.7705e-10 0)
(3 -3.01656e-09 0)
(3.00357 0.00120683 0)
(2.43453 0.487972 0)
(1.19235 0.811883 0)
(1.07298 0.802199 0)
(1.08807 0.797642 0)
(1.09196 0.807236 0)
(1.11032 0.817153 0)
(1.13176 0.829825 0)
(1.15384 0.84328 0)
(1.17261 0.854844 0)
(1.2051 0.870032 0)
(1.26003 0.88874 0)
(1.3321 0.902619 0)
(1.41592 0.913737 0)
(3 2.82095e-17 0)
(3 1.51762e-16 0)
(3 5.23356e-16 0)
(3 3.69089e-16 0)
(3 -1.61909e-17 0)
(3 -3.6365e-16 0)
(3 -6.58597e-17 0)
(3 3.50039e-16 0)
(3 6.53111e-16 0)
(3 3.6452e-16 0)
(3 1.27792e-16 0)
(3 -4.1208e-16 0)
(3 -7.94596e-16 0)
(3 -7.48603e-16 0)
(3 -1.35927e-15 0)
(3 -1.2968e-15 0)
(3 -1.05543e-15 0)
(3 -7.56564e-16 0)
(3 -7.04816e-16 0)
(3 9.53714e-17 0)
(3 1.94238e-16 0)
(3 -2.36372e-16 0)
(3 -5.90447e-16 0)
(3 1.10194e-15 0)
(3 -2.84889e-12 0)
(3 -1.11912e-10 0)
(3 3.0468e-06 0)
(3.03198 0.0406739 0)
(1.68581 0.752485 0)
(1.14118 0.844075 0)
(1.12064 0.841916 0)
(1.12888 0.844626 0)
(1.14627 0.849825 0)
(1.16943 0.855822 0)
(1.19073 0.861353 0)
(1.21304 0.866178 0)
(1.25044 0.875401 0)
(1.3045 0.884878 0)
(1.36268 0.891583 0)
(1.43178 0.895569 0)
(3 -4.29232e-17 0)
(3 -1.3415e-16 0)
(3 8.87293e-18 0)
(3 1.3555e-16 0)
(3 1.25016e-16 0)
(3 1.82539e-16 0)
(3 -2.5196e-17 0)
(3 5.24297e-17 0)
(3 4.33772e-16 0)
(3 7.32333e-17 0)
(3 -7.14543e-16 0)
(3 -1.13866e-15 0)
(3 -1.24616e-15 0)
(3 -1.56301e-15 0)
(3 -1.49384e-15 0)
(3 -1.03322e-15 0)
(3 -8.80527e-16 0)
(3 -6.8862e-16 0)
(3 6.62289e-18 0)
(3 6.81763e-16 0)
(3 1.31185e-15 0)
(3 4.8452e-16 0)
(3 2.07105e-17 0)
(3 -1.05175e-16 0)
(3 -2.10319e-15 0)
(3 -1.25617e-11 0)
(3 2.4142e-10 0)
(3.00116 0.000781439 0)
(2.83174 0.284258 0)
(1.40429 0.853521 0)
(1.15762 0.866744 0)
(1.17918 0.861696 0)
(1.18859 0.867226 0)
(1.21081 0.86697 0)
(1.23069 0.866935 0)
(1.25894 0.868566 0)
(1.29746 0.875131 0)
(1.34767 0.880521 0)
(1.39631 0.883093 0)
(1.45617 0.878127 0)
(3 4.72567e-17 0)
(3 1.04265e-17 0)
(3 -1.60481e-16 0)
(3 -9.71802e-17 0)
(3 -5.84458e-17 0)
(3 1.90868e-16 0)
(3 1.81364e-16 0)
(3 2.01067e-16 0)
(3 -4.376e-17 0)
(3 -3.62832e-16 0)
(3 -1.03355e-15 0)
(3 -1.19425e-15 0)
(3 -8.01381e-16 0)
(3 -8.63988e-16 0)
(3 -7.87051e-16 0)
(3 -5.15419e-16 0)
(3 -4.50244e-16 0)
(3 -1.02186e-16 0)
(3 4.99939e-16 0)
(3 4.19513e-16 0)
(3 7.63411e-16 0)
(3 5.34707e-16 0)
(3 2.66665e-16 0)
(3 -7.73413e-16 0)
(3 -4.31321e-16 0)
(3 -4.85948e-13 0)
(3 -7.08458e-12 0)
(3 9.11728e-07 0)
(3.01217 0.010788 0)
(2.26228 0.629268 0)
(1.28894 0.910149 0)
(1.20953 0.902984 0)
(1.23381 0.896784 0)
(1.24587 0.895979 0)
(1.26837 0.893983 0)
(1.29926 0.89509 0)
(1.33947 0.895433 0)
(1.38545 0.89154 0)
(1.42959 0.88187 0)
(1.48149 0.870072 0)
(3 9.15026e-18 0)
(3 1.47533e-16 0)
(3 -1.27656e-16 0)
(3 -2.27654e-16 0)
(3 -2.85051e-17 0)
(3 1.41822e-16 0)
(3 2.53885e-16 0)
(3 3.81302e-16 0)
(3 -8.86231e-17 0)
(3 -3.91625e-16 0)
(3 -2.70591e-16 0)
(3 3.22875e-16 0)
(3 1.52202e-16 0)
(3 -3.47179e-16 0)
(3 -8.00227e-16 0)
(3 -6.96006e-16 0)
(3 -4.59399e-18 0)
(3 2.99996e-16 0)
(3 3.78904e-16 0)
(3 -1.81207e-16 0)
(3 -3.44208e-16 0)
(3 1.9857e-16 0)
(3 3.73396e-16 0)
(3 -5.38084e-17 0)
(3 -6.27861e-16 0)
(3 -4.40812e-15 0)
(3 -5.4655e-12 0)
(3 4.89066e-11 0)
(3.00007 0.000115654 0)
(3.00225 0.0781002 0)
(1.83745 0.804392 0)
(1.28225 0.92765 0)
(1.27654 0.926212 0)
(1.29148 0.922146 0)
(1.3085 0.921403 0)
(1.33782 0.920009 0)
(1.37572 0.914927 0)
(1.41453 0.907136 0)
(1.45294 0.893774 0)
(1.49896 0.88138 0)
(3 -4.28529e-17 0)
(3 -2.07359e-16 0)
(3 -3.65232e-16 0)
(3 -1.77244e-16 0)
(3 -4.45151e-17 0)
(3 -7.43591e-17 0)
(3 -9.00681e-17 0)
(3 -4.04983e-16 0)
(3 -9.29844e-16 0)
(3 -8.80631e-16 0)
(3 -4.16869e-16 0)
(3 -4.14896e-17 0)
(3 -1.25035e-17 0)
(3 -3.57453e-16 0)
(3 -3.9673e-16 0)
(3 -9.46116e-17 0)
(3 -1.47489e-18 0)
(3 -2.04056e-16 0)
(3 -3.41424e-16 0)
(3 -3.97995e-16 0)
(3 -8.20758e-17 0)
(3 2.95467e-16 0)
(3 1.04875e-15 0)
(3 7.92183e-16 0)
(3 9.78921e-17 0)
(3 2.75687e-16 0)
(3 -8.39149e-13 0)
(3 -7.43414e-13 0)
(3 4.84093e-08 0)
(3.00127 0.00210382 0)
(2.84931 0.258133 0)
(1.64283 0.879736 0)
(1.32695 0.943745 0)
(1.34182 0.938221 0)
(1.357 0.936348 0)
(1.37896 0.936046 0)
(1.40682 0.933659 0)
(1.43671 0.927995 0)
(1.47223 0.915576 0)
(1.51747 0.90106 0)
(3 5.14085e-17 0)
(3 4.76466e-17 0)
(3 -2.30928e-16 0)
(3 -2.18881e-16 0)
(3 1.97816e-16 0)
(3 2.03351e-16 0)
(3 2.83258e-16 0)
(3 1.96505e-17 0)
(3 -1.00113e-16 0)
(3 -8.38882e-16 0)
(3 -1.34033e-15 0)
(3 -1.42901e-15 0)
(3 -1.96107e-16 0)
(3 4.45217e-16 0)
(3 1.74777e-16 0)
(3 -1.50854e-16 0)
(3 -2.27346e-16 0)
(3 -3.3409e-16 0)
(3 -3.68641e-16 0)
(3 -3.33885e-16 0)
(3 4.94693e-16 0)
(3 1.11045e-15 0)
(3 1.22817e-15 0)
(3 7.48224e-16 0)
(3 4.7157e-16 0)
(3 1.40217e-15 0)
(3 -8.99333e-15 0)
(3 -2.06374e-13 0)
(3 3.55666e-12 0)
(3 3.65467e-06 0)
(3.00297 0.0125123 0)
(2.62218 0.446968 0)
(1.55157 0.927064 0)
(1.37324 0.960116 0)
(1.4 0.953155 0)
(1.41766 0.952789 0)
(1.43954 0.949024 0)
(1.46633 0.941248 0)
(1.49923 0.931263 0)
(1.53497 0.923204 0)
(3 2.4099e-17 0)
(3 1.95819e-16 0)
(3 1.8264e-17 0)
(3 -6.38201e-16 0)
(3 1.30759e-16 0)
(3 7.60097e-16 0)
(3 8.11037e-16 0)
(3 5.99883e-16 0)
(3 5.1621e-18 0)
(3 -2.60217e-16 0)
(3 -5.46885e-16 0)
(3 -3.72241e-16 0)
(3 -5.63925e-17 0)
(3 -6.0983e-17 0)
(3 -2.23606e-16 0)
(3 -5.05214e-16 0)
(3 -3.38736e-16 0)
(3 -5.66905e-17 0)
(3 1.89032e-16 0)
(3 3.3926e-16 0)
(3 3.89014e-16 0)
(3 4.92277e-16 0)
(3 1.68052e-16 0)
(3 7.76193e-17 0)
(3 2.9577e-16 0)
(3 8.98013e-16 0)
(3 1.13799e-15 0)
(3 -1.2933e-14 0)
(3 -1.13044e-14 0)
(3 5.78189e-10 0)
(3.00001 8.76361e-05 0)
(3.00063 0.0329049 0)
(2.38226 0.605257 0)
(1.52583 0.951647 0)
(1.42172 0.97032 0)
(1.45233 0.963571 0)
(1.47466 0.960105 0)
(1.49768 0.9553 0)
(1.52631 0.947766 0)
(1.55572 0.938189 0)
(3 -6.12254e-17 0)
(3 -9.5367e-17 0)
(3 2.326e-16 0)
(3 -4.86755e-17 0)
(3 -3.17718e-16 0)
(3 -2.03174e-16 0)
(3 4.55468e-16 0)
(3 5.84364e-16 0)
(3 4.31446e-16 0)
(3 -9.19868e-18 0)
(3 1.2309e-16 0)
(3 4.8485e-16 0)
(3 3.9287e-16 0)
(3 3.37063e-16 0)
(3 1.03953e-16 0)
(3 -5.84304e-16 0)
(3 -4.63575e-16 0)
(3 -2.62091e-16 0)
(3 6.94468e-16 0)
(3 6.41461e-16 0)
(3 -5.7427e-17 0)
(3 -5.57809e-16 0)
(3 -4.78866e-16 0)
(3 1.25071e-15 0)
(3 1.89466e-15 0)
(3 1.35663e-15 0)
(3 1.37722e-15 0)
(3 -6.66512e-17 0)
(3 -2.45177e-15 0)
(3 3.72318e-14 0)
(3 3.82359e-08 0)
(3.00005 0.000547773 0)
(2.98312 0.0687375 0)
(2.19185 0.713766 0)
(1.5353 0.970874 0)
(1.4682 0.979198 0)
(1.50586 0.971147 0)
(1.52914 0.966677 0)
(1.55425 0.957853 0)
(1.57888 0.946914 0)
(3 1.23718e-16 0)
(3 -2.93044e-17 0)
(3 -4.38324e-17 0)
(3 5.29624e-17 0)
(3 -1.52924e-16 0)
(3 -2.47879e-16 0)
(3 3.66433e-16 0)
(3 6.99327e-16 0)
(3 1.13194e-15 0)
(3 1.21099e-15 0)
(3 9.77857e-16 0)
(3 4.50865e-16 0)
(3 1.27753e-16 0)
(3 1.92513e-16 0)
(3 3.32216e-16 0)
(3 -9.9257e-17 0)
(3 1.25023e-16 0)
(3 -6.74375e-17 0)
(3 8.65179e-17 0)
(3 6.87798e-17 0)
(3 -1.06918e-15 0)
(3 -1.53551e-15 0)
(3 -7.85049e-16 0)
(3 1.10188e-15 0)
(3 1.64134e-15 0)
(3 2.03884e-15 0)
(3 1.97279e-15 0)
(3 8.04527e-16 0)
(3 -8.34567e-16 0)
(3 -8.06195e-16 0)
(3 3.96272e-12 0)
(3 4.67698e-07 0)
(3.00014 0.00187772 0)
(2.94126 0.123132 0)
(2.08621 0.779188 0)
(1.56376 0.988118 0)
(1.51824 0.990489 0)
(1.55356 0.981478 0)
(1.58 0.972145 0)
(1.6029 0.958124 0)
(3 1.9817e-17 0)
(3 5.06787e-18 0)
(3 -4.8517e-17 0)
(3 4.932e-17 0)
(3 2.0728e-16 0)
(3 1.61188e-16 0)
(3 -6.21275e-16 0)
(3 -4.60671e-16 0)
(3 6.83541e-17 0)
(3 7.02217e-16 0)
(3 7.71031e-16 0)
(3 3.29426e-16 0)
(3 -6.777e-17 0)
(3 2.58295e-16 0)
(3 3.19696e-16 0)
(3 4.13488e-16 0)
(3 3.40506e-16 0)
(3 -1.99785e-17 0)
(3 -3.16098e-16 0)
(3 -5.93679e-16 0)
(3 -1.02212e-15 0)
(3 -8.77197e-16 0)
(3 -2.93167e-16 0)
(3 -1.71075e-16 0)
(3 7.31015e-16 0)
(3 1.5742e-15 0)
(3 1.62115e-15 0)
(3 1.15845e-15 0)
(3 6.27016e-16 0)
(3 6.07623e-17 0)
(3 6.78244e-16 0)
(3 9.91785e-11 0)
(3 2.8831e-06 0)
(2.99993 0.0045694 0)
(2.8893 0.180901 0)
(2.0454 0.81597 0)
(1.60664 1.0017 0)
(1.56346 1.00396 0)
(1.59575 0.992769 0)
(1.62673 0.974776 0)
(3 -1.05744e-16 0)
(3 -6.37662e-18 0)
(3 1.80368e-16 0)
(3 6.28624e-17 0)
(3 -5.98236e-16 0)
(3 -9.36516e-16 0)
(3 -1.22822e-15 0)
(3 -1.52072e-15 0)
(3 -9.37036e-16 0)
(3 -2.73598e-16 0)
(3 2.8574e-16 0)
(3 8.86676e-16 0)
(3 1.14711e-15 0)
(3 1.28899e-15 0)
(3 7.31251e-16 0)
(3 4.25335e-16 0)
(3 1.76677e-16 0)
(3 1.14066e-16 0)
(3 -2.87211e-16 0)
(3 -1.37943e-16 0)
(3 -4.56509e-17 0)
(3 -7.21161e-17 0)
(3 -5.24846e-16 0)
(3 1.44721e-16 0)
(3 4.43881e-16 0)
(3 5.22725e-16 0)
(3 6.3922e-16 0)
(3 8.87745e-16 0)
(3 8.07238e-16 0)
(3 1.24073e-15 0)
(3 -3.8143e-17 0)
(3 5.1793e-15 0)
(3 9.54831e-10 0)
(3 1.19253e-05 0)
(2.99901 0.00813048 0)
(2.84667 0.225632 0)
(2.04946 0.831587 0)
(1.65382 1.01146 0)
(1.60896 1.01491 0)
(1.63806 1.00359 0)
(3 -1.62027e-17 0)
(3 -1.03982e-16 0)
(3 5.87867e-18 0)
(3 1.39307e-16 0)
(3 -5.89372e-17 0)
(3 -3.43595e-16 0)
(3 -8.75325e-16 0)
(3 -1.24524e-15 0)
(3 -1.06269e-15 0)
(3 -2.49355e-16 0)
(3 7.9538e-16 0)
(3 1.41608e-15 0)
(3 1.35931e-15 0)
(3 6.43502e-16 0)
(3 2.89281e-16 0)
(3 4.53696e-16 0)
(3 6.8072e-16 0)
(3 5.53892e-16 0)
(3 -2.40906e-16 0)
(3 -4.23943e-16 0)
(3 7.301e-17 0)
(3 6.17409e-17 0)
(3 -4.11027e-16 0)
(3 -4.92278e-16 0)
(3 -1.06816e-15 0)
(3 -1.66046e-15 0)
(3 -6.61176e-16 0)
(3 8.61819e-17 0)
(3 1.41841e-15 0)
(3 1.29423e-15 0)
(3 1.43692e-16 0)
(3 1.23485e-17 0)
(3 5.89952e-14 0)
(3 5.60981e-09 0)
(3 3.06441e-05 0)
(2.99763 0.0114168 0)
(2.8265 0.245504 0)
(2.08296 0.827078 0)
(1.70358 1.01908 0)
(1.66351 1.02031 0)
(3 -5.80648e-17 0)
(3 -1.70972e-16 0)
(3 -2.06763e-16 0)
(3 -2.7045e-17 0)
(3 3.20146e-16 0)
(3 8.75858e-16 0)
(3 3.00993e-16 0)
(3 -1.08783e-16 0)
(3 -1.85912e-16 0)
(3 -8.14319e-17 0)
(3 3.69422e-16 0)
(3 1.05589e-15 0)
(3 1.09185e-15 0)
(3 7.8394e-16 0)
(3 7.00595e-16 0)
(3 1.02965e-15 0)
(3 9.51845e-16 0)
(3 7.7367e-16 0)
(3 3.71703e-16 0)
(3 2.46191e-16 0)
(3 8.71734e-17 0)
(3 -2.41935e-17 0)
(3 -9.72784e-17 0)
(3 -1.05589e-15 0)
(3 -1.58352e-15 0)
(3 -1.58993e-15 0)
(3 -2.23714e-16 0)
(3 1.13297e-15 0)
(3 1.23758e-15 0)
(3 9.73121e-16 0)
(3 9.00212e-16 0)
(3 3.14419e-16 0)
(3 -2.47812e-16 0)
(3 3.47976e-13 0)
(3 1.78694e-08 0)
(2.99999 5.48247e-05 0)
(2.99693 0.0123436 0)
(2.81359 0.247874 0)
(2.16947 0.805432 0)
(1.73553 1.00986 0)
(3 3.0158e-17 0)
(3 7.8151e-17 0)
(3 -3.72419e-17 0)
(3 9.53011e-17 0)
(3 9.05122e-17 0)
(3 2.77244e-17 0)
(3 1.32914e-16 0)
(3 1.52422e-16 0)
(3 1.97122e-16 0)
(3 -4.9189e-16 0)
(3 -1.03553e-16 0)
(3 -2.26971e-17 0)
(3 1.3115e-16 0)
(3 3.0207e-16 0)
(3 3.69002e-16 0)
(3 5.57226e-16 0)
(3 8.95395e-16 0)
(3 1.04085e-15 0)
(3 9.26432e-16 0)
(3 1.19539e-15 0)
(3 1.02333e-15 0)
(3 6.40825e-16 0)
(3 5.50256e-16 0)
(3 -6.4534e-16 0)
(3 -1.43975e-15 0)
(3 -1.65097e-15 0)
(3 -1.39575e-15 0)
(3 -4.52491e-16 0)
(3 6.50085e-16 0)
(3 6.9758e-16 0)
(3 2.80993e-16 0)
(3 5.53938e-17 0)
(3 -7.05874e-16 0)
(3 -1.39958e-15 0)
(3 1.11011e-12 0)
(3 3.89717e-08 0)
(2.99999 5.72448e-05 0)
(2.99505 0.0136359 0)
(2.88259 0.203864 0)
(2.13179 0.832733 0)
(3 8.25833e-17 0)
(3 2.31018e-17 0)
(3 1.0061e-16 0)
(3 2.37553e-16 0)
(3 1.49971e-16 0)
(3 -2.23014e-16 0)
(3 -3.78765e-16 0)
(3 -3.25356e-16 0)
(3 -4.26694e-16 0)
(3 -8.26096e-16 0)
(3 -6.61952e-16 0)
(3 -4.44975e-16 0)
(3 -4.87999e-16 0)
(3 -7.11395e-16 0)
(3 -6.41483e-16 0)
(3 -5.25285e-16 0)
(3 2.93401e-16 0)
(3 1.04754e-15 0)
(3 1.50689e-15 0)
(3 8.12052e-16 0)
(3 3.37723e-16 0)
(3 2.12696e-16 0)
(3 1.78378e-16 0)
(3 5.13342e-17 0)
(3 -1.63625e-15 0)
(3 -1.70728e-15 0)
(3 -1.72943e-15 0)
(3 -1.51652e-15 0)
(3 -7.90228e-16 0)
(3 -6.8954e-17 0)
(3 -3.47876e-16 0)
(3 -2.55345e-16 0)
(3 -4.11461e-16 0)
(3 -1.20734e-15 0)
(3 -1.19182e-15 0)
(3 2.71502e-12 0)
(3 4.34201e-08 0)
(2.99998 6.30237e-05 0)
(2.99804 0.0100805 0)
(2.87297 0.230503 0)
(3 -2.04186e-17 0)
(3 -6.15388e-18 0)
(3 -7.84347e-17 0)
(3 -1.3899e-16 0)
(3 -9.11977e-17 0)
(3 -4.19186e-17 0)
(3 -4.7347e-17 0)
(3 -2.3768e-16 0)
(3 -1.01623e-15 0)
(3 -1.029e-15 0)
(3 -1.11383e-15 0)
(3 -7.66377e-16 0)
(3 -3.90316e-16 0)
(3 -2.6973e-16 0)
(3 1.42683e-16 0)
(3 1.17177e-16 0)
(3 1.05981e-17 0)
(3 -3.52875e-17 0)
(3 3.76719e-16 0)
(3 -2.06988e-16 0)
(3 -3.34237e-16 0)
(3 -2.41223e-17 0)
(3 1.95388e-16 0)
(3 -3.16175e-16 0)
(3 -9.27228e-16 0)
(3 -1.12112e-15 0)
(3 -1.24572e-15 0)
(3 -1.57559e-15 0)
(3 -1.20444e-15 0)
(3 -6.44259e-16 0)
(3 -6.64741e-16 0)
(3 -8.12267e-16 0)
(3 -1.0184e-15 0)
(3 -1.12702e-15 0)
(3 -9.30879e-16 0)
(3 -4.88031e-16 0)
(3 3.62901e-12 0)
(3 3.50196e-08 0)
(2.99999 6.78503e-05 0)
(3.00966 0.00435959 0)
(3 -8.39155e-17 0)
(3 8.07105e-17 0)
(3 1.0263e-16 0)
(3 -1.92192e-16 0)
(3 -3.71311e-16 0)
(3 -2.15983e-16 0)
(3 -4.37129e-17 0)
(3 -2.71422e-16 0)
(3 -5.52882e-16 0)
(3 -5.14822e-16 0)
(3 -1.20372e-15 0)
(3 -1.57036e-15 0)
(3 -1.4526e-15 0)
(3 -8.11285e-16 0)
(3 -4.98398e-16 0)
(3 -8.91342e-17 0)
(3 -3.12552e-16 0)
(3 -5.45517e-16 0)
(3 -5.2423e-16 0)
(3 -6.6938e-16 0)
(3 -7.30027e-16 0)
(3 -3.63116e-16 0)
(3 -2.29036e-16 0)
(3 -2.93981e-16 0)
(3 2.48626e-16 0)
(3 2.50035e-16 0)
(3 -4.25823e-16 0)
(3 -5.40341e-16 0)
(3 2.55659e-17 0)
(3 1.95603e-16 0)
(3 2.52242e-16 0)
(3 -5.78723e-16 0)
(3 -1.57945e-15 0)
(3 -2.04719e-15 0)
(3 -1.39196e-15 0)
(3 -1.25058e-15 0)
(3 3.88979e-16 0)
(3 2.60117e-12 0)
(3 5.86501e-08 0)
(3.00009 1.01957e-05 0)
(3 1.30771e-17 0)
(3 -1.271e-16 0)
(3 -8.73597e-17 0)
(3 -2.7076e-16 0)
(3 -4.16769e-16 0)
(3 -5.0969e-16 0)
(3 -6.75642e-16 0)
(3 -6.03497e-16 0)
(3 -2.16644e-16 0)
(3 1.21888e-16 0)
(3 -9.21933e-16 0)
(3 -1.78209e-15 0)
(3 -7.09019e-16 0)
(3 -2.55717e-16 0)
(3 -3.40335e-16 0)
(3 -4.07538e-16 0)
(3 -6.94761e-16 0)
(3 -7.36397e-16 0)
(3 -7.4075e-16 0)
(3 -4.38436e-17 0)
(3 -3.82851e-16 0)
(3 -6.0954e-16 0)
(3 -6.33349e-16 0)
(3 -4.40074e-16 0)
(3 9.32786e-17 0)
(3 2.83254e-16 0)
(3 -4.34648e-17 0)
(3 -4.99419e-16 0)
(3 -5.66881e-16 0)
(3 -2.39976e-16 0)
(3 -6.59668e-16 0)
(3 -1.05348e-15 0)
(3 -1.21775e-15 0)
(3 -5.42175e-16 0)
(3 -2.64182e-16 0)
(3 8.40781e-16 0)
(3 3.84537e-16 0)
(3 4.29052e-16 0)
(3 1.00163e-11 0)
(3 1.27192e-09 0)
(3 9.77757e-17 0)
(3 2.65987e-16 0)
(3 4.07523e-16 0)
(3 -8.6629e-17 0)
(3 -6.47265e-16 0)
(3 -1.11154e-15 0)
(3 -5.72921e-16 0)
(3 -2.6677e-16 0)
(3 2.34655e-16 0)
(3 8.48187e-16 0)
(3 6.72563e-16 0)
(3 5.4122e-16 0)
(3 7.00952e-16 0)
(3 6.5709e-16 0)
(3 1.05449e-15 0)
(3 1.50721e-17 0)
(3 -2.91356e-16 0)
(3 -5.64237e-16 0)
(3 -8.88728e-16 0)
(3 6.5904e-17 0)
(3 3.45908e-16 0)
(3 -5.11267e-16 0)
(3 -6.52216e-16 0)
(3 -3.50667e-16 0)
(3 -3.03892e-16 0)
(3 -8.2987e-17 0)
(3 3.2305e-16 0)
(3 -5.97335e-16 0)
(3 -1.73362e-15 0)
(3 -2.42507e-15 0)
(3 -1.75104e-15 0)
(3 -1.28709e-15 0)
(3 -2.00733e-16 0)
(3 1.09703e-15 0)
(3 9.95137e-16 0)
(3 3.79309e-16 0)
(3 4.49729e-16 0)
(3 6.72425e-16 0)
(3 1.80437e-15 0)
(3 -4.2056e-10 0)
(3 -1.3554e-17 0)
(3 2.10277e-16 0)
(3 2.52196e-16 0)
(3 3.05451e-16 0)
(3 1.74871e-16 0)
(3 -1.0382e-16 0)
(3 5.89615e-16 0)
(3 8.68638e-16 0)
(3 9.89752e-16 0)
(3 1.21094e-15 0)
(3 1.3015e-15 0)
(3 1.46094e-15 0)
(3 1.2211e-15 0)
(3 8.61205e-16 0)
(3 5.98784e-16 0)
(3 5.43235e-16 0)
(3 4.7004e-16 0)
(3 1.367e-16 0)
(3 -3.22149e-16 0)
(3 -5.33744e-16 0)
(3 -5.24477e-16 0)
(3 -3.26866e-16 0)
(3 -1.32785e-16 0)
(3 2.25128e-16 0)
(3 7.2119e-16 0)
(3 9.31984e-16 0)
(3 5.31875e-16 0)
(3 -6.65816e-16 0)
(3 -1.1108e-15 0)
(3 -8.28038e-16 0)
(3 -1.30773e-16 0)
(3 5.14764e-16 0)
(3 8.82475e-16 0)
(3 7.22717e-16 0)
(3 4.15713e-16 0)
(3 -3.53611e-16 0)
(3 -4.50301e-17 0)
(3 7.83243e-16 0)
(3 6.47129e-16 0)
(3 -5.56292e-11 0)
(3 8.43865e-17 0)
(3 -8.01727e-17 0)
(3 -1.00202e-16 0)
(3 3.0821e-16 0)
(3 9.40015e-16 0)
(3 1.26842e-15 0)
(3 1.07417e-15 0)
(3 1.03152e-15 0)
(3 1.01406e-15 0)
(3 7.74728e-16 0)
(3 9.07232e-16 0)
(3 9.04098e-16 0)
(3 6.89424e-16 0)
(3 7.20824e-16 0)
(3 7.60004e-16 0)
(3 6.474e-16 0)
(3 -6.10652e-17 0)
(3 -6.82139e-16 0)
(3 -1.21472e-15 0)
(3 -1.56023e-15 0)
(3 -1.31399e-15 0)
(3 -1.32502e-16 0)
(3 7.18417e-16 0)
(3 5.38141e-16 0)
(3 5.92115e-16 0)
(3 -1.5343e-16 0)
(3 -1.65389e-16 0)
(3 6.05346e-17 0)
(3 3.46385e-17 0)
(3 -2.71141e-16 0)
(3 -1.88055e-16 0)
(3 -1.73163e-16 0)
(3 -3.55313e-16 0)
(3 -8.01974e-16 0)
(3 -7.63559e-16 0)
(3 -9.94497e-16 0)
(3 -3.32151e-16 0)
(3 9.05485e-17 0)
(3 1.31484e-16 0)
(3 -1.94469e-12 0)
(3 1.97284e-17 0)
(3 -4.02765e-17 0)
(3 -1.60928e-16 0)
(3 9.03899e-17 0)
(3 5.00588e-16 0)
(3 8.4872e-16 0)
(3 6.27832e-16 0)
(3 4.44944e-16 0)
(3 5.02177e-16 0)
(3 5.04982e-16 0)
(3 7.32472e-16 0)
(3 7.90705e-16 0)
(3 2.76721e-16 0)
(3 -3.60459e-16 0)
(3 -3.29999e-16 0)
(3 -3.70539e-16 0)
(3 1.55658e-16 0)
(3 2.27551e-16 0)
(3 -4.31061e-16 0)
(3 -1.07575e-15 0)
(3 -7.15382e-16 0)
(3 2.69209e-16 0)
(3 1.06072e-15 0)
(3 1.02426e-15 0)
(3 3.6492e-16 0)
(3 -1.68948e-16 0)
(3 -2.16962e-16 0)
(3 4.97695e-16 0)
(3 3.99034e-16 0)
(3 -2.4229e-16 0)
(3 1.456e-16 0)
(3 4.36901e-19 0)
(3 -1.14247e-16 0)
(3 -8.80159e-17 0)
(3 -4.90081e-16 0)
(3 -7.35322e-16 0)
(3 -4.65573e-16 0)
(3 -6.68533e-16 0)
(3 7.08684e-17 0)
(3 -1.06111e-14 0)
(3 -1.20893e-16 0)
(3 4.95682e-18 0)
(3 -1.06098e-16 0)
(3 -1.47108e-16 0)
(3 -2.53043e-16 0)
(3 -1.72664e-16 0)
(3 3.59148e-17 0)
(3 -1.82127e-16 0)
(3 -1.13213e-16 0)
(3 3.57154e-17 0)
(3 5.31391e-17 0)
(3 8.01564e-16 0)
(3 1.92611e-16 0)
(3 -5.45281e-16 0)
(3 -6.73522e-16 0)
(3 -6.84362e-16 0)
(3 -1.26549e-17 0)
(3 2.35632e-16 0)
(3 1.82191e-16 0)
(3 6.47657e-17 0)
(3 -2.59636e-16 0)
(3 -3.28678e-16 0)
(3 1.47467e-16 0)
(3 5.30819e-16 0)
(3 5.46171e-16 0)
(3 6.74726e-16 0)
(3 4.40707e-16 0)
(3 1.09027e-16 0)
(3 3.61875e-16 0)
(3 4.23713e-16 0)
(3 2.86121e-16 0)
(3 2.59851e-16 0)
(3 3.18032e-16 0)
(3 -1.54303e-16 0)
(3 -3.82923e-16 0)
(3 2.41602e-16 0)
(3 -2.51493e-17 0)
(3 -4.36623e-16 0)
(3 -2.79882e-16 0)
(3 3.87192e-17 0)
(3 -1.08747e-16 0)
(3 -1.3144e-16 0)
(3 -3.86929e-16 0)
(3 -5.7336e-16 0)
(3 -5.70377e-16 0)
(3 -8.68685e-16 0)
(3 -7.47507e-16 0)
(3 -7.0556e-16 0)
(3 -7.06045e-16 0)
(3 -4.93249e-16 0)
(3 -1.84608e-16 0)
(3 -2.0285e-16 0)
(3 -2.24618e-16 0)
(3 -1.11921e-16 0)
(3 -4.48238e-16 0)
(3 -5.67202e-16 0)
(3 -6.95596e-16 0)
(3 -9.53173e-16 0)
(3 4.4271e-16 0)
(3 7.24632e-16 0)
(3 8.3102e-16 0)
(3 -6.13353e-16 0)
(3 -1.38917e-15 0)
(3 -1.27501e-15 0)
(3 5.35392e-17 0)
(3 2.09527e-16 0)
(3 9.01181e-17 0)
(3 1.78909e-17 0)
(3 6.09317e-16 0)
(3 3.07642e-16 0)
(3 -2.38348e-17 0)
(3 -5.21262e-16 0)
(3 -1.06339e-15 0)
(3 -1.15783e-15 0)
(3 -4.00938e-16 0)
(3 3.86071e-16 0)
(3 3.30814e-16 0)
(3 1.17144e-16 0)
(3 7.49935e-17 0)
(3 5.17022e-16 0)
(3 -1.04351e-17 0)
(3 -3.12963e-16 0)
(3 -5.13242e-16 0)
(3 -5.16088e-16 0)
(3 -1.51662e-16 0)
(3 1.10742e-16 0)
(3 -2.82384e-17 0)
(3 -3.37971e-17 0)
(3 -3.1241e-16 0)
(3 -2.01478e-16 0)
(3 -1.40667e-16 0)
(3 -3.04035e-17 0)
(3 -2.48102e-16 0)
(3 2.09206e-17 0)
(3 -8.35375e-17 0)
(3 9.9682e-17 0)
(3 1.37896e-16 0)
(3 -4.62642e-17 0)
(3 -1.36872e-18 0)
(3 7.6015e-16 0)
(3 7.99476e-16 0)
(3 2.77405e-16 0)
(3 -4.02455e-16 0)
(3 -4.4642e-16 0)
(3 -4.11829e-16 0)
(3 -3.65023e-16 0)
(3 -4.10265e-16 0)
(3 -4.95359e-16 0)
(3 -7.40616e-16 0)
(3 -3.3302e-16 0)
(3 -2.24407e-16 0)
(3 -1.97274e-16 0)
(3 -2.5901e-16 0)
(3 -6.36814e-17 0)
(3 3.2377e-16 0)
(3 1.0133e-15 0)
(3 1.59472e-15 0)
(3 1.86382e-15 0)
(3 1.72186e-15 0)
(3 1.39829e-15 0)
(3 1.17894e-16 0)
(3 8.32529e-17 0)
(3 2.33477e-16 0)
(3 3.83146e-16 0)
(3 3.12634e-16 0)
(3 5.28406e-16 0)
(3 8.15111e-16 0)
(3 9.83032e-16 0)
(3 9.03523e-16 0)
(3 4.53717e-16 0)
(3 9.1239e-17 0)
(3 6.5389e-17 0)
(3 -2.26526e-16 0)
(3 -1.0666e-17 0)
(3 3.92646e-16 0)
(3 4.96721e-16 0)
(3 -6.44391e-17 0)
(3 -1.63763e-17 0)
(3 2.9067e-16 0)
(3 4.88205e-16 0)
(3 5.04103e-17 0)
(3 -1.17128e-15 0)
(3 -1.06756e-15 0)
(3 -3.77969e-16 0)
(3 -9.36123e-17 0)
(3 5.70831e-17 0)
(3 5.36853e-16 0)
(3 -1.49364e-15 0)
(3 -2.48901e-15 0)
(3 -1.55611e-15 0)
(3 -6.56728e-16 0)
(3 3.17635e-16 0)
(3 9.51421e-16 0)
(3 1.35026e-15 0)
(3 1.79682e-15 0)
(3 1.17645e-15 0)
(3 9.9752e-16 0)
(3 1.13157e-15 0)
(3 1.83161e-15 0)
(3 1.59593e-15 0)
(3 -5.53896e-17 0)
(3 2.58461e-16 0)
(3 5.27766e-16 0)
(3 6.15653e-16 0)
(3 4.88086e-16 0)
(3 6.12567e-16 0)
(3 6.30021e-16 0)
(3 8.55394e-16 0)
(3 1.08605e-15 0)
(3 4.95243e-16 0)
(3 -1.08039e-16 0)
(3 -4.93144e-16 0)
(3 -3.99909e-16 0)
(3 -3.79679e-16 0)
(3 -1.34266e-16 0)
(3 -2.76682e-16 0)
(3 -2.60943e-17 0)
(3 3.16189e-16 0)
(3 1.98761e-16 0)
(3 -1.95894e-18 0)
(3 -2.41071e-16 0)
(3 -9.30963e-17 0)
(3 -2.4639e-17 0)
(3 -2.09256e-16 0)
(3 -3.28413e-16 0)
(3 -9.41313e-16 0)
(3 -8.76954e-16 0)
(3 -1.3422e-15 0)
(3 -1.77849e-15 0)
(3 -1.28859e-15 0)
(3 -5.84597e-16 0)
(3 -2.33567e-16 0)
(3 2.79048e-16 0)
(3 1.06018e-15 0)
(3 1.40786e-15 0)
(3 1.46006e-15 0)
(3 8.30241e-16 0)
(3 5.62075e-16 0)
(3 1.25726e-15 0)
(3 1.22032e-15 0)
(3 -4.11904e-17 0)
(3 -1.94233e-16 0)
(3 -1.9318e-16 0)
(3 1.40773e-16 0)
(3 6.50873e-16 0)
(3 3.92471e-16 0)
(3 -9.6656e-17 0)
(3 -5.03836e-16 0)
(3 -3.29388e-16 0)
(3 -1.81695e-16 0)
(3 -2.64776e-16 0)
(3 -3.83006e-16 0)
(3 -1.92085e-16 0)
(3 -7.57767e-17 0)
(3 2.22555e-16 0)
(3 6.50564e-16 0)
(3 1.12507e-15 0)
(3 1.59217e-15 0)
(3 9.40488e-16 0)
(3 7.34331e-17 0)
(3 -5.38469e-18 0)
(3 4.40485e-16 0)
(3 7.39632e-16 0)
(3 9.7283e-16 0)
(3 6.69138e-16 0)
(3 4.79362e-16 0)
(3 -2.61893e-16 0)
(3 -4.51759e-16 0)
(3 -5.05614e-16 0)
(3 -4.99586e-16 0)
(3 -3.39387e-16 0)
(3 -1.09429e-15 0)
(3 -7.77346e-16 0)
(3 -7.44258e-17 0)
(3 1.47646e-16 0)
(3 5.51502e-16 0)
(3 3.91871e-16 0)
(3 1.87227e-16 0)
(3 -4.02761e-16 0)
(3 -5.43433e-16 0)
(3 3.93069e-17 0)
(3 -1.50201e-16 0)
(3 3.52505e-17 0)
(3 8.12682e-17 0)
(3 1.19723e-16 0)
(3 -1.57915e-16 0)
(3 -5.16398e-16 0)
(3 -9.602e-16 0)
(3 -9.97192e-16 0)
(3 -8.97707e-16 0)
(3 -7.34227e-16 0)
(3 -4.25635e-16 0)
(3 2.94858e-16 0)
(3 4.68138e-16 0)
(3 5.73167e-16 0)
(3 1.31535e-15 0)
(3 1.79349e-15 0)
(3 1.80011e-15 0)
(3 1.2729e-15 0)
(3 -4.89278e-16 0)
(3 -5.47983e-16 0)
(3 -5.57893e-16 0)
(3 1.07959e-15 0)
(3 2.7498e-15 0)
(3 1.82626e-15 0)
(3 1.29795e-15 0)
(3 5.55961e-17 0)
(3 -5.83597e-16 0)
(3 -8.72588e-16 0)
(3 -7.00851e-16 0)
(3 -4.82021e-16 0)
(3 -3.04146e-16 0)
(3 -5.27895e-16 0)
(3 -8.69316e-16 0)
(3 -8.4994e-16 0)
(3 -4.63481e-16 0)
(3 -1.23616e-16 0)
(3 -4.37941e-16 0)
(3 -1.30426e-15 0)
(3 -1.76255e-15 0)
(3 2.2329e-17 0)
(3 3.26264e-16 0)
(3 3.41921e-16 0)
(3 -1.44531e-16 0)
(3 -3.41506e-16 0)
(3 -1.08748e-16 0)
(3 1.09575e-16 0)
(3 -3.32148e-17 0)
(3 -3.7038e-16 0)
(3 -5.10136e-16 0)
(3 -2.83373e-16 0)
(3 2.36262e-16 0)
(3 9.26908e-16 0)
(3 7.76196e-16 0)
(3 3.24216e-16 0)
(3 3.23891e-16 0)
(3 6.6569e-16 0)
(3 8.58365e-16 0)
(3 3.45721e-16 0)
(3 -8.65885e-16 0)
(3 -1.38278e-15 0)
(3 -7.53126e-16 0)
(3 1.3182e-15 0)
(3 2.10213e-15 0)
(3 1.15877e-15 0)
(3 8.89393e-16 0)
(3 4.53658e-16 0)
(3 -1.04243e-15 0)
(3 -1.21488e-15 0)
(3 -7.94815e-16 0)
(3 4.55347e-16 0)
(3 1.42252e-15 0)
(3 1.52161e-15 0)
(3 1.30472e-15 0)
(3 1.43479e-15 0)
(3 1.67544e-15 0)
(3 1.83375e-15 0)
(3 1.45127e-15 0)
(3 -2.65087e-16 0)
(3 -8.41885e-16 0)
(3 6.18074e-17 0)
(3 1.62827e-16 0)
(3 -2.43403e-16 0)
(3 -4.80368e-16 0)
(3 -2.12293e-16 0)
(3 -2.16242e-16 0)
(3 -6.85346e-17 0)
(3 -5.69453e-17 0)
(3 -4.41384e-16 0)
(3 -1.04491e-16 0)
(3 2.4169e-16 0)
(3 4.61314e-16 0)
(3 5.80678e-16 0)
(3 5.19145e-16 0)
(3 6.53258e-17 0)
(3 1.23003e-16 0)
(3 3.75652e-16 0)
(3 2.50224e-16 0)
(3 -5.02585e-16 0)
(3 -8.2302e-16 0)
(3 -1.3743e-15 0)
(3 -1.11698e-15 0)
(3 -6.09167e-17 0)
(3 1.71807e-16 0)
(3 4.20181e-16 0)
(3 5.81871e-16 0)
(3 1.74397e-16 0)
(3 -1.16774e-15 0)
(3 -1.44704e-15 0)
(3 -5.10556e-16 0)
(3 -1.54361e-16 0)
(3 7.8868e-17 0)
(3 2.97286e-16 0)
(3 1.53557e-16 0)
(3 3.17498e-16 0)
(3 6.88743e-16 0)
(3 9.43807e-16 0)
(3 6.50952e-16 0)
(3 1.31461e-16 0)
(3 -2.65227e-17 0)
(1.375 1.50217 0)
(2.0958 0.167549 0)
(2.44206 -0.0921216 0)
(2.43028 -0.0538551 0)
(2.3437 -0.0464691 0)
(2.24843 -0.0639944 0)
(2.26296 -0.0684775 0)
(2.31029 -0.0443815 0)
(2.34568 -0.0321935 0)
(2.38199 -0.0303876 0)
(2.43173 -0.0240961 0)
(2.46984 -0.015768 0)
(2.48982 -0.0138263 0)
(2.51955 -0.00870618 0)
(2.55503 -0.00335588 0)
(2.59024 -0.00366215 0)
(2.62701 -0.00470739 0)
(2.67201 -0.00444856 0)
(2.71084 -0.00207103 0)
(2.73928 -0.00313203 0)
(2.76718 -0.00581534 0)
(2.78777 -0.00457326 0)
(2.797 -0.000691543 0)
(2.80326 0.00107184 0)
(2.8124 0.0018897 0)
(2.82213 0.00233022 0)
(2.83471 0.00325732 0)
(2.84368 0.00747184 0)
(2.83616 0.00811992 0)
(2.82635 0.00723532 0)
(2.8124 0.00690983 0)
(2.80233 0.00683575 0)
(2.78321 0.00688401 0)
(2.76022 0.00747127 0)
(2.74106 0.00596855 0)
(2.73188 0.0027513 0)
(2.72878 -0.00161692 0)
(2.72481 -0.00366168 0)
(2.71929 -0.00368106 0)
(2.7042 -0.00425783 0)
(1.91787 0.919957 0)
(2.43565 0.0185627 0)
(2.59568 -0.201936 0)
(2.56753 -0.120331 0)
(2.51557 -0.0269317 0)
(2.46067 -0.031866 0)
(2.41358 -0.0652033 0)
(2.4212 -0.0556026 0)
(2.4299 -0.0461555 0)
(2.44975 -0.0488659 0)
(2.49278 -0.0406535 0)
(2.52713 -0.0253218 0)
(2.54635 -0.0220334 0)
(2.57032 -0.0139488 0)
(2.58968 -0.000785408 0)
(2.62295 -0.00218653 0)
(2.65989 -0.00707365 0)
(2.70453 -0.0107678 0)
(2.7451 -0.00571746 0)
(2.77501 -0.000176917 0)
(2.80121 -0.00614585 0)
(2.8177 -0.00826789 0)
(2.82112 -0.00237147 0)
(2.82358 -0.00171652 0)
(2.83221 -0.00345146 0)
(2.84254 -0.00450449 0)
(2.85509 -0.00548208 0)
(2.86434 0.000561495 0)
(2.85742 0.00548283 0)
(2.84316 0.00615639 0)
(2.82528 0.00490965 0)
(2.8149 0.00369564 0)
(2.79574 0.00320487 0)
(2.77261 0.00320598 0)
(2.75415 0.00243914 0)
(2.7453 4.68745e-05 0)
(2.74054 -0.000616388 0)
(2.73473 1.95121e-05 0)
(2.72824 -0.000584726 0)
(2.71047 -0.00230258 0)
(1.94836 0.841137 0)
(2.42359 0.544119 0)
(2.67227 -0.0763773 0)
(2.73964 -0.174091 0)
(2.74118 -0.135802 0)
(2.70954 -0.0921616 0)
(2.60571 -0.0793129 0)
(2.57502 -0.0774831 0)
(2.57605 -0.0545726 0)
(2.58443 -0.0533137 0)
(2.60718 -0.0376964 0)
(2.62708 -0.0195719 0)
(2.64113 -0.012207 0)
(2.65659 -0.00175661 0)
(2.66496 0.007769 0)
(2.69229 2.26971e-05 0)
(2.72564 -0.00738269 0)
(2.76434 -0.00981674 0)
(2.80061 -0.00947708 0)
(2.82983 -0.00951816 0)
(2.85176 -0.0107835 0)
(2.86304 -0.00864532 0)
(2.86552 -0.00499077 0)
(2.87039 -0.00365794 0)
(2.87965 -0.00433643 0)
(2.89004 -0.00623112 0)
(2.90124 -0.00815454 0)
(2.90955 -0.00317492 0)
(2.90432 0.000277093 0)
(2.88711 -0.00210015 0)
(2.86561 -0.00184589 0)
(2.85021 0.00145777 0)
(2.83428 0.00253936 0)
(2.81108 0.00210575 0)
(2.79302 -0.00491337 0)
(2.78775 -0.00767296 0)
(2.77955 0.00286586 0)
(2.76779 0.0159054 0)
(2.75595 0.0221155 0)
(2.72997 0.0195847 0)
(1.86848 0.882895 0)
(2.3817 0.590433 0)
(2.6927 -0.0481206 0)
(2.81469 -0.284436 0)
(2.80934 -0.257412 0)
(2.76507 -0.211704 0)
(2.7104 -0.174448 0)
(2.66114 -0.111744 0)
(2.68433 -0.0748934 0)
(2.70178 -0.0774526 0)
(2.70622 -0.0578588 0)
(2.71135 -0.0445411 0)
(2.72197 -0.0304625 0)
(2.73466 -0.01133 0)
(2.74108 0.00096979 0)
(2.76107 -0.00276742 0)
(2.78856 -0.00838577 0)
(2.81944 -0.00869136 0)
(2.8492 -0.00583671 0)
(2.87369 -0.00554524 0)
(2.89239 -0.008347 0)
(2.90581 -0.0067256 0)
(2.91513 -0.000277451 0)
(2.92484 0.0048904 0)
(2.93536 0.00793832 0)
(2.94599 0.00997312 0)
(2.95642 0.0152615 0)
(2.96445 0.0270777 0)
(2.96331 0.035733 0)
(2.94814 0.0323722 0)
(2.92481 0.0282792 0)
(2.90635 0.0303137 0)
(2.89314 0.0314082 0)
(2.87256 0.0297432 0)
(2.8571 0.022725 0)
(2.8519 0.0100297 0)
(2.84125 -0.00178084 0)
(2.82422 -0.00226011 0)
(2.80902 -0.000501479 0)
(2.77714 -0.0014364 0)
(1.82245 0.876107 0)
(2.29109 0.586804 0)
(2.59741 0.174041 0)
(2.73514 -0.0821861 0)
(2.79877 -0.221391 0)
(2.78936 -0.238621 0)
(2.76261 -0.228256 0)
(2.72448 -0.141221 0)
(2.72353 -0.0351556 0)
(2.73952 -0.0187004 0)
(2.74364 -0.013373 0)
(2.74604 -0.0104647 0)
(2.75599 0.00273728 0)
(2.76661 0.0258156 0)
(2.77612 0.0272868 0)
(2.79593 0.0090659 0)
(2.8193 -0.00783811 0)
(2.84405 -0.0137328 0)
(2.86973 -0.0138321 0)
(2.89263 -0.0131496 0)
(2.91232 -0.0126557 0)
(2.93009 -0.00820312 0)
(2.94499 -0.000970767 0)
(2.9581 0.00224206 0)
(2.97019 0.00180033 0)
(2.98201 0.00103615 0)
(2.99411 0.00353842 0)
(3.00644 0.0143316 0)
(3.01245 0.0269869 0)
(3.00395 0.0267986 0)
(2.98289 0.0213737 0)
(2.96488 0.0201701 0)
(2.95443 0.0208153 0)
(2.93747 0.020607 0)
(2.92476 0.0108369 0)
(2.92083 0.00307932 0)
(2.90301 0.00429813 0)
(2.88567 0.00853425 0)
(2.8712 0.0136771 0)
(2.83492 0.0113803 0)
(1.75741 0.884563 0)
(2.19644 0.61551 0)
(2.48486 0.327734 0)
(2.67856 -0.0683031 0)
(2.77391 -0.162593 0)
(2.77936 -0.253131 0)
(2.76828 -0.259947 0)
(2.74905 -0.205934 0)
(2.74043 -0.0845091 0)
(2.74902 -0.03415 0)
(2.74899 -0.0100199 0)
(2.75201 -0.00752166 0)
(2.76192 0.0030699 0)
(2.77045 0.0277883 0)
(2.77559 0.0365919 0)
(2.79436 0.0252346 0)
(2.81436 0.0148795 0)
(2.83831 0.0066667 0)
(2.865 0.00168321 0)
(2.89105 -0.00483735 0)
(2.9143 -0.0149689 0)
(2.93343 -0.0229704 0)
(2.9493 -0.0180769 0)
(2.96395 -0.00726074 0)
(2.9773 -4.93421e-06 0)
(2.99036 0.00319595 0)
(3.00438 0.00867887 0)
(3.0199 0.0192961 0)
(3.03108 0.0300671 0)
(3.03054 0.0307992 0)
(3.01702 0.0238528 0)
(3.0027 0.0203381 0)
(2.99432 0.0209571 0)
(2.98003 0.0188121 0)
(2.96976 0.0052256 0)
(2.96504 0.00550688 0)
(2.94843 0.00820726 0)
(2.93399 0.0175951 0)
(2.92404 0.0255346 0)
(2.88799 0.0229905 0)
(1.71808 0.877334 0)
(2.10861 0.679845 0)
(2.39451 0.422614 0)
(2.61235 0.100338 0)
(2.70795 -0.0534899 0)
(2.74057 -0.153102 0)
(2.74943 -0.215796 0)
(2.76847 -0.220937 0)
(2.75655 -0.137577 0)
(2.75174 -0.0781571 0)
(2.74466 -0.0420091 0)
(2.74721 -0.035677 0)
(2.75542 -0.0247903 0)
(2.76455 -0.000109443 0)
(2.76972 0.0107178 0)
(2.78616 0.0053861 0)
(2.8024 -0.0017477 0)
(2.82414 -0.00449274 0)
(2.85255 -0.00137357 0)
(2.88119 -0.00401967 0)
(2.90593 -0.0127297 0)
(2.92303 -0.0156756 0)
(2.93901 -0.0121246 0)
(2.95432 -0.00968491 0)
(2.9687 -0.00870248 0)
(2.98325 -0.0064142 0)
(2.99843 -0.00348815 0)
(3.01467 0.00228973 0)
(3.02798 0.0145378 0)
(3.03287 0.0220325 0)
(3.02734 0.0197089 0)
(3.01795 0.0196695 0)
(3.01148 0.0213255 0)
(2.9997 0.0185587 0)
(2.98929 0.00576408 0)
(2.98349 0.00336505 0)
(2.97388 0.0131067 0)
(2.96174 0.0251634 0)
(2.95503 0.0365466 0)
(2.92318 0.0328002 0)
(1.68263 0.883218 0)
(2.04165 0.739881 0)
(2.33958 0.483383 0)
(2.5188 0.24873 0)
(2.64548 0.0158712 0)
(2.71198 -0.0665987 0)
(2.74078 -0.216581 0)
(2.76838 -0.235846 0)
(2.77771 -0.192799 0)
(2.75871 -0.110517 0)
(2.74193 -0.0681943 0)
(2.74197 -0.0491135 0)
(2.74403 -0.0405609 0)
(2.75072 -0.0195673 0)
(2.76203 -0.0119113 0)
(2.77961 -0.0127767 0)
(2.79896 -0.0160507 0)
(2.81603 -0.0156908 0)
(2.84383 -0.0108698 0)
(2.87253 -0.00910046 0)
(2.8968 -0.0116454 0)
(2.91116 -0.0126201 0)
(2.92314 -0.0048705 0)
(2.93911 -0.00153105 0)
(2.9555 -0.00399043 0)
(2.97188 -0.00564738 0)
(2.98789 -0.00743606 0)
(3.00352 -0.00347155 0)
(3.01642 0.00807622 0)
(3.02478 0.0174521 0)
(3.02549 0.017549 0)
(3.01929 0.0192362 0)
(3.01478 0.0213667 0)
(3.0052 0.0168407 0)
(2.99465 0.00742978 0)
(2.9887 0.00943056 0)
(2.98332 0.0192541 0)
(2.97329 0.0322565 0)
(2.96719 0.0418649 0)
(2.93776 0.0359222 0)
(1.66172 0.881723 0)
(1.98027 0.772856 0)
(2.24724 0.573528 0)
(2.44955 0.306856 0)
(2.59645 0.0997865 0)
(2.67349 0.0298145 0)
(2.69344 -0.108915 0)
(2.74472 -0.240412 0)
(2.78906 -0.228415 0)
(2.78258 -0.174953 0)
(2.76293 -0.129774 0)
(2.7523 -0.0904443 0)
(2.74969 -0.0772128 0)
(2.74855 -0.0462692 0)
(2.75995 -0.0323141 0)
(2.77741 -0.0280131 0)
(2.80245 -0.0202079 0)
(2.81596 -0.0169113 0)
(2.84084 -0.0111223 0)
(2.86766 -0.0106638 0)
(2.89038 -0.01238 0)
(2.90424 -0.0144033 0)
(2.91027 -0.0125133 0)
(2.92687 -0.00457098 0)
(2.94435 -0.00137314 0)
(2.96165 -0.000492396 0)
(2.97821 0.000776385 0)
(2.99289 0.00912979 0)
(3.0039 0.0225603 0)
(3.01379 0.0321284 0)
(3.01817 0.0309494 0)
(3.01422 0.0305819 0)
(3.01106 0.0266646 0)
(3.00311 0.0129544 0)
(2.99555 -0.00800514 0)
(2.99079 -0.00826699 0)
(2.9858 0.00451204 0)
(2.97613 0.0210431 0)
(2.96887 0.0441812 0)
(2.94051 0.0460464 0)
(1.64995 0.865538 0)
(1.93514 0.779967 0)
(2.18715 0.610648 0)
(2.38592 0.366919 0)
(2.5308 0.207228 0)
(2.62399 0.113581 0)
(2.68971 -0.0706826 0)
(2.71788 -0.245485 0)
(2.79122 -0.235627 0)
(2.79298 -0.196096 0)
(2.78135 -0.180953 0)
(2.7732 -0.153651 0)
(2.7632 -0.110767 0)
(2.75431 -0.0567368 0)
(2.76244 -0.0311344 0)
(2.78282 -0.0161741 0)
(2.80564 -0.00421275 0)
(2.81759 -0.00142673 0)
(2.83909 0.0021281 0)
(2.86286 -0.000302952 0)
(2.88459 -0.00787864 0)
(2.89949 -0.0144226 0)
(2.90479 -0.0186243 0)
(2.91879 -0.0113014 0)
(2.93837 -0.00538416 0)
(2.95571 0.00154171 0)
(2.9733 0.00858406 0)
(2.98772 0.0204355 0)
(2.99731 0.032231 0)
(3.00602 0.0358604 0)
(3.01014 0.0248576 0)
(3.00725 0.00622593 0)
(3.00039 -0.0383435 0)
(2.9878 -0.119236 0)
(2.99389 -0.192922 0)
(2.98997 -0.179916 0)
(2.98954 -0.154187 0)
(2.98082 -0.100328 0)
(2.97138 -0.0265487 0)
(2.94625 0.0187433 0)
(1.64265 0.856637 0)
(1.90465 0.779078 0)
(2.13073 0.637686 0)
(2.3319 0.425157 0)
(2.48298 0.268081 0)
(2.58624 0.173519 0)
(2.64405 0.0354796 0)
(2.68441 -0.155016 0)
(2.74897 -0.180914 0)
(2.78751 -0.175307 0)
(2.78641 -0.183009 0)
(2.78566 -0.178942 0)
(2.78772 -0.145084 0)
(2.77396 -0.069287 0)
(2.77453 -0.0274466 0)
(2.79073 -0.00421596 0)
(2.81087 0.00913785 0)
(2.82105 0.0118032 0)
(2.83821 0.0155877 0)
(2.85818 0.0113165 0)
(2.87882 -0.00027853 0)
(2.89504 -0.0110676 0)
(2.90328 -0.0163277 0)
(2.91602 -0.0147245 0)
(2.93448 -0.00939803 0)
(2.95286 -0.00260713 0)
(2.97187 0.00576514 0)
(2.98525 0.014827 0)
(2.99272 0.0139874 0)
(2.9928 -0.0102042 0)
(2.98685 -0.0858203 0)
(2.97701 -0.206147 0)
(2.96824 -0.326101 0)
(2.96523 -0.425329 0)
(2.9944 -0.474749 0)
(2.99454 -0.447853 0)
(2.99554 -0.421992 0)
(2.99196 -0.371499 0)
(2.9853 -0.288037 0)
(2.9839 -0.144413 0)
(1.64244 0.852149 0)
(1.87792 0.783526 0)
(2.09649 0.653006 0)
(2.28255 0.483293 0)
(2.4229 0.341985 0)
(2.52942 0.247315 0)
(2.61532 0.0834947 0)
(2.6732 -0.0961338 0)
(2.72782 -0.171185 0)
(2.7966 -0.147932 0)
(2.79568 -0.170528 0)
(2.79948 -0.182097 0)
(2.80259 -0.155435 0)
(2.79983 -0.0883709 0)
(2.79053 -0.0301586 0)
(2.79801 -0.00598398 0)
(2.81585 0.0104495 0)
(2.82452 0.0141218 0)
(2.83916 0.0191678 0)
(2.8568 0.0151025 0)
(2.87527 0.00505572 0)
(2.89187 -0.00541401 0)
(2.9031 -0.0113983 0)
(2.91583 -0.0122861 0)
(2.93311 -0.00960278 0)
(2.95147 -0.00752597 0)
(2.96964 -0.00721269 0)
(2.97726 -0.0220103 0)
(2.97617 -0.090686 0)
(2.95858 -0.237259 0)
(2.93873 -0.400695 0)
(2.9421 -0.504027 0)
(2.94923 -0.558803 0)
(2.96264 -0.591851 0)
(2.98624 -0.584276 0)
(2.98414 -0.556192 0)
(2.98679 -0.531227 0)
(2.98576 -0.499347 0)
(2.98127 -0.465937 0)
(3.01736 -0.377016 0)
(1.64047 0.863584 0)
(1.8588 0.791028 0)
(2.05915 0.684002 0)
(2.24283 0.536598 0)
(2.38387 0.381415 0)
(2.4806 0.29267 0)
(2.57209 0.164701 0)
(2.64817 -0.00810523 0)
(2.7059 -0.0948776 0)
(2.76605 -0.0810807 0)
(2.79345 -0.127261 0)
(2.8058 -0.167208 0)
(2.81629 -0.158393 0)
(2.82129 -0.106822 0)
(2.81037 -0.0402055 0)
(2.80864 -0.0174645 0)
(2.82423 0.00349678 0)
(2.83142 0.00995272 0)
(2.84245 0.0148791 0)
(2.85791 0.00903117 0)
(2.87493 0.00064521 0)
(2.89045 -0.003862 0)
(2.90267 -0.00628203 0)
(2.9156 -0.00736496 0)
(2.93242 -0.0075404 0)
(2.95188 -0.0216476 0)
(2.95641 -0.0622079 0)
(2.94598 -0.206167 0)
(2.92133 -0.402407 0)
(2.90464 -0.540475 0)
(2.90696 -0.602228 0)
(2.9266 -0.621347 0)
(2.9483 -0.617868 0)
(2.95882 -0.620696 0)
(2.96285 -0.608979 0)
(2.96228 -0.571046 0)
(2.96622 -0.542007 0)
(2.97011 -0.512013 0)
(2.96783 -0.49694 0)
(3.02115 -0.460103 0)
(1.64522 0.875172 0)
(1.84825 0.802314 0)
(2.03755 0.706963 0)
(2.19754 0.587683 0)
(2.33217 0.437453 0)
(2.44359 0.320713 0)
(2.54649 0.218587 0)
(2.6208 0.0749571 0)
(2.67674 -0.0216746 0)
(2.74066 -0.0439526 0)
(2.80431 -0.0983203 0)
(2.80481 -0.181407 0)
(2.83125 -0.175359 0)
(2.83244 -0.122144 0)
(2.82796 -0.0651074 0)
(2.81969 -0.0290875 0)
(2.83009 -0.00204278 0)
(2.83732 0.00861487 0)
(2.84376 0.0126761 0)
(2.85677 0.00260138 0)
(2.87384 -0.00782162 0)
(2.89014 -0.00900911 0)
(2.90248 -0.00656197 0)
(2.91473 -0.00703475 0)
(2.93304 -0.0272893 0)
(2.92933 -0.105296 0)
(2.90245 -0.312648 0)
(2.87747 -0.520658 0)
(2.87342 -0.62995 0)
(2.88648 -0.644518 0)
(2.9006 -0.645062 0)
(2.92638 -0.625421 0)
(2.94533 -0.613127 0)
(2.96063 -0.598986 0)
(2.96307 -0.583663 0)
(2.96413 -0.545753 0)
(2.97048 -0.511737 0)
(2.97979 -0.478228 0)
(2.98059 -0.470582 0)
(3.02413 -0.4588 0)
(1.6495 0.894407 0)
(1.83964 0.822283 0)
(2.01406 0.738106 0)
(2.16466 0.624013 0)
(2.29839 0.472065 0)
(2.40932 0.365828 0)
(2.51605 0.290249 0)
(2.59758 0.150559 0)
(2.65362 0.029124 0)
(2.72232 -0.00160878 0)
(2.78327 -0.0274448 0)
(2.81025 -0.142324 0)
(2.81962 -0.180298 0)
(2.84554 -0.136706 0)
(2.83851 -0.101897 0)
(2.83172 -0.0677161 0)
(2.84237 -0.0489781 0)
(2.84648 -0.0166118 0)
(2.85434 -0.00834316 0)
(2.86172 -0.0109441 0)
(2.87381 -0.0179315 0)
(2.89049 -0.0133466 0)
(2.90255 -0.00881371 0)
(2.91517 -0.028851 0)
(2.90597 -0.138652 0)
(2.85754 -0.390287 0)
(2.8308 -0.587453 0)
(2.83843 -0.67548 0)
(2.86914 -0.664818 0)
(2.88488 -0.65277 0)
(2.90058 -0.634359 0)
(2.92814 -0.605686 0)
(2.94955 -0.588459 0)
(2.96347 -0.565908 0)
(2.96688 -0.546667 0)
(2.97112 -0.513305 0)
(2.97955 -0.476354 0)
(2.99356 -0.438063 0)
(3.00368 -0.428217 0)
(3.04343 -0.429888 0)
(1.65977 0.907689 0)
(1.83703 0.84015 0)
(1.9979 0.761111 0)
(2.12968 0.658848 0)
(2.26433 0.517327 0)
(2.38913 0.400684 0)
(2.49785 0.340309 0)
(2.56937 0.224528 0)
(2.62034 0.0982783 0)
(2.68814 0.0623178 0)
(2.76506 0.0179739 0)
(2.8158 -0.119045 0)
(2.81658 -0.185328 0)
(2.84693 -0.142666 0)
(2.84466 -0.124363 0)
(2.84455 -0.119096 0)
(2.85199 -0.0964917 0)
(2.85591 -0.0515994 0)
(2.85786 -0.0265057 0)
(2.86581 -0.0225807 0)
(2.87549 -0.0253681 0)
(2.89131 -0.015702 0)
(2.90274 -0.0307737 0)
(2.88875 -0.157173 0)
(2.82092 -0.439085 0)
(2.78941 -0.629289 0)
(2.79943 -0.706618 0)
(2.84194 -0.680926 0)
(2.8649 -0.664195 0)
(2.88863 -0.641137 0)
(2.90808 -0.612325 0)
(2.93247 -0.583367 0)
(2.95403 -0.567191 0)
(2.96294 -0.541882 0)
(2.97095 -0.524587 0)
(2.97633 -0.490413 0)
(2.98773 -0.449612 0)
(3.00722 -0.406431 0)
(3.02797 -0.387678 0)
(3.0652 -0.397348 0)
(1.67398 0.919753 0)
(1.83616 0.858736 0)
(1.98178 0.782024 0)
(2.10903 0.678507 0)
(2.24028 0.554302 0)
(2.36319 0.449379 0)
(2.46722 0.395553 0)
(2.53953 0.292224 0)
(2.60613 0.144552 0)
(2.66853 0.0970506 0)
(2.74651 0.0663832 0)
(2.79678 -0.0451304 0)
(2.80413 -0.132472 0)
(2.83065 -0.121015 0)
(2.84584 -0.126538 0)
(2.85052 -0.135003 0)
(2.86727 -0.129911 0)
(2.8769 -0.103423 0)
(2.87217 -0.0583159 0)
(2.8741 -0.0405529 0)
(2.87937 -0.0301587 0)
(2.89145 -0.0331997 0)
(2.87212 -0.16656 0)
(2.79434 -0.469459 0)
(2.75747 -0.646747 0)
(2.77004 -0.723709 0)
(2.81673 -0.694012 0)
(2.84402 -0.670947 0)
(2.87295 -0.647263 0)
(2.89987 -0.614564 0)
(2.91464 -0.58776 0)
(2.93824 -0.568012 0)
(2.95903 -0.550111 0)
(2.96888 -0.523799 0)
(2.9844 -0.504695 0)
(2.99956 -0.473514 0)
(3.01483 -0.431066 0)
(3.03634 -0.389104 0)
(3.0608 -0.365761 0)
(3.08893 -0.37322 0)
(1.69149 0.929651 0)
(1.83937 0.871366 0)
(1.97337 0.789227 0)
(2.09121 0.699265 0)
(2.2205 0.590028 0)
(2.34789 0.48022 0)
(2.45318 0.41763 0)
(2.50828 0.35019 0)
(2.5819 0.21577 0)
(2.64477 0.152021 0)
(2.72504 0.11419 0)
(2.7861 0.000201889 0)
(2.79987 -0.115991 0)
(2.82425 -0.12187 0)
(2.85009 -0.12661 0)
(2.85687 -0.143397 0)
(2.87784 -0.143254 0)
(2.88578 -0.124161 0)
(2.88888 -0.0893848 0)
(2.88682 -0.059513 0)
(2.88894 -0.0361471 0)
(2.85737 -0.170976 0)
(2.77104 -0.490746 0)
(2.74517 -0.641487 0)
(2.74711 -0.724365 0)
(2.7915 -0.704018 0)
(2.82776 -0.677081 0)
(2.85786 -0.647338 0)
(2.88715 -0.617013 0)
(2.90746 -0.59117 0)
(2.93 -0.563771 0)
(2.94884 -0.548581 0)
(2.96979 -0.52997 0)
(2.98444 -0.506972 0)
(3.00872 -0.490755 0)
(3.03084 -0.470008 0)
(3.04563 -0.426759 0)
(3.06368 -0.38042 0)
(3.08779 -0.349278 0)
(3.1044 -0.349562 0)
(1.70947 0.941301 0)
(1.8414 0.882764 0)
(1.96449 0.798075 0)
(2.08417 0.709662 0)
(2.20856 0.618304 0)
(2.32739 0.5163 0)
(2.42449 0.456884 0)
(2.48842 0.393605 0)
(2.57173 0.26657 0)
(2.62883 0.191414 0)
(2.69525 0.167963 0)
(2.75563 0.0675727 0)
(2.78304 -0.0549596 0)
(2.81427 -0.08424 0)
(2.83769 -0.0786379 0)
(2.86009 -0.126352 0)
(2.88328 -0.140815 0)
(2.89562 -0.127175 0)
(2.89864 -0.102863 0)
(2.89901 -0.0768039 0)
(2.87336 -0.160437 0)
(2.75591 -0.502697 0)
(2.73555 -0.643554 0)
(2.73364 -0.722391 0)
(2.77058 -0.703964 0)
(2.79941 -0.681853 0)
(2.83849 -0.653741 0)
(2.87232 -0.621283 0)
(2.89794 -0.59094 0)
(2.92331 -0.567747 0)
(2.94931 -0.54613 0)
(2.96275 -0.53062 0)
(2.98152 -0.515018 0)
(3.00406 -0.496341 0)
(3.03408 -0.48418 0)
(3.05775 -0.458879 0)
(3.06818 -0.406201 0)
(3.08411 -0.361848 0)
(3.10763 -0.331008 0)
(3.11755 -0.332441 0)
(1.72263 0.960559 0)
(1.84109 0.894652 0)
(1.96346 0.803666 0)
(2.07917 0.72896 0)
(2.19453 0.656771 0)
(2.31182 0.551962 0)
(2.40816 0.474098 0)
(2.47382 0.432067 0)
(2.5497 0.330046 0)
(2.61155 0.231117 0)
(2.67551 0.190646 0)
(2.7402 0.0987373 0)
(2.76876 -0.00412358 0)
(2.79629 -0.0298236 0)
(2.83582 -0.0480422 0)
(2.87003 -0.131967 0)
(2.8803 -0.148014 0)
(2.90629 -0.124453 0)
(2.90875 -0.11082 0)
(2.89293 -0.16723 0)
(2.778 -0.496842 0)
(2.72189 -0.684647 0)
(2.72328 -0.743545 0)
(2.75278 -0.713635 0)
(2.77869 -0.686551 0)
(2.81839 -0.655291 0)
(2.85605 -0.629623 0)
(2.88976 -0.596031 0)
(2.90558 -0.575825 0)
(2.92757 -0.563226 0)
(2.95555 -0.538077 0)
(2.98055 -0.516221 0)
(3.00356 -0.509809 0)
(3.02939 -0.486932 0)
(3.05684 -0.464096 0)
(3.07608 -0.435037 0)
(3.08579 -0.388345 0)
(3.09927 -0.341203 0)
(3.1189 -0.315457 0)
(3.12427 -0.318496 0)
(1.73438 0.97791 0)
(1.84323 0.905754 0)
(1.96112 0.825133 0)
(2.08189 0.755003 0)
(2.19077 0.693166 0)
(2.29553 0.593352 0)
(2.38601 0.511261 0)
(2.46176 0.46786 0)
(2.5385 0.372799 0)
(2.59479 0.263305 0)
(2.64699 0.22781 0)
(2.70847 0.157226 0)
(2.75606 0.0453712 0)
(2.78684 0.00594265 0)
(2.8303 -0.00992784 0)
(2.87005 -0.0823512 0)
(2.86077 -0.114814 0)
(2.90631 -0.118183 0)
(2.90632 -0.157397 0)
(2.82674 -0.444583 0)
(2.72175 -0.723923 0)
(2.69984 -0.810156 0)
(2.72681 -0.765832 0)
(2.76422 -0.710467 0)
(2.79741 -0.665094 0)
(2.82641 -0.643895 0)
(2.8662 -0.619721 0)
(2.89317 -0.597021 0)
(2.91298 -0.578254 0)
(2.93314 -0.558908 0)
(2.97871 -0.528186 0)
(3.00737 -0.510361 0)
(3.0354 -0.506643 0)
(3.0579 -0.477684 0)
(3.07543 -0.440685 0)
(3.09049 -0.413317 0)
(3.10123 -0.376107 0)
(3.1117 -0.327955 0)
(3.12879 -0.303639 0)
(3.12747 -0.306815 0)
(1.7418 0.999381 0)
(1.84997 0.920007 0)
(1.96584 0.855191 0)
(2.07967 0.796708 0)
(2.17335 0.74294 0)
(2.27679 0.642704 0)
(2.37091 0.548855 0)
(2.45125 0.503131 0)
(2.51919 0.421217 0)
(2.57883 0.293366 0)
(2.6294 0.241497 0)
(2.6937 0.186541 0)
(2.74283 0.0991731 0)
(2.77265 0.0637071 0)
(2.81258 0.0388455 0)
(2.87151 -0.0517027 0)
(2.87287 -0.112919 0)
(2.88247 -0.15477 0)
(2.85434 -0.364501 0)
(2.74172 -0.722029 0)
(2.68135 -0.850485 0)
(2.70022 -0.824367 0)
(2.73869 -0.77414 0)
(2.76826 -0.711847 0)
(2.81277 -0.655723 0)
(2.83401 -0.652957 0)
(2.86993 -0.630638 0)
(2.90174 -0.594995 0)
(2.92273 -0.56974 0)
(2.96013 -0.545576 0)
(2.99444 -0.535368 0)
(3.02612 -0.50382 0)
(3.05835 -0.482463 0)
(3.08389 -0.465224 0)
(3.09603 -0.423881 0)
(3.10575 -0.388971 0)
(3.11197 -0.364253 0)
(3.123 -0.321214 0)
(3.13502 -0.295218 0)
(3.13293 -0.292556 0)
(1.7752 0.962723 0)
(1.85375 0.942062 0)
(1.98913 0.892518 0)
(2.09642 0.830811 0)
(2.1784 0.769552 0)
(2.27025 0.681087 0)
(2.36394 0.582991 0)
(2.44036 0.530244 0)
(2.50344 0.454659 0)
(2.55989 0.33222 0)
(2.60906 0.282241 0)
(2.67509 0.236248 0)
(2.73849 0.143106 0)
(2.76735 0.0980897 0)
(2.8094 0.0579766 0)
(2.85358 0.012803 0)
(2.87263 -0.0791572 0)
(2.83928 -0.251302 0)
(2.72309 -0.663747 0)
(2.6963 -0.81398 0)
(2.67167 -0.860045 0)
(2.70449 -0.835062 0)
(2.74754 -0.773438 0)
(2.77577 -0.71897 0)
(2.82419 -0.678106 0)
(2.85225 -0.662417 0)
(2.88049 -0.632658 0)
(2.90741 -0.591283 0)
(2.95336 -0.56582 0)
(2.98854 -0.53716 0)
(3.01587 -0.498985 0)
(3.04278 -0.479639 0)
(3.07795 -0.457207 0)
(3.09966 -0.428385 0)
(3.10968 -0.401059 0)
(3.116 -0.372876 0)
(3.12866 -0.346895 0)
(3.13796 -0.315125 0)
(3.14133 -0.297831 0)
(3.13653 -0.282793 0)
(1.83965 0.880265 0)
(1.84415 0.956486 0)
(1.9737 0.947109 0)
(2.10013 0.8707 0)
(2.18202 0.800571 0)
(2.26289 0.723425 0)
(2.35485 0.622499 0)
(2.43112 0.552556 0)
(2.49327 0.478103 0)
(2.55595 0.358301 0)
(2.60392 0.30791 0)
(2.66866 0.270306 0)
(2.72638 0.200723 0)
(2.75761 0.146082 0)
(2.80428 0.100594 0)
(2.84734 0.0280105 0)
(2.82931 -0.11817 0)
(2.72407 -0.515402 0)
(2.64881 -0.784404 0)
(2.62911 -0.865339 0)
(2.67618 -0.843418 0)
(2.72058 -0.805311 0)
(2.75899 -0.762387 0)
(2.78745 -0.725698 0)
(2.84477 -0.690683 0)
(2.87115 -0.663745 0)
(2.89289 -0.623079 0)
(2.93247 -0.594399 0)
(2.97579 -0.554321 0)
(3.01399 -0.511682 0)
(3.04148 -0.47265 0)
(3.06578 -0.442193 0)
(3.09158 -0.426518 0)
(3.10883 -0.401456 0)
(3.12979 -0.383045 0)
(3.13987 -0.370087 0)
(3.14306 -0.346673 0)
(3.15123 -0.318671 0)
(3.14863 -0.29525 0)
(3.14399 -0.279728 0)
(1.86554 0.864462 0)
(1.81929 0.98647 0)
(1.93413 0.95584 0)
(2.0771 0.878308 0)
(2.17821 0.80598 0)
(2.26857 0.737131 0)
(2.36067 0.637687 0)
(2.43125 0.559102 0)
(2.48531 0.498883 0)
(2.5438 0.406261 0)
(2.59453 0.355639 0)
(2.65976 0.313845 0)
(2.725 0.228958 0)
(2.76046 0.167777 0)
(2.7811 0.159119 0)
(2.82034 0.0111985 0)
(2.75428 -0.30923 0)
(2.60543 -0.70905 0)
(2.58687 -0.822953 0)
(2.62596 -0.816023 0)
(2.69051 -0.791634 0)
(2.73519 -0.760205 0)
(2.76534 -0.736485 0)
(2.8039 -0.703736 0)
(2.86398 -0.678119 0)
(2.90135 -0.657208 0)
(2.92674 -0.623572 0)
(2.96731 -0.581095 0)
(3.0084 -0.53919 0)
(3.03412 -0.49077 0)
(3.05508 -0.452454 0)
(3.08421 -0.423257 0)
(3.11441 -0.398247 0)
(3.13025 -0.385965 0)
(3.14443 -0.378609 0)
(3.1548 -0.369936 0)
(3.15504 -0.356088 0)
(3.15819 -0.330693 0)
(3.1577 -0.299571 0)
(3.15685 -0.271721 0)
(2.20975 0.718554 0)
(1.84131 0.959542 0)
(1.91284 0.944597 0)
(2.03317 0.884048 0)
(2.15034 0.81428 0)
(2.24177 0.762899 0)
(2.33488 0.669989 0)
(2.413 0.585136 0)
(2.47806 0.519614 0)
(2.54773 0.430219 0)
(2.59878 0.379657 0)
(2.65372 0.342473 0)
(2.71264 0.275143 0)
(2.74623 0.229241 0)
(2.78109 0.129245 0)
(2.74083 -0.129628 0)
(2.60619 -0.562184 0)
(2.566 -0.729111 0)
(2.58131 -0.760761 0)
(2.6293 -0.764035 0)
(2.69828 -0.738358 0)
(2.76027 -0.71336 0)
(2.79705 -0.700044 0)
(2.8557 -0.678478 0)
(2.90485 -0.668718 0)
(2.94318 -0.640741 0)
(2.96775 -0.60224 0)
(3.00018 -0.568418 0)
(3.03629 -0.532147 0)
(3.06004 -0.487221 0)
(3.08609 -0.447713 0)
(3.11108 -0.420332 0)
(3.13535 -0.394241 0)
(3.14694 -0.388191 0)
(3.15779 -0.376105 0)
(3.16281 -0.365368 0)
(3.1663 -0.357302 0)
(3.16384 -0.335931 0)
(3.16942 -0.302028 0)
(3.17126 -0.254837 0)
(2.81646 0.463499 0)
(1.91533 0.957911 0)
(1.91139 0.947753 0)
(2.00757 0.89408 0)
(2.13404 0.818652 0)
(2.22268 0.768827 0)
(2.31979 0.680194 0)
(2.40455 0.594445 0)
(2.47308 0.540888 0)
(2.53394 0.479398 0)
(2.58099 0.430755 0)
(2.63853 0.375222 0)
(2.71299 0.299285 0)
(2.73854 0.241542 0)
(2.71796 0.0592022 0)
(2.60126 -0.389263 0)
(2.5227 -0.66474 0)
(2.52242 -0.735748 0)
(2.58705 -0.72342 0)
(2.64878 -0.697492 0)
(2.72016 -0.681303 0)
(2.78216 -0.678083 0)
(2.82509 -0.683697 0)
(2.8841 -0.668692 0)
(2.93374 -0.638849 0)
(2.97781 -0.60712 0)
(3.00582 -0.583251 0)
(3.03993 -0.553181 0)
(3.06736 -0.521745 0)
(3.09355 -0.493985 0)
(3.11417 -0.466086 0)
(3.13237 -0.432927 0)
(3.14672 -0.402724 0)
(3.16103 -0.384765 0)
(3.16644 -0.371079 0)
(3.17291 -0.353104 0)
(3.18152 -0.344652 0)
(3.17587 -0.320178 0)
(3.18016 -0.281015 0)
(3.18959 -0.230577 0)
(3.1632 0.0836377 0)
(2.12344 0.910821 0)
(1.94943 0.935636 0)
(2.00894 0.907968 0)
(2.11014 0.84207 0)
(2.19581 0.780095 0)
(2.28931 0.69893 0)
(2.37049 0.628843 0)
(2.44441 0.581309 0)
(2.52007 0.514138 0)
(2.57156 0.452423 0)
(2.63349 0.392198 0)
(2.67706 0.360766 0)
(2.68272 0.209862 0)
(2.59646 -0.193265 0)
(2.45193 -0.577095 0)
(2.47952 -0.674872 0)
(2.53365 -0.658216 0)
(2.61199 -0.637714 0)
(2.6882 -0.633743 0)
(2.74968 -0.624875 0)
(2.80029 -0.6359 0)
(2.84625 -0.644248 0)
(2.901 -0.620881 0)
(2.95288 -0.595499 0)
(2.99703 -0.572777 0)
(3.02785 -0.558535 0)
(3.05536 -0.54345 0)
(3.08467 -0.517316 0)
(3.10708 -0.496276 0)
(3.12524 -0.472237 0)
(3.14159 -0.43992 0)
(3.15172 -0.411417 0)
(3.16719 -0.384985 0)
(3.17663 -0.359144 0)
(3.18409 -0.329824 0)
(3.19745 -0.318315 0)
(3.2025 -0.293526 0)
(3.19724 -0.24939 0)
(3.20204 -0.202671 0)
(3.04715 0.00524148 0)
(2.34721 0.807226 0)
(1.98542 0.971809 0)
(2.01346 0.940804 0)
(2.09648 0.862241 0)
(2.17549 0.792894 0)
(2.26436 0.719698 0)
(2.34899 0.654833 0)
(2.42728 0.603867 0)
(2.49858 0.546111 0)
(2.5501 0.486086 0)
(2.59895 0.451213 0)
(2.65275 0.327522 0)
(2.6018 0.040904 0)
(2.43113 -0.427846 0)
(2.41596 -0.622105 0)
(2.46836 -0.625826 0)
(2.55719 -0.606614 0)
(2.64106 -0.571609 0)
(2.71074 -0.559848 0)
(2.7746 -0.584822 0)
(2.82467 -0.605143 0)
(2.87287 -0.601071 0)
(2.92557 -0.58449 0)
(2.97521 -0.567524 0)
(3.01837 -0.55287 0)
(3.04712 -0.538547 0)
(3.06221 -0.526868 0)
(3.08878 -0.509323 0)
(3.11577 -0.488927 0)
(3.13477 -0.466837 0)
(3.14822 -0.4379 0)
(3.15884 -0.405785 0)
(3.17109 -0.371774 0)
(3.1862 -0.340762 0)
(3.19339 -0.308226 0)
(3.2074 -0.287635 0)
(3.22021 -0.267951 0)
(3.21612 -0.220916 0)
(3.21659 -0.177038 0)
(3.0011 0.000231847 0)
(2.7345 0.574145 0)
(2.08303 0.970608 0)
(2.05411 0.953475 0)
(2.10837 0.879723 0)
(2.18012 0.811912 0)
(2.26046 0.743033 0)
(2.33491 0.684437 0)
(2.40668 0.634712 0)
(2.47331 0.574159 0)
(2.54138 0.513071 0)
(2.59209 0.45454 0)
(2.5744 0.237412 0)
(2.43569 -0.242666 0)
(2.39757 -0.480542 0)
(2.4288 -0.547505 0)
(2.49918 -0.559098 0)
(2.57801 -0.52875 0)
(2.66142 -0.509462 0)
(2.74084 -0.53138 0)
(2.80065 -0.540888 0)
(2.8457 -0.542742 0)
(2.89481 -0.539203 0)
(2.94763 -0.530298 0)
(2.99544 -0.525255 0)
(3.03479 -0.523895 0)
(3.06454 -0.516362 0)
(3.08374 -0.49969 0)
(3.09792 -0.487078 0)
(3.12345 -0.468061 0)
(3.14634 -0.4422 0)
(3.16092 -0.414172 0)
(3.16906 -0.387128 0)
(3.17746 -0.356593 0)
(3.19296 -0.321487 0)
(3.20259 -0.289835 0)
(3.2138 -0.264674 0)
(3.23261 -0.249016 0)
(3.22879 -0.202441 0)
(3.22702 -0.160037 0)
(3 1.65225e-06 0)
(3.01657 0.231086 0)
(2.26259 0.896136 0)
(2.09087 0.960198 0)
(2.12123 0.923234 0)
(2.181 0.857974 0)
(2.2532 0.785089 0)
(2.3209 0.72451 0)
(2.39118 0.663417 0)
(2.47054 0.587318 0)
(2.51028 0.56478 0)
(2.53499 0.395676 0)
(2.4389 -0.0308838 0)
(2.33368 -0.390196 0)
(2.36049 -0.517505 0)
(2.45405 -0.52569 0)
(2.53128 -0.494861 0)
(2.61378 -0.474259 0)
(2.69397 -0.474348 0)
(2.76437 -0.482245 0)
(2.8185 -0.491069 0)
(2.8648 -0.487477 0)
(2.91171 -0.481744 0)
(2.96027 -0.472951 0)
(3.00349 -0.467262 0)
(3.03767 -0.468716 0)
(3.06733 -0.469819 0)
(3.09404 -0.467195 0)
(3.11184 -0.458394 0)
(3.13025 -0.441713 0)
(3.15753 -0.412102 0)
(3.17513 -0.385115 0)
(3.18625 -0.359704 0)
(3.18983 -0.342352 0)
(3.19921 -0.312963 0)
(3.20904 -0.286418 0)
(3.21868 -0.25628 0)
(3.23594 -0.237477 0)
(3.23964 -0.200601 0)
(3.23321 -0.163181 0)
(3 2.83448e-09 0)
(3.01776 0.0511317 0)
(2.47387 0.768399 0)
(2.12941 0.989275 0)
(2.1349 0.961562 0)
(2.18947 0.888359 0)
(2.26423 0.806527 0)
(2.33209 0.74217 0)
(2.39138 0.683658 0)
(2.44948 0.645024 0)
(2.49751 0.52636 0)
(2.45184 0.209955 0)
(2.24499 -0.319762 0)
(2.31223 -0.443329 0)
(2.38861 -0.454902 0)
(2.4894 -0.448246 0)
(2.57727 -0.437826 0)
(2.6504 -0.414404 0)
(2.71899 -0.41693 0)
(2.78297 -0.438866 0)
(2.83489 -0.445466 0)
(2.88129 -0.438328 0)
(2.92638 -0.435457 0)
(2.97076 -0.431873 0)
(3.01134 -0.426091 0)
(3.04031 -0.423042 0)
(3.06338 -0.41735 0)
(3.08738 -0.412068 0)
(3.11165 -0.413612 0)
(3.13288 -0.402812 0)
(3.14982 -0.377198 0)
(3.172 -0.349356 0)
(3.19224 -0.329374 0)
(3.20217 -0.317803 0)
(3.20641 -0.302636 0)
(3.21329 -0.282328 0)
(3.22517 -0.257671 0)
(3.23506 -0.237969 0)
(3.24254 -0.211749 0)
(3.23391 -0.177207 0)
(3 1.45361e-12 0)
(2.99987 0.00566886 0)
(2.80939 0.485033 0)
(2.22573 0.952221 0)
(2.1872 0.963428 0)
(2.21695 0.911348 0)
(2.28133 0.835996 0)
(2.32603 0.786309 0)
(2.40805 0.711857 0)
(2.45905 0.654367 0)
(2.43971 0.425578 0)
(2.27365 -0.164908 0)
(2.27202 -0.378067 0)
(2.33422 -0.401213 0)
(2.43609 -0.406352 0)
(2.53562 -0.40063 0)
(2.61746 -0.393087 0)
(2.68787 -0.388534 0)
(2.75057 -0.389709 0)
(2.79981 -0.395188 0)
(2.8445 -0.395665 0)
(2.89086 -0.389217 0)
(2.93387 -0.382108 0)
(2.96825 -0.375628 0)
(3.00422 -0.373404 0)
(3.03879 -0.376016 0)
(3.06831 -0.378089 0)
(3.09759 -0.37565 0)
(3.12101 -0.375645 0)
(3.14184 -0.365762 0)
(3.16115 -0.343269 0)
(3.1779 -0.312824 0)
(3.18539 -0.301395 0)
(3.19599 -0.292282 0)
(3.20862 -0.277262 0)
(3.21759 -0.265047 0)
(3.22479 -0.248207 0)
(3.23431 -0.225642 0)
(3.23851 -0.206138 0)
(3.23181 -0.177259 0)
(3 -4.39467e-17 0)
(2.99993 0.00025046 0)
(2.99542 0.168907 0)
(2.39044 0.823886 0)
(2.19987 0.976287 0)
(2.2153 0.955785 0)
(2.27694 0.887057 0)
(2.34694 0.786702 0)
(2.39889 0.772718 0)
(2.41191 0.583456 0)
(2.30011 0.0732876 0)
(2.28046 -0.214111 0)
(2.31039 -0.335245 0)
(2.38723 -0.359574 0)
(2.47282 -0.339811 0)
(2.55473 -0.328658 0)
(2.63299 -0.334265 0)
(2.7028 -0.334098 0)
(2.76313 -0.34061 0)
(2.80957 -0.349051 0)
(2.84887 -0.345068 0)
(2.88929 -0.336582 0)
(2.93079 -0.332004 0)
(2.96359 -0.325998 0)
(2.99843 -0.326108 0)
(3.03785 -0.327914 0)
(3.05818 -0.319127 0)
(3.07943 -0.315476 0)
(3.10737 -0.321823 0)
(3.12822 -0.318845 0)
(3.14571 -0.301458 0)
(3.16112 -0.27625 0)
(3.17674 -0.26715 0)
(3.19679 -0.25584 0)
(3.21505 -0.240307 0)
(3.22044 -0.233898 0)
(3.21641 -0.229791 0)
(3.23118 -0.213447 0)
(3.23344 -0.196704 0)
(3.22871 -0.170723 0)
(3 -8.04455e-16 0)
(3 5.11868e-06 0)
(3.00136 0.0293455 0)
(2.61462 0.643349 0)
(2.24201 0.954394 0)
(2.2398 0.952745 0)
(2.29584 0.892647 0)
(2.35881 0.841817 0)
(2.40368 0.711535 0)
(2.32495 0.315832 0)
(2.20654 -0.155308 0)
(2.26158 -0.319585 0)
(2.33818 -0.320663 0)
(2.42636 -0.306188 0)
(2.51207 -0.310893 0)
(2.59048 -0.307427 0)
(2.65297 -0.293132 0)
(2.70733 -0.286399 0)
(2.76043 -0.291605 0)
(2.80731 -0.298984 0)
(2.84687 -0.295382 0)
(2.88199 -0.283514 0)
(2.9117 -0.273427 0)
(2.94342 -0.27845 0)
(2.97433 -0.283916 0)
(3.00983 -0.276023 0)
(3.05236 -0.271866 0)
(3.0795 -0.26805 0)
(3.10006 -0.267647 0)
(3.11516 -0.263994 0)
(3.13234 -0.248753 0)
(3.15141 -0.230012 0)
(3.16908 -0.224705 0)
(3.18428 -0.219292 0)
(3.19681 -0.207061 0)
(3.20582 -0.201438 0)
(3.20888 -0.199658 0)
(3.22909 -0.186796 0)
(3.23377 -0.173203 0)
(3.228 -0.152931 0)
(3 -7.68287e-16 0)
(3 6.02256e-08 0)
(2.99952 0.00250102 0)
(2.89645 0.312645 0)
(2.3649 0.837254 0)
(2.26335 0.946932 0)
(2.29491 0.920711 0)
(2.36393 0.867903 0)
(2.35199 0.594792 0)
(2.23084 0.0332258 0)
(2.21855 -0.231104 0)
(2.28882 -0.261691 0)
(2.37807 -0.264875 0)
(2.45749 -0.259645 0)
(2.52776 -0.250917 0)
(2.59379 -0.239127 0)
(2.65002 -0.222001 0)
(2.69087 -0.218396 0)
(2.73234 -0.228087 0)
(2.77852 -0.236518 0)
(2.82703 -0.238086 0)
(2.87142 -0.234564 0)
(2.91052 -0.230487 0)
(2.94446 -0.232523 0)
(2.97055 -0.233244 0)
(2.99833 -0.225457 0)
(3.03056 -0.216536 0)
(3.06955 -0.213454 0)
(3.09668 -0.213302 0)
(3.11581 -0.212755 0)
(3.13434 -0.202854 0)
(3.15498 -0.190243 0)
(3.17445 -0.187633 0)
(3.18815 -0.182259 0)
(3.19746 -0.170754 0)
(3.20702 -0.166444 0)
(3.21365 -0.168254 0)
(3.23006 -0.157317 0)
(3.2422 -0.145453 0)
(3.23847 -0.118155 0)
(3 3.73592e-16 0)
(3 4.37835e-10 0)
(2.99997 0.000103149 0)
(2.9985 0.0733995 0)
(2.49876 0.731441 0)
(2.2908 0.933565 0)
(2.2939 0.931485 0)
(2.32082 0.769659 0)
(2.21864 0.158354 0)
(2.1718 -0.182301 0)
(2.21688 -0.221181 0)
(2.30659 -0.215941 0)
(2.39906 -0.205443 0)
(2.47163 -0.193057 0)
(2.53383 -0.189924 0)
(2.59431 -0.18946 0)
(2.65272 -0.183595 0)
(2.6974 -0.182103 0)
(2.7369 -0.188581 0)
(2.78488 -0.193784 0)
(2.83274 -0.190764 0)
(2.87437 -0.184329 0)
(2.91279 -0.182595 0)
(2.94868 -0.186019 0)
(2.97704 -0.185746 0)
(3.00585 -0.182633 0)
(3.03885 -0.173012 0)
(3.0606 -0.168983 0)
(3.0796 -0.167562 0)
(3.09765 -0.16485 0)
(3.11716 -0.157643 0)
(3.138 -0.150596 0)
(3.15576 -0.150835 0)
(3.16642 -0.147318 0)
(3.1745 -0.13923 0)
(3.1845 -0.13667 0)
(3.19464 -0.138837 0)
(3.20971 -0.130809 0)
(3.22369 -0.121186 0)
(3.21779 -0.103146 0)
(3 -7.56649e-17 0)
(3 1.41449e-12 0)
(3 2.12753e-06 0)
(2.99896 0.0101263 0)
(2.79748 0.431833 0)
(2.35791 0.868734 0)
(2.33129 0.941587 0)
(2.25594 0.477047 0)
(2.15533 0.0523784 0)
(2.16122 -0.134495 0)
(2.2168 -0.161914 0)
(2.28879 -0.139254 0)
(2.36764 -0.123572 0)
(2.44945 -0.115102 0)
(2.5248 -0.113396 0)
(2.5877 -0.121184 0)
(2.63025 -0.136407 0)
(2.67527 -0.139101 0)
(2.72017 -0.1357 0)
(2.76263 -0.129585 0)
(2.80379 -0.125627 0)
(2.84341 -0.124611 0)
(2.87993 -0.125708 0)
(2.91306 -0.124778 0)
(2.94518 -0.124459 0)
(2.9768 -0.124452 0)
(3.00951 -0.120069 0)
(3.04339 -0.117061 0)
(3.07065 -0.112819 0)
(3.0933 -0.109246 0)
(3.11395 -0.10465 0)
(3.13314 -0.100796 0)
(3.14832 -0.101034 0)
(3.15728 -0.0985374 0)
(3.16528 -0.0931455 0)
(3.17626 -0.0910016 0)
(3.18943 -0.092074 0)
(3.20065 -0.0882318 0)
(3.21769 -0.0802295 0)
(3.20826 -0.069257 0)
(3 3.33032e-16 0)
(3 6.07738e-16 0)
(3 2.07793e-08 0)
(2.99982 0.000685811 0)
(3.01322 0.120899 0)
(2.45494 0.793048 0)
(2.3416 0.588013 0)
(2.00516 -0.00236781 0)
(2.03128 -0.0779152 0)
(2.10806 -0.0819573 0)
(2.20009 -0.0884739 0)
(2.29052 -0.0822012 0)
(2.37626 -0.0724191 0)
(2.45938 -0.0624889 0)
(2.5317 -0.0583923 0)
(2.58002 -0.0731483 0)
(2.62927 -0.0875182 0)
(2.6769 -0.0897033 0)
(2.72793 -0.0834671 0)
(2.7746 -0.0781246 0)
(2.81388 -0.0748043 0)
(2.84954 -0.0743038 0)
(2.88378 -0.074996 0)
(2.91767 -0.0742869 0)
(2.95218 -0.0757476 0)
(2.98367 -0.0755581 0)
(3.01386 -0.0736144 0)
(3.04573 -0.0718859 0)
(3.07512 -0.0696003 0)
(3.10016 -0.0673259 0)
(3.12173 -0.0646488 0)
(3.14062 -0.0625202 0)
(3.15545 -0.062797 0)
(3.16452 -0.0613154 0)
(3.17264 -0.0582589 0)
(3.18402 -0.0573553 0)
(3.19816 -0.0579178 0)
(3.20874 -0.0560863 0)
(3.22433 -0.0499432 0)
(3.21573 -0.0426312 0)
(3 6.56811e-16 0)
(3 -7.12785e-16 0)
(3 5.74332e-11 0)
(2.99999 1.21801e-05 0)
(2.99987 0.0170139 0)
(2.53851 0.388705 0)
(2.35431 0.445515 0)
(1.97657 0.151441 0)
(2.01642 0.000167492 0)
(2.11705 -0.0249734 0)
(2.2109 -0.0274081 0)
(2.29485 -0.0260975 0)
(2.37532 -0.0220345 0)
(2.44936 -0.0231905 0)
(2.51648 -0.026847 0)
(2.57481 -0.0279037 0)
(2.61827 -0.0320218 0)
(2.66297 -0.0366239 0)
(2.71143 -0.0375803 0)
(2.75636 -0.0390974 0)
(2.79294 -0.0396241 0)
(2.82646 -0.0402064 0)
(2.86076 -0.0404817 0)
(2.89666 -0.040777 0)
(2.93197 -0.0423615 0)
(2.96347 -0.0419346 0)
(2.99372 -0.0411513 0)
(3.02442 -0.0406253 0)
(3.05346 -0.0398831 0)
(3.07912 -0.0390434 0)
(3.10161 -0.0377799 0)
(3.12135 -0.0368002 0)
(3.13666 -0.0374278 0)
(3.14607 -0.0370118 0)
(3.15462 -0.0355244 0)
(3.1662 -0.0347007 0)
(3.18062 -0.0347916 0)
(3.19246 -0.0338838 0)
(3.20866 -0.0301042 0)
(3.20366 -0.0266747 0)
)
;

boundaryField
{
    inlet
    {
        type            fixedValue;
        value           uniform (3 0 0);
    }
    outlet
    {
        type            inletOutlet;
        inletValue      uniform (3 0 0);
        value           nonuniform List<vector> 
40
(
(2.7042 -0.00425783 0)
(2.71047 -0.00230258 0)
(2.72997 0.0195847 0)
(2.77714 -0.0014364 0)
(2.83492 0.0113803 0)
(2.88799 0.0229905 0)
(2.92318 0.0328002 0)
(2.93776 0.0359222 0)
(2.94051 0.0460464 0)
(2.94625 0.0187433 0)
(2.9839 -0.144413 0)
(3.01736 -0.377016 0)
(3.02115 -0.460103 0)
(3.02413 -0.4588 0)
(3.04343 -0.429888 0)
(3.0652 -0.397348 0)
(3.08893 -0.37322 0)
(3.1044 -0.349562 0)
(3.11755 -0.332441 0)
(3.12427 -0.318496 0)
(3.12747 -0.306815 0)
(3.13293 -0.292556 0)
(3.13653 -0.282793 0)
(3.14399 -0.279728 0)
(3.15685 -0.271721 0)
(3.17126 -0.254837 0)
(3.18959 -0.230577 0)
(3.20204 -0.202671 0)
(3.21659 -0.177038 0)
(3.22702 -0.160037 0)
(3.23321 -0.163181 0)
(3.23391 -0.177207 0)
(3.23181 -0.177259 0)
(3.22871 -0.170723 0)
(3.228 -0.152931 0)
(3.23847 -0.118155 0)
(3.21779 -0.103146 0)
(3.20826 -0.069257 0)
(3.21573 -0.0426312 0)
(3.20366 -0.0266747 0)
)
;
    }
    top
    {
        type            symmetryPlane;
    }
    bottom
    {
        type            symmetryPlane;
    }
    step
    {
        type            slip;
    }
    defaultFaces
    {
        type            empty;
    }
}


// ************************************************************************* //
