/*--------------------------------*- C++ -*----------------------------------*\
  =========                 |
  \\      /  F ield         | OpenFOAM: The Open Source CFD Toolbox
   \\    /   O peration     | Website:  https://openfoam.org
    \\  /    A nd           | Version:  6.0
     \\/     M anipulation  |
\*---------------------------------------------------------------------------*/
FoamFile
{
    version     2.0;
    format      ascii;
    class       volScalarField;
    location    "3.00033481";
    object      rho;
}
// * * * * * * * * * * * * * * * * * * * * * * * * * * * * * * * * * * * * * //

dimensions      [1 -3 0 0 0 0 0];

internalField   nonuniform List<scalar> 
4800
(
1.39997
1.39997
1.39997
1.39997
1.39997
1.39997
1.39997
1.39997
1.39997
1.39997
1.39997
1.39997
1.39997
1.39997
1.39997
1.39997
1.39997
1.39997
1.39997
1.39997
2.15235
4.99856
5.40816
5.37717
5.46514
5.69902
5.86444
5.87484
5.68018
5.38374
5.30374
5.66572
6.25492
6.65048
6.60505
6.07428
5.4952
5.69137
6.50824
7.02107
1.39997
1.39997
1.39997
1.39997
1.39997
1.39997
1.39997
1.39997
1.39997
1.39997
1.39997
1.39997
1.39997
1.39997
1.39997
1.39997
1.39997
1.39997
1.39997
1.39997
2.13959
4.96047
5.47459
5.51906
5.56053
5.56401
5.59684
5.67017
5.76262
5.82603
5.85143
5.78133
5.75208
5.7427
5.89275
5.99911
6.06386
5.96652
5.91803
5.92619
1.39997
1.39997
1.39997
1.39997
1.39997
1.39997
1.39997
1.39997
1.39997
1.39997
1.39997
1.39997
1.39997
1.39997
1.39997
1.39997
1.39997
1.39997
1.39997
1.39997
2.11648
4.89896
5.49546
5.62064
5.63697
5.49291
5.37915
5.40865
5.67025
6.12856
6.35391
6.12249
5.53363
5.13104
5.21787
5.79696
6.41517
6.34291
5.64327
5.19694
1.39997
1.39997
1.39997
1.39997
1.39997
1.39997
1.39997
1.39997
1.39997
1.39997
1.39997
1.39997
1.39997
1.39997
1.39997
1.39997
1.39997
1.39997
1.39997
1.39997
2.1101
4.90677
5.50011
5.60245
5.6211
5.53172
5.41142
5.43332
5.74591
6.06168
6.19943
6.00932
5.62864
5.24515
5.29915
5.94702
6.46915
6.44666
5.68455
5.21035
1.39997
1.39997
1.39997
1.39997
1.39997
1.39997
1.39997
1.39997
1.39997
1.39997
1.39997
1.39997
1.39997
1.39997
1.39997
1.39997
1.39997
1.39997
1.39997
1.39997
2.10809
4.94304
5.4859
5.50362
5.54198
5.56752
5.61846
5.71446
5.738
5.73846
5.66578
5.74049
5.91939
6.0492
6.07405
5.98322
6.00687
5.96503
5.99624
6.01748
1.39997
1.39997
1.39997
1.39997
1.39997
1.39997
1.39997
1.39997
1.39997
1.39997
1.39997
1.39997
1.39997
1.39997
1.39997
1.39997
1.39997
1.39997
1.39997
1.39997
2.0992
4.96566
5.45788
5.41201
5.42589
5.58691
5.83219
5.95559
5.77607
5.41549
5.25626
5.41618
5.98199
6.66326
6.84639
6.2742
5.44565
5.49153
6.12927
6.69474
1.39997
1.39997
1.39997
1.39997
1.39997
1.39997
1.39997
1.39997
1.39997
1.39997
1.39997
1.39997
1.39997
1.39997
1.39997
1.39997
1.39997
1.39997
1.39997
1.39997
2.06833
4.93899
5.43006
5.3689
5.41504
5.63526
5.8478
5.87988
5.71911
5.43569
5.32387
5.55126
6.11849
6.52618
6.4738
5.86659
5.42904
5.54394
6.26329
6.90782
1.39997
1.39997
1.39997
1.39997
1.39997
1.39997
1.39997
1.39997
1.39997
1.39997
1.39997
1.39997
1.39997
1.39997
1.39997
1.39997
1.39997
1.39997
1.39997
1.39997
2.02598
4.87404
5.4111
5.45914
5.58758
5.65146
5.65974
5.61295
5.63148
5.71887
5.88031
6.00388
5.9841
5.83466
5.55452
5.70166
5.82461
5.88609
6.25421
6.44782
1.39997
1.39997
1.39997
1.39997
1.39997
1.39997
1.39997
1.39997
1.39997
1.39997
1.39997
1.39997
1.39997
1.39997
1.39997
1.39997
1.39997
1.39997
1.39997
1.39997
1.98287
4.81379
5.37877
5.59073
5.68566
5.64137
5.48588
5.35657
5.45248
5.91342
6.31406
6.43648
6.04169
5.15961
4.97157
5.44014
6.15615
6.52873
6.30371
5.93602
1.39997
1.39997
1.39997
1.39997
1.39997
1.39997
1.39997
1.39997
1.39997
1.39997
1.39997
1.39997
1.39997
1.39997
1.39997
1.39997
1.39997
1.39997
1.39997
1.39997
1.95015
4.7689
5.45226
5.59578
5.6841
5.65377
5.45867
5.40779
5.58593
5.98865
6.2786
6.22379
5.57582
5.27572
5.24668
5.74538
6.57549
6.8967
6.24903
5.44222
1.39997
1.39997
1.39997
1.39997
1.39997
1.39997
1.39997
1.39997
1.39997
1.39997
1.39997
1.39997
1.39997
1.39997
1.39997
1.39997
1.39997
1.39997
1.39997
1.39997
1.92619
4.78004
5.52073
5.55608
5.58145
5.51003
5.54509
5.63808
5.81505
5.85481
5.8142
5.51905
5.56777
5.74041
6.16853
6.35782
6.47887
6.29883
5.72895
5.70116
1.39997
1.39997
1.39997
1.39997
1.39997
1.39997
1.39997
1.39997
1.39997
1.39997
1.39997
1.39997
1.39997
1.39997
1.39997
1.39997
1.39997
1.39997
1.39997
1.39997
1.89732
4.8024
5.54398
5.50967
5.42302
5.40105
5.57574
5.87904
5.95804
5.7908
5.29686
5.12697
5.42192
6.20038
6.71421
6.91568
6.275
5.38162
5.32582
5.74139
1.39997
1.39997
1.39997
1.39997
1.39997
1.39997
1.39997
1.39997
1.39997
1.39997
1.39997
1.39997
1.39997
1.39997
1.39997
1.39997
1.39997
1.39997
1.39997
1.39997
1.85551
4.76839
5.54706
5.43164
5.34891
5.39831
5.66697
5.8823
5.92256
5.54054
5.24762
5.25414
5.70917
6.35799
6.71365
6.3376
5.37914
5.26202
5.56861
5.68133
1.39997
1.39997
1.39997
1.39997
1.39997
1.39997
1.39997
1.39997
1.39997
1.39997
1.39997
1.39997
1.39997
1.39997
1.39997
1.39997
1.39997
1.39997
1.39997
1.39997
1.81333
4.68657
5.42063
5.38705
5.45454
5.66867
5.72785
5.69172
5.5438
5.47372
5.56975
5.8977
6.18535
6.16371
5.91567
5.20383
5.30524
5.61599
6.03473
6.58184
1.39997
1.39997
1.39997
1.39997
1.39997
1.39997
1.39997
1.39997
1.39997
1.39997
1.39997
1.39997
1.39997
1.39997
1.39997
1.39997
1.39997
1.39997
1.39997
1.39997
1.75744
4.58914
5.3277
5.37794
5.62392
5.77686
5.78483
5.57987
5.28049
5.3504
5.93811
6.41023
6.534
6.13978
4.95715
4.80124
5.26637
5.99901
6.81062
7.22844
1.39997
1.39997
1.39997
1.39997
1.39997
1.39997
1.39997
1.39997
1.39997
1.39997
1.39997
1.39997
1.39997
1.39997
1.39997
1.39997
1.39997
1.39997
1.39997
1.39997
1.7025
4.51581
5.31642
5.4826
5.64089
5.72562
5.72448
5.52349
5.45792
5.72869
6.12139
6.37679
6.27644
5.28366
5.0498
5.1308
5.81988
6.68407
7.08139
7.29444
1.39997
1.39997
1.39997
1.39997
1.39997
1.39997
1.39997
1.39997
1.39997
1.39997
1.39997
1.39997
1.39997
1.39997
1.39997
1.39997
1.39997
1.39997
1.39997
1.39997
1.66024
4.45678
5.43427
5.54615
5.59129
5.62047
5.5283
5.55027
5.72301
5.96955
6.0059
5.95387
5.3157
5.29689
5.51571
6.12802
6.61536
6.73215
6.50148
5.71491
1.39997
1.39997
1.39997
1.39997
1.39997
1.39997
1.39997
1.39997
1.39997
1.39997
1.39997
1.39997
1.39997
1.39997
1.39997
1.39997
1.39997
1.39997
1.39997
1.39997
1.62711
4.4774
5.5414
5.57194
5.56285
5.49805
5.36475
5.4773
5.82411
6.02252
6.01997
5.28645
5.02591
5.21314
6.04757
6.83414
6.89486
6.53969
5.32013
5.18313
1.39997
1.39997
1.39997
1.39997
1.39997
1.39997
1.39997
1.39997
1.39997
1.39997
1.39997
1.39997
1.39997
1.39997
1.39997
1.39997
1.39997
1.39997
1.39997
1.39997
1.58168
4.47667
5.55044
5.5589
5.58511
5.35074
5.29089
5.4175
5.76408
5.914
5.47348
5.19321
5.23865
5.79275
6.48369
6.59362
6.4588
5.37989
5.22962
5.28925
1.39997
1.39997
1.39997
1.39997
1.39997
1.39997
1.39997
1.39997
1.39997
1.39997
1.39997
1.39997
1.39997
1.39997
1.39997
1.39997
1.39997
1.39997
1.39997
1.39997
1.51498
4.38949
5.52941
5.49397
5.4151
5.3856
5.47504
5.73905
5.74905
5.56015
5.28893
5.34811
5.7985
6.42142
6.43395
6.246
5.05877
5.12887
5.47086
5.64045
1.39997
1.39997
1.39997
1.39997
1.39997
1.39997
1.39997
1.39997
1.39997
1.39997
1.39997
1.39997
1.39997
1.39997
1.39997
1.39997
1.39997
1.39997
1.39997
1.39997
1.46677
4.25361
5.47587
5.36192
5.28657
5.42596
5.82618
5.91582
5.7841
5.34639
5.19676
5.63467
6.34627
6.59045
6.59432
5.23248
4.77566
4.93881
5.468
5.96663
1.39997
1.39997
1.39997
1.39997
1.39997
1.39997
1.39997
1.39997
1.39997
1.39997
1.39997
1.39997
1.39997
1.39997
1.39997
1.39997
1.39997
1.39997
1.39997
1.39997
1.4368
4.12416
5.37338
5.30302
5.36205
5.66998
5.82554
5.89137
5.72703
5.50297
5.7459
6.15068
6.26727
6.27451
5.29361
5.12188
5.09622
5.28231
5.94379
6.67211
1.39997
1.39997
1.39997
1.39997
1.39997
1.39997
1.39997
1.39997
1.39997
1.39997
1.39997
1.39997
1.39997
1.39997
1.39997
1.39997
1.39997
1.39997
1.39997
1.39997
1.41336
4.0287
5.3118
5.33679
5.58541
5.69293
5.71922
5.73568
5.53732
5.67451
6.05336
6.16998
6.16533
5.35147
4.80651
5.06607
5.78209
6.74889
6.87388
6.84461
1.39997
1.39997
1.39997
1.39997
1.39997
1.39997
1.39997
1.39997
1.39997
1.39997
1.39997
1.39997
1.39997
1.39997
1.39997
1.39997
1.39997
1.39997
1.39997
1.39997
1.403
3.94064
5.30174
5.46568
5.60191
5.67533
5.71043
5.44788
5.36569
5.61311
5.99265
6.17105
5.74352
4.96737
4.88773
5.30591
6.64742
7.0243
7.02777
6.91474
1.39997
1.39997
1.39997
1.39997
1.39997
1.39997
1.39997
1.39997
1.39997
1.39997
1.39997
1.39997
1.39997
1.39997
1.39997
1.39997
1.39997
1.39997
1.39997
1.39997
1.40011
3.89231
5.37914
5.48443
5.54893
5.62036
5.49598
5.25004
5.30009
5.53588
5.79754
5.82789
5.27491
5.08336
5.32088
6.31662
6.59799
6.91178
6.55232
5.81517
1.39997
1.39997
1.39997
1.39997
1.39997
1.39997
1.39997
1.39997
1.39997
1.39997
1.39997
1.39997
1.39997
1.39997
1.39997
1.39997
1.39997
1.39997
1.39997
1.39997
1.39995
3.77041
5.38834
5.46295
5.48148
5.4294
5.29751
5.30562
5.42717
5.71299
5.72028
5.21661
5.15085
5.3848
6.30499
6.54593
6.59998
5.79614
5.14492
5.38725
1.39997
1.39997
1.39997
1.39997
1.39997
1.39997
1.39997
1.39997
1.39997
1.39997
1.39997
1.39997
1.39997
1.39997
1.39997
1.39997
1.39997
1.39997
1.39997
1.39997
1.39995
3.61483
5.32376
5.43187
5.40661
5.26521
5.18377
5.41184
5.85951
5.89213
5.55479
5.07298
5.21594
6.05421
6.53168
6.47133
5.64431
4.88661
5.04378
5.2862
1.39997
1.39997
1.39997
1.39997
1.39997
1.39997
1.39997
1.39997
1.39997
1.39997
1.39997
1.39997
1.39997
1.39997
1.39997
1.39997
1.39997
1.39997
1.39997
1.39997
1.39996
3.44893
5.2627
5.27657
5.28159
5.28694
5.39763
5.77209
5.89675
5.87619
5.49672
5.14471
5.52844
6.28723
6.47116
6.31938
5.10924
4.79724
5.15775
5.61987
1.39997
1.39997
1.39997
1.39997
1.39997
1.39997
1.39997
1.39997
1.39997
1.39997
1.39997
1.39997
1.39997
1.39997
1.39997
1.39997
1.39997
1.39997
1.39997
1.39997
1.39997
3.2987
5.18187
5.20219
5.23619
5.37043
5.73476
5.80276
5.78646
5.75627
5.41415
5.49668
6.00211
6.22164
6.4063
5.49214
5.09186
5.11475
5.83478
6.61837
1.39997
1.39997
1.39997
1.39997
1.39997
1.39997
1.39997
1.39997
1.39997
1.39997
1.39997
1.39997
1.39997
1.39997
1.39997
1.39997
1.39997
1.39997
1.39997
1.39997
1.39997
3.15407
5.13822
5.16256
5.24815
5.55168
5.72677
5.84059
5.85964
5.38485
5.37377
5.92168
6.00943
6.04036
5.20269
5.03682
5.31977
5.92908
6.37912
6.66482
1.39997
1.39997
1.39997
1.39997
1.39997
1.39997
1.39997
1.39997
1.39997
1.39997
1.39997
1.39997
1.39997
1.39997
1.39997
1.39997
1.39997
1.39997
1.39997
1.39997
1.39997
3.02829
5.08444
5.29305
5.49719
5.5665
5.61193
5.71071
5.34229
5.28934
5.52448
5.91712
5.99462
5.49208
4.73006
4.88765
5.38254
6.122
6.30538
6.56237
1.39997
1.39997
1.39997
1.39997
1.39997
1.39997
1.39997
1.39997
1.39997
1.39997
1.39997
1.39997
1.39997
1.39997
1.39997
1.39997
1.39997
1.39997
1.39997
1.39997
1.39997
2.91499
5.12437
5.45224
5.52445
5.55049
5.55992
5.21396
5.14682
5.27891
5.71353
5.82299
5.87844
5.21405
4.74202
4.93345
5.52711
6.2208
6.18281
5.69556
1.39997
1.39997
1.39997
1.39997
1.39997
1.39997
1.39997
1.39997
1.39997
1.39997
1.39997
1.39997
1.39997
1.39997
1.39997
1.39997
1.39997
1.39997
1.39997
1.39997
1.39997
2.75737
5.14208
5.44517
5.51445
5.54774
5.25823
5.06779
5.12646
5.43645
5.84285
5.80866
5.57513
5.03897
4.90373
5.30928
6.20509
6.26316
5.87478
5.27991
1.39997
1.39997
1.39997
1.39997
1.39997
1.39997
1.39997
1.39997
1.39997
1.39997
1.39997
1.39997
1.39997
1.39997
1.39997
1.39997
1.39997
1.39997
1.39997
1.39997
1.39997
2.58904
5.07099
5.41015
5.42477
5.25955
5.20173
5.16103
5.37132
5.75715
5.8289
5.86795
5.24092
5.21927
5.81321
6.34006
6.36174
6.18656
5.19535
5.09564
1.39997
1.39997
1.39997
1.39997
1.39997
1.39997
1.39997
1.39997
1.39997
1.39997
1.39997
1.39997
1.39997
1.39997
1.39997
1.39997
1.39997
1.39997
1.39997
1.39997
1.39997
2.44263
4.98673
5.33234
5.19469
5.16406
5.16982
5.45052
5.77521
5.74709
5.67686
5.25509
5.17938
5.46855
6.18013
6.39237
6.2454
5.725
5.03582
4.96313
1.39997
1.39997
1.39997
1.39997
1.39997
1.39997
1.39997
1.39997
1.39997
1.39997
1.39997
1.39997
1.39997
1.39997
1.39997
1.39997
1.39997
1.39997
1.39997
1.39997
1.39997
2.28821
4.9131
5.25695
5.14397
5.16151
5.34771
5.70726
5.77544
5.73432
5.5241
5.02308
5.08773
5.56938
6.24778
6.36121
6.33793
5.31083
5.38597
6.00432
1.39997
1.39997
1.39997
1.39997
1.39997
1.39997
1.39997
1.39997
1.39997
1.39997
1.39997
1.39997
1.39997
1.39997
1.39997
1.39997
1.39997
1.39997
1.39997
1.39997
1.39997
2.11333
4.80734
5.22283
5.15257
5.31906
5.62743
5.68652
5.72293
5.64209
5.0783
5.0006
4.9817
5.73055
6.07768
6.22624
5.02878
5.2084
6.10943
6.86882
1.39997
1.39997
1.39997
1.39997
1.39997
1.39997
1.39997
1.39997
1.39997
1.39997
1.39997
1.39997
1.39997
1.39997
1.39997
1.39997
1.39997
1.39997
1.39997
1.39997
1.39997
1.92919
4.70783
5.23202
5.38173
5.5912
5.63784
5.678
5.58724
5.14884
5.09881
5.13458
5.75618
5.67996
5.89371
4.62902
4.65737
5.06345
6.02762
6.72826
1.39997
1.39997
1.39997
1.39997
1.39997
1.39997
1.39997
1.39997
1.39997
1.39997
1.39997
1.39997
1.39997
1.39997
1.39997
1.39997
1.39997
1.39997
1.39997
1.39997
1.39997
1.77121
4.70094
5.4843
5.58434
5.62051
5.5987
5.52393
5.0979
5.04848
5.08814
5.71472
5.94803
5.67881
4.7931
4.44699
4.49807
4.68668
4.75424
4.91159
1.39997
1.39997
1.39997
1.39997
1.39997
1.39997
1.39997
1.39997
1.39997
1.39997
1.39997
1.39997
1.39997
1.39997
1.39997
1.39997
1.39997
1.39997
1.39997
1.39997
1.39997
1.57556
4.63658
5.56826
5.53657
5.55862
5.50056
5.12257
5.0333
5.1257
5.59231
5.87958
5.81332
5.53854
4.51464
4.37689
4.38176
4.43765
4.35411
4.26577
1.39997
1.39997
1.39997
1.39997
1.39997
1.39997
1.39997
1.39997
1.39997
1.39997
1.39997
1.39997
1.39997
1.39997
1.39997
1.39997
1.39997
1.39997
1.39997
1.39997
1.39997
1.41116
3.99473
5.36155
5.35949
5.34292
5.28378
5.34138
5.45449
5.52897
5.55796
5.45161
5.32688
5.11767
5.07413
5.18349
5.15577
4.98506
4.43651
3.20123
1.39997
1.39997
1.39997
1.39997
1.39997
1.39997
1.39997
1.39997
1.39997
1.39997
1.39997
1.39997
1.39997
1.39997
1.39997
1.39997
1.39997
1.39997
1.39997
1.39997
1.39997
1.39998
3.05505
5.14032
5.30016
5.33125
5.39808
5.44201
5.43612
5.38358
5.28326
5.22422
5.21168
5.2637
5.32999
5.28242
5.09679
4.78883
4.30796
3.47467
1.39997
1.39997
1.39997
1.39997
1.39997
1.39997
1.39997
1.39997
1.39997
1.39997
1.39997
1.39997
1.39997
1.39997
1.39997
1.39997
1.39997
1.39997
1.39997
1.39997
1.39997
1.39997
2.13394
4.81994
5.31384
5.3258
5.34065
5.32781
5.29575
5.26453
5.25233
5.23961
5.20442
5.14334
5.06654
4.91644
4.69091
4.43916
4.16877
3.5652
1.39997
1.39997
1.39997
1.39997
1.39997
1.39997
1.39997
1.39997
1.39997
1.39997
1.39997
1.39997
1.39997
1.39997
1.39997
1.39997
1.39997
1.39997
1.39997
1.39997
1.39997
1.39997
1.48474
4.13173
5.30842
5.27104
5.25589
5.23603
5.23514
5.23851
5.21702
5.1633
5.086
4.9964
4.89877
4.76056
4.56549
4.26969
3.94958
3.51151
1.39997
1.39997
1.39997
1.39997
1.39997
1.39997
1.39997
1.39997
1.39997
1.39997
1.39997
1.39997
1.39997
1.39997
1.39997
1.39997
1.39997
1.39997
1.39997
1.39997
1.39997
1.39997
1.4004
3.05564
5.07542
5.20306
5.20645
5.19882
5.17605
5.14554
5.10214
5.05673
5.00219
4.92713
4.82362
4.67644
4.47138
4.1895
3.89668
3.53757
1.39997
1.39997
1.39997
1.39997
1.39997
1.39997
1.39997
1.39997
1.39997
1.39997
1.39997
1.39997
1.39997
1.39997
1.39997
1.39997
1.39997
1.39997
1.39997
1.39997
1.39997
1.39997
1.39997
1.90905
4.70529
5.22151
5.17592
5.15979
5.11576
5.06048
5.01649
4.98135
4.92983
4.85017
4.73221
4.58233
4.37739
4.15065
3.88983
3.58614
1.39997
1.39997
1.39997
1.39997
1.39997
1.39997
1.39997
1.39997
1.39997
1.39997
1.39997
1.39997
1.39997
1.39997
1.39997
1.39997
1.39997
1.39997
1.39997
1.39997
1.39997
1.39997
1.39997
1.43137
3.66941
5.10614
5.10167
5.10463
5.07832
5.02114
4.96059
4.90365
4.83759
4.762
4.65589
4.51953
4.31541
4.09547
3.85487
3.59862
1.39997
1.39997
1.39997
1.39997
1.39997
1.39997
1.39997
1.39997
1.39997
1.39997
1.39997
1.39997
1.39997
1.39997
1.39997
1.39997
1.39997
1.39997
1.39997
1.39997
1.39997
1.39997
1.39997
1.39995
2.23603
4.7777
5.10866
5.07784
5.05446
5.00502
4.92958
4.85033
4.77456
4.69844
4.60016
4.47174
4.28539
4.07226
3.84199
3.61201
1.39997
1.39997
1.39997
1.39997
1.39997
1.39997
1.39997
1.39997
1.39997
1.39997
1.39997
1.39997
1.39997
1.39997
1.39997
1.39997
1.39997
1.39997
1.39997
1.39997
1.39997
1.39997
1.39997
1.39997
1.48086
3.79809
5.054
5.03441
5.02408
4.97793
4.90144
4.81488
4.72782
4.63809
4.54
4.42546
4.26906
4.08015
3.87433
3.66285
1.39997
1.39997
1.39997
1.39997
1.39997
1.39997
1.39997
1.39997
1.39997
1.39997
1.39997
1.39997
1.39997
1.39997
1.39997
1.39997
1.39997
1.39997
1.39997
1.39997
1.39997
1.39997
1.39997
1.39997
1.40031
2.23263
4.75234
5.02286
4.97842
4.94034
4.87172
4.78707
4.69206
4.58866
4.48349
4.3743
4.24566
4.0874
3.90844
3.71626
1.39997
1.39997
1.39997
1.39997
1.39997
1.39997
1.39997
1.39997
1.39997
1.39997
1.39997
1.39997
1.39997
1.39997
1.39997
1.39997
1.39997
1.39997
1.39997
1.39997
1.39997
1.39997
1.39997
1.39997
1.39997
1.47285
3.61955
4.96938
4.96079
4.92279
4.85728
4.77184
4.6712
4.55709
4.44018
4.32619
4.20832
4.07332
3.91835
3.74647
1.39997
1.39997
1.39997
1.39997
1.39997
1.39997
1.39997
1.39997
1.39997
1.39997
1.39997
1.39997
1.39997
1.39997
1.39997
1.39997
1.39997
1.39997
1.39997
1.39997
1.39997
1.39997
1.39997
1.39997
1.39997
1.40033
1.93322
4.55788
4.97559
4.90052
4.84473
4.76074
4.66046
4.54324
4.42439
4.30328
4.17848
4.04945
3.9122
3.75731
1.39997
1.39997
1.39997
1.39997
1.39997
1.39997
1.39997
1.39997
1.39997
1.39997
1.39997
1.39997
1.39997
1.39997
1.39997
1.39997
1.39997
1.39997
1.39997
1.39997
1.39997
1.39997
1.39997
1.39997
1.39997
1.39997
1.42717
3.17844
4.85925
4.85645
4.81405
4.75136
4.6606
4.54504
4.42582
4.30142
4.17225
4.04101
3.90873
3.76548
1.39997
1.39997
1.39997
1.39997
1.39997
1.39997
1.39997
1.39997
1.39997
1.39997
1.39997
1.39997
1.39997
1.39997
1.39997
1.39997
1.39997
1.39997
1.39997
1.39997
1.39997
1.39997
1.39997
1.39997
1.39997
1.39997
1.40005
1.71831
4.05451
4.88357
4.8303
4.76719
4.67975
4.57348
4.45552
4.32688
4.19282
4.05884
3.92815
3.79039
1.39997
1.39997
1.39997
1.39997
1.39997
1.39997
1.39997
1.39997
1.39997
1.39997
1.39997
1.39997
1.39997
1.39997
1.39997
1.39997
1.39997
1.39997
1.39997
1.39997
1.39997
1.39997
1.39997
1.39997
1.39997
1.39997
1.39997
1.40896
2.27547
4.6175
4.85757
4.76271
4.68422
4.59105
4.48434
4.36329
4.23124
4.09686
3.96611
3.83122
1.39997
1.39997
1.39997
1.39997
1.39997
1.39997
1.39997
1.39997
1.39997
1.39997
1.39997
1.39997
1.39997
1.39997
1.39997
1.39997
1.39997
1.39997
1.39997
1.39997
1.39997
1.39997
1.39997
1.39997
1.39997
1.39997
1.39997
1.40001
1.47288
3.29827
4.74877
4.72815
4.66066
4.58294
4.49484
4.39363
4.27837
4.1536
4.02552
3.893
1.39997
1.39997
1.39997
1.39997
1.39997
1.39997
1.39997
1.39997
1.39997
1.39997
1.39997
1.39997
1.39997
1.39997
1.39997
1.39997
1.39997
1.39997
1.39997
1.39997
1.39997
1.39997
1.39997
1.39997
1.39997
1.39997
1.39997
1.39997
1.40053
1.76928
3.90027
4.72172
4.65585
4.57582
4.49282
4.40193
4.30307
4.19414
4.07883
3.95563
1.39997
1.39997
1.39997
1.39997
1.39997
1.39997
1.39997
1.39997
1.39997
1.39997
1.39997
1.39997
1.39997
1.39997
1.39997
1.39997
1.39997
1.39997
1.39997
1.39997
1.39997
1.39997
1.39997
1.39997
1.39997
1.39997
1.39997
1.39997
1.39997
1.41228
2.1749
4.28413
4.67716
4.58629
4.49821
4.40503
4.31213
4.21341
4.11118
4.00089
1.39997
1.39997
1.39997
1.39997
1.39997
1.39997
1.39997
1.39997
1.39997
1.39997
1.39997
1.39997
1.39997
1.39997
1.39997
1.39997
1.39997
1.39997
1.39997
1.39997
1.39997
1.39997
1.39997
1.39997
1.39997
1.39997
1.39997
1.39997
1.39997
1.40003
1.45584
2.68925
4.48455
4.62544
4.51645
4.42015
4.32715
4.22987
4.13343
4.02991
1.39997
1.39997
1.39997
1.39997
1.39997
1.39997
1.39997
1.39997
1.39997
1.39997
1.39997
1.39997
1.39997
1.39997
1.39997
1.39997
1.39997
1.39997
1.39997
1.39997
1.39997
1.39997
1.39997
1.39997
1.39997
1.39997
1.39997
1.39997
1.39997
1.39997
1.40051
1.56317
3.21069
4.55769
4.54791
4.44574
4.34626
4.24571
4.14899
4.0489
1.39997
1.39997
1.39997
1.39997
1.39997
1.39997
1.39997
1.39997
1.39997
1.39997
1.39997
1.39997
1.39997
1.39997
1.39997
1.39997
1.39997
1.39997
1.39997
1.39997
1.39997
1.39997
1.39997
1.39997
1.39997
1.39997
1.39997
1.39997
1.39997
1.39997
1.39997
1.40291
1.75282
3.60117
4.53823
4.49984
4.38677
4.27619
4.17237
4.07217
1.39997
1.39997
1.39997
1.39997
1.39997
1.39997
1.39997
1.39997
1.39997
1.39997
1.39997
1.39997
1.39997
1.39997
1.39997
1.39997
1.39997
1.39997
1.39997
1.39997
1.39997
1.39997
1.39997
1.39997
1.39997
1.39997
1.39997
1.39997
1.39997
1.39997
1.39997
1.39998
1.41191
1.97895
3.84681
4.5053
4.45509
4.33568
4.22104
4.11579
1.39997
1.39997
1.39997
1.39997
1.39997
1.39997
1.39997
1.39997
1.39997
1.39997
1.39997
1.39997
1.39997
1.39997
1.39997
1.39997
1.39997
1.39997
1.39997
1.39997
1.39997
1.39997
1.39997
1.39997
1.39997
1.39997
1.39997
1.39997
1.39997
1.39997
1.39997
1.39997
1.40004
1.43102
2.20009
3.99276
4.4703
4.4155
4.29584
4.18431
1.39997
1.39997
1.39997
1.39997
1.39997
1.39997
1.39997
1.39997
1.39997
1.39997
1.39997
1.39997
1.39997
1.39997
1.39997
1.39997
1.39997
1.39997
1.39997
1.39997
1.39997
1.39997
1.39997
1.39997
1.39997
1.39997
1.39997
1.39997
1.39997
1.39997
1.39997
1.39997
1.39997
1.40023
1.45972
2.38511
4.06851
4.43367
4.38147
4.26974
1.39997
1.39997
1.39997
1.39997
1.39997
1.39997
1.39997
1.39997
1.39997
1.39997
1.39997
1.39997
1.39997
1.39997
1.39997
1.39997
1.39997
1.39997
1.39997
1.39997
1.39997
1.39997
1.39997
1.39997
1.39997
1.39997
1.39997
1.39997
1.39997
1.39997
1.39997
1.39997
1.39997
1.39997
1.40065
1.49204
2.51974
4.09081
4.39978
4.35651
1.39997
1.39997
1.39997
1.39997
1.39997
1.39997
1.39997
1.39997
1.39997
1.39997
1.39997
1.39997
1.39997
1.39997
1.39997
1.39997
1.39997
1.39997
1.39997
1.39997
1.39997
1.39997
1.39997
1.39997
1.39997
1.39997
1.39997
1.39997
1.39997
1.39997
1.39997
1.39997
1.39997
1.39997
1.39997
1.40129
1.5211
2.59551
4.09008
4.3634
1.39997
1.39997
1.39997
1.39997
1.39997
1.39997
1.39997
1.39997
1.39997
1.39997
1.39997
1.39997
1.39997
1.39997
1.39997
1.39997
1.39997
1.39997
1.39997
1.39997
1.39997
1.39997
1.39997
1.39997
1.39997
1.39997
1.39997
1.39997
1.39997
1.39997
1.39997
1.39997
1.39997
1.39997
1.39997
1.39997
1.40199
1.54114
2.63815
4.071
1.39997
1.39997
1.39997
1.39997
1.39997
1.39997
1.39997
1.39997
1.39997
1.39997
1.39997
1.39997
1.39997
1.39997
1.39997
1.39997
1.39997
1.39997
1.39997
1.39997
1.39997
1.39997
1.39997
1.39997
1.39997
1.39997
1.39997
1.39997
1.39997
1.39997
1.39997
1.39997
1.39997
1.39997
1.39997
1.39997
1.39997
1.40276
1.54962
2.76908
1.39997
1.39997
1.39997
1.39997
1.39997
1.39997
1.39997
1.39997
1.39997
1.39997
1.39997
1.39997
1.39997
1.39997
1.39997
1.39997
1.39997
1.39997
1.39997
1.39997
1.39997
1.39997
1.39997
1.39997
1.39997
1.39997
1.39997
1.39997
1.39997
1.39997
1.39997
1.39997
1.39997
1.39997
1.39997
1.39997
1.39997
1.39998
1.40256
1.61261
1.39997
1.39997
1.39997
1.39997
1.39997
1.39997
1.39997
1.39997
1.39997
1.39997
1.39997
1.39997
1.39997
1.39997
1.39997
1.39997
1.39997
1.39997
1.39997
1.39997
1.39997
1.39997
1.39997
1.39997
1.39997
1.39997
1.39997
1.39997
1.39997
1.39997
1.39997
1.39997
1.39997
1.39997
1.39997
1.39997
1.39997
1.39997
1.39998
1.40468
1.39997
1.39997
1.39997
1.39997
1.39997
1.39997
1.39997
1.39997
1.39997
1.39997
1.39997
1.39997
1.39997
1.39997
1.39997
1.39997
1.39997
1.39997
1.39997
1.39997
1.39997
1.39997
1.39997
1.39997
1.39997
1.39997
1.39997
1.39997
1.39997
1.39997
1.39997
1.39997
1.39997
1.39997
1.39997
1.39997
1.39997
1.39997
1.39997
1.39997
1.39997
1.39997
1.39997
1.39997
1.39997
1.39997
1.39997
1.39997
1.39997
1.39997
1.39997
1.39997
1.39997
1.39997
1.39997
1.39997
1.39997
1.39997
1.39997
1.39997
1.39997
1.39997
1.39997
1.39997
1.39997
1.39997
1.39997
1.39997
1.39997
1.39997
1.39997
1.39997
1.39997
1.39997
1.39997
1.39997
1.39997
1.39997
1.39997
1.39997
1.39997
1.39997
1.39997
1.39997
1.39997
1.39997
1.39997
1.39997
1.39997
1.39997
1.39997
1.39997
1.39997
1.39997
1.39997
1.39997
1.39997
1.39997
1.39997
1.39997
1.39997
1.39997
1.39997
1.39997
1.39997
1.39997
1.39997
1.39997
1.39997
1.39997
1.39997
1.39997
1.39997
1.39997
1.39997
1.39997
1.39997
1.39997
1.39997
1.39997
1.39997
1.39997
1.39997
1.39997
1.39997
1.39997
1.39997
1.39997
1.39997
1.39997
1.39997
1.39997
1.39997
1.39997
1.39997
1.39997
1.39997
1.39997
1.39997
1.39997
1.39997
1.39997
1.39997
1.39997
1.39997
1.39997
1.39997
1.39997
1.39997
1.39997
1.39997
1.39997
1.39997
1.39997
1.39997
1.39997
1.39997
1.39997
1.39997
1.39997
1.39997
1.39997
1.39997
1.39997
1.39997
1.39997
1.39997
1.39997
1.39997
1.39997
1.39997
1.39997
1.39997
1.39997
1.39997
1.39997
1.39997
1.39997
1.39997
1.39997
1.39997
1.39997
1.39997
1.39997
1.39997
1.39997
1.39997
1.39997
1.39997
1.39997
1.39997
1.39997
1.39997
1.39997
1.39997
1.39997
1.39997
1.39997
1.39997
1.39997
1.39997
1.39997
1.39997
1.39997
1.39997
1.39997
1.39997
1.39997
1.39997
1.39997
1.39997
1.39997
1.39997
1.39997
1.39997
1.39997
1.39997
1.39997
1.39997
1.39997
1.39997
1.39997
1.39997
1.39997
1.39997
1.39997
1.39997
1.39997
1.39997
1.39997
1.39997
1.39997
1.39997
1.39997
1.39997
1.39997
1.39997
1.39997
1.39997
1.39997
1.39997
1.39997
1.39997
1.39997
1.39997
1.39997
1.39997
1.39997
1.39997
1.39997
1.39997
1.39997
1.39997
1.39997
1.39997
1.39997
1.39997
1.39997
1.39997
1.39997
1.39997
1.39997
1.39997
1.39997
1.39997
1.39997
1.39997
1.39997
1.39997
1.39997
1.39997
1.39997
1.39997
1.39997
1.39997
1.39997
1.39997
1.39997
1.39997
1.39997
1.39997
1.39997
1.39997
1.39997
1.39997
1.39997
1.39997
1.39997
1.39997
1.39997
1.39997
1.39997
1.39997
1.39997
1.39997
1.39997
1.39997
1.39997
1.39997
1.39997
1.39997
1.39997
1.39997
1.39997
1.39997
1.39997
1.39997
1.39997
1.39997
1.39997
1.39997
1.39997
1.39997
1.39997
1.39997
1.39997
1.39997
1.39997
1.39997
1.39997
1.39997
1.39997
1.39997
1.39997
1.39997
1.39997
1.39997
1.39997
1.39997
1.39997
1.39997
1.39997
1.39997
1.39997
1.39997
1.39997
1.39997
1.39997
1.39997
1.39997
1.39997
1.39997
1.39997
1.39997
1.39997
1.39997
1.39997
1.39997
1.39997
1.39997
1.39997
1.39997
1.39997
1.39997
1.39997
1.39997
1.39997
1.39997
1.39997
1.39997
1.39997
1.39997
1.39997
1.39997
1.39997
1.39997
1.39997
1.39997
1.39997
1.39997
1.39997
1.39997
1.39997
1.39997
1.39997
1.39997
1.39997
1.39997
1.39997
1.39997
1.39997
1.39997
1.39997
1.39997
1.39997
1.39997
1.39997
1.39997
1.39997
1.39997
1.39997
1.39997
1.39997
1.39997
1.39997
1.39997
1.39997
1.39997
1.39997
1.39997
0.621217
0.580375
0.633267
0.691047
0.761743
0.834897
0.877795
0.923928
0.954153
0.984349
1.0199
1.04198
1.04839
1.75406
2.69148
2.91606
2.95967
2.93254
2.89494
2.83117
2.73872
2.64002
2.55849
2.49832
2.45396
2.41267
2.37389
2.32369
2.2603
2.19453
2.12424
2.05529
2.00002
1.95616
1.91779
1.87861
1.83508
1.77331
1.69484
1.59822
1.5249
0.796607
0.669755
0.707944
0.781581
0.838776
0.884408
0.932449
0.963445
1.00126
1.03297
1.04701
1.0521
1.74205
2.77437
2.97888
2.99746
2.96646
2.91034
2.84002
2.75931
2.67305
2.59501
2.52846
2.47011
2.41549
2.36821
2.31457
2.25337
2.19451
2.13525
2.07423
2.01586
1.96609
1.92226
1.87912
1.8287
1.76712
1.70235
1.60895
2.03001
1.08711
0.734341
0.780135
0.837788
0.894873
0.954485
0.993674
1.01319
1.04723
1.07964
1.09003
1.10044
1.83421
2.94417
3.14503
3.1339
3.10735
3.04099
2.94529
2.84501
2.75477
2.67427
2.60394
2.53967
2.47869
2.41539
2.34435
2.27416
2.20741
2.14947
2.09909
2.05073
1.99824
1.94276
1.88797
1.82927
1.7625
1.7078
1.62864
2.37769
1.45873
0.931468
0.891048
0.880592
0.917005
0.98517
1.04215
1.07894
1.10967
1.12138
1.12709
1.15146
1.85917
3.16398
3.34432
3.27024
3.23011
3.17128
3.07438
2.96889
2.86837
2.7764
2.69876
2.62809
2.56032
2.49003
2.41081
2.3324
2.26015
2.19779
2.14578
2.0964
2.04096
1.97623
1.90725
1.83779
1.77175
1.72629
1.65371
2.67134
1.76219
1.19202
1.0134
0.909567
0.932044
0.978161
1.03302
1.09053
1.15389
1.16791
1.15896
1.2297
1.85765
3.15298
3.50966
3.38361
3.31216
3.25639
3.16019
3.05526
2.96285
2.87838
2.79591
2.71615
2.64217
2.56218
2.47449
2.38582
2.30699
2.24521
2.19575
2.1468
2.08927
2.0165
1.93212
1.85273
1.79194
1.7536
1.68373
2.86642
2.00128
1.44585
1.16523
0.97056
0.96633
0.96606
1.00118
1.07187
1.14763
1.1647
1.17796
1.39402
1.93529
2.91414
3.51353
3.44563
3.34455
3.27188
3.18864
3.09443
3.00348
2.92154
2.84389
2.77056
2.70014
2.62357
2.53684
2.44105
2.35274
2.28689
2.23491
2.18368
2.12385
2.04917
1.96321
1.88233
1.82197
1.7832
1.71317
2.98512
2.17712
1.6552
1.30977
1.08401
1.02433
0.974836
0.978272
1.02969
1.11384
1.14811
1.1961
1.6344
2.06452
2.53981
3.36656
3.46099
3.36142
3.28158
3.20786
3.11528
3.02144
2.9396
2.86396
2.7964
2.73197
2.66213
2.58439
2.49319
2.39917
2.31776
2.25145
2.19328
2.13246
2.06276
1.9868
1.9134
1.85042
1.80751
1.73557
3.06803
2.32018
1.8259
1.46353
1.22658
1.0969
0.989117
0.990873
1.00497
1.05634
1.11925
1.24644
1.87793
2.17408
2.26298
2.99
3.402
3.36102
3.28843
3.2193
3.13094
3.03843
2.95596
2.87807
2.80791
2.74343
2.6796
2.61192
2.53008
2.43182
2.33381
2.25581
2.1928
2.1336
2.07032
2.007
1.94176
1.87575
1.82883
1.753
3.1526
2.44197
1.98695
1.6092
1.36275
1.18405
1.02483
1.02138
1.01179
1.02551
1.08737
1.34663
2.05533
2.26115
2.25193
2.56281
3.25331
3.35744
3.29126
3.21796
3.13322
3.05208
2.97121
2.89066
2.8132
2.74394
2.68488
2.61853
2.5404
2.44594
2.34093
2.24959
2.17391
2.11614
2.06988
2.02237
1.96876
1.90268
1.83975
1.75142
3.23659
2.57316
2.14089
1.74206
1.48784
1.28477
1.10429
1.06469
1.01911
1.01682
1.0528
1.4753
2.11428
2.27767
2.25845
2.31645
2.9396
3.29632
3.30202
3.21779
3.13162
3.05523
2.97762
2.89902
2.81973
2.74489
2.67176
2.6009
2.53121
2.44616
2.34751
2.2484
2.17017
2.1115
2.07162
2.03992
1.99028
1.91733
1.84167
1.74883
3.31082
2.70549
2.27081
1.86558
1.60583
1.37261
1.20374
1.11972
1.02994
1.02811
1.1067
1.63156
2.04251
2.24219
2.26447
2.2589
2.57078
3.1734
3.30722
3.21897
3.12963
3.05035
2.97438
2.90038
2.82354
2.74267
2.66132
2.58705
2.51487
2.44156
2.35732
2.26294
2.17942
2.12089
2.07645
2.03236
1.98483
1.91939
1.84223
1.74814
3.35389
2.80774
2.3712
1.97626
1.71623
1.45878
1.3101
1.19484
1.06791
1.0536
1.20647
1.79306
1.96398
2.12649
2.22951
2.24028
2.33496
2.90234
3.25993
3.23574
3.13588
3.04785
2.97041
2.89891
2.82467
2.74327
2.65877
2.57998
2.50616
2.43796
2.36689
2.28632
2.20449
2.13714
2.08112
2.02908
1.97536
1.91013
1.84262
1.75354
3.38461
2.88652
2.44943
2.07729
1.81209
1.54844
1.41133
1.26824
1.12696
1.09701
1.37168
1.95671
2.00515
2.02245
2.11333
2.18679
2.23054
2.56163
3.11981
3.25269
3.15161
3.0488
2.9649
2.8933
2.8225
2.74642
2.66515
2.58345
2.50854
2.44245
2.37938
2.31097
2.23312
2.15364
2.08342
2.02062
1.96243
1.89959
1.84266
1.76478
3.41893
2.95637
2.51871
2.17346
1.89513
1.64069
1.50444
1.34242
1.20711
1.1918
1.58968
2.06251
2.04593
2.01696
2.02261
2.08322
2.13416
2.28607
2.84264
3.20336
3.1704
3.05911
2.96348
2.88729
2.81896
2.74992
2.67696
2.59886
2.52264
2.45339
2.38914
2.32443
2.25174
2.16835
2.0855
2.01498
1.95307
1.893
1.84835
1.77864
3.46762
3.02454
2.58602
2.26632
1.97235
1.73721
1.59275
1.41372
1.28054
1.35119
1.8653
2.11744
2.09248
2.03495
1.98755
1.98929
2.0281
2.1022
2.46924
3.03989
3.18403
3.08626
2.9821
2.89465
2.82359
2.75826
2.69305
2.62111
2.54332
2.46613
2.39296
2.3248
2.25504
2.17618
2.09099
2.01401
1.94927
1.89403
1.85777
1.7916
3.53463
3.09728
2.66111
2.35808
2.04329
1.84027
1.67342
1.4845
1.35761
1.60553
2.16958
2.17034
2.13267
2.06721
1.9957
1.94776
1.94251
1.97584
2.13701
2.71074
3.12257
3.11342
3.01376
2.91461
2.83567
2.76864
2.7065
2.63887
2.5595
2.47447
2.394
2.32166
2.25142
2.17801
2.09886
2.02068
1.95468
1.90464
1.87001
1.80252
3.61293
3.17271
2.74832
2.44777
2.12195
1.94311
1.7403
1.55228
1.46777
1.92342
2.37722
2.29388
2.19472
2.10658
2.02073
1.95066
1.9092
1.90015
1.94234
2.27597
2.90278
3.10662
3.04565
2.95442
2.86075
2.78234
2.71369
2.64551
2.56645
2.47777
2.39205
2.31679
2.24885
2.18138
2.10921
2.0349
1.97062
1.92088
1.8828
1.81097
3.68762
3.24777
2.84662
2.53293
2.21328
2.03807
1.7988
1.62371
1.67535
2.26855
2.47739
2.39894
2.27538
2.15804
2.05483
1.97239
1.90966
1.87912
1.86016
1.94948
2.48662
3.01589
3.07793
2.99324
2.8903
2.79621
2.71618
2.64277
2.56485
2.47878
2.39167
2.31427
2.24757
2.186
2.12223
2.05446
1.99132
1.93671
1.89431
1.81819
3.74577
3.31208
2.94476
2.60651
2.31392
2.11691
1.86016
1.70416
1.9867
2.60785
2.56236
2.47517
2.35443
2.22711
2.11344
2.01204
1.93267
1.87333
1.84172
1.82599
2.03308
2.69218
3.03006
3.00225
2.91546
2.8151
2.71785
2.63543
2.55994
2.4779
2.39373
2.31718
2.25231
2.1953
2.1375
2.07397
2.00909
1.9486
1.90088
1.82182
3.78561
3.36719
3.02776
2.66326
2.41374
2.17758
1.92464
1.81709
2.35879
2.82688
2.69452
2.55557
2.42377
2.29169
2.17231
2.0683
1.97062
1.89489
1.83671
1.79633
1.81047
2.19699
2.82327
2.9832
2.92472
2.8374
2.73132
2.63246
2.54909
2.47323
2.3982
2.32605
2.26245
2.20637
2.1506
2.08874
2.02177
1.95519
1.90247
1.82191
3.81901
3.42018
3.08569
2.72102
2.50741
2.22393
1.98845
2.04796
2.7462
2.94761
2.82436
2.64932
2.49033
2.35576
2.23563
2.12695
2.02443
1.93192
1.85565
1.79073
1.75197
1.82579
2.39339
2.89403
2.91138
2.84484
2.74354
2.63457
2.54318
2.46671
2.39994
2.33714
2.27504
2.21684
2.1593
2.0974
2.03056
1.95944
1.9009
1.82011
3.8564
3.47482
3.12761
2.79207
2.58159
2.26991
2.05811
2.41345
3.10028
3.04607
2.91869
2.73874
2.56609
2.42479
2.30193
2.18683
2.07877
1.97987
1.88685
1.80805
1.74558
1.71167
1.91837
2.56159
2.86107
2.83628
2.74703
2.63753
2.53634
2.46815
2.41329
2.35615
2.293
2.22571
2.16313
2.10074
2.03533
1.96345
1.90201
1.82338
3.9108
3.53552
3.17022
2.87851
2.63104
2.32593
2.17624
2.86796
3.36192
3.19376
3.00955
2.81985
2.6435
2.49551
2.36544
2.24576
2.13507
2.03297
1.9339
1.84484
1.75875
1.69924
1.69227
2.08064
2.69596
2.80418
2.74485
2.63635
2.53213
2.45631
2.39327
2.3362
2.27826
2.21804
2.16003
2.09882
2.03317
1.96254
1.90382
1.83354
3.986
3.6065
3.22921
2.97443
2.65484
2.36882
2.46966
3.34419
3.51199
3.32521
3.09393
2.89446
2.72366
2.57175
2.43139
2.30198
2.18538
2.07876
1.97611
1.88
1.78903
1.69936
1.64875
1.72098
2.2717
2.71538
2.71155
2.63077
2.5272
2.44731
2.38201
2.32031
2.26463
2.21677
2.16249
2.0999
2.03518
1.96636
1.91386
1.84566
4.07866
3.69122
3.3225
3.05869
2.68146
2.43061
2.93843
3.74848
3.62319
3.40969
3.17591
2.97614
2.80502
2.64446
2.49204
2.35626
2.23642
2.12585
2.02122
1.91835
1.82017
1.72359
1.64533
1.61198
1.82363
2.42288
2.62908
2.60068
2.52084
2.43992
2.36842
2.30847
2.25699
2.20208
2.14502
2.09438
2.04518
1.98677
1.94128
1.86582
4.18222
3.79208
3.44338
3.11243
2.73745
2.58423
3.52627
4.03295
3.76671
3.49329
3.26074
3.06129
2.88163
2.7105
2.55036
2.4099
2.28502
2.16717
2.05527
1.9485
1.84988
1.75741
1.65762
1.59681
1.59335
1.9637
2.50854
2.57832
2.51341
2.4297
2.35424
2.2994
2.25036
2.1973
2.14406
2.09413
2.0399
1.98567
1.93811
1.85601
4.2513
3.92524
3.56217
3.14082
2.79916
3.02448
4.10904
4.16109
3.88251
3.58482
3.35152
3.14967
2.95644
2.77081
2.60427
2.45941
2.32896
2.20518
2.08743
1.97627
1.87145
1.77929
1.68585
1.59429
1.54669
1.62561
2.14255
2.51271
2.50292
2.42842
2.35367
2.29483
2.24061
2.1952
2.15551
2.10495
2.04495
1.98462
1.93031
1.84379
4.25283
4.03777
3.65038
3.1714
2.90338
3.70729
4.54769
4.25799
3.97053
3.6887
3.4512
3.23259
3.01967
2.82564
2.65735
2.50857
2.37036
2.23865
2.1155
2.00255
1.89523
1.79777
1.70683
1.61113
1.54244
1.51764
1.74537
2.26524
2.45733
2.42834
2.36286
2.29441
2.23589
2.19107
2.14229
2.08961
2.03101
1.97149
1.91516
1.82813
3.95665
3.93844
3.66189
3.23848
3.20643
4.45123
4.77627
4.37891
4.05602
3.78872
3.54185
3.30466
3.0803
2.88292
2.71203
2.55642
2.40913
2.26978
2.14031
2.02203
1.91292
1.81372
1.72769
1.64337
1.55163
1.5013
1.52184
1.89903
2.35994
2.42179
2.38012
2.29835
2.22947
2.1773
2.12646
2.07417
2.01503
1.95687
1.89778
1.81525
3.29983
3.86005
3.66061
3.33894
3.88921
5.02561
4.85718
4.47849
4.15587
3.88294
3.61894
3.36555
3.13904
2.94261
2.76695
2.60196
2.4445
2.29769
2.16414
2.04303
1.93301
1.8324
1.74337
1.66401
1.57846
1.49914
1.45593
1.56897
2.06072
2.35531
2.34517
2.29203
2.22478
2.16106
2.10371
2.05123
1.99384
1.93837
1.87772
1.80817
2.57599
3.74598
3.65017
3.46297
4.68885
5.29178
4.92644
4.58064
4.25915
3.96025
3.67537
3.41209
3.18741
2.99571
2.81846
2.64613
2.4814
2.32869
2.18812
2.05957
1.94484
1.84494
1.75924
1.68281
1.60454
1.51504
1.45191
1.43089
1.70603
2.20722
2.30869
2.28166
2.21859
2.14716
2.08227
2.02794
1.97404
1.91985
1.86153
1.80914
2.23488
3.7696
3.66799
3.93294
5.37318
5.43149
5.01342
4.67855
4.35125
4.02374
3.71709
3.45365
3.23447
3.04398
2.86392
2.68533
2.51349
2.35579
2.21179
2.08064
1.96408
1.86258
1.77367
1.69385
1.62174
1.54035
1.44945
1.39905
1.45344
1.86705
2.23499
2.25384
2.20859
2.13365
2.06429
2.00729
1.95799
1.90285
1.85454
1.85029
1.7947
3.62413
3.6415
4.6925
5.77976
5.50523
5.10451
4.76281
4.40955
4.06724
3.75831
3.49582
3.27316
3.07432
2.89006
2.71544
2.54747
2.38724
2.2362
2.09849
1.97825
1.8782
1.79271
1.71155
1.63313
1.55385
1.46345
1.3976
1.3707
1.53336
1.99908
2.18169
2.16724
2.11263
2.04904
1.99111
1.94237
1.88743
1.85292
1.98539
1.45159
3.09886
3.65009
5.56176
5.9727
5.58444
5.18951
4.83306
4.45799
4.10575
3.80032
3.53791
3.30511
3.09215
2.8991
2.72842
2.57006
2.41399
2.25916
2.11796
1.99586
1.89163
1.80555
1.7268
1.64608
1.56675
1.48372
1.39751
1.35382
1.36274
1.65277
2.08878
2.13994
2.10066
2.0385
1.98057
1.93103
1.88725
1.88699
2.23929
1.39867
2.39351
4.14881
6.31808
6.14661
5.66835
5.2681
4.88782
4.50194
4.1502
3.84935
3.58253
3.3333
3.10163
2.89669
2.72324
2.5725
2.42486
2.2747
2.13441
2.01671
1.91495
1.82306
1.73727
1.65389
1.57264
1.49646
1.41387
1.3496
1.31884
1.3965
1.81093
2.08701
2.08199
2.03897
1.98428
1.92553
1.91142
2.06079
2.55078
1.39946
2.04778
4.779
6.86797
6.2512
5.73433
5.32955
4.92095
4.53282
4.18965
3.88879
3.61599
3.35584
3.11124
2.89681
2.71496
2.55877
2.41818
2.28212
2.14804
2.03182
1.93408
1.84015
1.74851
1.66313
1.57773
1.50658
1.44026
1.35961
1.3054
1.29601
1.50164
1.91635
2.02774
2.00512
1.95989
1.93451
2.03019
2.45593
2.82108
1.39979
1.80275
5.21806
7.06494
6.29623
5.78104
5.35514
4.92854
4.54297
4.21431
3.91039
3.62344
3.35509
3.10923
2.89167
2.70268
2.54167
2.40336
2.28042
2.16429
2.04949
1.94438
1.85494
1.76715
1.67436
1.58247
1.50471
1.43847
1.36874
1.30039
1.2624
1.30679
1.62584
1.96484
1.9782
1.95578
2.01714
2.37337
2.81961
2.91735
1.39993
1.68664
5.19235
6.75904
6.11785
5.69599
5.28565
4.88708
4.51648
4.18999
3.89105
3.61064
3.35062
3.1104
2.8914
2.69813
2.52962
2.38821
2.2724
2.17095
2.06479
1.96543
1.86693
1.76415
1.66924
1.58468
1.50841
1.44274
1.37913
1.30711
1.25903
1.24058
1.35352
1.74995
1.88821
1.99102
2.3414
2.82823
3.02981
2.98045
1.39996
1.71195
4.83589
6.33535
5.91721
5.55279
5.17579
4.82929
4.48861
4.16837
3.87176
3.59617
3.34308
3.11849
2.9174
2.71697
2.53229
2.38283
2.26554
2.17159
2.10035
2.00638
1.89208
1.77376
1.67032
1.59751
1.52934
1.4623
1.40038
1.33659
1.27349
1.22144
1.23364
1.47376
1.8688
2.26987
2.73813
3.02272
3.08721
3.01059
1.39996
1.76695
4.67291
6.16717
5.86647
5.55161
5.19635
4.81946
4.48282
4.16278
3.86373
3.59317
3.35179
3.12525
2.90109
2.6953
2.51321
2.36343
2.25583
2.17654
2.08625
1.98505
1.8729
1.76587
1.67006
1.58626
1.50956
1.44006
1.37929
1.31838
1.25908
1.19288
1.17756
1.2759
1.86891
2.66708
3.15202
3.23192
3.1449
3.00853
)
;

boundaryField
{
    inlet
    {
        type            calculated;
        value           uniform 1.39997;
    }
    outlet
    {
        type            calculated;
        value           nonuniform List<scalar> 
40
(
1.59817
1.60901
1.62831
1.65307
1.68294
1.71239
1.73492
1.75271
1.75154
1.74894
1.74826
1.75349
1.76446
1.77813
1.79101
1.802
1.81066
1.81813
1.82188
1.822
1.82008
1.82307
1.83247
1.84457
1.86578
1.85638
1.84428
1.82859
1.81559
1.80838
1.80915
1.85069
1.98648
2.24107
2.55215
2.8216
2.91755
2.9805
3.01083
3.00864
)
;
    }
    top
    {
        type            symmetryPlane;
    }
    bottom
    {
        type            symmetryPlane;
    }
    step
    {
        type            calculated;
        value           nonuniform List<scalar> 
80
(
7.02107
5.92619
5.19694
5.21035
6.01748
6.69474
6.90782
6.44782
5.93602
5.44222
5.70116
5.74139
5.68133
6.58184
7.22844
7.29444
5.71491
5.18313
5.28925
5.64045
5.96663
6.67211
6.84461
6.91474
5.81517
5.38725
5.2862
5.61987
6.61837
6.66482
6.56237
5.69556
5.27991
5.09564
4.96313
6.00432
6.86882
6.72826
4.91159
4.26577
0.621217
0.580375
0.633267
0.691047
0.761743
0.834897
0.877795
0.923928
0.954153
0.984349
1.0199
1.04198
1.04839
1.75406
2.69148
2.91606
2.95967
2.93254
2.89494
2.83117
2.73872
2.64002
2.55849
2.49832
2.45396
2.41267
2.37389
2.32369
2.2603
2.19453
2.12424
2.05529
2.00002
1.95616
1.91779
1.87861
1.83508
1.77331
1.69484
1.59822
)
;
    }
    defaultFaces
    {
        type            empty;
    }
}


// ************************************************************************* //
