/*--------------------------------*- C++ -*----------------------------------*\
  =========                 |
  \\      /  F ield         | OpenFOAM: The Open Source CFD Toolbox
   \\    /   O peration     | Website:  https://openfoam.org
    \\  /    A nd           | Version:  6.0
     \\/     M anipulation  |
\*---------------------------------------------------------------------------*/
FoamFile
{
    version     2.0;
    format      ascii;
    class       volVectorField;
    location    "3.00033481";
    object      U;
}
// * * * * * * * * * * * * * * * * * * * * * * * * * * * * * * * * * * * * * //

dimensions      [0 1 -1 0 0 0 0];

internalField   nonuniform List<vector> 
4800
(
(3 2.53326e-16 0)
(3 3.0162e-16 0)
(3 5.71636e-17 0)
(3 -1.58664e-16 0)
(3 3.67904e-16 0)
(3 5.08532e-16 0)
(3 -1.02244e-17 0)
(3 -8.83142e-16 0)
(3 -4.7096e-16 0)
(3 -4.47774e-16 0)
(3 -2.43645e-16 0)
(3 -2.00391e-16 0)
(3 -4.91677e-17 0)
(3 -2.89977e-16 0)
(3 -8.02112e-17 0)
(3 -5.34804e-17 0)
(3 -2.13276e-16 0)
(3 1.13822e-16 0)
(3 -1.34744e-16 0)
(3 -7.53659e-18 0)
(2.37708 0.00160911 0)
(0.86875 -0.00299801 0)
(0.702558 -1.05209e-06 0)
(0.657202 0.0205069 0)
(0.622825 0.0316986 0)
(0.603735 0.0188664 0)
(0.579904 -0.0239651 0)
(0.539767 -0.0449864 0)
(0.48199 -0.0425019 0)
(0.40255 0.0275323 0)
(0.339736 0.0879605 0)
(0.321168 0.104813 0)
(0.324425 0.0609262 0)
(0.323099 -0.0645852 0)
(0.28445 -0.134999 0)
(0.175229 -0.11813 0)
(0.0808376 0.010655 0)
(0.0319533 0.0758528 0)
(0.0515439 0.0601669 0)
(0.0349567 -0.0101018 0)
(3 1.94553e-16 0)
(3 1.02811e-15 0)
(3 3.4101e-16 0)
(3 -6.73848e-17 0)
(3 2.87258e-16 0)
(3 4.58694e-16 0)
(3 -7.13262e-16 0)
(3 -2.0343e-15 0)
(3 -1.59566e-15 0)
(3 -1.47149e-15 0)
(3 -4.19486e-16 0)
(3 -2.17094e-16 0)
(3 6.93072e-17 0)
(3 8.32522e-17 0)
(3 9.60715e-17 0)
(3 -4.53249e-16 0)
(3 -6.18219e-16 0)
(3 -9.58473e-17 0)
(3 1.48417e-16 0)
(3 4.2769e-16 0)
(2.38557 0.0113671 0)
(0.859177 0.00710812 0)
(0.702196 -0.0202254 0)
(0.67585 0.0138366 0)
(0.633565 0.0644702 0)
(0.598297 0.0724325 0)
(0.558591 0.0318637 0)
(0.511737 -0.05019 0)
(0.470294 -0.0967196 0)
(0.441962 -0.0674448 0)
(0.408218 0.0823372 0)
(0.357189 0.235308 0)
(0.317011 0.238513 0)
(0.258938 0.121401 0)
(0.21232 -0.10962 0)
(0.179875 -0.218132 0)
(0.145695 -0.10391 0)
(0.110716 0.159113 0)
(0.072216 0.252854 0)
(0.0302192 0.231445 0)
(3 2.08669e-16 0)
(3 5.41939e-16 0)
(3 7.26674e-16 0)
(3 7.62353e-16 0)
(3 1.8841e-16 0)
(3 2.48456e-16 0)
(3 -5.08084e-16 0)
(3 -8.96235e-16 0)
(3 -7.80539e-16 0)
(3 -1.38526e-15 0)
(3 -8.25248e-16 0)
(3 2.67826e-16 0)
(3 8.74142e-16 0)
(3 4.09199e-16 0)
(3 -7.32892e-17 0)
(3 -5.14004e-16 0)
(3 -7.30788e-16 0)
(3 -7.01251e-16 0)
(3 3.06909e-16 0)
(3 5.76789e-16 0)
(2.39788 0.0171594 0)
(0.844849 0.0201252 0)
(0.708979 0.0176171 0)
(0.681624 0.0374499 0)
(0.64128 0.0492165 0)
(0.589096 0.0462126 0)
(0.533196 0.0253958 0)
(0.487563 -0.0021669 0)
(0.468024 -0.00143183 0)
(0.468923 0.0325876 0)
(0.442776 0.0744716 0)
(0.392919 0.108255 0)
(0.29474 0.096953 0)
(0.197367 0.0357988 0)
(0.151248 -0.0330656 0)
(0.182446 -0.036286 0)
(0.193326 0.0256693 0)
(0.167606 0.106125 0)
(0.0710669 0.110051 0)
(0.0168353 0.0449007 0)
(3 2.20559e-17 0)
(3 -7.85066e-17 0)
(3 3.5884e-16 0)
(3 6.16938e-16 0)
(3 -4.20285e-18 0)
(3 -1.02844e-16 0)
(3 3.41197e-17 0)
(3 6.1343e-16 0)
(3 3.80415e-16 0)
(3 -2.61514e-16 0)
(3 -2.32025e-16 0)
(3 -7.41133e-17 0)
(3 3.01898e-16 0)
(3 -1.98749e-16 0)
(3 -7.44886e-16 0)
(3 -3.59323e-16 0)
(3 -8.60358e-16 0)
(3 -7.36314e-16 0)
(3 3.80703e-16 0)
(3 9.94335e-16 0)
(2.40353 0.027145 0)
(0.846782 0.0385024 0)
(0.706706 0.0612403 0)
(0.680849 0.0420712 0)
(0.640526 0.0203292 0)
(0.592124 0.021888 0)
(0.535889 0.0409507 0)
(0.496248 0.0845238 0)
(0.481433 0.109901 0)
(0.468851 0.0920861 0)
(0.441953 0.0105012 0)
(0.378284 -0.0950553 0)
(0.302869 -0.0947526 0)
(0.211248 0.0131414 0)
(0.173963 0.152735 0)
(0.197827 0.197449 0)
(0.188531 0.131933 0)
(0.146417 -0.00424936 0)
(0.0507569 -0.0755233 0)
(0.0142471 -0.0726972 0)
(3 -3.09528e-16 0)
(3 -6.1659e-16 0)
(3 -3.03707e-16 0)
(3 -4.24649e-17 0)
(3 -1.61178e-16 0)
(3 -1.07545e-16 0)
(3 5.90403e-16 0)
(3 -1.30562e-16 0)
(3 -3.86741e-17 0)
(3 -2.30643e-16 0)
(3 -7.9855e-16 0)
(3 -2.67451e-16 0)
(3 -9.4647e-17 0)
(3 1.69527e-16 0)
(3 1.73625e-16 0)
(3 -3.51026e-16 0)
(3 -4.19934e-16 0)
(3 -5.26467e-16 0)
(3 -5.89551e-17 0)
(3 -3.17679e-16 0)
(2.41275 0.036443 0)
(0.864119 0.0557978 0)
(0.705519 0.0858218 0)
(0.671552 0.0588593 0)
(0.62937 0.0180617 0)
(0.589695 -0.00891201 0)
(0.559387 0.0177702 0)
(0.527589 0.10267 0)
(0.484497 0.176889 0)
(0.440607 0.144215 0)
(0.383611 -0.000411709 0)
(0.343155 -0.141789 0)
(0.313569 -0.181536 0)
(0.287883 -0.0553117 0)
(0.250371 0.211321 0)
(0.186208 0.36744 0)
(0.12634 0.239621 0)
(0.0664025 -0.0355397 0)
(0.0321749 -0.202666 0)
(0.0270597 -0.210645 0)
(3 1.54814e-16 0)
(3 -7.74064e-16 0)
(3 9.58251e-17 0)
(3 -3.16897e-16 0)
(3 8.96637e-17 0)
(3 7.0912e-16 0)
(3 6.55625e-16 0)
(3 5.74279e-17 0)
(3 -1.46405e-16 0)
(3 -5.12141e-16 0)
(3 -7.06787e-16 0)
(3 -2.36248e-16 0)
(3 -6.5743e-17 0)
(3 4.80921e-16 0)
(3 4.61379e-16 0)
(3 3.07095e-16 0)
(3 4.15769e-16 0)
(3 -1.90355e-16 0)
(3 -7.65275e-16 0)
(3 -8.60593e-16 0)
(2.42791 0.0471545 0)
(0.877077 0.0684596 0)
(0.704576 0.0806029 0)
(0.658999 0.0549596 0)
(0.614511 0.0334314 0)
(0.589172 0.0252373 0)
(0.577778 0.0651087 0)
(0.544347 0.0915983 0)
(0.497841 0.0957842 0)
(0.409647 0.0461949 0)
(0.343985 0.00963759 0)
(0.307092 -0.00807093 0)
(0.322655 0.018468 0)
(0.331761 0.0962318 0)
(0.303289 0.150528 0)
(0.194717 0.149986 0)
(0.071134 0.0629542 0)
(0.0016884 0.00378877 0)
(0.0141971 0.00959939 0)
(0.0337178 0.0309606 0)
(3 -1.26563e-16 0)
(3 1.27337e-16 0)
(3 5.58817e-16 0)
(3 6.28777e-16 0)
(3 6.59009e-16 0)
(3 6.854e-16 0)
(3 1.09955e-16 0)
(3 4.65528e-16 0)
(3 -9.85492e-17 0)
(3 2.57208e-16 0)
(3 1.54869e-16 0)
(3 -9.5316e-17 0)
(3 2.14308e-16 0)
(3 7.46264e-16 0)
(3 4.28992e-16 0)
(3 -5.66656e-17 0)
(3 5.75981e-16 0)
(3 2.46771e-16 0)
(3 -1.13221e-15 0)
(3 -2.37104e-16 0)
(2.45611 0.0579042 0)
(0.883422 0.0788761 0)
(0.701128 0.0575267 0)
(0.656314 0.0609793 0)
(0.617465 0.0743757 0)
(0.598358 0.09815 0)
(0.577157 0.0842635 0)
(0.545534 0.052301 0)
(0.486086 -0.00883506 0)
(0.415807 0.0117126 0)
(0.355114 0.076922 0)
(0.330436 0.172857 0)
(0.344158 0.215117 0)
(0.334004 0.172232 0)
(0.287449 0.0136377 0)
(0.175165 -0.137145 0)
(0.0891209 -0.0515207 0)
(0.0153845 0.101882 0)
(0.0191527 0.204452 0)
(0.0384267 0.226988 0)
(3 -4.28271e-16 0)
(3 4.38674e-16 0)
(3 3.52409e-16 0)
(3 3.88551e-16 0)
(3 6.09286e-16 0)
(3 -4.34025e-16 0)
(3 1.21501e-16 0)
(3 5.17281e-16 0)
(3 1.55976e-16 0)
(3 2.8201e-16 0)
(3 7.14206e-16 0)
(3 -3.37401e-16 0)
(3 4.31495e-16 0)
(3 7.37897e-16 0)
(3 6.4163e-16 0)
(3 1.10529e-16 0)
(3 -3.37536e-16 0)
(3 -4.64954e-16 0)
(3 -3.84557e-16 0)
(3 -2.86724e-16 0)
(2.4981 0.067013 0)
(0.880864 0.0848515 0)
(0.698201 0.0464579 0)
(0.671657 0.0588339 0)
(0.636733 0.114237 0)
(0.605453 0.150412 0)
(0.566509 0.141232 0)
(0.514228 0.0559734 0)
(0.468927 -0.0206321 0)
(0.441085 -0.0393763 0)
(0.421044 0.0772057 0)
(0.389276 0.2596 0)
(0.335357 0.359042 0)
(0.273767 0.229902 0)
(0.197938 -0.0502468 0)
(0.177784 -0.185388 0)
(0.136464 -0.127526 0)
(0.11468 0.109635 0)
(0.0896621 0.332623 0)
(0.0355458 0.418118 0)
(3 1.05637e-16 0)
(3 -2.12786e-16 0)
(3 -2.43524e-16 0)
(3 6.83896e-18 0)
(3 -3.1682e-16 0)
(3 -3.0388e-16 0)
(3 2.74718e-16 0)
(3 8.70556e-16 0)
(3 6.12629e-16 0)
(3 2.2778e-16 0)
(3 5.18304e-16 0)
(3 -9.43522e-18 0)
(3 -2.55217e-17 0)
(3 -1.98831e-16 0)
(3 -1.39341e-16 0)
(3 -3.41758e-16 0)
(3 -1.22247e-15 0)
(3 -2.31998e-16 0)
(3 1.18968e-15 0)
(3 4.2963e-16 0)
(2.53653 0.063961 0)
(0.876009 0.0809384 0)
(0.702263 0.0741542 0)
(0.68381 0.107177 0)
(0.651396 0.122523 0)
(0.610613 0.136634 0)
(0.552815 0.106346 0)
(0.491433 0.0690375 0)
(0.453526 0.059836 0)
(0.456472 0.0949475 0)
(0.453795 0.159766 0)
(0.429339 0.189916 0)
(0.344945 0.171165 0)
(0.20267 0.0488848 0)
(0.137753 0.00961337 0)
(0.138397 -0.00637863 0)
(0.173532 0.0288309 0)
(0.173285 0.146428 0)
(0.13442 0.243724 0)
(0.0420902 0.191521 0)
(3 -1.44823e-16 0)
(3 -4.07138e-16 0)
(3 -3.32661e-16 0)
(3 3.11491e-16 0)
(3 -2.54386e-16 0)
(3 2.59126e-16 0)
(3 2.34867e-16 0)
(3 -7.26301e-17 0)
(3 -1.88769e-16 0)
(3 6.46757e-16 0)
(3 5.49521e-17 0)
(3 2.39293e-16 0)
(3 -1.16937e-15 0)
(3 -6.70089e-16 0)
(3 -5.57136e-16 0)
(3 -1.49725e-16 0)
(3 3.66128e-16 0)
(3 9.58472e-16 0)
(3 1.65651e-15 0)
(3 1.39973e-15 0)
(2.57113 0.0630955 0)
(0.878902 0.0885496 0)
(0.710204 0.125059 0)
(0.686001 0.12699 0)
(0.652593 0.115101 0)
(0.612975 0.0918967 0)
(0.554208 0.0790751 0)
(0.493065 0.110371 0)
(0.470804 0.161837 0)
(0.4685 0.206496 0)
(0.457164 0.17441 0)
(0.4137 0.072757 0)
(0.30565 -0.0724755 0)
(0.217997 -0.0196677 0)
(0.158253 0.124177 0)
(0.169452 0.251897 0)
(0.185912 0.270553 0)
(0.169193 0.170253 0)
(0.0900487 0.0172871 0)
(0.0123922 -0.0886432 0)
(3 1.15961e-16 0)
(3 3.14749e-16 0)
(3 -1.90626e-17 0)
(3 2.80315e-16 0)
(3 5.36711e-16 0)
(3 1.74443e-16 0)
(3 1.24722e-16 0)
(3 -2.74428e-16 0)
(3 -2.4633e-16 0)
(3 3.50331e-16 0)
(3 1.67672e-16 0)
(3 -5.27212e-16 0)
(3 -8.52083e-16 0)
(3 2.44121e-17 0)
(3 2.06685e-16 0)
(3 3.98845e-16 0)
(3 1.35241e-15 0)
(3 2.00026e-15 0)
(3 1.34581e-15 0)
(3 4.67727e-16 0)
(2.5991 0.0693543 0)
(0.898955 0.111617 0)
(0.720089 0.15248 0)
(0.687888 0.147788 0)
(0.645306 0.127961 0)
(0.599456 0.0607325 0)
(0.555072 0.0430597 0)
(0.533747 0.0987026 0)
(0.509784 0.20875 0)
(0.468207 0.254929 0)
(0.416773 0.20194 0)
(0.343535 0.000823005 0)
(0.306892 -0.10474 0)
(0.288902 -0.0515663 0)
(0.263549 0.191126 0)
(0.217937 0.412957 0)
(0.149308 0.439503 0)
(0.0907978 0.251872 0)
(0.0191315 -0.0887292 0)
(0.0213684 -0.204902 0)
(3 3.42056e-16 0)
(3 1.5664e-16 0)
(3 -4.74598e-18 0)
(3 -6.37383e-16 0)
(3 5.12762e-16 0)
(3 3.33081e-16 0)
(3 -3.19494e-16 0)
(3 -5.22751e-16 0)
(3 1.16165e-17 0)
(3 6.09121e-16 0)
(3 5.1255e-16 0)
(3 6.46186e-17 0)
(3 2.36256e-16 0)
(3 4.04086e-17 0)
(3 5.34811e-16 0)
(3 8.56827e-16 0)
(3 2.20838e-15 0)
(3 2.0644e-15 0)
(3 9.78349e-16 0)
(3 -8.50641e-16 0)
(2.6295 0.0830398 0)
(0.919709 0.140406 0)
(0.724769 0.159207 0)
(0.689519 0.14987 0)
(0.635407 0.10708 0)
(0.584875 0.0793969 0)
(0.566049 0.0831203 0)
(0.562114 0.149243 0)
(0.53351 0.183294 0)
(0.483262 0.184286 0)
(0.37069 0.0731235 0)
(0.300912 0.0386941 0)
(0.283014 0.0422313 0)
(0.321645 0.14752 0)
(0.324067 0.258302 0)
(0.265108 0.320126 0)
(0.147392 0.315806 0)
(0.00499024 0.124381 0)
(-0.026542 0.0333554 0)
(0.0277262 -0.00140757 0)
(3 -1.10702e-16 0)
(3 -1.92815e-16 0)
(3 -2.61789e-17 0)
(3 4.26977e-16 0)
(3 7.20274e-16 0)
(3 5.89265e-16 0)
(3 -5.14605e-16 0)
(3 -4.00792e-16 0)
(3 -2.37904e-16 0)
(3 -4.76975e-16 0)
(3 3.6678e-16 0)
(3 3.23253e-16 0)
(3 4.32872e-16 0)
(3 5.95992e-16 0)
(3 5.67349e-16 0)
(3 9.10382e-16 0)
(3 1.51412e-15 0)
(3 1.27928e-15 0)
(3 8.1256e-16 0)
(3 4.85737e-16 0)
(2.67327 0.0910973 0)
(0.934695 0.162448 0)
(0.726577 0.150757 0)
(0.683712 0.117785 0)
(0.6303 0.109157 0)
(0.595374 0.127585 0)
(0.584938 0.182609 0)
(0.560333 0.176423 0)
(0.533165 0.138283 0)
(0.447582 0.0485305 0)
(0.3672 0.0609401 0)
(0.319441 0.12829 0)
(0.32372 0.246758 0)
(0.342351 0.291336 0)
(0.328865 0.244871 0)
(0.2505 0.129146 0)
(0.0941256 -0.0291688 0)
(0.0151662 0.0888015 0)
(-0.0528013 0.195513 0)
(0.0240404 0.233894 0)
(3 -1.8787e-16 0)
(3 2.09987e-17 0)
(3 6.70463e-16 0)
(3 8.11408e-16 0)
(3 -3.1618e-16 0)
(3 -5.0665e-16 0)
(3 -1.95365e-16 0)
(3 -2.53823e-17 0)
(3 2.91089e-18 0)
(3 -6.5516e-16 0)
(3 -1.69984e-16 0)
(3 8.19419e-16 0)
(3 1.16106e-15 0)
(3 9.82305e-16 0)
(3 6.31464e-16 0)
(3 -1.00233e-16 0)
(3 -4.78081e-16 0)
(3 -3.01752e-16 0)
(3 1.02468e-15 0)
(3 1.07345e-15 0)
(2.71086 0.0913276 0)
(0.949604 0.163463 0)
(0.715798 0.142882 0)
(0.679254 0.102191 0)
(0.645921 0.10568 0)
(0.627335 0.18722 0)
(0.593251 0.236944 0)
(0.558379 0.236621 0)
(0.49294 0.133067 0)
(0.439548 0.0157954 0)
(0.409456 0.0142576 0)
(0.392553 0.173686 0)
(0.370812 0.359839 0)
(0.333294 0.409897 0)
(0.255936 0.297079 0)
(0.158837 -0.041073 0)
(0.135476 -0.128533 0)
(0.0781916 -0.00167174 0)
(0.0262709 0.227803 0)
(0.0363493 0.349938 0)
(3 9.68402e-17 0)
(3 5.16731e-16 0)
(3 3.31984e-16 0)
(3 4.5995e-18 0)
(3 -4.78978e-16 0)
(3 -9.40431e-16 0)
(3 -4.97427e-16 0)
(3 -1.54149e-16 0)
(3 -4.65318e-16 0)
(3 2.34481e-16 0)
(3 -4.73891e-18 0)
(3 9.23529e-16 0)
(3 7.09414e-16 0)
(3 3.69187e-16 0)
(3 1.9112e-16 0)
(3 4.00696e-16 0)
(3 -3.14441e-16 0)
(3 -7.91875e-16 0)
(3 -1.12909e-15 0)
(3 -2.50453e-16 0)
(2.75237 0.0820967 0)
(0.957627 0.156813 0)
(0.703104 0.131703 0)
(0.678033 0.122944 0)
(0.666096 0.172447 0)
(0.642422 0.199212 0)
(0.607612 0.212926 0)
(0.552698 0.183147 0)
(0.467975 0.122383 0)
(0.418268 0.112361 0)
(0.431988 0.189946 0)
(0.434444 0.284294 0)
(0.404455 0.302793 0)
(0.338517 0.26915 0)
(0.17133 0.0489535 0)
(0.100674 0.0207285 0)
(0.111482 -0.00905548 0)
(0.137324 0.0746383 0)
(0.1062 0.307955 0)
(0.0518091 0.420775 0)
(3 -1.03823e-16 0)
(3 1.18869e-17 0)
(3 -2.66606e-16 0)
(3 8.38941e-17 0)
(3 5.06997e-16 0)
(3 7.6445e-17 0)
(3 1.44515e-16 0)
(3 8.05253e-17 0)
(3 -1.67248e-16 0)
(3 3.40971e-16 0)
(3 2.54791e-16 0)
(3 5.02297e-16 0)
(3 4.25611e-16 0)
(3 2.33238e-16 0)
(3 -8.81602e-17 0)
(3 8.72e-17 0)
(3 -6.04406e-17 0)
(3 -2.85311e-16 0)
(3 -8.5245e-16 0)
(3 -1.55777e-15 0)
(2.79578 0.0791595 0)
(0.963199 0.157192 0)
(0.70756 0.134985 0)
(0.699996 0.176159 0)
(0.676513 0.206958 0)
(0.647337 0.194608 0)
(0.609824 0.168359 0)
(0.538081 0.117086 0)
(0.470211 0.136232 0)
(0.454806 0.242529 0)
(0.461418 0.305375 0)
(0.441055 0.303854 0)
(0.392269 0.227315 0)
(0.259874 0.0029104 0)
(0.181706 -0.0294815 0)
(0.138209 0.0945755 0)
(0.149669 0.269631 0)
(0.175558 0.342243 0)
(0.15092 0.340404 0)
(0.064506 0.36515 0)
(3 -1.54695e-16 0)
(3 -7.96736e-16 0)
(3 -4.84256e-16 0)
(3 6.38377e-16 0)
(3 9.29868e-16 0)
(3 5.56848e-16 0)
(3 9.31075e-16 0)
(3 1.10492e-15 0)
(3 6.92033e-16 0)
(3 -7.11582e-16 0)
(3 6.16532e-17 0)
(3 5.23324e-16 0)
(3 -3.67194e-16 0)
(3 -7.36507e-16 0)
(3 -9.15808e-16 0)
(3 -1.08806e-15 0)
(3 2.69597e-17 0)
(3 8.30649e-16 0)
(3 3.93898e-16 0)
(3 -7.40002e-16 0)
(2.85739 0.0825953 0)
(0.975065 0.169897 0)
(0.733612 0.168441 0)
(0.720191 0.209296 0)
(0.685294 0.222047 0)
(0.643678 0.21296 0)
(0.590717 0.148719 0)
(0.531592 0.117831 0)
(0.513579 0.172241 0)
(0.503747 0.28055 0)
(0.463927 0.351691 0)
(0.413606 0.337421 0)
(0.302105 0.0994761 0)
(0.247994 -0.0288414 0)
(0.22269 0.00418129 0)
(0.233614 0.235297 0)
(0.211221 0.470644 0)
(0.155558 0.507132 0)
(0.098962 0.408095 0)
(0.0310217 0.112666 0)
(3 1.95147e-16 0)
(3 -2.17534e-17 0)
(3 -1.95441e-16 0)
(3 2.77522e-16 0)
(3 6.75881e-16 0)
(3 8.18458e-16 0)
(3 8.49135e-16 0)
(3 5.32601e-16 0)
(3 1.06372e-15 0)
(3 6.37697e-16 0)
(3 -1.23274e-16 0)
(3 1.48691e-16 0)
(3 -9.69717e-17 0)
(3 -8.68874e-16 0)
(3 -1.30602e-15 0)
(3 2.68346e-16 0)
(3 5.44988e-16 0)
(3 8.06483e-16 0)
(3 2.18759e-16 0)
(3 -5.03627e-16 0)
(2.91475 0.0820399 0)
(1.01386 0.203157 0)
(0.762181 0.205935 0)
(0.739683 0.212459 0)
(0.698674 0.219243 0)
(0.645623 0.199749 0)
(0.576387 0.147595 0)
(0.543286 0.149525 0)
(0.544876 0.20761 0)
(0.525801 0.253535 0)
(0.493482 0.273207 0)
(0.361156 0.123852 0)
(0.269235 0.0985251 0)
(0.222589 0.10362 0)
(0.266943 0.273534 0)
(0.28431 0.409825 0)
(0.257115 0.447612 0)
(0.162927 0.441612 0)
(0.00362221 0.141393 0)
(0.0147255 0.0631641 0)
(3 1.82168e-16 0)
(3 5.80282e-16 0)
(3 1.89591e-16 0)
(3 -3.91249e-16 0)
(3 -5.73444e-17 0)
(3 1.07285e-15 0)
(3 4.06305e-16 0)
(3 1.43469e-16 0)
(3 4.153e-16 0)
(3 1.15229e-15 0)
(3 2.52635e-16 0)
(3 -4.04661e-16 0)
(3 -3.04324e-16 0)
(3 -1.05015e-15 0)
(3 -1.17606e-15 0)
(3 2.47146e-16 0)
(3 8.4611e-16 0)
(3 7.97462e-16 0)
(3 -2.15936e-16 0)
(3 -2.37668e-16 0)
(2.96726 0.0497945 0)
(1.04999 0.229198 0)
(0.772265 0.225336 0)
(0.750077 0.211052 0)
(0.707897 0.197111 0)
(0.638354 0.160059 0)
(0.58146 0.172608 0)
(0.561081 0.20614 0)
(0.563253 0.258386 0)
(0.527238 0.251503 0)
(0.443416 0.113348 0)
(0.355968 0.0495377 0)
(0.305525 0.101833 0)
(0.29763 0.314281 0)
(0.321271 0.46041 0)
(0.288343 0.48931 0)
(0.235588 0.390565 0)
(0.0728187 0.075983 0)
(-0.00331127 0.0663126 0)
(0.015015 0.110358 0)
(3 -8.7781e-17 0)
(3 6.30271e-16 0)
(3 8.38515e-16 0)
(3 -6.3785e-17 0)
(3 -7.40991e-16 0)
(3 -8.91647e-16 0)
(3 -2.9631e-16 0)
(3 7.08095e-16 0)
(3 3.89535e-16 0)
(3 -1.0382e-15 0)
(3 -8.65834e-17 0)
(3 7.00387e-17 0)
(3 -6.05643e-16 0)
(3 -3.35841e-16 0)
(3 -3.05342e-16 0)
(3 -1.80869e-16 0)
(3 3.39096e-16 0)
(3 -3.29714e-16 0)
(3 -1.87033e-16 0)
(3 -2.43443e-17 0)
(2.97386 0.0185892 0)
(1.07594 0.224921 0)
(0.777372 0.225328 0)
(0.752455 0.223098 0)
(0.697955 0.176765 0)
(0.646191 0.136902 0)
(0.615183 0.180527 0)
(0.596922 0.295891 0)
(0.56731 0.314602 0)
(0.499649 0.225931 0)
(0.413865 0.0822714 0)
(0.36352 0.0577317 0)
(0.372021 0.201095 0)
(0.379524 0.438469 0)
(0.323239 0.521266 0)
(0.273816 0.472877 0)
(0.111258 0.0850902 0)
(0.0719836 -0.00864808 0)
(0.00836115 0.0460794 0)
(0.0414906 0.0878047 0)
(3 -4.01163e-19 0)
(3 2.00927e-16 0)
(3 -4.87835e-16 0)
(3 -9.2402e-16 0)
(3 -1.51767e-15 0)
(3 -1.37338e-15 0)
(3 -7.0534e-16 0)
(3 1.05198e-15 0)
(3 5.85541e-17 0)
(3 -5.01783e-16 0)
(3 -3.44672e-16 0)
(3 5.64872e-17 0)
(3 -4.2825e-16 0)
(3 -2.96544e-16 0)
(3 7.1469e-16 0)
(3 5.58258e-16 0)
(3 -7.81592e-16 0)
(3 -1.14552e-15 0)
(3 -5.49234e-16 0)
(3 -6.29339e-17 0)
(2.98019 0.0126975 0)
(1.0914 0.209469 0)
(0.77741 0.204188 0)
(0.747885 0.187581 0)
(0.68995 0.185479 0)
(0.653079 0.210006 0)
(0.650111 0.286004 0)
(0.61482 0.305247 0)
(0.56324 0.284781 0)
(0.468828 0.205661 0)
(0.395353 0.163173 0)
(0.395054 0.247839 0)
(0.423959 0.384588 0)
(0.407835 0.408128 0)
(0.348419 0.40585 0)
(0.152914 0.130096 0)
(0.0746776 0.0602242 0)
(0.0687426 0.0660003 0)
(0.0265054 0.12403 0)
(0.0395161 0.210733 0)
(3 -5.19324e-17 0)
(3 -3.99926e-16 0)
(3 -8.93263e-17 0)
(3 -1.03362e-15 0)
(3 -1.04789e-15 0)
(3 -1.0405e-15 0)
(3 -5.71222e-16 0)
(3 2.92626e-17 0)
(3 2.00411e-17 0)
(3 4.16993e-16 0)
(3 2.31553e-16 0)
(3 2.05768e-16 0)
(3 -2.80229e-18 0)
(3 1.28466e-16 0)
(3 4.66355e-16 0)
(3 -1.74879e-16 0)
(3 -1.57682e-15 0)
(3 -1.60669e-15 0)
(3 -1.05674e-15 0)
(3 -5.16557e-16 0)
(2.9934 0.0153938 0)
(1.10617 0.199954 0)
(0.7691 0.185865 0)
(0.74174 0.184597 0)
(0.700851 0.210302 0)
(0.681385 0.30469 0)
(0.654279 0.320479 0)
(0.618752 0.297475 0)
(0.554703 0.245243 0)
(0.465821 0.21737 0)
(0.431167 0.303514 0)
(0.448336 0.424885 0)
(0.430241 0.456966 0)
(0.398293 0.426706 0)
(0.25141 0.13753 0)
(0.135854 0.0346292 0)
(0.100198 0.0680077 0)
(0.0967365 0.161733 0)
(0.0944924 0.344362 0)
(0.0572852 0.471575 0)
(3 -4.07099e-16 0)
(3 -4.14161e-16 0)
(3 7.18993e-17 0)
(3 1.20432e-16 0)
(3 -7.4928e-17 0)
(3 -4.88303e-16 0)
(3 -6.1706e-16 0)
(3 -1.20276e-15 0)
(3 9.93648e-17 0)
(3 1.81803e-16 0)
(3 3.943e-16 0)
(3 7.18478e-17 0)
(3 6.30422e-16 0)
(3 6.28979e-16 0)
(3 -3.5662e-17 0)
(3 -6.44124e-16 0)
(3 -1.06137e-15 0)
(3 -8.54967e-16 0)
(3 -9.97885e-16 0)
(3 -8.01604e-16 0)
(3.00639 0.00642629 0)
(1.1298 0.202522 0)
(0.756229 0.190457 0)
(0.744968 0.198574 0)
(0.727194 0.274864 0)
(0.696754 0.311983 0)
(0.660821 0.334835 0)
(0.608609 0.344445 0)
(0.533397 0.258554 0)
(0.485477 0.263635 0)
(0.49391 0.364111 0)
(0.462746 0.435676 0)
(0.440607 0.439882 0)
(0.328855 0.218052 0)
(0.207392 0.0658182 0)
(0.133338 0.131639 0)
(0.153031 0.317179 0)
(0.182366 0.564547 0)
(0.119323 0.622669 0)
(0.0573389 0.594062 0)
(3 -1.0751e-16 0)
(3 -4.52183e-16 0)
(3 -6.50153e-16 0)
(3 5.92732e-16 0)
(3 7.27157e-16 0)
(3 -2.91598e-16 0)
(3 -8.30662e-17 0)
(3 -3.91105e-16 0)
(3 -5.20872e-16 0)
(3 9.96389e-16 0)
(3 1.10251e-15 0)
(3 7.1454e-16 0)
(3 3.39531e-16 0)
(3 8.62333e-16 0)
(3 2.8539e-16 0)
(3 -2.36041e-16 0)
(3 -1.11771e-15 0)
(3 -1.19663e-15 0)
(3 -9.29543e-16 0)
(3 -1.47895e-15 0)
(3.00214 0.00128626 0)
(1.15593 0.222238 0)
(0.756185 0.206753 0)
(0.751053 0.260448 0)
(0.730681 0.283999 0)
(0.708148 0.293151 0)
(0.67523 0.306849 0)
(0.6014 0.246892 0)
(0.523474 0.240128 0)
(0.522378 0.276255 0)
(0.520103 0.358799 0)
(0.486818 0.380773 0)
(0.412898 0.279147 0)
(0.261018 0.128454 0)
(0.21546 0.122687 0)
(0.195409 0.252418 0)
(0.270554 0.574709 0)
(0.208279 0.629874 0)
(0.122312 0.629657 0)
(0.0602688 0.562301 0)
(3 4.50756e-16 0)
(3 1.92094e-16 0)
(3 -2.09113e-16 0)
(3 -2.71456e-16 0)
(3 -2.17415e-16 0)
(3 -4.65851e-17 0)
(3 -2.99232e-17 0)
(3 -7.07357e-18 0)
(3 -1.24042e-16 0)
(3 1.92401e-15 0)
(3 2.55793e-15 0)
(3 2.69664e-15 0)
(3 1.04081e-15 0)
(3 2.37339e-16 0)
(3 -6.63281e-16 0)
(3 -5.95714e-16 0)
(3 -2.71439e-16 0)
(3 -8.23807e-16 0)
(3 -9.00864e-16 0)
(3 -8.97019e-16 0)
(3.0001 8.77071e-05 0)
(1.19486 0.257095 0)
(0.765061 0.23939 0)
(0.749533 0.28633 0)
(0.726607 0.296048 0)
(0.700555 0.287283 0)
(0.655738 0.234382 0)
(0.585921 0.191567 0)
(0.544851 0.234738 0)
(0.544176 0.309297 0)
(0.54413 0.355573 0)
(0.478819 0.345112 0)
(0.335814 0.183508 0)
(0.274869 0.131552 0)
(0.257602 0.203062 0)
(0.299037 0.514272 0)
(0.304784 0.635872 0)
(0.214246 0.676466 0)
(0.0910818 0.556171 0)
(0.0419418 0.313868 0)
(3 -5.99615e-17 0)
(3 3.14398e-16 0)
(3 1.88026e-16 0)
(3 -4.66094e-16 0)
(3 -5.50013e-16 0)
(3 -6.68026e-16 0)
(3 -6.08355e-16 0)
(3 -3.465e-16 0)
(3 9.6378e-16 0)
(3 1.28716e-15 0)
(3 1.77732e-15 0)
(3 1.64314e-15 0)
(3 1.25402e-15 0)
(3 -2.48567e-16 0)
(3 -6.73873e-16 0)
(3 -4.21828e-16 0)
(3 -8.30631e-16 0)
(3 -1.04557e-15 0)
(3 -1.21786e-15 0)
(3 -7.10043e-16 0)
(3.00001 -1.0496e-05 0)
(1.25117 0.270987 0)
(0.77497 0.252786 0)
(0.748256 0.288242 0)
(0.714026 0.310232 0)
(0.67853 0.284231 0)
(0.625486 0.201431 0)
(0.592054 0.175771 0)
(0.573717 0.232956 0)
(0.57837 0.341226 0)
(0.551684 0.354437 0)
(0.434631 0.212333 0)
(0.326446 0.217428 0)
(0.288653 0.266337 0)
(0.345191 0.519438 0)
(0.329759 0.561179 0)
(0.328249 0.587343 0)
(0.163439 0.410441 0)
(0.013052 0.196298 0)
(0.0397714 0.208012 0)
(3 -1.67971e-16 0)
(3 6.78524e-17 0)
(3 2.24619e-16 0)
(3 1.23984e-16 0)
(3 -2.99425e-16 0)
(3 -1.1688e-16 0)
(3 4.00166e-16 0)
(3 7.85869e-16 0)
(3 8.24418e-16 0)
(3 1.39598e-15 0)
(3 1.80724e-15 0)
(3 8.5925e-16 0)
(3 6.07862e-16 0)
(3 4.51446e-16 0)
(3 -4.41982e-16 0)
(3 -8.91427e-16 0)
(3 -1.21368e-15 0)
(3 -1.27382e-15 0)
(3 -9.54535e-16 0)
(3 3.05839e-16 0)
(3.00001 -1.01899e-05 0)
(1.31257 0.274179 0)
(0.785664 0.262698 0)
(0.746775 0.276808 0)
(0.709721 0.269926 0)
(0.655924 0.250119 0)
(0.609369 0.243812 0)
(0.598175 0.280129 0)
(0.604122 0.370546 0)
(0.585355 0.379044 0)
(0.522763 0.31125 0)
(0.415088 0.217285 0)
(0.364576 0.243718 0)
(0.391201 0.48347 0)
(0.378341 0.605262 0)
(0.320841 0.593988 0)
(0.249961 0.402557 0)
(0.112286 0.159395 0)
(0.0273918 0.198434 0)
(0.0512074 0.246528 0)
(3 -2.68543e-17 0)
(3 -4.42915e-16 0)
(3 1.2943e-16 0)
(3 -8.84716e-17 0)
(3 2.26656e-16 0)
(3 6.49545e-16 0)
(3 1.19294e-15 0)
(3 5.34203e-16 0)
(3 3.39219e-16 0)
(3 6.64337e-16 0)
(3 6.737e-16 0)
(3 7.39255e-17 0)
(3 5.98433e-16 0)
(3 6.31833e-16 0)
(3 -1.30889e-16 0)
(3 -1.42664e-15 0)
(3 -1.00606e-15 0)
(3 -1.39663e-15 0)
(3 -2.05714e-16 0)
(3 9.89868e-16 0)
(3 -3.46845e-06 0)
(1.38111 0.279184 0)
(0.795046 0.260193 0)
(0.735945 0.25458 0)
(0.694716 0.234339 0)
(0.654399 0.235413 0)
(0.622204 0.287698 0)
(0.62664 0.416259 0)
(0.601273 0.425138 0)
(0.571855 0.391825 0)
(0.49467 0.300762 0)
(0.417864 0.245746 0)
(0.410249 0.366693 0)
(0.464665 0.567956 0)
(0.392897 0.624508 0)
(0.294057 0.594909 0)
(0.141343 0.293722 0)
(0.111321 0.183582 0)
(0.0487714 0.25413 0)
(0.0579785 0.344211 0)
(3 7.28087e-17 0)
(3 -2.29276e-16 0)
(3 -2.72483e-16 0)
(3 6.54861e-17 0)
(3 4.58265e-16 0)
(3 5.75074e-16 0)
(3 -2.24011e-16 0)
(3 -4.15004e-16 0)
(3 -5.04192e-18 0)
(3 2.41039e-16 0)
(3 -3.91434e-16 0)
(3 -9.75712e-16 0)
(3 -7.06163e-16 0)
(3 6.79712e-16 0)
(3 1.19293e-15 0)
(3 1.27408e-16 0)
(3 -4.81849e-16 0)
(3 -5.14307e-16 0)
(3 -9.59587e-16 0)
(3 -6.00769e-16 0)
(3 -3.75739e-07 0)
(1.46004 0.284334 0)
(0.792608 0.256115 0)
(0.725992 0.246112 0)
(0.68398 0.245853 0)
(0.657085 0.263626 0)
(0.659612 0.372667 0)
(0.633533 0.421647 0)
(0.595233 0.455115 0)
(0.549412 0.42744 0)
(0.467892 0.311085 0)
(0.44099 0.348784 0)
(0.482501 0.507003 0)
(0.487923 0.574302 0)
(0.410646 0.587641 0)
(0.219184 0.383108 0)
(0.101893 0.285099 0)
(0.120828 0.299478 0)
(0.127423 0.498907 0)
(0.0838815 0.628819 0)
(3 1.25112e-17 0)
(3 -1.65261e-16 0)
(3 4.44326e-17 0)
(3 3.69452e-16 0)
(3 3.46043e-16 0)
(3 2.73062e-16 0)
(3 -2.29127e-16 0)
(3 -1.92326e-16 0)
(3 -2.92455e-16 0)
(3 -6.45723e-16 0)
(3 -1.44546e-15 0)
(3 -1.19492e-15 0)
(3 -5.93604e-16 0)
(3 1.27545e-15 0)
(3 1.9278e-15 0)
(3 1.55164e-15 0)
(3 7.78228e-16 0)
(3 2.54554e-16 0)
(3 -9.19109e-16 0)
(3 -4.98339e-16 0)
(3 -3.85208e-07 0)
(1.54925 0.293539 0)
(0.791375 0.255135 0)
(0.720388 0.257619 0)
(0.686339 0.274436 0)
(0.675257 0.352861 0)
(0.660234 0.375192 0)
(0.646802 0.393548 0)
(0.612827 0.412655 0)
(0.520175 0.337224 0)
(0.46854 0.328604 0)
(0.50689 0.470885 0)
(0.496213 0.505758 0)
(0.501764 0.533048 0)
(0.349632 0.349481 0)
(0.197719 0.277738 0)
(0.147923 0.376792 0)
(0.198729 0.549581 0)
(0.177324 0.659433 0)
(0.0918489 0.683373 0)
(3 6.12978e-17 0)
(3 1.60444e-16 0)
(3 9.91067e-17 0)
(3 3.50872e-16 0)
(3 -3.68706e-18 0)
(3 -5.62909e-16 0)
(3 1.49106e-16 0)
(3 2.2015e-16 0)
(3 -7.36391e-16 0)
(3 -1.03735e-15 0)
(3 -1.80555e-16 0)
(3 -1.86631e-16 0)
(3 -2.41604e-17 0)
(3 1.30953e-15 0)
(3 1.53357e-15 0)
(3 1.11194e-15 0)
(3 2.71472e-16 0)
(3 -1.27796e-16 0)
(3 -2.27916e-16 0)
(3 -4.21784e-16 0)
(3 -4.28009e-07 0)
(1.64764 0.316633 0)
(0.789276 0.270465 0)
(0.731035 0.295423 0)
(0.702106 0.357559 0)
(0.677176 0.379311 0)
(0.662193 0.389895 0)
(0.641066 0.396031 0)
(0.574454 0.293213 0)
(0.517764 0.301354 0)
(0.510694 0.401849 0)
(0.524489 0.496894 0)
(0.505892 0.48692 0)
(0.45937 0.380395 0)
(0.307962 0.224365 0)
(0.214627 0.30183 0)
(0.211849 0.45971 0)
(0.240497 0.631752 0)
(0.197333 0.677593 0)
(0.10448 0.703663 0)
(3 2.97577e-16 0)
(3 1.24137e-16 0)
(3 -1.60282e-16 0)
(3 -3.44719e-16 0)
(3 -9.45584e-16 0)
(3 -6.93696e-16 0)
(3 -2.58466e-16 0)
(3 -1.26432e-17 0)
(3 -1.94679e-16 0)
(3 -8.99617e-17 0)
(3 3.75522e-16 0)
(3 -3.12982e-16 0)
(3 -3.93812e-16 0)
(3 -7.24105e-16 0)
(3 -4.18425e-17 0)
(3 -4.65505e-17 0)
(3 -5.45307e-16 0)
(3 -3.15166e-16 0)
(3 -5.48347e-16 0)
(3 -3.83683e-16 0)
(3 -3.34961e-07 0)
(1.74897 0.342538 0)
(0.807816 0.314659 0)
(0.742481 0.354895 0)
(0.709721 0.366694 0)
(0.682494 0.375703 0)
(0.666153 0.37935 0)
(0.600769 0.279883 0)
(0.558518 0.25547 0)
(0.546177 0.300761 0)
(0.554118 0.457927 0)
(0.535266 0.515757 0)
(0.497195 0.52771 0)
(0.383345 0.328217 0)
(0.316918 0.205317 0)
(0.27849 0.317666 0)
(0.280051 0.501146 0)
(0.2667 0.697617 0)
(0.193573 0.705448 0)
(0.0901353 0.526045 0)
(3 1.19632e-17 0)
(3 3.50716e-16 0)
(3 -8.54477e-17 0)
(3 -1.47829e-16 0)
(3 2.61804e-16 0)
(3 3.8648e-16 0)
(3 -1.17165e-15 0)
(3 -5.37933e-16 0)
(3 1.54821e-15 0)
(3 9.62909e-16 0)
(3 4.57534e-16 0)
(3 3.27179e-16 0)
(3 -6.38865e-16 0)
(3 -1.20165e-15 0)
(3 -1.0562e-15 0)
(3 -4.92765e-16 0)
(3 -9.83214e-16 0)
(3 -6.04071e-16 0)
(3 -1.31196e-15 0)
(3 -1.36152e-15 0)
(3 -6.44924e-08 0)
(1.86861 0.345137 0)
(0.827465 0.363119 0)
(0.744235 0.375095 0)
(0.713364 0.36888 0)
(0.685585 0.358572 0)
(0.632492 0.291933 0)
(0.582596 0.26214 0)
(0.558182 0.289733 0)
(0.57326 0.364227 0)
(0.585929 0.483341 0)
(0.545887 0.517167 0)
(0.482076 0.47103 0)
(0.326433 0.351103 0)
(0.301405 0.285772 0)
(0.331079 0.421872 0)
(0.35594 0.714207 0)
(0.287404 0.75183 0)
(0.15108 0.677618 0)
(0.061926 0.451896 0)
(3 1.57961e-16 0)
(3 4.7141e-16 0)
(3 6.04661e-16 0)
(3 6.04551e-16 0)
(3 1.50852e-16 0)
(3 -4.08603e-17 0)
(3 -1.91413e-15 0)
(3 -1.07339e-15 0)
(3 -1.27661e-16 0)
(3 -4.40068e-16 0)
(3 -1.85084e-16 0)
(3 1.83729e-16 0)
(3 -4.65448e-16 0)
(3 -1.39851e-15 0)
(3 -1.82824e-15 0)
(3 -1.0907e-15 0)
(3 -6.91733e-16 0)
(3 -1.25938e-15 0)
(3 -1.2048e-15 0)
(3 -1.19369e-15 0)
(3 -9.53788e-09 0)
(2.0048 0.3443 0)
(0.858631 0.37214 0)
(0.751099 0.377198 0)
(0.711823 0.363292 0)
(0.6602 0.305527 0)
(0.620186 0.270571 0)
(0.589694 0.264194 0)
(0.582893 0.357753 0)
(0.602676 0.478939 0)
(0.589124 0.475501 0)
(0.555564 0.48801 0)
(0.450616 0.374596 0)
(0.3391 0.426995 0)
(0.392758 0.615949 0)
(0.40652 0.760858 0)
(0.368135 0.776462 0)
(0.2787 0.76968 0)
(0.0706281 0.5339 0)
(0.0615436 0.474241 0)
(3 9.03467e-18 0)
(3 3.66655e-16 0)
(3 4.96845e-16 0)
(3 -2.28429e-16 0)
(3 -3.27204e-16 0)
(3 -1.47314e-15 0)
(3 -7.75046e-16 0)
(3 -9.86547e-16 0)
(3 -1.87884e-15 0)
(3 -8.75111e-16 0)
(3 -3.18376e-16 0)
(3 -4.61006e-16 0)
(3 -2.75526e-16 0)
(3 -1.3429e-15 0)
(3 -1.42309e-15 0)
(3 -9.48299e-16 0)
(3 -1.24928e-16 0)
(3 -9.28487e-16 0)
(3 -5.40958e-16 0)
(3 2.49297e-16 0)
(3 -8.8565e-09 0)
(2.14371 0.357909 0)
(0.892325 0.379302 0)
(0.752149 0.346227 0)
(0.704408 0.305129 0)
(0.655598 0.294466 0)
(0.61375 0.295191 0)
(0.613994 0.371399 0)
(0.620655 0.47467 0)
(0.602556 0.499713 0)
(0.575662 0.506677 0)
(0.508643 0.387024 0)
(0.457394 0.362714 0)
(0.413042 0.491981 0)
(0.461287 0.734438 0)
(0.424182 0.828508 0)
(0.355238 0.831902 0)
(0.220697 0.714156 0)
(0.0254895 0.544005 0)
(0.0648462 0.493332 0)
(3 -3.34147e-16 0)
(3 -1.07256e-16 0)
(3 -1.47827e-16 0)
(3 -6.43722e-16 0)
(3 -3.41169e-16 0)
(3 -5.22181e-16 0)
(3 -3.15439e-16 0)
(3 -8.39313e-16 0)
(3 -6.55409e-16 0)
(3 -5.15855e-16 0)
(3 -6.23264e-16 0)
(3 -4.24318e-16 0)
(3 -5.72566e-16 0)
(3 -7.22796e-16 0)
(3 -1.60747e-16 0)
(3 -5.53663e-16 0)
(3 -3.14658e-16 0)
(3 -1.43275e-16 0)
(3 3.72137e-16 0)
(3 1.30048e-15 0)
(3 -7.34827e-09 0)
(2.30878 0.36154 0)
(0.913941 0.394032 0)
(0.748115 0.331391 0)
(0.707034 0.297492 0)
(0.663616 0.304793 0)
(0.640663 0.363324 0)
(0.64926 0.461808 0)
(0.627355 0.476714 0)
(0.610436 0.492038 0)
(0.569416 0.466959 0)
(0.476872 0.351734 0)
(0.467523 0.378904 0)
(0.484194 0.54739 0)
(0.495495 0.739879 0)
(0.44256 0.809157 0)
(0.353197 0.846073 0)
(0.179844 0.677077 0)
(0.0433632 0.736484 0)
(0.0974781 0.861483 0)
(3 1.18512e-16 0)
(3 -8.25049e-17 0)
(3 -4.52471e-16 0)
(3 -6.02026e-16 0)
(3 -5.94113e-16 0)
(3 -4.29563e-17 0)
(3 -4.3258e-16 0)
(3 -9.58335e-16 0)
(3 -5.7033e-16 0)
(3 -2.54084e-16 0)
(3 -6.0206e-16 0)
(3 -3.7991e-16 0)
(3 -4.0185e-16 0)
(3 -1.13298e-15 0)
(3 -1.16077e-15 0)
(3 -4.73411e-16 0)
(3 -1.58357e-16 0)
(3 8.19734e-16 0)
(3 9.68529e-16 0)
(3 1.2702e-15 0)
(3 -4.84453e-09 0)
(2.49697 0.343977 0)
(0.945445 0.413591 0)
(0.745437 0.332334 0)
(0.716456 0.304717 0)
(0.691937 0.357517 0)
(0.681538 0.452399 0)
(0.652748 0.482089 0)
(0.623236 0.496086 0)
(0.601414 0.462072 0)
(0.516325 0.347533 0)
(0.481753 0.365347 0)
(0.48408 0.37939 0)
(0.567911 0.613505 0)
(0.548221 0.727485 0)
(0.476129 0.793749 0)
(0.293748 0.555897 0)
(0.216433 0.683411 0)
(0.183453 0.993612 0)
(0.130183 1.15637 0)
(3 5.68851e-17 0)
(3 -7.52529e-16 0)
(3 -7.14347e-16 0)
(3 -8.57853e-16 0)
(3 -4.86783e-16 0)
(3 2.94134e-16 0)
(3 -2.02009e-16 0)
(3 -5.65705e-16 0)
(3 -8.71287e-16 0)
(3 -1.58187e-16 0)
(3 -4.5252e-16 0)
(3 -7.24071e-16 0)
(3 -8.82119e-16 0)
(3 -1.05049e-15 0)
(3 -1.68855e-15 0)
(3 -6.88559e-16 0)
(3 2.26561e-16 0)
(3 1.21756e-15 0)
(3 1.33615e-15 0)
(3 3.11605e-16 0)
(3 -9.71775e-10 0)
(2.74598 0.308916 0)
(1.00018 0.418673 0)
(0.767547 0.344938 0)
(0.764854 0.391161 0)
(0.744345 0.444754 0)
(0.704161 0.459663 0)
(0.668302 0.474981 0)
(0.627087 0.461236 0)
(0.548861 0.351963 0)
(0.52525 0.326845 0)
(0.509363 0.368327 0)
(0.547635 0.590636 0)
(0.605025 0.633223 0)
(0.561025 0.723196 0)
(0.391108 0.41577 0)
(0.327821 0.474771 0)
(0.336193 0.686844 0)
(0.269333 1.05949 0)
(0.148855 1.23048 0)
(3 -2.27314e-16 0)
(3 -5.3943e-16 0)
(3 -3.78318e-16 0)
(3 -3.67864e-16 0)
(3 -4.49028e-16 0)
(3 -1.41696e-16 0)
(3 7.79789e-17 0)
(3 -1.10114e-16 0)
(3 3.25712e-17 0)
(3 -3.01054e-16 0)
(3 -6.61321e-16 0)
(3 -1.32662e-15 0)
(3 -3.29315e-16 0)
(3 -1.65579e-16 0)
(3 -1.6534e-15 0)
(3 -1.10401e-15 0)
(3 1.07106e-16 0)
(3 3.84848e-16 0)
(3 -4.1822e-16 0)
(3 -1.27852e-16 0)
(3 -2.27268e-10 0)
(2.98541 0.203734 0)
(1.08057 0.450083 0)
(0.845418 0.423675 0)
(0.82383 0.459922 0)
(0.774621 0.465988 0)
(0.726456 0.468548 0)
(0.682115 0.448978 0)
(0.600862 0.332317 0)
(0.556394 0.346735 0)
(0.530202 0.39053 0)
(0.572338 0.572738 0)
(0.584124 0.635504 0)
(0.606387 0.619279 0)
(0.513056 0.438658 0)
(0.402577 0.396054 0)
(0.366424 0.479102 0)
(0.411986 0.632497 0)
(0.389038 0.784006 0)
(0.18766 0.905614 0)
(3 -1.68844e-16 0)
(3 -3.21865e-17 0)
(3 -4.9513e-16 0)
(3 -5.29809e-16 0)
(3 -6.27941e-16 0)
(3 -3.70793e-16 0)
(3 -8.69805e-16 0)
(3 -5.71538e-16 0)
(3 -2.16588e-16 0)
(3 -5.88853e-16 0)
(3 -1.11474e-15 0)
(3 -9.48655e-16 0)
(3 1.17749e-16 0)
(3 3.44832e-17 0)
(3 -1.31483e-15 0)
(3 -9.21254e-16 0)
(3 -1.93559e-16 0)
(3 -3.48372e-16 0)
(3 -8.31916e-16 0)
(3 1.39875e-17 0)
(3 -1.62101e-10 0)
(3.0741 0.080458 0)
(1.17022 0.466795 0)
(0.890117 0.455384 0)
(0.847483 0.473822 0)
(0.793526 0.472481 0)
(0.754489 0.423645 0)
(0.681597 0.325683 0)
(0.628627 0.329428 0)
(0.591482 0.374328 0)
(0.613437 0.531073 0)
(0.610278 0.660747 0)
(0.599742 0.665735 0)
(0.608444 0.591351 0)
(0.505026 0.348987 0)
(0.478425 0.380835 0)
(0.447296 0.475717 0)
(0.475659 0.61546 0)
(0.456083 0.760724 0)
(0.265546 0.943017 0)
(3 8.40912e-17 0)
(3 2.87926e-16 0)
(3 2.06654e-16 0)
(3 -1.81686e-16 0)
(3 -2.3076e-16 0)
(3 -3.56892e-17 0)
(3 -1.00104e-16 0)
(3 -5.94496e-16 0)
(3 -8.01788e-16 0)
(3 -7.54673e-16 0)
(3 -4.21403e-16 0)
(3 4.45269e-16 0)
(3 9.57059e-17 0)
(3 -2.53733e-16 0)
(3 -3.49862e-16 0)
(3 -3.58218e-16 0)
(3 -4.89788e-16 0)
(3 -2.98437e-16 0)
(3 -3.69821e-16 0)
(3 5.28973e-16 0)
(3 -4.58459e-11 0)
(3.01724 0.00202214 0)
(1.30453 0.438072 0)
(0.880997 0.449689 0)
(0.849466 0.439214 0)
(0.801528 0.428625 0)
(0.754164 0.418096 0)
(0.722778 0.433252 0)
(0.70632 0.470491 0)
(0.690399 0.514755 0)
(0.674021 0.55162 0)
(0.640427 0.551197 0)
(0.592187 0.551284 0)
(0.531582 0.552308 0)
(0.523066 0.612374 0)
(0.557289 0.722406 0)
(0.558256 0.796775 0)
(0.590292 0.861723 0)
(0.634816 0.947684 0)
(0.76879 1.0566 0)
(3 2.30139e-17 0)
(3 -6.44827e-17 0)
(3 -8.67157e-17 0)
(3 5.72727e-17 0)
(3 2.12784e-16 0)
(3 7.32926e-17 0)
(3 1.17213e-16 0)
(3 4.56316e-17 0)
(3 -4.37611e-16 0)
(3 -5.23756e-16 0)
(3 -1.20524e-16 0)
(3 4.51182e-16 0)
(3 3.8024e-16 0)
(3 5.8958e-16 0)
(3 1.29265e-15 0)
(3 1.00167e-15 0)
(3 4.05858e-16 0)
(3 1.38384e-16 0)
(3 -4.70463e-18 0)
(3 5.34654e-16 0)
(3 -1.23788e-12 0)
(3.00016 -1.60868e-05 0)
(1.74544 0.440547 0)
(0.877548 0.459678 0)
(0.835722 0.470102 0)
(0.815589 0.47869 0)
(0.799846 0.494951 0)
(0.778489 0.509542 0)
(0.749414 0.519238 0)
(0.720988 0.522866 0)
(0.693277 0.523478 0)
(0.668506 0.542014 0)
(0.652015 0.578873 0)
(0.645837 0.648016 0)
(0.646095 0.741227 0)
(0.645334 0.832582 0)
(0.668696 0.909917 0)
(0.690974 0.980181 0)
(0.782645 1.06549 0)
(1.06594 1.16402 0)
(3 -1.12924e-16 0)
(3 -2.19933e-16 0)
(3 -9.37833e-17 0)
(3 5.63822e-16 0)
(3 4.86764e-16 0)
(3 1.63221e-16 0)
(3 -3.46465e-16 0)
(3 -7.962e-17 0)
(3 -3.28702e-16 0)
(3 -8.10225e-16 0)
(3 -5.08479e-16 0)
(3 -6.5994e-17 0)
(3 9.36177e-16 0)
(3 1.25133e-15 0)
(3 8.6286e-16 0)
(3 7.39154e-16 0)
(3 7.983e-16 0)
(3 8.95625e-17 0)
(3 4.87888e-17 0)
(3 6.85997e-16 0)
(3 -6.86126e-15 0)
(3 5.19271e-10 0)
(2.54643 0.344594 0)
(0.999658 0.534694 0)
(0.866111 0.493436 0)
(0.851297 0.512346 0)
(0.828498 0.522718 0)
(0.804618 0.529438 0)
(0.776138 0.53879 0)
(0.75041 0.553946 0)
(0.734476 0.576123 0)
(0.725306 0.605013 0)
(0.717388 0.640495 0)
(0.707777 0.679235 0)
(0.701018 0.731528 0)
(0.716565 0.795229 0)
(0.763429 0.872038 0)
(0.842986 0.969793 0)
(0.962903 1.08523 0)
(1.19601 1.17674 0)
(3 1.73787e-16 0)
(3 2.88671e-16 0)
(3 3.99902e-16 0)
(3 3.33741e-16 0)
(3 5.12432e-16 0)
(3 7.29489e-16 0)
(3 6.68954e-16 0)
(3 6.2426e-16 0)
(3 9.1044e-16 0)
(3 6.22114e-16 0)
(3 6.70395e-16 0)
(3 5.74936e-16 0)
(3 8.35868e-16 0)
(3 1.30906e-15 0)
(3 9.63115e-16 0)
(3 6.48504e-16 0)
(3 2.25261e-16 0)
(3 1.20655e-16 0)
(3 1.71249e-16 0)
(3 5.94041e-16 0)
(3 6.63491e-16 0)
(3 -3.91785e-09 0)
(3.06174 0.0341175 0)
(1.31491 0.544159 0)
(0.923968 0.508353 0)
(0.899222 0.533617 0)
(0.871276 0.544291 0)
(0.848417 0.557009 0)
(0.828717 0.57525 0)
(0.811142 0.598214 0)
(0.793692 0.619837 0)
(0.777492 0.639277 0)
(0.765713 0.661006 0)
(0.760092 0.691667 0)
(0.763393 0.737289 0)
(0.787311 0.802422 0)
(0.854951 0.879506 0)
(0.951402 0.940829 0)
(1.07256 1.0274 0)
(1.27073 1.08457 0)
(3 6.80359e-17 0)
(3 -5.68565e-17 0)
(3 -1.07962e-16 0)
(3 1.77703e-16 0)
(3 6.81872e-16 0)
(3 7.47554e-16 0)
(3 1.04609e-15 0)
(3 8.16225e-16 0)
(3 1.2244e-15 0)
(3 1.38351e-15 0)
(3 1.36075e-15 0)
(3 7.39006e-16 0)
(3 1.92875e-16 0)
(3 6.03586e-16 0)
(3 1.15712e-15 0)
(3 5.53188e-16 0)
(3 -1.3406e-16 0)
(3 1.65936e-16 0)
(3 5.56604e-16 0)
(3 2.47354e-16 0)
(3 -9.14673e-17 0)
(3 -9.34298e-10 0)
(3.00347 0.000106529 0)
(1.83339 0.528053 0)
(0.946864 0.575093 0)
(0.906481 0.571651 0)
(0.895936 0.589495 0)
(0.883974 0.605031 0)
(0.875505 0.619072 0)
(0.86229 0.632764 0)
(0.845466 0.647955 0)
(0.832648 0.667789 0)
(0.826379 0.692148 0)
(0.829642 0.723526 0)
(0.844136 0.764402 0)
(0.873372 0.814391 0)
(0.93175 0.87203 0)
(1.0218 0.924703 0)
(1.14451 0.983582 0)
(1.3215 1.01925 0)
(3 -2.31456e-16 0)
(3 -2.14667e-16 0)
(3 -9.72803e-17 0)
(3 -1.24267e-16 0)
(3 2.51284e-16 0)
(3 2.84529e-16 0)
(3 4.50755e-16 0)
(3 5.7746e-16 0)
(3 8.32746e-16 0)
(3 9.29672e-16 0)
(3 9.41563e-16 0)
(3 7.13165e-16 0)
(3 4.30098e-16 0)
(3 5.1487e-16 0)
(3 8.27698e-16 0)
(3 5.06684e-16 0)
(3 4.02527e-17 0)
(3 4.38299e-17 0)
(3 4.67783e-16 0)
(3 5.02058e-16 0)
(3 4.26239e-16 0)
(3 -3.36936e-11 0)
(3.00001 -6.70869e-08 0)
(2.81564 0.247001 0)
(1.13959 0.614553 0)
(0.949458 0.580442 0)
(0.937877 0.608595 0)
(0.922411 0.627265 0)
(0.919191 0.640896 0)
(0.915141 0.65244 0)
(0.90899 0.668482 0)
(0.903827 0.68904 0)
(0.900694 0.71282 0)
(0.903977 0.740201 0)
(0.918158 0.773242 0)
(0.951874 0.812399 0)
(1.01103 0.852965 0)
(1.09591 0.903763 0)
(1.19676 0.943371 0)
(1.33695 0.970368 0)
(3 -1.18451e-16 0)
(3 -5.21879e-17 0)
(3 3.5607e-17 0)
(3 -1.71799e-16 0)
(3 -1.5301e-16 0)
(3 3.18847e-16 0)
(3 5.69166e-16 0)
(3 9.23071e-16 0)
(3 9.47795e-16 0)
(3 8.87265e-16 0)
(3 7.92825e-16 0)
(3 5.00513e-16 0)
(3 5.37098e-16 0)
(3 3.68584e-16 0)
(3 -2.13242e-16 0)
(3 7.56431e-16 0)
(3 1.33235e-15 0)
(3 1.27901e-15 0)
(3 1.5864e-16 0)
(3 7.73717e-16 0)
(3 1.81837e-16 0)
(3 -6.0905e-14 0)
(3 -3.36354e-07 0)
(3.03792 0.00845398 0)
(1.56168 0.600689 0)
(0.995738 0.645637 0)
(0.960897 0.64209 0)
(0.949301 0.655654 0)
(0.945951 0.668833 0)
(0.952997 0.682036 0)
(0.959764 0.697112 0)
(0.962205 0.714425 0)
(0.963006 0.735337 0)
(0.97049 0.761053 0)
(0.987128 0.789193 0)
(1.02339 0.816581 0)
(1.08269 0.845215 0)
(1.15988 0.876555 0)
(1.24608 0.900035 0)
(1.35768 0.918865 0)
(3 6.3192e-17 0)
(3 1.89166e-17 0)
(3 -4.78235e-17 0)
(3 -1.40575e-16 0)
(3 4.12557e-17 0)
(3 1.73987e-16 0)
(3 4.92002e-16 0)
(3 7.12611e-16 0)
(3 7.55485e-16 0)
(3 -1.98011e-16 0)
(3 -8.73209e-16 0)
(3 -7.14214e-16 0)
(3 -6.33414e-16 0)
(3 -8.8647e-16 0)
(3 -1.21361e-15 0)
(3 -1.60877e-16 0)
(3 1.56834e-15 0)
(3 1.63745e-15 0)
(3 1.11027e-15 0)
(3 9.9e-17 0)
(3 -3.29137e-16 0)
(3 6.90951e-16 0)
(3 -4.94533e-08 0)
(3.0006 7.02585e-05 0)
(2.55219 0.407427 0)
(1.13505 0.702196 0)
(1.00584 0.660231 0)
(0.989623 0.670207 0)
(0.980094 0.68378 0)
(0.98362 0.700478 0)
(0.994861 0.71625 0)
(1.00539 0.730569 0)
(1.01602 0.748038 0)
(1.03085 0.769984 0)
(1.04996 0.794076 0)
(1.08338 0.816294 0)
(1.13725 0.838218 0)
(1.20788 0.856364 0)
(1.28734 0.868668 0)
(1.38497 0.878554 0)
(3 3.08919e-17 0)
(3 -1.59768e-17 0)
(3 2.61119e-17 0)
(3 -2.23089e-16 0)
(3 -2.74874e-16 0)
(3 -2.9566e-16 0)
(3 -3.48204e-16 0)
(3 -4.22019e-16 0)
(3 -2.35652e-16 0)
(3 -3.20197e-16 0)
(3 -8.20419e-16 0)
(3 -9.17832e-16 0)
(3 -8.33898e-16 0)
(3 -1.21343e-15 0)
(3 -1.18566e-15 0)
(3 -2.28271e-16 0)
(3 2.00301e-16 0)
(3 2.46831e-16 0)
(3 7.05992e-16 0)
(3 3.89604e-17 0)
(3 -4.10447e-16 0)
(3 -1.51987e-17 0)
(3 -4.26128e-10 0)
(3 -1.14267e-06 0)
(3.05066 0.0270924 0)
(1.57993 0.672244 0)
(1.06852 0.705556 0)
(1.04513 0.695593 0)
(1.02545 0.707343 0)
(1.01995 0.717822 0)
(1.0272 0.731883 0)
(1.04101 0.745484 0)
(1.05905 0.761113 0)
(1.08051 0.779469 0)
(1.10416 0.800591 0)
(1.13584 0.821108 0)
(1.18225 0.839503 0)
(1.24398 0.852255 0)
(1.31832 0.858784 0)
(1.40195 0.86359 0)
(3 5.47029e-17 0)
(3 2.4095e-16 0)
(3 1.86718e-16 0)
(3 1.49775e-16 0)
(3 -1.21759e-16 0)
(3 -6.24191e-16 0)
(3 -1.24389e-15 0)
(3 -1.27451e-15 0)
(3 -4.1669e-16 0)
(3 -9.03647e-17 0)
(3 2.70721e-16 0)
(3 -3.55524e-16 0)
(3 -5.79116e-16 0)
(3 -8.26842e-16 0)
(3 -1.13595e-15 0)
(3 -7.50852e-16 0)
(3 1.52802e-17 0)
(3 -6.15997e-16 0)
(3 -9.05242e-16 0)
(3 -9.28736e-16 0)
(3 -7.70094e-16 0)
(3 -6.14231e-16 0)
(3 1.75498e-11 0)
(3 -1.55227e-07 0)
(3.00179 0.000425086 0)
(2.58726 0.408906 0)
(1.22707 0.750437 0)
(1.08628 0.739637 0)
(1.07216 0.731538 0)
(1.06134 0.7403 0)
(1.06253 0.749679 0)
(1.07479 0.757516 0)
(1.09455 0.766606 0)
(1.11915 0.778714 0)
(1.14722 0.794186 0)
(1.17954 0.814642 0)
(1.22181 0.832417 0)
(1.27563 0.845285 0)
(1.34118 0.853619 0)
(1.41151 0.858081 0)
(3 2.09468e-17 0)
(3 2.93345e-16 0)
(3 9.01144e-17 0)
(3 1.95245e-16 0)
(3 3.64881e-16 0)
(3 3.57361e-17 0)
(3 -5.89574e-16 0)
(3 -2.2456e-16 0)
(3 -5.03198e-17 0)
(3 1.35177e-17 0)
(3 4.35578e-17 0)
(3 4.9597e-17 0)
(3 -1.27975e-16 0)
(3 -3.15385e-16 0)
(3 -6.87592e-16 0)
(3 -1.78583e-15 0)
(3 -1.52897e-15 0)
(3 -1.15987e-15 0)
(3 -8.80512e-16 0)
(3 -7.78418e-16 0)
(3 -1.07531e-15 0)
(3 -8.03307e-16 0)
(3 1.4077e-12 0)
(3 -3.04368e-09 0)
(3 6.13089e-07 0)
(3.0405 0.0234315 0)
(1.70312 0.705268 0)
(1.13256 0.770298 0)
(1.11953 0.764212 0)
(1.11027 0.76871 0)
(1.10826 0.770447 0)
(1.11547 0.772423 0)
(1.13143 0.776595 0)
(1.15438 0.782787 0)
(1.18524 0.791927 0)
(1.22005 0.805326 0)
(1.25981 0.820994 0)
(1.30496 0.834095 0)
(1.36279 0.842689 0)
(1.42238 0.849148 0)
(3 -1.49226e-16 0)
(3 -1.77203e-16 0)
(3 -1.10747e-16 0)
(3 -2.49012e-16 0)
(3 -1.965e-16 0)
(3 -1.08056e-16 0)
(3 1.04195e-16 0)
(3 2.09551e-16 0)
(3 -2.05134e-16 0)
(3 7.81525e-17 0)
(3 1.56503e-16 0)
(3 -4.14882e-16 0)
(3 -6.35885e-16 0)
(3 3.0017e-17 0)
(3 4.17383e-17 0)
(3 -4.97534e-16 0)
(3 -1.8803e-15 0)
(3 -1.34715e-15 0)
(3 -5.17948e-16 0)
(3 -6.5142e-17 0)
(3 -1.8889e-16 0)
(3 1.52425e-16 0)
(3 6.58732e-15 0)
(3 -4.28279e-12 0)
(3 -9.86021e-09 0)
(3.00111 0.00051314 0)
(2.8314 0.292736 0)
(1.36127 0.789918 0)
(1.16331 0.786256 0)
(1.16964 0.784305 0)
(1.16212 0.792109 0)
(1.16572 0.792902 0)
(1.17738 0.792041 0)
(1.19403 0.792851 0)
(1.2216 0.79543 0)
(1.25571 0.801452 0)
(1.29398 0.810188 0)
(1.33443 0.819702 0)
(1.38445 0.827909 0)
(1.4362 0.835379 0)
(3 -1.30983e-17 0)
(3 -1.41961e-16 0)
(3 -1.36991e-16 0)
(3 -3.68462e-16 0)
(3 -7.65729e-16 0)
(3 -6.91029e-16 0)
(3 -2.91498e-16 0)
(3 -3.1291e-16 0)
(3 -3.80789e-16 0)
(3 -3.18694e-16 0)
(3 -6.11241e-17 0)
(3 -9.33993e-16 0)
(3 -6.0322e-16 0)
(3 -2.59818e-16 0)
(3 -3.539e-16 0)
(3 -3.39138e-16 0)
(3 -4.60516e-16 0)
(3 -4.8236e-16 0)
(3 -7.20676e-16 0)
(3 -4.492e-16 0)
(3 -2.01441e-16 0)
(3 2.88889e-16 0)
(3 -4.50803e-17 0)
(3 5.60477e-13 0)
(3 -1.51314e-09 0)
(3 7.54689e-07 0)
(3.02203 0.00846133 0)
(1.96183 0.663072 0)
(1.22546 0.819009 0)
(1.19357 0.820701 0)
(1.19609 0.818802 0)
(1.20046 0.821732 0)
(1.21209 0.821727 0)
(1.2289 0.818587 0)
(1.25383 0.815031 0)
(1.28332 0.814372 0)
(1.31918 0.814941 0)
(1.35735 0.817331 0)
(1.40495 0.819988 0)
(1.45182 0.824012 0)
(3 7.7686e-18 0)
(3 -7.42441e-17 0)
(3 1.04853e-17 0)
(3 4.61064e-17 0)
(3 -2.21862e-16 0)
(3 -7.28771e-16 0)
(3 -7.62968e-16 0)
(3 -6.62286e-16 0)
(3 -4.53578e-16 0)
(3 -2.84407e-16 0)
(3 -1.40013e-16 0)
(3 3.00771e-16 0)
(3 3.24034e-16 0)
(3 -5.97517e-16 0)
(3 -8.77239e-16 0)
(3 -2.13506e-16 0)
(3 9.50604e-16 0)
(3 1.92476e-16 0)
(3 -8.14365e-16 0)
(3 -8.02765e-16 0)
(3 -5.20476e-17 0)
(3 2.90584e-16 0)
(3 4.61635e-16 0)
(3 4.72011e-14 0)
(3 -5.29566e-11 0)
(3 3.15174e-12 0)
(3.00021 0.000141021 0)
(2.94353 0.155385 0)
(1.5834 0.807107 0)
(1.22802 0.834186 0)
(1.2346 0.827695 0)
(1.23849 0.833777 0)
(1.24979 0.836587 0)
(1.26482 0.836736 0)
(1.28737 0.833633 0)
(1.31397 0.8293 0)
(1.34542 0.824225 0)
(1.37896 0.821697 0)
(1.42242 0.820326 0)
(1.4646 0.821802 0)
(3 2.50843e-17 0)
(3 -4.08457e-17 0)
(3 -1.19165e-17 0)
(3 -9.58583e-17 0)
(3 1.00395e-16 0)
(3 8.71072e-17 0)
(3 -1.99041e-16 0)
(3 -2.53984e-16 0)
(3 -2.8069e-16 0)
(3 -1.48205e-16 0)
(3 -8.19081e-17 0)
(3 6.12555e-16 0)
(3 6.07464e-16 0)
(3 2.82862e-16 0)
(3 4.20519e-16 0)
(3 4.30617e-16 0)
(3 7.69816e-16 0)
(3 3.8744e-16 0)
(3 1.85297e-17 0)
(3 5.39088e-17 0)
(3 1.02631e-16 0)
(3 4.49684e-17 0)
(3 -4.24583e-16 0)
(3 -3.50272e-16 0)
(3 -2.78682e-13 0)
(3 -6.78635e-13 0)
(3 7.31454e-08 0)
(3.00499 0.00580641 0)
(2.6131 0.459673 0)
(1.38944 0.858471 0)
(1.26366 0.841152 0)
(1.28227 0.84115 0)
(1.2888 0.851065 0)
(1.30008 0.856006 0)
(1.31771 0.856369 0)
(1.33979 0.852535 0)
(1.36656 0.845782 0)
(1.39612 0.839751 0)
(1.43469 0.834092 0)
(1.47366 0.830541 0)
(3 -2.91566e-17 0)
(3 -1.95985e-17 0)
(3 -1.36148e-16 0)
(3 -9.19154e-17 0)
(3 2.01858e-16 0)
(3 4.20873e-16 0)
(3 1.63059e-16 0)
(3 1.16364e-16 0)
(3 4.29524e-16 0)
(3 6.48906e-16 0)
(3 9.79758e-16 0)
(3 1.51338e-15 0)
(3 1.59025e-15 0)
(3 1.78167e-15 0)
(3 8.11352e-16 0)
(3 -2.84155e-17 0)
(3 -4.48639e-16 0)
(3 -3.95096e-16 0)
(3 4.90853e-16 0)
(3 5.61552e-16 0)
(3 4.9507e-16 0)
(3 -3.70255e-17 0)
(3 -1.12584e-15 0)
(3 -6.70822e-16 0)
(3 -1.49981e-15 0)
(3 -3.79741e-13 0)
(3 2.47029e-12 0)
(3.00001 4.6846e-05 0)
(3.02459 0.0269806 0)
(1.97099 0.714683 0)
(1.31583 0.858494 0)
(1.31187 0.860354 0)
(1.3231 0.862076 0)
(1.33316 0.868936 0)
(1.34745 0.872697 0)
(1.36482 0.872869 0)
(1.38763 0.867818 0)
(1.41407 0.861272 0)
(1.44792 0.853676 0)
(1.48371 0.846248 0)
(3 2.79039e-17 0)
(3 4.46299e-17 0)
(3 1.4093e-16 0)
(3 2.33836e-16 0)
(3 3.46317e-16 0)
(3 6.02952e-16 0)
(3 5.76954e-16 0)
(3 5.82451e-16 0)
(3 4.97035e-16 0)
(3 7.62765e-16 0)
(3 1.84918e-15 0)
(3 2.54542e-15 0)
(3 2.61972e-15 0)
(3 2.34856e-15 0)
(3 7.80158e-16 0)
(3 7.02396e-16 0)
(3 2.31016e-16 0)
(3 9.72801e-17 0)
(3 3.28019e-16 0)
(3 4.74247e-16 0)
(3 2.87383e-16 0)
(3 2.22414e-16 0)
(3 1.08535e-17 0)
(3 -1.24651e-16 0)
(3 -2.84437e-16 0)
(3 -7.91942e-14 0)
(3 -1.60657e-13 0)
(3 1.75377e-08 0)
(3.00054 0.000669335 0)
(2.90792 0.184128 0)
(1.70084 0.818728 0)
(1.34794 0.876774 0)
(1.35848 0.872917 0)
(1.36794 0.876626 0)
(1.38008 0.878588 0)
(1.39502 0.879285 0)
(1.41413 0.877622 0)
(1.43737 0.874428 0)
(1.46634 0.868582 0)
(1.49711 0.86214 0)
(3 8.09852e-17 0)
(3 3.93129e-16 0)
(3 4.10494e-16 0)
(3 2.79382e-16 0)
(3 3.50655e-16 0)
(3 5.53644e-16 0)
(3 4.91427e-16 0)
(3 2.76883e-16 0)
(3 5.57398e-17 0)
(3 1.54193e-16 0)
(3 1.67033e-16 0)
(3 1.66029e-16 0)
(3 3.56173e-16 0)
(3 3.18617e-16 0)
(3 2.39385e-16 0)
(3 4.90364e-16 0)
(3 7.20101e-16 0)
(3 1.01332e-15 0)
(3 4.48217e-16 0)
(3 6.19442e-16 0)
(3 4.62858e-17 0)
(3 3.49074e-16 0)
(3 7.62704e-16 0)
(3 4.81156e-16 0)
(3 1.36021e-16 0)
(3 -4.0312e-15 0)
(3 -4.63783e-14 0)
(3 2.18598e-12 0)
(3 7.91955e-07 0)
(3.00285 0.00840177 0)
(2.66806 0.399233 0)
(1.57558 0.878684 0)
(1.37821 0.892278 0)
(1.39892 0.886201 0)
(1.41164 0.887144 0)
(1.4257 0.888193 0)
(1.44338 0.885929 0)
(1.46418 0.882615 0)
(1.48815 0.878492 0)
(1.51397 0.875023 0)
(3 3.36288e-17 0)
(3 2.65149e-17 0)
(3 -1.79534e-16 0)
(3 -2.51967e-16 0)
(3 -3.72782e-16 0)
(3 -6.22523e-16 0)
(3 -7.01941e-16 0)
(3 -6.31747e-16 0)
(3 -7.60821e-16 0)
(3 -8.80573e-16 0)
(3 -1.407e-15 0)
(3 -2.05298e-15 0)
(3 -1.53906e-15 0)
(3 -9.56481e-16 0)
(3 -9.31639e-17 0)
(3 -8.05318e-17 0)
(3 -1.31238e-16 0)
(3 5.2364e-16 0)
(3 1.55185e-16 0)
(3 -1.06546e-16 0)
(3 1.28669e-16 0)
(3 3.97498e-17 0)
(3 1.68567e-16 0)
(3 -6.68176e-17 0)
(3 7.88191e-16 0)
(3 1.35296e-15 0)
(3 -1.33221e-15 0)
(3 -1.09905e-15 0)
(3 1.00585e-10 0)
(3 6.66173e-05 0)
(3.00375 0.0267124 0)
(2.36617 0.601184 0)
(1.49791 0.912436 0)
(1.41274 0.89787 0)
(1.44123 0.892334 0)
(1.45627 0.890944 0)
(1.47451 0.886705 0)
(1.4925 0.884618 0)
(1.51336 0.880164 0)
(1.53622 0.876167 0)
(3 -1.08225e-16 0)
(3 -2.41499e-16 0)
(3 -3.81437e-16 0)
(3 -4.07039e-16 0)
(3 -5.15167e-16 0)
(3 -9.48907e-16 0)
(3 -8.95027e-16 0)
(3 -8.56789e-16 0)
(3 -1.19056e-15 0)
(3 -1.25268e-15 0)
(3 -1.19123e-15 0)
(3 -1.36858e-15 0)
(3 -8.78496e-16 0)
(3 -9.1063e-16 0)
(3 -7.05259e-16 0)
(3 -4.91832e-16 0)
(3 -4.93996e-16 0)
(3 -1.69955e-15 0)
(3 -1.6182e-15 0)
(3 -1.36104e-15 0)
(3 -2.61336e-16 0)
(3 2.28784e-16 0)
(3 -4.81605e-17 0)
(3 -5.06683e-16 0)
(3 -6.06081e-16 0)
(3 -2.56248e-16 0)
(3 7.2106e-16 0)
(3 8.83008e-17 0)
(3 1.44459e-14 0)
(3 2.81797e-08 0)
(3.00006 0.000576954 0)
(2.98354 0.0754225 0)
(2.09576 0.74145 0)
(1.46768 0.912293 0)
(1.45749 0.91315 0)
(1.48041 0.904552 0)
(1.49993 0.897107 0)
(1.51801 0.891361 0)
(1.53947 0.882989 0)
(1.55936 0.879001 0)
(3 2.25035e-17 0)
(3 -7.82892e-18 0)
(3 7.7823e-17 0)
(3 3.24417e-16 0)
(3 7.69801e-17 0)
(3 6.45898e-18 0)
(3 8.55256e-17 0)
(3 -4.72791e-17 0)
(3 -1.28579e-16 0)
(3 -4.98389e-16 0)
(3 -3.86279e-16 0)
(3 -3.61611e-16 0)
(3 -1.25562e-15 0)
(3 -1.56577e-15 0)
(3 -1.15784e-15 0)
(3 -7.64883e-16 0)
(3 -4.63592e-16 0)
(3 -8.11969e-16 0)
(3 -1.11012e-15 0)
(3 -4.34681e-16 0)
(3 -2.88522e-17 0)
(3 1.09696e-16 0)
(3 9.69923e-18 0)
(3 -7.68236e-16 0)
(3 -8.94488e-16 0)
(3 -5.72071e-16 0)
(3 2.73737e-16 0)
(3 -7.00711e-17 0)
(3 -1.11419e-15 0)
(3 6.77742e-12 0)
(3 5.70737e-07 0)
(3.00031 0.00273572 0)
(2.90789 0.178933 0)
(1.90822 0.814343 0)
(1.49746 0.923383 0)
(1.4956 0.924267 0)
(1.52087 0.914485 0)
(1.54007 0.905688 0)
(1.56028 0.895644 0)
(1.57949 0.888141 0)
(3 2.78359e-17 0)
(3 4.55277e-17 0)
(3 7.18557e-17 0)
(3 3.03753e-16 0)
(3 2.20381e-16 0)
(3 -1.82527e-16 0)
(3 -1.31695e-16 0)
(3 5.32861e-16 0)
(3 5.73477e-16 0)
(3 2.17962e-16 0)
(3 -6.08877e-16 0)
(3 -1.23388e-15 0)
(3 -1.44438e-15 0)
(3 -1.48247e-15 0)
(3 -1.34768e-15 0)
(3 -5.58551e-16 0)
(3 -1.62563e-16 0)
(3 -2.78568e-16 0)
(3 1.20269e-17 0)
(3 2.86372e-16 0)
(3 1.05618e-16 0)
(3 -2.70823e-16 0)
(3 -5.00776e-16 0)
(3 5.83138e-17 0)
(3 -1.88956e-17 0)
(3 -2.54674e-16 0)
(3 -7.27563e-16 0)
(3 -7.3902e-16 0)
(3 -1.02519e-15 0)
(3 3.56345e-16 0)
(3 1.97173e-10 0)
(3 6.72312e-06 0)
(3.00005 0.00901208 0)
(2.78255 0.300142 0)
(1.81201 0.863229 0)
(1.52983 0.939357 0)
(1.53284 0.937925 0)
(1.55799 0.92553 0)
(1.57873 0.913402 0)
(1.59737 0.902429 0)
(3 -1.2266e-16 0)
(3 -1.03466e-16 0)
(3 -1.88061e-18 0)
(3 -2.29992e-16 0)
(3 -3.10191e-16 0)
(3 -8.68616e-16 0)
(3 -2.65032e-16 0)
(3 2.02223e-16 0)
(3 3.96164e-16 0)
(3 -2.15059e-16 0)
(3 -9.30979e-16 0)
(3 -9.82526e-16 0)
(3 -9.54943e-16 0)
(3 -8.09699e-16 0)
(3 -9.89847e-16 0)
(3 -6.60687e-16 0)
(3 -8.54011e-17 0)
(3 1.04232e-15 0)
(3 1.54128e-15 0)
(3 3.58499e-16 0)
(3 -9.13637e-16 0)
(3 -9.52892e-16 0)
(3 -6.66487e-16 0)
(3 -6.10082e-18 0)
(3 -2.83981e-16 0)
(3 -7.15216e-16 0)
(3 -9.29302e-16 0)
(3 -7.19381e-16 0)
(3 -2.30141e-16 0)
(3 -6.78135e-16 0)
(3 1.65376e-14 0)
(3 2.97878e-09 0)
(2.99999 5.32978e-05 0)
(2.99762 0.0194951 0)
(2.64844 0.409517 0)
(1.77057 0.893818 0)
(1.56216 0.952413 0)
(1.56753 0.949354 0)
(1.59384 0.934923 0)
(1.61367 0.921071 0)
(3 1.72028e-16 0)
(3 2.37466e-16 0)
(3 3.57169e-16 0)
(3 1.62654e-16 0)
(3 -1.79676e-16 0)
(3 6.73779e-17 0)
(3 5.21732e-16 0)
(3 4.30613e-17 0)
(3 1.56232e-16 0)
(3 -3.81845e-16 0)
(3 -4.53193e-16 0)
(3 -4.08715e-16 0)
(3 -2.56799e-16 0)
(3 1.73401e-16 0)
(3 2.41107e-16 0)
(3 -1.63062e-16 0)
(3 -5.43814e-16 0)
(3 5.58776e-16 0)
(3 4.5512e-16 0)
(3 2.38902e-17 0)
(3 -1.72757e-16 0)
(3 -3.37279e-16 0)
(3 -2.6336e-16 0)
(3 -2.34088e-16 0)
(3 -1.02914e-16 0)
(3 -3.53793e-16 0)
(3 -1.50769e-16 0)
(3 -2.52091e-16 0)
(3 -1.69671e-16 0)
(3 -2.02265e-16 0)
(3 2.74804e-16 0)
(3 3.02301e-13 0)
(3 3.41674e-08 0)
(2.99997 0.000218011 0)
(2.99067 0.0338606 0)
(2.54054 0.492105 0)
(1.75978 0.912422 0)
(1.59493 0.961759 0)
(1.60115 0.958201 0)
(1.62632 0.942792 0)
(3 1.01653e-16 0)
(3 3.04888e-16 0)
(3 9.73594e-17 0)
(3 -5.2001e-17 0)
(3 1.15036e-16 0)
(3 5.54263e-16 0)
(3 6.43123e-16 0)
(3 7.33675e-17 0)
(3 -2.35482e-16 0)
(3 -2.34357e-16 0)
(3 1.31415e-16 0)
(3 7.18362e-16 0)
(3 1.38701e-15 0)
(3 1.37332e-15 0)
(3 1.28462e-15 0)
(3 9.07683e-16 0)
(3 6.83934e-16 0)
(3 3.92497e-16 0)
(3 -6.94439e-17 0)
(3 5.41039e-16 0)
(3 6.85384e-16 0)
(3 5.08105e-16 0)
(3 3.74802e-16 0)
(3 5.44693e-17 0)
(3 -3.46464e-16 0)
(3 -1.17215e-15 0)
(3 -1.25264e-15 0)
(3 -9.85094e-16 0)
(3 -8.38188e-16 0)
(3 -4.48586e-16 0)
(3 -9.94087e-17 0)
(3 6.47723e-16 0)
(3 6.29016e-12 0)
(3 1.94461e-07 0)
(2.99991 0.000579831 0)
(2.98002 0.0502868 0)
(2.46827 0.54653 0)
(1.76518 0.924155 0)
(1.62729 0.96815 0)
(1.63306 0.965063 0)
(3 -2.54328e-16 0)
(3 -3.38495e-16 0)
(3 -5.98335e-16 0)
(3 -6.70853e-16 0)
(3 6.27052e-18 0)
(3 2.40173e-16 0)
(3 5.21209e-18 0)
(3 6.70084e-17 0)
(3 -2.97235e-16 0)
(3 -1.9804e-16 0)
(3 2.72381e-16 0)
(3 5.74092e-16 0)
(3 1.22042e-15 0)
(3 9.49955e-16 0)
(3 7.69936e-16 0)
(3 7.4518e-16 0)
(3 8.14573e-16 0)
(3 8.20482e-16 0)
(3 7.21543e-16 0)
(3 6.77592e-16 0)
(3 7.00536e-16 0)
(3 8.83537e-16 0)
(3 1.09036e-15 0)
(3 8.63994e-16 0)
(3 -1.27742e-16 0)
(3 -1.07764e-15 0)
(3 -1.72621e-15 0)
(3 -1.01818e-15 0)
(3 -8.6841e-16 0)
(3 -7.77664e-16 0)
(3 -4.09034e-16 0)
(3 -3.33096e-16 0)
(3 7.49393e-16 0)
(3 5.55455e-11 0)
(3 6.93297e-07 0)
(2.9998 0.00113226 0)
(2.96949 0.0647135 0)
(2.42036 0.577823 0)
(1.78898 0.929983 0)
(1.65963 0.971218 0)
(3 -2.6474e-17 0)
(3 -1.66357e-16 0)
(3 -3.88513e-16 0)
(3 -4.32125e-16 0)
(3 -2.96159e-16 0)
(3 -3.96316e-16 0)
(3 1.35743e-16 0)
(3 -6.72549e-17 0)
(3 -4.10742e-16 0)
(3 -1.67828e-16 0)
(3 -1.22928e-16 0)
(3 -1.78136e-16 0)
(3 2.00867e-16 0)
(3 2.37382e-16 0)
(3 2.26018e-16 0)
(3 -2.27051e-16 0)
(3 -4.10714e-16 0)
(3 2.00284e-16 0)
(3 9.59624e-16 0)
(3 6.79147e-16 0)
(3 4.64964e-16 0)
(3 3.5719e-16 0)
(3 4.40468e-16 0)
(3 4.94281e-16 0)
(3 3.39257e-16 0)
(3 -2.17004e-16 0)
(3 -5.33736e-16 0)
(3 -7.3827e-16 0)
(3 -3.59536e-16 0)
(3 -3.41812e-16 0)
(3 -1.09997e-16 0)
(3 2.09825e-16 0)
(3 -1.88427e-16 0)
(3 2.61141e-15 0)
(3 2.59811e-10 0)
(3 1.81632e-06 0)
(2.9997 0.00163819 0)
(2.95352 0.0795367 0)
(2.44089 0.585535 0)
(1.78387 0.945068 0)
(3 1.68322e-16 0)
(3 9.52286e-17 0)
(3 -2.44862e-16 0)
(3 -1.22565e-16 0)
(3 1.34031e-16 0)
(3 4.32187e-17 0)
(3 1.16138e-16 0)
(3 1.66905e-16 0)
(3 2.25746e-16 0)
(3 -4.36953e-16 0)
(3 -7.39962e-16 0)
(3 -8.93366e-17 0)
(3 -7.34632e-16 0)
(3 -1.04892e-15 0)
(3 -2.96079e-16 0)
(3 2.73722e-16 0)
(3 1.1051e-16 0)
(3 -9.61532e-17 0)
(3 1.61776e-16 0)
(3 2.72135e-16 0)
(3 2.76962e-17 0)
(3 -1.99783e-16 0)
(3 -1.86834e-16 0)
(3 1.26349e-16 0)
(3 1.95902e-16 0)
(3 6.21167e-17 0)
(3 -1.60904e-16 0)
(3 -4.33897e-16 0)
(3 -4.57536e-16 0)
(3 5.18991e-18 0)
(3 7.21087e-16 0)
(3 1.01678e-15 0)
(3 8.31304e-16 0)
(3 6.07983e-16 0)
(3 1.42196e-14 0)
(3 9.07785e-10 0)
(3 2.62808e-06 0)
(2.99931 0.00254807 0)
(2.97496 0.0696633 0)
(2.31401 0.68281 0)
(3 -2.24735e-17 0)
(3 3.97141e-17 0)
(3 6.0204e-17 0)
(3 4.17281e-16 0)
(3 7.98915e-16 0)
(3 1.38765e-15 0)
(3 1.12973e-15 0)
(3 7.79486e-16 0)
(3 5.63684e-16 0)
(3 1.29685e-16 0)
(3 -2.47012e-16 0)
(3 -3.22215e-16 0)
(3 -5.28026e-16 0)
(3 -5.08472e-16 0)
(3 -4.28439e-16 0)
(3 4.61329e-16 0)
(3 7.47315e-16 0)
(3 4.67433e-16 0)
(3 2.74754e-16 0)
(3 1.48507e-16 0)
(3 6.39536e-17 0)
(3 -2.18034e-16 0)
(3 -7.13175e-16 0)
(3 -2.10375e-16 0)
(3 5.74473e-16 0)
(3 9.1807e-16 0)
(3 1.00883e-15 0)
(3 3.42808e-16 0)
(3 6.89837e-16 0)
(3 1.10985e-15 0)
(3 1.65405e-15 0)
(3 1.76413e-15 0)
(3 1.53675e-15 0)
(3 1.41139e-15 0)
(3 1.69452e-16 0)
(3 4.56522e-14 0)
(3 1.61767e-09 0)
(3 4.78411e-06 0)
(2.9998 0.00246332 0)
(2.96066 0.106342 0)
(3 -3.54442e-17 0)
(3 7.59237e-17 0)
(3 3.76026e-16 0)
(3 4.24425e-16 0)
(3 3.04088e-16 0)
(3 7.76499e-16 0)
(3 6.746e-16 0)
(3 2.69583e-16 0)
(3 4.1616e-16 0)
(3 4.79456e-16 0)
(3 1.58991e-16 0)
(3 -6.35185e-16 0)
(3 -4.29697e-16 0)
(3 -3.15277e-17 0)
(3 -3.53661e-17 0)
(3 4.90133e-16 0)
(3 6.48034e-16 0)
(3 6.47781e-16 0)
(3 -5.82946e-17 0)
(3 -8.54871e-17 0)
(3 1.14178e-16 0)
(3 1.34389e-16 0)
(3 -2.66634e-16 0)
(3 -2.42802e-16 0)
(3 5.97014e-16 0)
(3 1.67358e-15 0)
(3 2.48855e-15 0)
(3 2.12184e-15 0)
(3 9.1925e-16 0)
(3 9.21543e-16 0)
(3 9.11613e-16 0)
(3 9.04284e-16 0)
(3 7.86937e-16 0)
(3 5.54156e-16 0)
(3 1.31445e-16 0)
(3 -5.88642e-16 0)
(3 1.43192e-13 0)
(3 1.86012e-09 0)
(3 9.963e-06 0)
(3.00396 0.00104961 0)
(3 -1.01297e-16 0)
(3 -1.53007e-16 0)
(3 9.52279e-17 0)
(3 2.96761e-16 0)
(3 3.10744e-16 0)
(3 1.18627e-16 0)
(3 -3.21984e-16 0)
(3 -6.62191e-16 0)
(3 -2.63928e-16 0)
(3 1.33182e-16 0)
(3 -4.3307e-16 0)
(3 -9.72741e-16 0)
(3 -7.53514e-16 0)
(3 -3.66501e-16 0)
(3 2.27802e-16 0)
(3 2.79343e-16 0)
(3 3.89926e-16 0)
(3 1.41585e-16 0)
(3 -2.88191e-16 0)
(3 -3.04998e-16 0)
(3 -1.90703e-16 0)
(3 5.94629e-16 0)
(3 1.82674e-15 0)
(3 1.72794e-15 0)
(3 1.80355e-15 0)
(3 1.98285e-15 0)
(3 2.04654e-15 0)
(3 1.8758e-15 0)
(3 1.1803e-15 0)
(3 1.1237e-15 0)
(3 2.71113e-17 0)
(3 -5.51944e-16 0)
(3 -3.88308e-16 0)
(3 -1.64681e-16 0)
(3 -4.71115e-17 0)
(3 -3.15474e-16 0)
(3 3.65703e-16 0)
(3 1.12687e-13 0)
(3 8.07804e-09 0)
(3.00002 5.02488e-07 0)
(3 -7.286e-17 0)
(3 6.16935e-17 0)
(3 2.52875e-16 0)
(3 5.26593e-16 0)
(3 4.79775e-16 0)
(3 1.08719e-16 0)
(3 -2.76507e-16 0)
(3 -6.05855e-16 0)
(3 -1.05745e-15 0)
(3 -1.05711e-15 0)
(3 -7.77439e-16 0)
(3 -9.74207e-16 0)
(3 -8.73311e-16 0)
(3 -9.37708e-16 0)
(3 -7.81688e-17 0)
(3 2.70005e-16 0)
(3 1.30132e-16 0)
(3 1.43441e-16 0)
(3 2.34554e-16 0)
(3 2.82648e-16 0)
(3 6.85992e-16 0)
(3 1.3843e-15 0)
(3 1.44216e-15 0)
(3 1.33014e-15 0)
(3 1.20157e-15 0)
(3 1.11058e-15 0)
(3 1.00136e-15 0)
(3 1.22708e-15 0)
(3 1.07121e-15 0)
(3 6.65294e-16 0)
(3 9.94497e-16 0)
(3 2.96354e-16 0)
(3 8.97534e-17 0)
(3 5.9988e-17 0)
(3 -1.98159e-16 0)
(3 -3.48555e-16 0)
(3 1.07549e-16 0)
(3 -6.94491e-16 0)
(3 2.40083e-12 0)
(3 -1.8973e-10 0)
(3 1.43657e-16 0)
(3 1.68563e-16 0)
(3 2.56477e-16 0)
(3 2.44774e-16 0)
(3 -6.97247e-16 0)
(3 -8.05527e-16 0)
(3 -4.68266e-16 0)
(3 -3.69068e-16 0)
(3 -5.2082e-16 0)
(3 -8.67382e-16 0)
(3 -5.6359e-16 0)
(3 4.85015e-16 0)
(3 5.44661e-16 0)
(3 4.31363e-17 0)
(3 -3.05893e-16 0)
(3 -3.86364e-16 0)
(3 -3.51943e-16 0)
(3 1.61874e-16 0)
(3 3.33716e-16 0)
(3 6.08796e-16 0)
(3 5.51296e-16 0)
(3 1.62735e-16 0)
(3 -4.56138e-16 0)
(3 -3.89581e-16 0)
(3 2.29112e-16 0)
(3 3.0683e-16 0)
(3 9.19169e-17 0)
(3 4.32946e-16 0)
(3 5.18165e-16 0)
(3 2.27525e-16 0)
(3 5.20596e-16 0)
(3 1.46464e-15 0)
(3 1.18209e-15 0)
(3 2.92874e-16 0)
(3 -1.16311e-16 0)
(3 5.02744e-17 0)
(3 3.54052e-16 0)
(3 7.08266e-17 0)
(3 1.36349e-16 0)
(3 -2.74374e-10 0)
(3 -4.54649e-17 0)
(3 -3.39141e-17 0)
(3 -2.91117e-16 0)
(3 -4.97683e-16 0)
(3 -6.15919e-16 0)
(3 -4.9784e-16 0)
(3 -1.98607e-16 0)
(3 4.17621e-16 0)
(3 8.96069e-16 0)
(3 9.30462e-16 0)
(3 7.61174e-16 0)
(3 9.06084e-16 0)
(3 9.50104e-16 0)
(3 8.59341e-16 0)
(3 -3.7338e-17 0)
(3 -7.5835e-16 0)
(3 5.72259e-16 0)
(3 8.28425e-16 0)
(3 7.8367e-16 0)
(3 2.93013e-16 0)
(3 -3.69597e-16 0)
(3 -9.51279e-16 0)
(3 -9.4763e-16 0)
(3 -5.9048e-16 0)
(3 1.24856e-16 0)
(3 2.97468e-16 0)
(3 2.47341e-16 0)
(3 5.32597e-17 0)
(3 3.34587e-16 0)
(3 3.3444e-16 0)
(3 5.51895e-16 0)
(3 5.05781e-16 0)
(3 8.6109e-17 0)
(3 -1.2012e-16 0)
(3 5.12701e-17 0)
(3 9.54365e-16 0)
(3 8.26047e-16 0)
(3 1.93224e-16 0)
(3 -2.55006e-16 0)
(3 -4.21623e-11 0)
(3 -6.65399e-17 0)
(3 -4.8427e-17 0)
(3 -3.16245e-16 0)
(3 -2.81617e-16 0)
(3 -2.0228e-17 0)
(3 1.46358e-16 0)
(3 3.37708e-16 0)
(3 1.27875e-15 0)
(3 1.70597e-15 0)
(3 1.51464e-15 0)
(3 1.57167e-15 0)
(3 1.70165e-15 0)
(3 1.26219e-15 0)
(3 1.50845e-15 0)
(3 4.96904e-16 0)
(3 3.17152e-16 0)
(3 3.14689e-16 0)
(3 1.22975e-16 0)
(3 1.81333e-16 0)
(3 -2.15127e-16 0)
(3 -8.26361e-16 0)
(3 -6.88275e-16 0)
(3 -3.42171e-16 0)
(3 1.03031e-16 0)
(3 4.30418e-16 0)
(3 1.71652e-16 0)
(3 -4.35432e-16 0)
(3 -3.27745e-16 0)
(3 1.7863e-16 0)
(3 2.98569e-16 0)
(3 -1.04524e-15 0)
(3 -1.85361e-15 0)
(3 -1.28106e-15 0)
(3 -2.75325e-16 0)
(3 5.08154e-16 0)
(3 1.00699e-15 0)
(3 5.86775e-16 0)
(3 2.63841e-16 0)
(3 -6.82876e-17 0)
(3 -1.7969e-12 0)
(3 4.46194e-17 0)
(3 5.34776e-17 0)
(3 2.46535e-16 0)
(3 9.13177e-17 0)
(3 2.19221e-16 0)
(3 7.40014e-16 0)
(3 8.60444e-16 0)
(3 6.99401e-16 0)
(3 7.92785e-16 0)
(3 7.65781e-16 0)
(3 8.92187e-16 0)
(3 4.81392e-16 0)
(3 5.78768e-16 0)
(3 7.16478e-16 0)
(3 4.13501e-16 0)
(3 7.30132e-16 0)
(3 1.83197e-16 0)
(3 -1.13359e-17 0)
(3 2.13475e-16 0)
(3 -5.5897e-16 0)
(3 -8.23945e-16 0)
(3 -1.98497e-16 0)
(3 2.68994e-16 0)
(3 5.98137e-16 0)
(3 4.72802e-16 0)
(3 2.17844e-16 0)
(3 -3.54903e-17 0)
(3 1.47637e-16 0)
(3 3.3978e-16 0)
(3 -2.63668e-17 0)
(3 -9.87935e-16 0)
(3 -1.4286e-15 0)
(3 -1.42733e-15 0)
(3 -1.07623e-15 0)
(3 -2.68244e-16 0)
(3 1.02157e-15 0)
(3 1.2812e-15 0)
(3 8.49981e-16 0)
(3 4.01817e-16 0)
(3 2.33227e-16 0)
(3 4.43628e-17 0)
(3 -5.03379e-18 0)
(3 1.00101e-16 0)
(3 1.17837e-16 0)
(3 3.85562e-16 0)
(3 3.2485e-16 0)
(3 1.88872e-16 0)
(3 4.36237e-16 0)
(3 6.00766e-16 0)
(3 1.23747e-15 0)
(3 1.20925e-15 0)
(3 7.97873e-16 0)
(3 6.65353e-16 0)
(3 2.8016e-16 0)
(3 -1.86818e-16 0)
(3 -2.19132e-16 0)
(3 -2.40155e-16 0)
(3 -5.93411e-17 0)
(3 -2.81839e-16 0)
(3 -5.22206e-16 0)
(3 -8.01136e-16 0)
(3 -7.82891e-16 0)
(3 -3.57935e-16 0)
(3 -2.31589e-16 0)
(3 3.48851e-17 0)
(3 6.63894e-16 0)
(3 9.53566e-16 0)
(3 9.82599e-16 0)
(3 1.10743e-15 0)
(3 1.23459e-15 0)
(3 -5.23235e-17 0)
(3 -1.21833e-15 0)
(3 -1.2895e-15 0)
(3 2.12156e-16 0)
(3 6.05055e-16 0)
(3 1.73439e-15 0)
(3 1.89731e-15 0)
(3 1.29669e-15 0)
(3 7.6122e-16 0)
(3 8.05286e-16 0)
(3 2.60217e-17 0)
(3 -1.05355e-16 0)
(3 -5.92001e-16 0)
(3 -1.49421e-16 0)
(3 -3.31414e-16 0)
(3 -1.1312e-15 0)
(3 -1.11305e-15 0)
(3 -5.63157e-16 0)
(3 1.56001e-16 0)
(3 6.88201e-16 0)
(3 6.74118e-16 0)
(3 1.07799e-15 0)
(3 1.2878e-15 0)
(3 1.02951e-15 0)
(3 6.73615e-16 0)
(3 -3.29908e-16 0)
(3 -6.14685e-16 0)
(3 -5.82364e-16 0)
(3 -5.23751e-16 0)
(3 -3.04859e-16 0)
(3 -3.57404e-16 0)
(3 -4.08124e-16 0)
(3 -8.10283e-16 0)
(3 -1.45533e-15 0)
(3 -1.10426e-15 0)
(3 2.96541e-16 0)
(3 1.00283e-15 0)
(3 7.63732e-16 0)
(3 9.84454e-16 0)
(3 1.35759e-15 0)
(3 1.26816e-15 0)
(3 -3.54618e-16 0)
(3 -4.31122e-16 0)
(3 -1.69767e-16 0)
(3 1.02883e-15 0)
(3 1.07924e-15 0)
(3 1.04736e-15 0)
(3 9.48398e-16 0)
(3 5.56313e-16 0)
(3 6.87242e-16 0)
(3 -1.11091e-17 0)
(3 -6.48083e-17 0)
(3 -1.36339e-17 0)
(3 -7.51479e-17 0)
(3 -5.46511e-16 0)
(3 -1.13627e-15 0)
(3 -1.08339e-15 0)
(3 -1.17857e-15 0)
(3 -5.21327e-16 0)
(3 4.06863e-16 0)
(3 1.01406e-15 0)
(3 1.25874e-15 0)
(3 1.48197e-15 0)
(3 1.65617e-15 0)
(3 1.21933e-15 0)
(3 5.90295e-16 0)
(3 4.35655e-16 0)
(3 -1.72364e-16 0)
(3 -2.50363e-16 0)
(3 -4.22332e-17 0)
(3 6.13504e-16 0)
(3 6.08428e-16 0)
(3 -3.18959e-16 0)
(3 -1.46564e-15 0)
(3 -2.10848e-15 0)
(3 -1.77662e-15 0)
(3 -1.22137e-15 0)
(3 -6.2984e-16 0)
(3 -5.20766e-17 0)
(3 2.63517e-17 0)
(3 1.07861e-15 0)
(3 1.27012e-15 0)
(3 7.95774e-16 0)
(3 6.89554e-16 0)
(3 1.00439e-15 0)
(3 8.87142e-16 0)
(3 7.89519e-16 0)
(3 9.97695e-16 0)
(3 3.42157e-16 0)
(3 6.21103e-16 0)
(3 -5.08945e-17 0)
(3 2.13271e-17 0)
(3 2.15213e-16 0)
(3 1.63913e-17 0)
(3 -1.9409e-16 0)
(3 -5.43029e-16 0)
(3 -4.66714e-16 0)
(3 1.19412e-16 0)
(3 4.65073e-16 0)
(3 8.34188e-16 0)
(3 9.25765e-16 0)
(3 8.25029e-16 0)
(3 7.037e-16 0)
(3 8.40052e-16 0)
(3 4.93711e-16 0)
(3 3.21382e-16 0)
(3 2.21123e-16 0)
(3 -1.43136e-16 0)
(3 -2.54481e-16 0)
(3 1.37503e-16 0)
(3 3.27466e-16 0)
(3 2.0797e-16 0)
(3 -2.43836e-16 0)
(3 -1.14015e-15 0)
(3 -1.3037e-15 0)
(3 -8.61238e-16 0)
(3 -6.18214e-16 0)
(3 -2.14868e-16 0)
(3 -5.66938e-16 0)
(3 -4.51052e-16 0)
(3 8.28995e-17 0)
(3 8.01891e-16 0)
(3 4.33128e-16 0)
(3 2.82741e-16 0)
(3 4.33539e-16 0)
(3 7.32681e-16 0)
(3 5.97819e-16 0)
(3 2.83533e-16 0)
(3 1.65129e-16 0)
(3 2.78428e-16 0)
(1.26683 1.46757 0)
(1.85755 0.0623992 0)
(2.1305 -0.0779623 0)
(2.16856 -0.0552324 0)
(2.1393 -0.0472246 0)
(2.1088 -0.0440976 0)
(2.11392 -0.0282879 0)
(2.12035 -0.0337999 0)
(2.14565 -0.0270173 0)
(2.16997 -0.0232318 0)
(2.18487 -0.0203606 0)
(2.20126 -0.0159201 0)
(2.24645 -0.0055782 0)
(1.28481 0.0320513 0)
(0.682662 -0.00276556 0)
(0.720686 -0.0284647 0)
(0.854627 -0.043532 0)
(1.01047 -0.03895 0)
(1.14971 -0.0310433 0)
(1.26621 -0.0236085 0)
(1.35217 -0.0174359 0)
(1.41961 -0.0112297 0)
(1.4796 -0.00618287 0)
(1.53696 -0.00265314 0)
(1.5957 -0.0011082 0)
(1.65968 -0.000289953 0)
(1.72562 0.000946315 0)
(1.78009 -0.00090707 0)
(1.82953 -0.00212282 0)
(1.87746 -0.00216247 0)
(1.91939 0.000525185 0)
(1.95465 0.00583377 0)
(1.99119 0.00841272 0)
(2.03161 0.00836996 0)
(2.07283 0.00756016 0)
(2.11511 0.00656594 0)
(2.15566 0.00454343 0)
(2.18881 0.000221836 0)
(2.20519 0.0037606 0)
(2.24504 0.00744517 0)
(1.82564 0.968729 0)
(2.22036 -0.160039 0)
(2.35044 -0.139394 0)
(2.326 -0.108315 0)
(2.29407 -0.0954886 0)
(2.2671 -0.0307335 0)
(2.25888 -0.012869 0)
(2.2529 -0.0344748 0)
(2.2582 -0.0144107 0)
(2.25811 -0.0264304 0)
(2.26019 -0.0174832 0)
(2.26665 -0.00275208 0)
(2.28149 0.0061106 0)
(1.46901 0.0848787 0)
(0.818163 -0.0185822 0)
(0.855242 -0.0597195 0)
(0.981616 -0.0624468 0)
(1.11035 -0.0426682 0)
(1.22554 -0.0226265 0)
(1.32109 -0.0146127 0)
(1.39515 -0.0171486 0)
(1.45457 -0.0179145 0)
(1.50899 -0.0145873 0)
(1.5636 -0.00679103 0)
(1.62015 0.00360158 0)
(1.68003 0.0133164 0)
(1.73897 0.0171368 0)
(1.79163 0.0130282 0)
(1.84018 0.00760737 0)
(1.88633 -0.00023051 0)
(1.92619 -0.00550822 0)
(1.9633 -0.000792677 0)
(2.00115 0.0120736 0)
(2.03797 0.0233424 0)
(2.07591 0.0267868 0)
(2.11596 0.0243188 0)
(2.1551 0.0168644 0)
(2.18888 0.00324543 0)
(2.21194 -0.00288569 0)
(2.25331 0.0116728 0)
(1.88548 0.855302 0)
(2.3183 0.275375 0)
(2.53013 -0.0303538 0)
(2.52625 -0.1391 0)
(2.52561 -0.148488 0)
(2.51098 -0.0787604 0)
(2.49436 -0.0385785 0)
(2.47648 -0.0577085 0)
(2.45725 -0.064566 0)
(2.42457 -0.0616818 0)
(2.40511 -0.0430978 0)
(2.39702 -0.0150844 0)
(2.38439 -0.0189721 0)
(1.87274 0.0361795 0)
(1.13534 -0.0484952 0)
(1.12844 -0.0884126 0)
(1.21967 -0.100075 0)
(1.30321 -0.0941643 0)
(1.38001 -0.0727127 0)
(1.44351 -0.0439802 0)
(1.49229 -0.0308854 0)
(1.5359 -0.0266705 0)
(1.58211 -0.0227356 0)
(1.63126 -0.0200006 0)
(1.68212 -0.0151921 0)
(1.73486 -0.00859798 0)
(1.7837 0.0072176 0)
(1.82966 0.0154491 0)
(1.87094 0.0195551 0)
(1.90693 0.0205753 0)
(1.94356 0.0153573 0)
(1.98276 0.0110587 0)
(2.02152 0.0155662 0)
(2.0572 0.0274187 0)
(2.09216 0.0371192 0)
(2.12749 0.038172 0)
(2.16149 0.030056 0)
(2.19205 0.0162931 0)
(2.21898 0.0111884 0)
(2.26555 0.0193071 0)
(1.79715 0.906772 0)
(2.32284 0.345807 0)
(2.55789 0.100221 0)
(2.62175 -0.2365 0)
(2.65243 -0.206111 0)
(2.64734 -0.162109 0)
(2.62894 -0.100971 0)
(2.60407 -0.0622801 0)
(2.57489 -0.0149159 0)
(2.54456 -0.0341192 0)
(2.52621 -0.0427729 0)
(2.51415 -0.0238676 0)
(2.49448 -0.0286466 0)
(2.18858 -0.239271 0)
(1.4656 -0.00918057 0)
(1.37973 -0.103137 0)
(1.43305 -0.108569 0)
(1.47896 -0.0856831 0)
(1.52522 -0.0626375 0)
(1.56721 -0.0346216 0)
(1.60122 -0.0159852 0)
(1.6362 -0.0121512 0)
(1.67615 -0.0117072 0)
(1.72012 -0.0105566 0)
(1.76512 -0.00881962 0)
(1.80928 -0.00243042 0)
(1.85021 0.00344472 0)
(1.88779 0.00970936 0)
(1.91955 0.0151057 0)
(1.94915 0.0175108 0)
(1.98149 0.0192461 0)
(2.0168 0.0222827 0)
(2.05326 0.026937 0)
(2.08811 0.0333852 0)
(2.11916 0.0404953 0)
(2.14788 0.041036 0)
(2.17614 0.0336038 0)
(2.20541 0.0230767 0)
(2.2351 0.0256779 0)
(2.28355 0.0328122 0)
(1.7659 0.878566 0)
(2.2091 0.525836 0)
(2.47431 0.197226 0)
(2.61037 -0.139146 0)
(2.68821 -0.191203 0)
(2.68598 -0.21653 0)
(2.67294 -0.191969 0)
(2.65203 -0.142841 0)
(2.61129 -0.0745922 0)
(2.59651 -0.0459039 0)
(2.57496 -0.0179688 0)
(2.57478 -0.0143544 0)
(2.56338 -0.0691634 0)
(2.25079 -0.54078 0)
(1.65896 -0.150209 0)
(1.50261 -0.06423 0)
(1.54779 -0.0990004 0)
(1.58235 -0.0969233 0)
(1.61613 -0.0701663 0)
(1.65058 -0.0427498 0)
(1.68062 -0.0243647 0)
(1.71523 -0.00991288 0)
(1.75453 0.000258608 0)
(1.79655 -0.00134967 0)
(1.83737 -0.00603293 0)
(1.87605 -0.00391091 0)
(1.91284 0.00298298 0)
(1.94391 0.015266 0)
(1.96923 0.029144 0)
(1.99486 0.0358067 0)
(2.02431 0.0360866 0)
(2.05675 0.0364968 0)
(2.09105 0.0384118 0)
(2.12462 0.0419708 0)
(2.15314 0.0467714 0)
(2.1756 0.0475317 0)
(2.19777 0.04297 0)
(2.22616 0.0384592 0)
(2.25552 0.0431846 0)
(2.30456 0.0493032 0)
(1.71088 0.880549 0)
(2.14923 0.579376 0)
(2.37947 0.310563 0)
(2.56686 -0.0610582 0)
(2.66126 -0.135648 0)
(2.67989 -0.241092 0)
(2.68256 -0.23338 0)
(2.66918 -0.203014 0)
(2.62892 -0.13984 0)
(2.62462 -0.0943649 0)
(2.59152 -0.0399274 0)
(2.59198 -0.0149234 0)
(2.55716 -0.159606 0)
(2.18278 -0.687692 0)
(1.79803 -0.315333 0)
(1.55517 -0.0969852 0)
(1.59268 -0.0883923 0)
(1.63103 -0.0928038 0)
(1.66314 -0.0779381 0)
(1.69573 -0.046547 0)
(1.72779 -0.0186027 0)
(1.76468 -0.00741758 0)
(1.80485 -0.00306276 0)
(1.84561 0.000499557 0)
(1.88392 0.00248066 0)
(1.92037 0.0052149 0)
(1.95514 0.0104683 0)
(1.98458 0.0217843 0)
(2.0086 0.0376895 0)
(2.03268 0.0514288 0)
(2.06106 0.0602734 0)
(2.09307 0.0611016 0)
(2.1266 0.056299 0)
(2.15847 0.0489281 0)
(2.1853 0.0427229 0)
(2.2057 0.0416322 0)
(2.22475 0.0493111 0)
(2.24953 0.0576397 0)
(2.27692 0.0641865 0)
(2.32494 0.0661413 0)
(1.6778 0.840243 0)
(2.04546 0.644203 0)
(2.30895 0.364722 0)
(2.50219 0.0770308 0)
(2.59082 -0.0408013 0)
(2.6488 -0.217381 0)
(2.67922 -0.242571 0)
(2.67753 -0.238967 0)
(2.64788 -0.195063 0)
(2.64121 -0.140984 0)
(2.60952 -0.0455926 0)
(2.58945 -0.0461381 0)
(2.42054 -0.318111 0)
(2.07597 -0.725347 0)
(1.92816 -0.51978 0)
(1.61741 -0.144474 0)
(1.61681 -0.0827121 0)
(1.65488 -0.0773016 0)
(1.68509 -0.0621844 0)
(1.71922 -0.0346047 0)
(1.75553 -0.0166146 0)
(1.79361 -0.0056981 0)
(1.83329 0.00405401 0)
(1.87371 0.00941179 0)
(1.9113 0.0129858 0)
(1.94633 0.0156228 0)
(1.98007 0.0190406 0)
(2.00997 0.0283182 0)
(2.03498 0.046554 0)
(2.05794 0.06844 0)
(2.08664 0.0786147 0)
(2.12021 0.0766564 0)
(2.15375 0.0669326 0)
(2.18415 0.0545147 0)
(2.20941 0.045814 0)
(2.23042 0.0460632 0)
(2.24962 0.0584689 0)
(2.27214 0.0721188 0)
(2.29681 0.0803011 0)
(2.34177 0.0824847 0)
(1.65165 0.822496 0)
(1.98989 0.655416 0)
(2.23544 0.430384 0)
(2.44191 0.19087 0)
(2.54525 0.0298317 0)
(2.61806 -0.179925 0)
(2.66638 -0.220228 0)
(2.66721 -0.246136 0)
(2.65924 -0.233957 0)
(2.65103 -0.182267 0)
(2.62637 -0.0735634 0)
(2.58845 -0.102435 0)
(2.25934 -0.446795 0)
(2.02249 -0.708341 0)
(1.98659 -0.662911 0)
(1.7899 -0.283417 0)
(1.65142 -0.0850615 0)
(1.67314 -0.0664496 0)
(1.70167 -0.0516372 0)
(1.73582 -0.0249646 0)
(1.77296 -0.000979236 0)
(1.81043 0.00873471 0)
(1.85024 0.0149625 0)
(1.89007 0.0214865 0)
(1.92692 0.028109 0)
(1.96087 0.0316896 0)
(1.99352 0.0359249 0)
(2.02484 0.0435879 0)
(2.05225 0.0564332 0)
(2.07498 0.0747597 0)
(2.09887 0.0885605 0)
(2.13041 0.0884697 0)
(2.1653 0.0787462 0)
(2.19743 0.0645867 0)
(2.22455 0.0557791 0)
(2.24782 0.0581354 0)
(2.26744 0.0725888 0)
(2.28652 0.0916293 0)
(2.30829 0.102891 0)
(2.35271 0.100175 0)
(1.63157 0.810622 0)
(1.92808 0.682339 0)
(2.17772 0.479364 0)
(2.38643 0.280836 0)
(2.49552 0.118469 0)
(2.57231 -0.0681213 0)
(2.6288 -0.161545 0)
(2.64497 -0.230239 0)
(2.66689 -0.231081 0)
(2.66396 -0.213351 0)
(2.65389 -0.137767 0)
(2.53176 -0.243889 0)
(2.18005 -0.537542 0)
(2.00652 -0.667444 0)
(2.00977 -0.668493 0)
(1.94274 -0.476096 0)
(1.73311 -0.141892 0)
(1.68467 -0.0585874 0)
(1.71407 -0.0384327 0)
(1.75036 -0.0164274 0)
(1.7906 0.00445596 0)
(1.82687 0.0197715 0)
(1.863 0.0273658 0)
(1.89875 0.035099 0)
(1.93329 0.0422423 0)
(1.96773 0.0457869 0)
(2.00029 0.0489042 0)
(2.03281 0.0513793 0)
(2.06327 0.05857 0)
(2.08836 0.0699386 0)
(2.10981 0.0833451 0)
(2.13575 0.0900446 0)
(2.1657 0.0867993 0)
(2.19797 0.0787937 0)
(2.23023 0.0733584 0)
(2.25917 0.0747356 0)
(2.28101 0.0887537 0)
(2.29777 0.108567 0)
(2.31466 0.119042 0)
(2.35333 0.113432 0)
(1.61204 0.8142 0)
(1.88652 0.704537 0)
(2.1295 0.523435 0)
(2.3164 0.371556 0)
(2.44034 0.191848 0)
(2.54573 -0.0101892 0)
(2.59606 -0.097221 0)
(2.63192 -0.22861 0)
(2.68737 -0.217956 0)
(2.67162 -0.22361 0)
(2.66389 -0.202584 0)
(2.37611 -0.440366 0)
(2.08779 -0.680092 0)
(2.00386 -0.670648 0)
(2.01144 -0.66541 0)
(2.00278 -0.595299 0)
(1.84741 -0.257549 0)
(1.70654 -0.0627166 0)
(1.7354 -0.0349973 0)
(1.7677 -0.0139346 0)
(1.80733 0.0141631 0)
(1.84203 0.03002 0)
(1.87582 0.0361528 0)
(1.90927 0.0437594 0)
(1.94186 0.0514795 0)
(1.97295 0.0581366 0)
(2.00472 0.0607463 0)
(2.038 0.0612617 0)
(2.07102 0.0616313 0)
(2.09953 0.0650009 0)
(2.12159 0.0799302 0)
(2.14145 0.0937456 0)
(2.16715 0.0997025 0)
(2.19932 0.0996263 0)
(2.23368 0.0997874 0)
(2.26396 0.101906 0)
(2.29103 0.108037 0)
(2.30761 0.118066 0)
(2.317 0.12467 0)
(2.35574 0.122696 0)
(1.60321 0.818194 0)
(1.84904 0.728991 0)
(2.0854 0.563185 0)
(2.25777 0.429504 0)
(2.38914 0.246981 0)
(2.49929 0.0880883 0)
(2.56048 -0.0175052 0)
(2.61629 -0.163394 0)
(2.66581 -0.168172 0)
(2.66159 -0.221896 0)
(2.63921 -0.270667 0)
(2.24963 -0.607217 0)
(2.0795 -0.798414 0)
(2.00416 -0.696123 0)
(2.01096 -0.660002 0)
(2.02554 -0.62548 0)
(1.9689 -0.427697 0)
(1.7974 -0.120657 0)
(1.76193 -0.0399868 0)
(1.78769 -0.013127 0)
(1.82566 0.0146585 0)
(1.859 0.0354709 0)
(1.88992 0.043497 0)
(1.92199 0.0495861 0)
(1.95411 0.057458 0)
(1.98509 0.0642144 0)
(2.01632 0.0684883 0)
(2.04782 0.0701705 0)
(2.07937 0.0688903 0)
(2.1093 0.0698319 0)
(2.13411 0.0765104 0)
(2.15431 0.091801 0)
(2.17758 0.109004 0)
(2.20546 0.120538 0)
(2.2341 0.12698 0)
(2.26397 0.126225 0)
(2.29136 0.125743 0)
(2.31143 0.124579 0)
(2.321 0.130125 0)
(2.35817 0.133959 0)
(1.59909 0.815996 0)
(1.82386 0.736997 0)
(2.04484 0.592344 0)
(2.19734 0.476577 0)
(2.34103 0.293569 0)
(2.45928 0.163171 0)
(2.52945 0.044336 0)
(2.60052 -0.106114 0)
(2.66218 -0.128838 0)
(2.64825 -0.232377 0)
(2.56916 -0.358822 0)
(2.15168 -0.720827 0)
(2.0796 -0.87191 0)
(2.03596 -0.77539 0)
(2.03634 -0.68293 0)
(2.05106 -0.639204 0)
(2.04723 -0.544848 0)
(1.92048 -0.239236 0)
(1.81276 -0.0473357 0)
(1.81368 -0.0165319 0)
(1.84355 0.0171648 0)
(1.87664 0.0411579 0)
(1.90767 0.0504755 0)
(1.93874 0.0549851 0)
(1.97083 0.0611797 0)
(2.00139 0.0700025 0)
(2.03018 0.0774648 0)
(2.0592 0.0810768 0)
(2.08961 0.0817157 0)
(2.11968 0.0830029 0)
(2.14687 0.0878648 0)
(2.16952 0.101386 0)
(2.19037 0.122852 0)
(2.21438 0.13885 0)
(2.24293 0.145378 0)
(2.27037 0.143553 0)
(2.29291 0.139091 0)
(2.31394 0.131347 0)
(2.32827 0.132653 0)
(2.36425 0.14431 0)
(1.59764 0.811051 0)
(1.80082 0.739837 0)
(2.00901 0.615351 0)
(2.14955 0.50761 0)
(2.30222 0.330035 0)
(2.40162 0.243122 0)
(2.49976 0.0983996 0)
(2.5732 -0.0197496 0)
(2.63787 -0.0596999 0)
(2.61101 -0.209583 0)
(2.43215 -0.480856 0)
(2.1109 -0.757514 0)
(2.05903 -0.872562 0)
(2.06265 -0.839557 0)
(2.06781 -0.746612 0)
(2.08795 -0.672018 0)
(2.101 -0.608156 0)
(2.04303 -0.399278 0)
(1.90749 -0.106436 0)
(1.8454 -0.0281404 0)
(1.86556 0.0078878 0)
(1.8978 0.0380553 0)
(1.92912 0.0521119 0)
(1.95918 0.0595517 0)
(1.99065 0.0662234 0)
(2.0224 0.0739927 0)
(2.05085 0.0831383 0)
(2.07735 0.0910972 0)
(2.10527 0.0973275 0)
(2.13397 0.102602 0)
(2.16122 0.108026 0)
(2.18498 0.117105 0)
(2.20564 0.134725 0)
(2.22559 0.151575 0)
(2.24787 0.158377 0)
(2.2725 0.15536 0)
(2.29549 0.149701 0)
(2.31595 0.141123 0)
(2.33377 0.1445 0)
(2.37188 0.157142 0)
(1.59423 0.81159 0)
(1.78508 0.737467 0)
(1.97825 0.634861 0)
(2.11209 0.53057 0)
(2.26152 0.378375 0)
(2.36181 0.293415 0)
(2.46613 0.148811 0)
(2.54313 0.0604173 0)
(2.60886 -0.0117772 0)
(2.5514 -0.208056 0)
(2.28553 -0.612939 0)
(2.06435 -0.799142 0)
(2.0526 -0.838792 0)
(2.08542 -0.84299 0)
(2.10479 -0.804623 0)
(2.11773 -0.724664 0)
(2.13453 -0.657519 0)
(2.12355 -0.534938 0)
(2.01506 -0.224627 0)
(1.89815 -0.0416599 0)
(1.89416 0.0079835 0)
(1.91797 0.0449949 0)
(1.94655 0.0656605 0)
(1.97679 0.0727425 0)
(2.01018 0.0776992 0)
(2.04369 0.0844339 0)
(2.07246 0.0941898 0)
(2.09686 0.105728 0)
(2.12192 0.116589 0)
(2.1497 0.124691 0)
(2.17711 0.13101 0)
(2.20117 0.137457 0)
(2.22188 0.146614 0)
(2.23983 0.158748 0)
(2.25725 0.1671 0)
(2.27759 0.166029 0)
(2.29949 0.161954 0)
(2.32179 0.155063 0)
(2.34339 0.159765 0)
(2.38245 0.172851 0)
(1.59329 0.813182 0)
(1.77109 0.740609 0)
(1.95001 0.655697 0)
(2.08461 0.548369 0)
(2.23523 0.42042 0)
(2.3198 0.34805 0)
(2.42835 0.200433 0)
(2.50686 0.133887 0)
(2.55961 0.01024 0)
(2.50265 -0.199581 0)
(2.1678 -0.672157 0)
(2.04187 -0.814001 0)
(2.0584 -0.825296 0)
(2.09389 -0.831676 0)
(2.12264 -0.825403 0)
(2.14353 -0.783508 0)
(2.16342 -0.716824 0)
(2.17299 -0.632814 0)
(2.11706 -0.393072 0)
(1.99254 -0.0964949 0)
(1.92238 -0.00424843 0)
(1.94207 0.0339 0)
(1.97136 0.0636045 0)
(2.00063 0.0817987 0)
(2.03238 0.0911119 0)
(2.0651 0.0994798 0)
(2.09357 0.10904 0)
(2.11722 0.120539 0)
(2.13949 0.134181 0)
(2.16326 0.145409 0)
(2.18944 0.151536 0)
(2.21603 0.152773 0)
(2.23831 0.155613 0)
(2.25593 0.161462 0)
(2.27075 0.17251 0)
(2.28661 0.177421 0)
(2.30674 0.176913 0)
(2.33053 0.174274 0)
(2.35399 0.18124 0)
(2.39451 0.191323 0)
(1.59255 0.821981 0)
(1.7618 0.749433 0)
(1.92554 0.675915 0)
(2.06448 0.568081 0)
(2.20738 0.474866 0)
(2.29443 0.384501 0)
(2.3985 0.24338 0)
(2.46091 0.201902 0)
(2.51274 0.0213492 0)
(2.38793 -0.275814 0)
(2.07565 -0.664783 0)
(2.04611 -0.79499 0)
(2.06571 -0.801399 0)
(2.09895 -0.810436 0)
(2.12985 -0.818459 0)
(2.1612 -0.807664 0)
(2.19031 -0.768331 0)
(2.21089 -0.705513 0)
(2.20454 -0.569311 0)
(2.11133 -0.230574 0)
(1.97095 -0.0321873 0)
(1.98233 0.0447238 0)
(1.99659 0.074734 0)
(2.02327 0.0976371 0)
(2.05506 0.107647 0)
(2.08729 0.116804 0)
(2.11462 0.127555 0)
(2.13696 0.138768 0)
(2.15719 0.149637 0)
(2.17873 0.158908 0)
(2.20284 0.165001 0)
(2.22682 0.167487 0)
(2.25019 0.169021 0)
(2.27033 0.171028 0)
(2.28632 0.178115 0)
(2.30105 0.185554 0)
(2.31909 0.19122 0)
(2.34255 0.195207 0)
(2.36625 0.203252 0)
(2.40686 0.210938 0)
(1.59567 0.833401 0)
(1.75712 0.766311 0)
(1.90583 0.696173 0)
(2.04844 0.593838 0)
(2.17912 0.52591 0)
(2.27563 0.415934 0)
(2.37456 0.293357 0)
(2.43189 0.249389 0)
(2.44154 0.0348639 0)
(2.21854 -0.393966 0)
(2.01992 -0.652779 0)
(2.03101 -0.730272 0)
(2.06691 -0.766436 0)
(2.10404 -0.786791 0)
(2.14029 -0.805769 0)
(2.17518 -0.802621 0)
(2.20963 -0.786309 0)
(2.24225 -0.748606 0)
(2.26231 -0.675931 0)
(2.22403 -0.440964 0)
(2.0767 -0.104118 0)
(2.01739 0.0326454 0)
(2.02633 0.0783693 0)
(2.04882 0.104696 0)
(2.07779 0.123472 0)
(2.1072 0.137989 0)
(2.13462 0.149157 0)
(2.15789 0.155199 0)
(2.17698 0.16142 0)
(2.19575 0.168123 0)
(2.21748 0.174613 0)
(2.24179 0.177654 0)
(2.26557 0.178974 0)
(2.28603 0.181157 0)
(2.30237 0.1889 0)
(2.31628 0.198565 0)
(2.33205 0.209893 0)
(2.35407 0.217829 0)
(2.37768 0.224109 0)
(2.41758 0.228807 0)
(1.60156 0.848089 0)
(1.75368 0.788528 0)
(1.88803 0.719271 0)
(2.03264 0.628364 0)
(2.1451 0.568521 0)
(2.25737 0.437652 0)
(2.35077 0.346054 0)
(2.41186 0.276301 0)
(2.35799 0.0108407 0)
(2.08031 -0.476 0)
(1.98535 -0.655935 0)
(2.01896 -0.681145 0)
(2.06542 -0.71681 0)
(2.10589 -0.746626 0)
(2.14463 -0.767427 0)
(2.18612 -0.784764 0)
(2.22789 -0.775788 0)
(2.2656 -0.757807 0)
(2.30234 -0.722319 0)
(2.31096 -0.620266 0)
(2.22231 -0.277112 0)
(2.06512 -0.00640821 0)
(2.06222 0.0846523 0)
(2.08321 0.10513 0)
(2.10361 0.128559 0)
(2.12833 0.150366 0)
(2.15511 0.165776 0)
(2.17797 0.172389 0)
(2.19672 0.174128 0)
(2.21346 0.177218 0)
(2.23304 0.185111 0)
(2.2561 0.190923 0)
(2.27968 0.194956 0)
(2.30131 0.197974 0)
(2.31955 0.205583 0)
(2.334 0.216372 0)
(2.34807 0.229656 0)
(2.3678 0.237322 0)
(2.38864 0.242503 0)
(2.4248 0.245052 0)
(1.61449 0.853968 0)
(1.75229 0.807599 0)
(1.87639 0.740153 0)
(2.02187 0.662082 0)
(2.11593 0.592942 0)
(2.2336 0.457293 0)
(2.3172 0.400017 0)
(2.37766 0.257813 0)
(2.26448 -0.0719168 0)
(1.99397 -0.4756 0)
(1.98606 -0.609409 0)
(2.01624 -0.634018 0)
(2.06021 -0.665271 0)
(2.10469 -0.702857 0)
(2.14931 -0.732184 0)
(2.19647 -0.74955 0)
(2.24195 -0.762749 0)
(2.28757 -0.748262 0)
(2.32797 -0.7298 0)
(2.36194 -0.686433 0)
(2.3433 -0.511511 0)
(2.17918 -0.115097 0)
(2.10812 0.057872 0)
(2.11639 0.115756 0)
(2.12656 0.137706 0)
(2.14372 0.162243 0)
(2.16791 0.182419 0)
(2.19484 0.190054 0)
(2.21549 0.189516 0)
(2.23191 0.188583 0)
(2.25109 0.194229 0)
(2.27396 0.2028 0)
(2.29738 0.211087 0)
(2.31909 0.217211 0)
(2.33844 0.225691 0)
(2.35393 0.235738 0)
(2.36647 0.248319 0)
(2.38249 0.256141 0)
(2.40108 0.259096 0)
(2.43422 0.258425 0)
(1.62915 0.859979 0)
(1.74995 0.822627 0)
(1.87084 0.753563 0)
(2.00267 0.692976 0)
(2.09322 0.601346 0)
(2.20922 0.480199 0)
(2.28936 0.438479 0)
(2.32085 0.250997 0)
(2.09917 -0.207431 0)
(1.93665 -0.478283 0)
(1.9709 -0.556661 0)
(2.01849 -0.596963 0)
(2.06184 -0.630636 0)
(2.10656 -0.6655 0)
(2.1544 -0.694082 0)
(2.20458 -0.711686 0)
(2.2535 -0.722654 0)
(2.30421 -0.72775 0)
(2.34476 -0.715687 0)
(2.38959 -0.699409 0)
(2.40615 -0.630702 0)
(2.34436 -0.354953 0)
(2.17688 0.00428158 0)
(2.14432 0.112742 0)
(2.15582 0.142698 0)
(2.16549 0.164004 0)
(2.18331 0.191237 0)
(2.20291 0.207619 0)
(2.22605 0.208497 0)
(2.24715 0.206215 0)
(2.26654 0.210535 0)
(2.28957 0.220715 0)
(2.31359 0.232054 0)
(2.33646 0.238694 0)
(2.35666 0.245657 0)
(2.37231 0.253562 0)
(2.38376 0.264887 0)
(2.39878 0.27031 0)
(2.41566 0.272613 0)
(2.44486 0.272449 0)
(1.64483 0.865524 0)
(1.75159 0.826861 0)
(1.86971 0.76136 0)
(1.98013 0.712346 0)
(2.0807 0.59965 0)
(2.18613 0.511888 0)
(2.26782 0.463647 0)
(2.23468 0.196345 0)
(1.96309 -0.284681 0)
(1.9071 -0.462011 0)
(1.9517 -0.498699 0)
(2.00874 -0.545147 0)
(2.05684 -0.587401 0)
(2.10539 -0.621573 0)
(2.15865 -0.649708 0)
(2.21293 -0.673513 0)
(2.26655 -0.690316 0)
(2.31784 -0.696548 0)
(2.36546 -0.699942 0)
(2.39972 -0.686413 0)
(2.43879 -0.661089 0)
(2.44235 -0.555722 0)
(2.3047 -0.169188 0)
(2.19525 0.0713885 0)
(2.18636 0.155609 0)
(2.18692 0.17668 0)
(2.20047 0.199507 0)
(2.21806 0.218569 0)
(2.23556 0.225754 0)
(2.25641 0.226251 0)
(2.281 0.228847 0)
(2.30661 0.237632 0)
(2.33119 0.250904 0)
(2.35253 0.259374 0)
(2.37133 0.265476 0)
(2.38692 0.270271 0)
(2.39866 0.278155 0)
(2.41084 0.283855 0)
(2.42383 0.286725 0)
(2.45492 0.287293 0)
(1.65921 0.875985 0)
(1.75583 0.828836 0)
(1.86779 0.772218 0)
(1.96171 0.714295 0)
(2.07031 0.599446 0)
(2.16132 0.552128 0)
(2.24066 0.442636 0)
(2.12738 0.0887173 0)
(1.87239 -0.311109 0)
(1.89266 -0.430426 0)
(1.9354 -0.458427 0)
(1.99631 -0.506016 0)
(2.05534 -0.555457 0)
(2.11231 -0.59345 0)
(2.16868 -0.619005 0)
(2.2227 -0.636077 0)
(2.27524 -0.648556 0)
(2.3273 -0.657235 0)
(2.37471 -0.661208 0)
(2.41886 -0.660806 0)
(2.44539 -0.653614 0)
(2.4797 -0.613038 0)
(2.44638 -0.434546 0)
(2.27822 -0.0103026 0)
(2.20642 0.156648 0)
(2.2044 0.190646 0)
(2.21893 0.207002 0)
(2.2333 0.22694 0)
(2.24921 0.240633 0)
(2.26915 0.243915 0)
(2.29159 0.24924 0)
(2.31747 0.257366 0)
(2.34371 0.268579 0)
(2.36735 0.275663 0)
(2.38546 0.280969 0)
(2.40087 0.284919 0)
(2.41222 0.290709 0)
(2.42189 0.294882 0)
(2.43221 0.29916 0)
(2.46399 0.302669 0)
(1.67218 0.89033 0)
(1.76286 0.833137 0)
(1.86699 0.782332 0)
(1.94963 0.705429 0)
(2.06187 0.60714 0)
(2.14256 0.584833 0)
(2.19736 0.420506 0)
(1.94172 -0.0671468 0)
(1.82919 -0.295008 0)
(1.87239 -0.374373 0)
(1.93213 -0.428161 0)
(1.99441 -0.478445 0)
(2.05763 -0.522351 0)
(2.11862 -0.553357 0)
(2.17658 -0.578457 0)
(2.23184 -0.599908 0)
(2.28615 -0.615209 0)
(2.33902 -0.624756 0)
(2.38802 -0.634059 0)
(2.43067 -0.631291 0)
(2.46582 -0.624667 0)
(2.48681 -0.613207 0)
(2.50675 -0.544988 0)
(2.42632 -0.255006 0)
(2.29194 0.0761501 0)
(2.2328 0.192175 0)
(2.23497 0.214745 0)
(2.24764 0.234314 0)
(2.2597 0.254153 0)
(2.27367 0.262417 0)
(2.29571 0.268742 0)
(2.32041 0.275591 0)
(2.34452 0.282725 0)
(2.36794 0.291247 0)
(2.38819 0.298422 0)
(2.40417 0.302169 0)
(2.4189 0.306222 0)
(2.43178 0.307177 0)
(2.44395 0.310897 0)
(2.47673 0.318887 0)
(1.68283 0.908422 0)
(1.77086 0.843807 0)
(1.86414 0.791127 0)
(1.94588 0.70208 0)
(2.04975 0.636725 0)
(2.13381 0.599638 0)
(2.12128 0.340303 0)
(1.80579 -0.145094 0)
(1.80512 -0.28956 0)
(1.86168 -0.339717 0)
(1.93303 -0.402762 0)
(1.99803 -0.452659 0)
(2.06354 -0.489242 0)
(2.12814 -0.521496 0)
(2.18765 -0.547659 0)
(2.24266 -0.566466 0)
(2.29618 -0.578138 0)
(2.34775 -0.585497 0)
(2.39469 -0.590189 0)
(2.43622 -0.592558 0)
(2.47437 -0.596448 0)
(2.50467 -0.587696 0)
(2.53065 -0.558939 0)
(2.52317 -0.454357 0)
(2.38219 -0.0440876 0)
(2.28745 0.16276 0)
(2.26175 0.222629 0)
(2.26039 0.24566 0)
(2.27162 0.264701 0)
(2.287 0.273044 0)
(2.30549 0.281628 0)
(2.3257 0.289489 0)
(2.35046 0.300425 0)
(2.37615 0.30832 0)
(2.40007 0.313753 0)
(2.41531 0.315758 0)
(2.42584 0.320338 0)
(2.43642 0.324022 0)
(2.44853 0.33495 0)
(2.48076 0.348248 0)
(1.69183 0.926788 0)
(1.77866 0.859207 0)
(1.85888 0.797756 0)
(1.95152 0.704124 0)
(2.04277 0.678441 0)
(2.12566 0.589917 0)
(1.99119 0.20334 0)
(1.75003 -0.159351 0)
(1.79576 -0.255931 0)
(1.86278 -0.315673 0)
(1.93501 -0.375736 0)
(2.00433 -0.422219 0)
(2.07283 -0.457099 0)
(2.13768 -0.485917 0)
(2.19671 -0.511442 0)
(2.25146 -0.529867 0)
(2.30475 -0.541127 0)
(2.35551 -0.54782 0)
(2.40141 -0.551819 0)
(2.4418 -0.55512 0)
(2.47375 -0.553267 0)
(2.50964 -0.552175 0)
(2.52783 -0.54911 0)
(2.55497 -0.502623 0)
(2.51289 -0.316908 0)
(2.3636 0.0779314 0)
(2.27461 0.24409 0)
(2.27092 0.263544 0)
(2.28322 0.276298 0)
(2.2964 0.285901 0)
(2.31015 0.296159 0)
(2.32773 0.307243 0)
(2.34969 0.319228 0)
(2.37488 0.326043 0)
(2.39777 0.332334 0)
(2.41928 0.336604 0)
(2.43657 0.338228 0)
(2.44903 0.342824 0)
(2.46062 0.355071 0)
(2.49266 0.365754 0)
(1.69536 0.941423 0)
(1.78206 0.876075 0)
(1.85938 0.801613 0)
(1.95586 0.732385 0)
(2.03059 0.724584 0)
(2.09238 0.567365 0)
(1.80183 0.0746482 0)
(1.73212 -0.125392 0)
(1.80166 -0.22888 0)
(1.87641 -0.307832 0)
(1.94627 -0.362505 0)
(2.01637 -0.398138 0)
(2.08399 -0.426535 0)
(2.14699 -0.45535 0)
(2.20544 -0.479472 0)
(2.2606 -0.496241 0)
(2.31309 -0.505557 0)
(2.36176 -0.510712 0)
(2.40526 -0.513071 0)
(2.44427 -0.515314 0)
(2.47813 -0.519506 0)
(2.50773 -0.51495 0)
(2.53706 -0.509201 0)
(2.55557 -0.502635 0)
(2.57098 -0.432758 0)
(2.49317 -0.153184 0)
(2.34873 0.155168 0)
(2.28721 0.266371 0)
(2.2913 0.290147 0)
(2.30607 0.302138 0)
(2.3231 0.316757 0)
(2.34248 0.32895 0)
(2.36336 0.338018 0)
(2.38194 0.344459 0)
(2.40057 0.355344 0)
(2.41991 0.361492 0)
(2.43638 0.364994 0)
(2.45098 0.371062 0)
(2.46502 0.377118 0)
(2.49635 0.381887 0)
(1.70394 0.945732 0)
(1.78398 0.890661 0)
(1.86513 0.817925 0)
(1.96206 0.782556 0)
(2.03838 0.735122 0)
(2.02745 0.468678 0)
(1.6529 -0.0144984 0)
(1.72327 -0.139086 0)
(1.80325 -0.209637 0)
(1.88649 -0.284158 0)
(1.95827 -0.333307 0)
(2.02824 -0.366394 0)
(2.09436 -0.39678 0)
(2.15494 -0.42477 0)
(2.21251 -0.445767 0)
(2.26717 -0.458723 0)
(2.31751 -0.466005 0)
(2.36287 -0.469737 0)
(2.40306 -0.470891 0)
(2.44032 -0.471755 0)
(2.47542 -0.47641 0)
(2.50879 -0.47773 0)
(2.54478 -0.480386 0)
(2.56594 -0.478779 0)
(2.59462 -0.44496 0)
(2.57971 -0.336582 0)
(2.42161 0.0514805 0)
(2.32921 0.237466 0)
(2.31275 0.301388 0)
(2.31326 0.322909 0)
(2.32289 0.34096 0)
(2.34144 0.350397 0)
(2.36487 0.358337 0)
(2.39001 0.364005 0)
(2.4121 0.373192 0)
(2.4325 0.378465 0)
(2.44867 0.383622 0)
(2.4595 0.387663 0)
(2.47017 0.38922 0)
(2.49791 0.392184 0)
(1.74701 0.89923 0)
(1.79373 0.897289 0)
(1.88697 0.848777 0)
(1.96932 0.841518 0)
(2.03404 0.747911 0)
(1.88421 0.302431 0)
(1.64075 -0.0117067 0)
(1.72663 -0.122392 0)
(1.81405 -0.203931 0)
(1.89735 -0.267134 0)
(1.9724 -0.310462 0)
(2.04133 -0.344853 0)
(2.10413 -0.374872 0)
(2.16197 -0.397925 0)
(2.21801 -0.412521 0)
(2.27122 -0.421373 0)
(2.31944 -0.427446 0)
(2.36315 -0.432436 0)
(2.40413 -0.436304 0)
(2.44263 -0.438192 0)
(2.4777 -0.440929 0)
(2.50756 -0.440753 0)
(2.53454 -0.43276 0)
(2.56913 -0.436032 0)
(2.59004 -0.436603 0)
(2.61452 -0.384126 0)
(2.55936 -0.191983 0)
(2.39084 0.190495 0)
(2.32551 0.318495 0)
(2.32662 0.34609 0)
(2.33594 0.358961 0)
(2.35183 0.368409 0)
(2.37438 0.382274 0)
(2.39465 0.391367 0)
(2.41609 0.396697 0)
(2.4369 0.397201 0)
(2.45241 0.401124 0)
(2.46523 0.401593 0)
(2.47714 0.402672 0)
(2.50149 0.404412 0)
(1.81513 0.800284 0)
(1.79777 0.926562 0)
(1.88843 0.892863 0)
(1.97458 0.892666 0)
(1.99204 0.684799 0)
(1.71474 0.176121 0)
(1.66268 -0.0208971 0)
(1.74307 -0.125936 0)
(1.82809 -0.191144 0)
(1.90749 -0.239231 0)
(1.98137 -0.279431 0)
(2.04676 -0.315127 0)
(2.10617 -0.344072 0)
(2.16383 -0.365471 0)
(2.22023 -0.377906 0)
(2.27262 -0.385234 0)
(2.31884 -0.390195 0)
(2.35855 -0.392855 0)
(2.39383 -0.394104 0)
(2.42823 -0.395596 0)
(2.46365 -0.398238 0)
(2.49995 -0.401993 0)
(2.53687 -0.400902 0)
(2.57029 -0.39799 0)
(2.5976 -0.397192 0)
(2.6225 -0.379374 0)
(2.62078 -0.302937 0)
(2.52046 -0.00910875 0)
(2.4036 0.251578 0)
(2.35249 0.353035 0)
(2.34999 0.373574 0)
(2.3637 0.388631 0)
(2.37664 0.408318 0)
(2.3978 0.415435 0)
(2.42109 0.415981 0)
(2.44052 0.412057 0)
(2.45596 0.414505 0)
(2.46956 0.411567 0)
(2.48185 0.415469 0)
(2.50401 0.417032 0)
(1.87152 0.791843 0)
(1.78286 0.950095 0)
(1.8659 0.922725 0)
(1.96728 0.881858 0)
(1.92953 0.533846 0)
(1.59855 0.0890847 0)
(1.66253 -0.0336321 0)
(1.75011 -0.109324 0)
(1.83716 -0.16842 0)
(1.91476 -0.214674 0)
(1.98519 -0.255442 0)
(2.04827 -0.293554 0)
(2.10723 -0.32236 0)
(2.16467 -0.338612 0)
(2.2195 -0.345904 0)
(2.26888 -0.349676 0)
(2.31215 -0.352939 0)
(2.35268 -0.356333 0)
(2.39327 -0.360151 0)
(2.43255 -0.363379 0)
(2.46956 -0.365756 0)
(2.50382 -0.367474 0)
(2.5365 -0.363681 0)
(2.56935 -0.358129 0)
(2.60537 -0.363923 0)
(2.63204 -0.362696 0)
(2.64756 -0.331918 0)
(2.62588 -0.204154 0)
(2.47198 0.186322 0)
(2.37594 0.368741 0)
(2.36552 0.403895 0)
(2.37075 0.41594 0)
(2.38633 0.426313 0)
(2.40638 0.428524 0)
(2.42542 0.430082 0)
(2.44221 0.425506 0)
(2.45704 0.427154 0)
(2.47119 0.422249 0)
(2.48537 0.431018 0)
(2.50692 0.430311 0)
(2.0862 0.670609 0)
(1.77257 0.918478 0)
(1.83628 0.915673 0)
(1.92977 0.846088 0)
(1.74445 0.328045 0)
(1.56108 0.0526498 0)
(1.65258 -0.0293703 0)
(1.74626 -0.0926848 0)
(1.83488 -0.144963 0)
(1.91295 -0.189683 0)
(1.98109 -0.231914 0)
(2.04109 -0.265325 0)
(2.09827 -0.287833 0)
(2.15491 -0.301758 0)
(2.20919 -0.309856 0)
(2.25972 -0.3153 0)
(2.30584 -0.319513 0)
(2.34754 -0.321391 0)
(2.38578 -0.322614 0)
(2.4228 -0.32489 0)
(2.46115 -0.327384 0)
(2.50091 -0.329311 0)
(2.53941 -0.327605 0)
(2.57388 -0.323188 0)
(2.60245 -0.315699 0)
(2.63462 -0.319078 0)
(2.64258 -0.322699 0)
(2.67422 -0.27003 0)
(2.60329 -0.048042 0)
(2.46975 0.279711 0)
(2.39256 0.408667 0)
(2.38636 0.430026 0)
(2.39824 0.437286 0)
(2.41569 0.439986 0)
(2.43049 0.444475 0)
(2.44448 0.43907 0)
(2.45821 0.439841 0)
(2.47407 0.435206 0)
(2.49137 0.449153 0)
(2.51224 0.443461 0)
(2.65422 0.495996 0)
(1.81389 0.89601 0)
(1.83699 0.908957 0)
(1.8653 0.70883 0)
(1.52515 0.192781 0)
(1.5329 0.0539177 0)
(1.63969 -0.0175721 0)
(1.73257 -0.0710042 0)
(1.82203 -0.121808 0)
(1.90166 -0.167764 0)
(1.96793 -0.206729 0)
(2.02857 -0.235 0)
(2.08853 -0.252752 0)
(2.14645 -0.26587 0)
(2.20035 -0.27683 0)
(2.25082 -0.284688 0)
(2.29954 -0.289427 0)
(2.3456 -0.291268 0)
(2.38644 -0.291353 0)
(2.42244 -0.29128 0)
(2.45744 -0.291326 0)
(2.4952 -0.290711 0)
(2.53683 -0.288882 0)
(2.5789 -0.288934 0)
(2.61412 -0.285636 0)
(2.64472 -0.290147 0)
(2.66465 -0.29751 0)
(2.68666 -0.276982 0)
(2.67731 -0.187333 0)
(2.5568 0.156504 0)
(2.47002 0.361836 0)
(2.41934 0.43203 0)
(2.41342 0.447477 0)
(2.42415 0.453679 0)
(2.43599 0.459654 0)
(2.45071 0.456217 0)
(2.4643 0.456589 0)
(2.48302 0.454235 0)
(2.4904 0.464527 0)
(2.51384 0.433388 0)
(3.1283 0.131066 0)
(1.96824 0.842291 0)
(1.84829 0.928613 0)
(1.71401 0.490133 0)
(1.40565 0.139024 0)
(1.50806 0.058289 0)
(1.61964 -0.00114566 0)
(1.71414 -0.0540888 0)
(1.80045 -0.103238 0)
(1.87701 -0.147184 0)
(1.94697 -0.180127 0)
(2.01471 -0.200726 0)
(2.07949 -0.213556 0)
(2.13951 -0.22579 0)
(2.19444 -0.239443 0)
(2.24525 -0.251334 0)
(2.29394 -0.256893 0)
(2.33981 -0.257117 0)
(2.38246 -0.25625 0)
(2.4233 -0.257224 0)
(2.46518 -0.259764 0)
(2.50746 -0.26067 0)
(2.54714 -0.256358 0)
(2.58314 -0.251893 0)
(2.61386 -0.247288 0)
(2.63917 -0.24519 0)
(2.67089 -0.254916 0)
(2.68116 -0.2631 0)
(2.71597 -0.222901 0)
(2.67448 -0.0696701 0)
(2.54951 0.281503 0)
(2.44204 0.44912 0)
(2.4334 0.468126 0)
(2.43647 0.474195 0)
(2.44803 0.477688 0)
(2.46146 0.474865 0)
(2.47712 0.475432 0)
(2.49752 0.47563 0)
(2.50037 0.480277 0)
(2.49273 0.362272 0)
(3.09607 -0.000635475 0)
(2.16402 0.788915 0)
(1.88176 0.944434 0)
(1.43458 0.311913 0)
(1.33987 0.109932 0)
(1.48548 0.0597353 0)
(1.5997 0.00711993 0)
(1.69681 -0.0459113 0)
(1.78516 -0.0909396 0)
(1.86471 -0.129314 0)
(1.93961 -0.155305 0)
(2.013 -0.169282 0)
(2.08188 -0.177358 0)
(2.14369 -0.187264 0)
(2.20091 -0.201251 0)
(2.25631 -0.216476 0)
(2.30822 -0.227928 0)
(2.35488 -0.233045 0)
(2.39743 -0.232507 0)
(2.43487 -0.230027 0)
(2.47099 -0.226145 0)
(2.51079 -0.222423 0)
(2.55416 -0.22018 0)
(2.59505 -0.222222 0)
(2.62842 -0.221762 0)
(2.65397 -0.219139 0)
(2.68044 -0.223286 0)
(2.704 -0.229502 0)
(2.72521 -0.21517 0)
(2.72949 -0.158905 0)
(2.66097 0.0864988 0)
(2.54134 0.363253 0)
(2.45731 0.471628 0)
(2.44639 0.492245 0)
(2.45912 0.496035 0)
(2.47348 0.495169 0)
(2.48457 0.495832 0)
(2.49745 0.498724 0)
(2.50395 0.478951 0)
(2.44633 0.241572 0)
(3.00802 -0.000770873 0)
(2.28642 0.818758 0)
(1.91709 0.771003 0)
(1.33142 0.214033 0)
(1.33824 0.0968161 0)
(1.47831 0.0579622 0)
(1.5869 0.00889025 0)
(1.68443 -0.0435334 0)
(1.77399 -0.0809043 0)
(1.85688 -0.108176 0)
(1.9362 -0.126729 0)
(2.01345 -0.136203 0)
(2.0862 -0.14258 0)
(2.15222 -0.151898 0)
(2.21268 -0.164147 0)
(2.27086 -0.178346 0)
(2.32562 -0.19199 0)
(2.37309 -0.201484 0)
(2.41262 -0.203595 0)
(2.44943 -0.200582 0)
(2.48528 -0.197197 0)
(2.52144 -0.190633 0)
(2.5571 -0.183014 0)
(2.59232 -0.183333 0)
(2.62746 -0.186468 0)
(2.65799 -0.186932 0)
(2.68038 -0.182521 0)
(2.71047 -0.184645 0)
(2.73088 -0.19707 0)
(2.7654 -0.16646 0)
(2.74428 -0.0645552 0)
(2.61521 0.272459 0)
(2.51133 0.451669 0)
(2.47905 0.501265 0)
(2.47292 0.514679 0)
(2.48821 0.517844 0)
(2.49394 0.522654 0)
(2.5065 0.500047 0)
(2.48571 0.40488 0)
(2.37424 0.0670642 0)
(3.00067 -0.000348895 0)
(2.5957 0.601365 0)
(1.90217 0.51675 0)
(1.29658 0.188593 0)
(1.38245 0.110486 0)
(1.48729 0.0592534 0)
(1.58102 0.0091068 0)
(1.67707 -0.0366054 0)
(1.77064 -0.0692189 0)
(1.861 -0.0911882 0)
(1.94724 -0.104349 0)
(2.02866 -0.113052 0)
(2.1036 -0.118936 0)
(2.17054 -0.124431 0)
(2.23024 -0.129654 0)
(2.28482 -0.137466 0)
(2.33584 -0.150615 0)
(2.38366 -0.165592 0)
(2.42522 -0.173125 0)
(2.46384 -0.169595 0)
(2.50191 -0.163972 0)
(2.53822 -0.159056 0)
(2.57072 -0.152492 0)
(2.6024 -0.152033 0)
(2.63283 -0.156905 0)
(2.66481 -0.158011 0)
(2.69202 -0.155002 0)
(2.71843 -0.149394 0)
(2.75186 -0.161701 0)
(2.76356 -0.161967 0)
(2.78047 -0.109812 0)
(2.72831 0.0698203 0)
(2.59165 0.390538 0)
(2.49465 0.524835 0)
(2.48778 0.542372 0)
(2.49267 0.549592 0)
(2.50427 0.542159 0)
(2.49414 0.465705 0)
(2.42372 0.206822 0)
(2.38011 0.017803 0)
(3.00003 -0.000112512 0)
(2.85866 0.304876 0)
(1.75391 0.222167 0)
(1.255 0.15603 0)
(1.40325 0.121441 0)
(1.48999 0.0678563 0)
(1.57563 0.0128364 0)
(1.67408 -0.030079 0)
(1.77335 -0.0552657 0)
(1.86897 -0.0706859 0)
(1.95885 -0.0797223 0)
(2.03628 -0.0868205 0)
(2.10449 -0.0924107 0)
(2.16927 -0.0952688 0)
(2.23066 -0.096999 0)
(2.2883 -0.101927 0)
(2.34162 -0.112411 0)
(2.39073 -0.127194 0)
(2.43621 -0.139126 0)
(2.47753 -0.13839 0)
(2.51332 -0.12717 0)
(2.54726 -0.119973 0)
(2.58292 -0.116554 0)
(2.61569 -0.116896 0)
(2.64327 -0.121908 0)
(2.66562 -0.122897 0)
(2.68678 -0.121323 0)
(2.7098 -0.114318 0)
(2.7362 -0.114288 0)
(2.75905 -0.131243 0)
(2.79088 -0.109907 0)
(2.78025 -0.0385142 0)
(2.67685 0.247005 0)
(2.58304 0.463423 0)
(2.52448 0.561419 0)
(2.507 0.569195 0)
(2.50078 0.515955 0)
(2.44147 0.261162 0)
(2.39661 0.0303026 0)
(2.38776 -0.0494952 0)
(2.99999 -2.44852e-05 0)
(2.92231 0.0178661 0)
(1.3942 -0.0417846 0)
(1.12304 0.155954 0)
(1.32238 0.14672 0)
(1.43838 0.087486 0)
(1.55203 0.0301312 0)
(1.6657 -0.0148543 0)
(1.77298 -0.0352148 0)
(1.87096 -0.0476916 0)
(1.96047 -0.0556434 0)
(2.0427 -0.0624693 0)
(2.11635 -0.0685581 0)
(2.1837 -0.0683868 0)
(2.24624 -0.0653584 0)
(2.29864 -0.0678399 0)
(2.34376 -0.0786159 0)
(2.39062 -0.0924823 0)
(2.44262 -0.100362 0)
(2.488 -0.105277 0)
(2.5293 -0.0975285 0)
(2.56064 -0.0838391 0)
(2.58438 -0.0748781 0)
(2.60626 -0.0800175 0)
(2.63767 -0.085298 0)
(2.66521 -0.0863586 0)
(2.69113 -0.0863361 0)
(2.71545 -0.0808159 0)
(2.73889 -0.0776761 0)
(2.7654 -0.0867842 0)
(2.78905 -0.0943045 0)
(2.8101 -0.0637495 0)
(2.76878 0.0713518 0)
(2.66572 0.396316 0)
(2.55307 0.597776 0)
(2.5261 0.569544 0)
(2.47434 0.380583 0)
(2.43274 0.146787 0)
(2.39149 -0.00237325 0)
(2.39261 -0.0275651 0)
(3 -3.05123e-06 0)
(2.74513 -0.156653 0)
(0.903849 -0.0274472 0)
(0.838516 0.126778 0)
(1.13164 0.0923201 0)
(1.3328 0.0339829 0)
(1.51385 0.00465878 0)
(1.65408 -0.0159437 0)
(1.76786 -0.0228933 0)
(1.87194 -0.0293102 0)
(1.9646 -0.0346161 0)
(2.04812 -0.0396779 0)
(2.12619 -0.0427801 0)
(2.20088 -0.0430632 0)
(2.26418 -0.0386875 0)
(2.31795 -0.0391396 0)
(2.3651 -0.0433121 0)
(2.40476 -0.0525212 0)
(2.43719 -0.0635135 0)
(2.48771 -0.063823 0)
(2.53584 -0.0552462 0)
(2.57435 -0.0469741 0)
(2.60129 -0.0457541 0)
(2.62122 -0.0472734 0)
(2.63317 -0.0518927 0)
(2.66334 -0.0514879 0)
(2.69468 -0.0523904 0)
(2.72329 -0.0502981 0)
(2.74639 -0.0452151 0)
(2.7716 -0.0502703 0)
(2.79803 -0.0610721 0)
(2.81674 -0.0402009 0)
(2.81054 0.0192722 0)
(2.77374 0.20996 0)
(2.60527 0.509895 0)
(2.49412 0.375861 0)
(2.39084 0.0744746 0)
(2.34869 -0.0224497 0)
(2.34814 -0.030949 0)
(2.3754 -0.0187225 0)
(3 -4.16053e-07 0)
(2.50913 -0.0681034 0)
(0.690623 -0.0303237 0)
(0.648269 0.0566949 0)
(0.978629 0.0748765 0)
(1.25152 0.0518277 0)
(1.49036 0.0253336 0)
(1.65222 -0.00127495 0)
(1.76809 -0.0042999 0)
(1.87525 -0.00741055 0)
(1.97087 -0.0105341 0)
(2.05741 -0.0133384 0)
(2.13579 -0.0137131 0)
(2.20254 -0.0123301 0)
(2.26054 -0.0158647 0)
(2.31053 -0.0180664 0)
(2.35313 -0.0195858 0)
(2.39581 -0.0208458 0)
(2.44655 -0.0231209 0)
(2.49014 -0.0211819 0)
(2.52927 -0.0236861 0)
(2.56351 -0.0223981 0)
(2.58895 -0.0205915 0)
(2.61007 -0.0163972 0)
(2.63306 -0.0164607 0)
(2.65275 -0.0237989 0)
(2.67935 -0.0272909 0)
(2.7073 -0.0276907 0)
(2.73226 -0.0253799 0)
(2.7551 -0.0294958 0)
(2.78161 -0.0237808 0)
(2.80047 -0.0440037 0)
(2.83089 -0.0105079 0)
(2.79376 0.0528946 0)
(2.59857 0.177964 0)
(2.46301 0.301653 0)
(2.41739 0.133704 0)
(2.34212 0.0390523 0)
(2.33961 -0.00538013 0)
(2.36746 -0.00651376 0)
)
;

boundaryField
{
    inlet
    {
        type            fixedValue;
        value           uniform (3 0 0);
    }
    outlet
    {
        type            inletOutlet;
        inletValue      uniform (3 0 0);
        value           nonuniform List<vector> 
40
(
(2.24504 0.00744517 0)
(2.25331 0.0116728 0)
(2.26555 0.0193071 0)
(2.28355 0.0328122 0)
(2.30456 0.0493032 0)
(2.32494 0.0661413 0)
(2.34177 0.0824847 0)
(2.35271 0.100175 0)
(2.35333 0.113432 0)
(2.35574 0.122696 0)
(2.35817 0.133959 0)
(2.36425 0.14431 0)
(2.37188 0.157142 0)
(2.38245 0.172851 0)
(2.39451 0.191323 0)
(2.40686 0.210938 0)
(2.41758 0.228807 0)
(2.4248 0.245052 0)
(2.43422 0.258425 0)
(2.44486 0.272449 0)
(2.45492 0.287293 0)
(2.46399 0.302669 0)
(2.47673 0.318887 0)
(2.48076 0.348248 0)
(2.49266 0.365754 0)
(2.49635 0.381887 0)
(2.49791 0.392184 0)
(2.50149 0.404412 0)
(2.50401 0.417032 0)
(2.50692 0.430311 0)
(2.51224 0.443461 0)
(2.51384 0.433388 0)
(2.49273 0.362272 0)
(2.44633 0.241572 0)
(2.37424 0.0670642 0)
(2.38011 0.017803 0)
(2.38776 -0.0494952 0)
(2.39261 -0.0275651 0)
(2.3754 -0.0187225 0)
(2.36746 -0.00651376 0)
)
;
    }
    top
    {
        type            symmetryPlane;
    }
    bottom
    {
        type            symmetryPlane;
    }
    step
    {
        type            slip;
    }
    defaultFaces
    {
        type            empty;
    }
}


// ************************************************************************* //
