/*--------------------------------*- C++ -*----------------------------------*\
  =========                 |
  \\      /  F ield         | OpenFOAM: The Open Source CFD Toolbox
   \\    /   O peration     | Website:  https://openfoam.org
    \\  /    A nd           | Version:  6.0
     \\/     M anipulation  |
\*---------------------------------------------------------------------------*/
FoamFile
{
    version     2.0;
    format      ascii;
    class       surfaceScalarField;
    location    "3";
    object      phi;
}
// * * * * * * * * * * * * * * * * * * * * * * * * * * * * * * * * * * * * * //

dimensions      [1 0 -1 0 0 0 0];

internalField   nonuniform List<scalar> 
5280
(
0.00279994
-4.87521e-14
0.00279994
-2.97774e-13
0.00279994
-9.71949e-13
0.00279994
-2.56495e-12
0.00279994
-6.15881e-12
0.00279994
-1.41262e-11
0.00279994
-3.16721e-11
0.00279994
-7.02221e-11
0.00279994
-1.54872e-10
0.00279994
-3.408e-10
0.00279994
-7.4951e-10
0.00279994
-1.64926e-09
0.00279995
-3.6353e-09
0.00279995
-8.04136e-09
0.00279997
-1.79154e-08
0.00280002
-4.04973e-08
0.00280012
-9.42741e-08
0.00280037
-2.32407e-07
0.00280104
-6.33895e-07
0.00280304
-2.17494e-06
0.00281388
-9.87564e-06
0.00269681
0.000103132
0.00249431
0.000198019
0.00222728
0.000265157
0.00187951
0.000346862
0.00136605
0.000513009
0.000878618
0.000487205
0.000512551
0.000365976
0.000289853
0.00022272
0.000287059
0.00279994
-9.58694e-14
0.00279994
-5.85648e-13
0.00279994
-1.9116e-12
0.00279994
-5.04354e-12
0.00279994
-1.21052e-11
0.00279994
-2.77479e-11
0.00279994
-6.21632e-11
0.00279994
-1.37688e-10
0.00279994
-3.03303e-10
0.00279994
-6.66483e-10
0.00279994
-1.46334e-09
0.00279994
-3.21372e-09
0.00279994
-7.06714e-09
0.00279995
-1.55884e-08
0.00279997
-3.4606e-08
0.00280001
-7.7857e-08
0.00280011
-1.80018e-07
0.00280033
-4.38902e-07
0.00280091
-1.17153e-06
0.00280245
-3.89811e-06
0.00281302
-1.94844e-05
0.00268305
0.000219178
0.002474
0.000402595
0.00220006
0.000537233
0.00184875
0.000697266
0.00140583
0.000955481
0.000975358
0.000917441
0.000565433
0.00077592
0.000124438
0.000663592
0.000406986
0.00279994
-1.40235e-13
0.00279994
-8.56774e-13
0.00279994
-2.79656e-12
0.00279994
-7.3767e-12
0.00279994
-1.76971e-11
0.00279994
-4.05396e-11
0.00279994
-9.07438e-11
0.00279994
-2.00788e-10
0.00279994
-4.41777e-10
0.00279994
-9.69456e-10
0.00279994
-2.1253e-09
0.00279994
-4.65946e-09
0.00279994
-1.02266e-08
0.00279995
-2.25078e-08
0.00279997
-4.98403e-08
0.00280001
-1.11792e-07
0.00280009
-2.57494e-07
0.00280029
-6.2443e-07
0.00280082
-1.65203e-06
0.00280218
-5.44965e-06
0.00281222
-2.85563e-05
0.00267144
0.00034608
0.00245545
0.00061413
0.00217868
0.000812131
0.00183286
0.00104219
0.0014294
0.0013585
0.00103441
0.00131214
0.000634352
0.00117606
0.000263974
0.00103376
0.000667318
0.00279994
-1.81256e-13
0.00279994
-1.10751e-12
0.00279994
-3.61496e-12
0.00279994
-9.53354e-12
0.00279994
-2.28628e-11
0.00279994
-5.23444e-11
0.00279994
-1.17086e-10
0.00279994
-2.5886e-10
0.00279994
-5.69007e-10
0.00279994
-1.24733e-09
0.00279994
-2.73129e-09
0.00279994
-5.98042e-09
0.00279994
-1.31077e-08
0.00279995
-2.88055e-08
0.00279997
-6.36799e-08
0.0028
-1.42566e-07
0.00280008
-3.27646e-07
0.00280026
-7.92224e-07
0.00280074
-2.08641e-06
0.00280197
-6.85982e-06
0.00281149
-3.71131e-05
0.00266146
0.000482302
0.00243901
0.000832156
0.00216117
0.00108812
0.00182402
0.00137844
0.00144705
0.00173498
0.00107214
0.0016868
0.000691942
0.00155638
0.000321602
0.00140404
0.000985512
0.00279994
-2.18687e-13
0.00279994
-1.33631e-12
0.00279994
-4.36173e-12
0.00279994
-1.15013e-11
0.00279994
-2.7574e-11
0.00279994
-6.31056e-11
0.00279994
-1.41086e-10
0.00279994
-3.11735e-10
0.00279994
-6.84773e-10
0.00279994
-1.5e-09
0.00279994
-3.28196e-09
0.00279994
-7.18009e-09
0.00279994
-1.5723e-08
0.00279995
-3.45201e-08
0.00279996
-7.62354e-08
0.0028
-1.70485e-07
0.00280007
-3.91308e-07
0.00280024
-9.44597e-07
0.00280067
-2.48142e-06
0.00280178
-8.14707e-06
0.00281078
-4.51492e-05
0.0026525
0.000626898
0.00242467
0.00105554
0.00214616
0.00136481
0.00181744
0.00170628
0.00146202
0.00209005
0.0011031
0.00204539
0.000732459
0.00192705
0.000360284
0.00177616
0.0013426
0.00279994
-2.52418e-13
0.00279994
-1.54251e-12
0.00279994
-5.03472e-12
0.00279994
-1.32746e-11
0.00279994
-3.18197e-11
0.00279994
-7.28036e-11
0.00279994
-1.62716e-10
0.00279994
-3.59391e-10
0.00279994
-7.89122e-10
0.00279994
-1.72779e-09
0.00279994
-3.77854e-09
0.00279994
-8.26234e-09
0.00279994
-1.80835e-08
0.00279995
-3.96812e-08
0.00279996
-8.75843e-08
0.00279999
-1.95748e-07
0.00280006
-4.48994e-07
0.00280021
-1.08294e-06
0.00280061
-2.8412e-06
0.00280161
-9.32413e-06
0.00281007
-5.26476e-05
0.00264475
0.000778636
0.00241099
0.00128498
0.00213438
0.00163958
0.0018129
0.00202683
0.00147482
0.00242765
0.00112561
0.00239433
0.000760592
0.00229196
0.000384888
0.00215186
0.00172478
0.00279994
-2.8236e-13
0.00279994
-1.72552e-12
0.00279994
-5.63205e-12
0.00279994
-1.48486e-11
0.00279994
-3.55893e-11
0.00279994
-8.14167e-11
0.00279994
-1.81933e-10
0.00279994
-4.01753e-10
0.00279994
-8.81933e-10
0.00279994
-1.93052e-09
0.00279994
-4.2208e-09
0.00279994
-9.22689e-09
0.00279994
-2.0189e-08
0.00279995
-4.42885e-08
0.00279996
-9.77246e-08
0.00279999
-2.18342e-07
0.00280005
-5.00639e-07
0.00280019
-1.20692e-06
0.00280055
-3.16397e-06
0.00280143
-1.03808e-05
0.00280934
-5.96053e-05
0.00263737
0.000937235
0.00239965
0.00151829
0.00212291
0.00191455
0.00180988
0.00233899
0.0014868
0.00275028
0.00114245
0.00273848
0.000781112
0.00265339
0.000403094
0.00252992
0.0021259
0.00279994
-3.08367e-13
0.00279994
-1.88446e-12
0.00279994
-6.15078e-12
0.00279994
-1.62159e-11
0.00279994
-3.88648e-11
0.00279994
-8.89055e-11
0.00279994
-1.98655e-10
0.00279994
-4.38646e-10
0.00279994
-9.62845e-10
0.00279994
-2.10745e-09
0.00279994
-4.60721e-09
0.00279994
-1.00707e-08
0.00279994
-2.20331e-08
0.00279995
-4.8329e-08
0.00279996
-1.06628e-07
0.00279998
-2.38205e-07
0.00280004
-5.46099e-07
0.00280016
-1.31618e-06
0.00280048
-3.44869e-06
0.00280125
-1.13128e-05
0.00280858
-6.59953e-05
0.0026315
0.00110107
0.00238707
0.00175848
0.0021156
0.00218422
0.00180663
0.00264708
0.00149844
0.00305802
0.00115539
0.00308129
0.000793914
0.00301491
0.000415115
0.00290872
0.00253937
0.00279994
-3.30206e-13
0.00279994
-2.01791e-12
0.00279994
-6.5863e-12
0.00279994
-1.73642e-11
0.00279994
-4.16175e-11
0.00279994
-9.52048e-11
0.00279994
-2.12738e-10
0.00279994
-4.69761e-10
0.00279994
-1.03119e-09
0.00279994
-2.25717e-09
0.00279994
-4.93481e-09
0.00279994
-1.07875e-08
0.00279994
-2.36032e-08
0.00279995
-5.17777e-08
0.00279996
-1.14249e-07
0.00279998
-2.55262e-07
0.00280002
-5.85295e-07
0.00280013
-1.41088e-06
0.00280042
-3.69764e-06
0.00280108
-1.21335e-05
0.00280769
-7.16716e-05
0.00262429
0.00127147
0.00237876
0.00199979
0.00210555
0.00245566
0.00180475
0.00294701
0.00151072
0.00335159
0.00116453
0.0034272
0.000805453
0.00337391
0.000423231
0.00329089
0.00296171
0.00279994
-3.47546e-13
0.00279994
-2.12382e-12
0.00279994
-6.93196e-12
0.00279994
-1.82759e-11
0.00279994
-4.38051e-11
0.00279994
-1.00217e-10
0.00279994
-2.23959e-10
0.00279994
-4.94598e-10
0.00279994
-1.08585e-09
0.00279994
-2.37712e-09
0.00279994
-5.19778e-09
0.00279994
-1.13639e-08
0.00279994
-2.48678e-08
0.00279994
-5.45593e-08
0.00279995
-1.20403e-07
0.00279997
-2.69044e-07
0.00280001
-6.16963e-07
0.0028001
-1.4873e-06
0.00280034
-3.89757e-06
0.00280084
-1.27892e-05
0.00280677
-7.66805e-05
0.00261948
0.00144601
0.00236646
0.00224855
0.00210332
0.0027171
0.00179849
0.00325095
0.00152533
0.00362437
0.00116423
0.00378807
0.000820803
0.00371729
0.000430693
0.00368086
0.00339159
0.00279994
-3.59979e-13
0.00279994
-2.19975e-12
0.00279994
-7.17973e-12
0.00279994
-1.893e-11
0.00279994
-4.53769e-11
0.00279994
-1.03827e-10
0.00279994
-2.32066e-10
0.00279994
-5.126e-10
0.00279994
-1.12561e-09
0.00279994
-2.46473e-09
0.00279994
-5.39057e-09
0.00279994
-1.17881e-08
0.00279994
-2.58022e-08
0.00279994
-5.66223e-08
0.00279995
-1.24984e-07
0.00279996
-2.79342e-07
0.0028
-6.40718e-07
0.00280007
-1.54484e-06
0.00280026
-4.04884e-06
0.0028006
-1.32878e-05
0.00280567
-8.08355e-05
0.00261317
0.00162596
0.00235887
0.00249879
0.00209187
0.00298225
0.00179835
0.00354377
0.00152276
0.00389951
0.00118181
0.00412866
0.000855703
0.0040434
0.00043647
0.00410001
0.00382787
0.00279994
-3.67027e-13
0.00279994
-2.2427e-12
0.00279994
-7.31989e-12
0.00279994
-1.93008e-11
0.00279994
-4.62721e-11
0.00279994
-1.05896e-10
0.00279994
-2.36749e-10
0.00279994
-5.23095e-10
0.00279994
-1.14902e-09
0.00279994
-2.51683e-09
0.00279994
-5.50645e-09
0.00279994
-1.20459e-08
0.00279994
-2.63758e-08
0.00279994
-5.79022e-08
0.00279995
-1.27857e-07
0.00279996
-2.85872e-07
0.00279998
-6.55961e-07
0.00280003
-1.58224e-06
0.00280017
-4.14878e-06
0.00280035
-1.36207e-05
0.00280436
-8.39418e-05
0.0026058
0.00181226
0.00235395
0.00274665
0.00208119
0.00325322
0.00179616
0.003828
0.001518
0.00417729
0.0011934
0.00445289
0.000852327
0.00438451
0.000440096
0.00451208
0.00426755
0.00279994
-3.68096e-13
0.00279994
-2.24911e-12
0.00279994
-7.34075e-12
0.00279994
-1.93576e-11
0.00279994
-4.64167e-11
0.00279994
-1.06255e-10
0.00279994
-2.37632e-10
0.00279994
-5.25252e-10
0.00279994
-1.15425e-09
0.00279994
-2.52943e-09
0.00279994
-5.5366e-09
0.00279994
-1.21175e-08
0.00279994
-2.65455e-08
0.00279994
-5.83027e-08
0.00279994
-1.28803e-07
0.00279995
-2.88127e-07
0.00279996
-6.61461e-07
0.00279999
-1.59627e-06
0.00280007
-4.18753e-06
0.00280006
-1.37539e-05
0.00280294
-8.59392e-05
0.00259983
0.00200339
0.00234671
0.00299587
0.002075
0.00352317
0.00179246
0.00410969
0.00151657
0.00445285
0.00119831
0.00477081
0.000851747
0.00473102
0.000440435
0.00492332
0.00470804
0.00279994
-3.62512e-13
0.00279994
-2.21482e-12
0.00279994
-7.22878e-12
0.00279994
-1.90647e-11
0.00279994
-4.57256e-11
0.00279994
-1.0471e-10
0.00279994
-2.34282e-10
0.00279994
-5.18114e-10
0.00279994
-1.13921e-09
0.00279994
-2.49796e-09
0.00279994
-5.47109e-09
0.00279994
-1.19817e-08
0.00279994
-2.62645e-08
0.00279994
-5.77223e-08
0.00279994
-1.27602e-07
0.00279994
-2.85626e-07
0.00279994
-6.56153e-07
0.00279994
-1.58451e-06
0.00279995
-4.1596e-06
0.00279974
-1.36757e-05
0.00280137
-8.66984e-05
0.00259346
0.00219962
0.00234078
0.00324472
0.0020679
0.00379438
0.00179175
0.004385
0.00151599
0.00472827
0.00120598
0.00508051
0.000850477
0.00508648
0.000443306
0.0053303
0.00515119
0.00279994
-3.49503e-13
0.00279994
-2.13513e-12
0.00279994
-6.96861e-12
0.00279994
-1.83815e-11
0.00279994
-4.41016e-11
0.00279994
-1.01039e-10
0.00279994
-2.26202e-10
0.00279994
-5.00589e-10
0.00279994
-1.1015e-09
0.00279994
-2.41718e-09
0.00279994
-5.29845e-09
0.00279994
-1.16131e-08
0.00279994
-2.54775e-08
0.00279994
-5.60385e-08
0.00279993
-1.23981e-07
0.00279993
-2.77745e-07
0.00279992
-6.38567e-07
0.00279989
-1.54325e-06
0.00279982
-4.05428e-06
0.00279937
-1.33523e-05
0.00279968
-8.61574e-05
0.00258824
0.00239969
0.00233308
0.00349613
0.00206315
0.00406267
0.00179047
0.00465692
0.00151794
0.00500052
0.00121049
0.00538767
0.000853361
0.00544349
0.00044426
0.00573927
0.00559558
0.00279994
-3.28214e-13
0.00279994
-2.0048e-12
0.00279994
-6.54314e-12
0.00279994
-1.72632e-11
0.00279994
-4.14371e-11
0.00279994
-9.49964e-11
0.00279994
-2.12847e-10
0.00279994
-4.71475e-10
0.00279994
-1.0385e-09
0.00279994
-2.28138e-09
0.00279994
-5.00631e-09
0.00279994
-1.0985e-08
0.00279994
-2.41265e-08
0.00279993
-5.31258e-08
0.00279993
-1.17667e-07
0.00279992
-2.63887e-07
0.00279989
-6.07372e-07
0.00279983
-1.46943e-06
0.00279968
-3.86423e-06
0.00279897
-1.27664e-05
0.00279781
-8.41704e-05
0.00258269
0.00260379
0.00232621
0.00374893
0.00205868
0.0043286
0.00179145
0.0049234
0.0015207
0.00527097
0.00121978
0.00568831
0.000854952
0.00580818
0.000449162
0.0061448
0.00604473
0.00279994
-2.97686e-13
0.00279994
-1.81797e-12
0.00279994
-5.9333e-12
0.00279994
-1.56594e-11
0.00279994
-3.7612e-11
0.00279994
-8.63082e-11
0.00279994
-1.93608e-10
0.00279994
-4.29436e-10
0.00279994
-9.4729e-10
0.00279994
-2.08421e-09
0.00279994
-4.5808e-09
0.00279994
-1.00673e-08
0.00279993
-2.21455e-08
0.00279993
-4.88394e-08
0.00279992
-1.08338e-07
0.00279991
-2.43331e-07
0.00279987
-5.60887e-07
0.00279977
-1.35887e-06
0.00279951
-3.57763e-06
0.00279851
-1.18804e-05
0.00279578
-8.06269e-05
0.00257768
0.00281119
0.00231928
0.00400374
0.0020534
0.00459289
0.0017931
0.00518297
0.00152628
0.00553751
0.00122568
0.00598862
0.000862442
0.00617121
0.00045223
0.00655483
0.00649703
0.00279994
-2.56863e-13
0.00279994
-1.56817e-12
0.00279994
-5.11792e-12
0.00279994
-1.35144e-11
0.00279994
-3.24932e-11
0.00279994
-7.46716e-11
0.00279994
-1.67811e-10
0.00279994
-3.72997e-10
0.00279994
-8.2466e-10
0.00279994
-1.81871e-09
0.00279994
-4.00693e-09
0.00279994
-8.82742e-09
0.00279993
-1.94649e-08
0.00279993
-4.30298e-08
0.00279992
-9.56745e-08
0.00279989
-2.15381e-07
0.00279984
-4.97585e-07
0.0027997
-1.20813e-06
0.00279934
-3.18673e-06
0.00279803
-1.06775e-05
0.0027935
-7.53181e-05
0.00257175
0.00302258
0.00231308
0.0042589
0.00205079
0.00485365
0.00179595
0.00543704
0.00153269
0.00580049
0.00123872
0.00628231
0.000867998
0.00654175
0.000460484
0.00696206
0.00695763
0.00279994
-2.04547e-13
0.00279994
-1.24811e-12
0.00279994
-4.07322e-12
0.00279994
-1.07657e-11
0.00279994
-2.59311e-11
0.00279994
-5.97452e-11
0.00279994
-1.34697e-10
0.00279994
-3.00486e-10
0.00279994
-6.66957e-10
0.00279994
-1.47691e-09
0.00279994
-3.26732e-09
0.00279994
-7.22761e-09
0.00279993
-1.60018e-08
0.00279993
-3.55141e-08
0.00279991
-7.92679e-08
0.00279988
-1.79111e-07
0.0027998
-4.15283e-07
0.00279962
-1.01168e-06
0.00279913
-2.67531e-06
0.00279746
-9.10445e-06
0.00279104
-6.81439e-05
0.00256702
0.00323659
0.00230538
0.00451709
0.00204636
0.00511117
0.00180137
0.00568131
0.00154284
0.00605874
0.00124846
0.00657639
0.000881196
0.00690883
0.000467017
0.00737606
0.00742485
0.00279994
-1.3942e-13
0.00279994
-8.49683e-13
0.00279994
-2.77273e-12
0.00279994
-7.34346e-12
0.00279994
-1.77588e-11
0.00279994
-4.1149e-11
0.00279994
-9.34199e-11
0.00279994
-2.10049e-10
0.00279994
-4.70143e-10
0.00279994
-1.05006e-09
0.00279994
-2.34307e-09
0.00279993
-5.22714e-09
0.00279993
-1.16687e-08
0.00279992
-2.61053e-08
0.0027999
-5.87195e-08
0.00279986
-1.33669e-07
0.00279976
-3.12148e-07
0.00279953
-7.65534e-07
0.00279891
-2.03484e-06
0.00279686
-7.14438e-06
0.00278831
-5.88643e-05
0.00256059
0.00345465
0.00229952
0.00477482
0.00204496
0.00536426
0.00180731
0.0059182
0.00155441
0.00631137
0.00126709
0.00686346
0.000892456
0.00728331
0.000480332
0.00778792
0.0079052
0.00279994
-5.9992e-14
0.00279994
-3.63812e-13
0.00279994
-1.18683e-12
0.00279994
-3.16965e-12
0.00279994
-7.78933e-12
0.00279994
-1.84548e-11
0.00279994
-4.30242e-11
0.00279994
-9.95723e-11
0.00279994
-2.29574e-10
0.00279994
-5.2799e-10
0.00279994
-1.21188e-09
0.00279993
-2.77713e-09
0.00279993
-6.35845e-09
0.00279992
-1.45677e-08
0.00279989
-3.35085e-08
0.00279984
-7.7894e-08
0.00279972
-1.85548e-07
0.00279943
-4.63514e-07
0.00279867
-1.24984e-06
0.00279619
-4.75317e-06
0.00278538
-4.73496e-05
0.00255513
0.00367557
0.00229069
0.00503598
0.00204186
0.00561166
0.00181745
0.00614191
0.00157081
0.00655775
0.00128384
0.00715016
0.000912793
0.0076542
0.000492361
0.00820823
0.00839769
0.00279994
3.53542e-14
0.00279994
2.19379e-13
0.00279994
7.16743e-13
0.00279994
1.84083e-12
0.00279994
4.18163e-12
0.00279994
8.80535e-12
0.00279994
1.75395e-11
0.00279994
3.32708e-11
0.00279994
5.98945e-11
0.00279994
1.00694e-10
0.00279994
1.51545e-10
0.00279993
1.78977e-10
0.00279993
5.65362e-11
0.00279991
-6.10868e-10
0.00279988
-2.96783e-09
0.00279982
-1.02497e-08
0.00279967
-3.19798e-08
0.00279931
-9.81543e-08
0.0027984
-3.09336e-07
0.00279551
-1.94367e-06
0.00278218
-3.33516e-05
0.00254806
0.0039007
0.00228379
0.00529708
0.00204131
0.00585274
0.0018283
0.00635417
0.00159075
0.00679504
0.00131157
0.00742909
0.000931498
0.00803414
0.000513195
0.00862631
0.00891089
0.00279994
1.48297e-13
0.00279994
9.10201e-13
0.00279994
2.97163e-12
0.00279994
7.77645e-12
0.00279994
1.83647e-11
0.00279994
4.11081e-11
0.00279994
8.93181e-11
0.00279994
1.90732e-10
0.00279994
4.03018e-10
0.00279994
8.45833e-10
0.00279993
1.76707e-09
0.00279993
3.67997e-09
0.00279992
7.64841e-09
0.00279991
1.58902e-08
0.00279987
3.30934e-08
0.0027998
6.94875e-08
0.00279962
1.48616e-07
0.0027992
3.29836e-07
0.00279813
7.8371e-07
0.00279484
1.2714e-06
0.00277878
-1.66544e-05
0.00253987
0.00413095
0.00227306
0.0055608
0.00204033
0.00608409
0.00184485
0.00654898
0.0016165
0.00702313
0.00134098
0.00770434
0.000961168
0.00841382
0.000528646
0.00905875
0.00943962
0.00279994
2.80723e-13
0.00279994
1.72013e-12
0.00279994
5.61536e-12
0.00279994
1.4737e-11
0.00279994
3.50026e-11
0.00279994
7.90198e-11
0.00279994
1.73604e-10
0.00279994
3.75718e-10
0.00279994
8.06247e-10
0.00279994
1.72153e-09
0.00279993
3.66497e-09
0.00279993
7.78911e-09
0.00279992
1.65448e-08
0.0027999
3.51798e-08
0.00279986
7.51061e-08
0.00279977
1.61972e-07
0.00279957
3.56933e-07
0.00279908
8.20309e-07
0.00279786
2.02577e-06
0.00279421
4.85468e-06
0.00277497
3.19982e-06
0.00253061
0.00436699
0.00226259
0.00582583
0.00204104
0.00630429
0.00186337
0.00672593
0.00164952
0.00723674
0.00138702
0.00796657
0.00100009
0.00880059
0.000563257
0.00949538
0.0100029
0.00279994
4.34476e-13
0.00279994
2.66019e-12
0.00279994
8.68394e-12
0.00279994
2.28212e-11
0.00279994
5.43494e-11
0.00279994
1.23179e-10
0.00279994
2.71992e-10
0.00279994
5.92201e-10
0.00279994
1.27947e-09
0.00279994
2.75237e-09
0.00279993
5.90633e-09
0.00279993
1.26584e-08
0.00279992
2.71246e-08
0.0027999
5.82054e-08
0.00279985
1.25457e-07
0.00279974
2.733e-07
0.00279949
6.09002e-07
0.0027989
1.41797e-06
0.00279738
3.55814e-06
0.00279283
9.34851e-06
0.00276952
2.70863e-05
0.00251666
0.00461191
0.00224828
0.00609129
0.00204388
0.00650738
0.0018891
0.00688004
0.00168962
0.00743594
0.00143614
0.00821978
0.0010633
0.00917325
0.00059957
0.00995906
0.0106025
0.00279994
6.0981e-13
0.00279994
3.73169e-12
0.00279994
1.21816e-11
0.00279994
3.20443e-11
0.00279994
7.64609e-11
0.00279994
1.73777e-10
0.00279994
3.8509e-10
0.00279994
8.42013e-10
0.00279994
1.82794e-09
0.00279994
3.95295e-09
0.00279993
8.53066e-09
0.00279993
1.83926e-08
0.00279992
3.96611e-08
0.00279989
8.56732e-08
0.00279983
1.85963e-07
0.00279969
4.08175e-07
0.00279939
9.17229e-07
0.00279865
2.15707e-06
0.00279674
5.48304e-06
0.00279092
1.51203e-05
0.00276206
5.64886e-05
0.00250005
0.00486631
0.00223087
0.00635768
0.00204826
0.00668868
0.00191901
0.00700858
0.00174054
0.00761417
0.00148332
0.00847672
0.00113834
0.00951804
0.000648427
0.0104488
0.0112509
0.00279994
8.03764e-13
0.00279994
4.9164e-12
0.00279994
1.6049e-11
0.00279994
4.22523e-11
0.00279994
1.00978e-10
0.00279994
2.30029e-10
0.00279994
5.11251e-10
0.00279994
1.1218e-09
0.00279994
2.44503e-09
0.00279994
5.31059e-09
0.00279993
1.15147e-08
0.00279993
2.49514e-08
0.00279991
5.40923e-08
0.00279988
1.17509e-07
0.00279981
2.56608e-07
0.00279965
5.66912e-07
0.00279929
1.28323e-06
0.0027984
3.04405e-06
0.00279607
7.82842e-06
0.00278888
2.22597e-05
0.00275503
9.08431e-05
0.00247159
0.00514245
0.00221
0.00661651
0.00205955
0.00683787
0.00195804
0.00710942
0.001814
0.00775792
0.00156401
0.00872646
0.00122156
0.00986028
0.000698899
0.0109714
0.0119498
0.00279994
1.00945e-12
0.00279994
6.17207e-12
0.00279994
2.01476e-11
0.00279994
5.30773e-11
0.00279994
1.27013e-10
0.00279994
2.89883e-10
0.00279994
6.4585e-10
0.00279994
1.42126e-09
0.00279994
3.10798e-09
0.00279994
6.77516e-09
0.00279993
1.47482e-08
0.00279992
3.20931e-08
0.00279991
6.98861e-08
0.00279987
1.52537e-07
0.0027998
3.34763e-07
0.00279962
7.43494e-07
0.00279921
1.69258e-06
0.00279822
4.04106e-06
0.00279558
1.04726e-05
0.00278745
3.03438e-05
0.00274689
0.000131862
0.00242255
0.00545984
0.00218392
0.0068525
0.00207625
0.00694424
0.00200381
0.00718117
0.00187882
0.00788262
0.00163622
0.00896875
0.00126825
0.010228
0.000766925
0.0114725
0.0127167
0.00279994
1.21533e-12
0.00279994
7.43075e-12
0.00279994
2.42601e-11
0.00279994
6.39445e-11
0.00279994
1.53165e-10
0.00279994
3.50073e-10
0.00279994
7.81409e-10
0.00279994
1.72346e-09
0.00279994
3.77867e-09
0.00279994
8.26135e-09
0.00279993
1.80417e-08
0.00279992
3.93996e-08
0.00279991
8.61315e-08
0.00279987
1.88804e-07
0.00279979
4.16332e-07
0.0027996
9.29629e-07
0.00279917
2.1296e-06
0.00279808
5.12416e-06
0.00279513
1.3426e-05
0.00278576
3.96732e-05
0.002742
0.000176043
0.00234388
0.00585128
0.00216121
0.00703257
0.00210869
0.00699553
0.00206086
0.00722832
0.00193676
0.00800638
0.00167509
0.00923017
0.00132336
0.0105795
0.000841077
0.0119547
0.0135577
0.00279994
1.42142e-12
0.00279994
8.66002e-12
0.00279994
2.81943e-11
0.00279994
7.42447e-11
0.00279994
1.77848e-10
0.00279994
4.06745e-10
0.00279994
9.08805e-10
0.00279994
2.00691e-09
0.00279994
4.40635e-09
0.00279994
9.64886e-09
0.00279993
2.11083e-08
0.00279993
4.61839e-08
0.00279991
1.01173e-07
0.00279988
2.22289e-07
0.0027998
4.91479e-07
0.00279963
1.10104e-06
0.00279922
2.53367e-06
0.00279821
6.14115e-06
0.00279531
1.63229e-05
0.0027853
4.96434e-05
0.00273882
0.000222895
0.00216658
0.0064172
0.00215746
0.0070392
0.00215674
0.00699494
0.00213157
0.0072528
0.00201058
0.00812704
0.00176859
0.00947186
0.00143066
0.0109172
0.000933415
0.0124517
0.0144911
0.0111998
1.9081e-12
0.0111998
1.17282e-11
0.0111998
3.84534e-11
0.0111998
1.015e-10
0.0111998
2.43034e-10
0.0111998
5.54579e-10
0.0111998
1.23475e-09
0.0111998
2.71453e-09
0.0111997
5.92928e-09
0.0111997
1.29097e-08
0.0111997
2.80682e-08
0.0111997
6.1009e-08
0.0111997
1.32719e-07
0.0111996
2.89435e-07
0.0111995
6.34801e-07
0.0111992
1.40935e-06
0.0111985
3.20863e-06
0.0111969
7.6686e-06
0.0111932
1.99525e-05
0.0111843
5.84131e-05
0.0111633
0.000245057
0.0120442
0.00551352
0.0111417
0.0079303
0.010276
0.00785615
0.00957575
0.00795007
0.00917408
0.00852714
0.00902416
0.00962155
0.00923773
0.0107038
0.010419
0.0112709
0.00934573
0.0155646
0.0111998
2.6489e-12
0.0111998
1.63571e-11
0.0111998
5.38342e-11
0.0111998
1.42318e-10
0.0111998
3.40866e-10
0.0111998
7.77433e-10
0.0111998
1.72916e-09
0.0111997
3.79629e-09
0.0111997
8.27882e-09
0.0111997
1.79933e-08
0.0111997
3.90465e-08
0.0111997
8.47018e-08
0.0111997
1.83873e-07
0.0111995
4.00106e-07
0.0111993
8.75438e-07
0.0111988
1.9384e-06
0.0111975
4.39911e-06
0.0111947
1.04707e-05
0.0111874
2.70949e-05
0.011167
7.88432e-05
0.0110658
0.000345423
0.0105996
0.00596262
0.0103082
0.00821157
0.010148
0.00801178
0.0100446
0.00805084
0.0101448
0.00842459
0.0105943
0.00916936
0.011531
0.00976449
0.012735
0.0100651
0.00825788
0.0138219
0.0111998
4.0531e-12
0.0111998
2.50148e-11
0.0111998
8.22937e-11
0.0111998
2.17529e-10
0.0111998
5.21044e-10
0.0111998
1.18864e-09
0.0111998
2.64464e-09
0.0111997
5.80854e-09
0.0111997
1.26729e-08
0.0111997
2.75572e-08
0.0111997
5.98319e-08
0.0111997
1.29859e-07
0.0111996
2.82048e-07
0.0111993
6.14028e-07
0.0111989
1.34403e-06
0.0111978
2.97656e-06
0.0111954
6.75414e-06
0.0111897
1.60661e-05
0.0111751
4.15183e-05
0.0111333
0.000120445
0.0109978
0.000480083
0.0107577
0.00618495
0.0104281
0.00853026
0.010289
0.00814682
0.0103609
0.00797775
0.0107056
0.00807999
0.0113552
0.00851963
0.0122658
0.00885322
0.0132622
0.00906664
0.00774378
0.0137748
0.0111998
6.41908e-12
0.0111998
3.93733e-11
0.0111998
1.28862e-10
0.0111998
3.39831e-10
0.0111998
8.13321e-10
0.0111998
1.85547e-09
0.0111997
4.13058e-09
0.0111997
9.08015e-09
0.0111997
1.98322e-08
0.0111997
4.31765e-08
0.0111997
9.38612e-08
0.0111996
2.03971e-07
0.0111994
4.43552e-07
0.0111991
9.66679e-07
0.0111983
2.11772e-06
0.0111965
4.6917e-06
0.0111926
1.06403e-05
0.0111832
2.52653e-05
0.0111593
6.50912e-05
0.0110901
0.000189309
0.0108697
0.000699049
0.0106027
0.00643818
0.0106334
0.00848767
0.0105094
0.00826518
0.0107049
0.00777827
0.0110999
0.00768267
0.0117307
0.00788706
0.0124866
0.00809627
0.0133168
0.00823549
0.00762881
0.0134303
0.0111998
9.31215e-12
0.0111998
5.75212e-11
0.0111998
1.89404e-10
0.0111998
5.01133e-10
0.0111998
1.20196e-09
0.0111998
2.74706e-09
0.0111997
6.12648e-09
0.0111997
1.34936e-08
0.0111997
2.95323e-08
0.0111997
6.44339e-08
0.0111997
1.40386e-07
0.0111996
3.05764e-07
0.0111993
6.66392e-07
0.0111988
1.45542e-06
0.0111977
3.19439e-06
0.0111953
7.08693e-06
0.0111897
1.60818e-05
0.0111766
3.8166e-05
0.011143
9.82341e-05
0.0110458
0.00028587
0.010713
0.0010307
0.00938603
0.00775223
0.0103676
0.00749544
0.0106957
0.00792995
0.0109288
0.00754351
0.0112973
0.00731121
0.0118559
0.00732521
0.0125294
0.00741982
0.0132655
0.00749688
0.00709795
0.0137932
0.0111998
1.46205e-11
0.0111998
8.66278e-11
0.0111998
2.7517e-10
0.0111998
7.16007e-10
0.0111998
1.70648e-09
0.0111997
3.89783e-09
0.0111997
8.71655e-09
0.0111997
1.92877e-08
0.0111997
4.2459e-08
0.0111997
9.324e-08
0.0111996
2.04549e-07
0.0111995
4.48666e-07
0.0111992
9.8465e-07
0.0111984
2.16423e-06
0.0111968
4.77311e-06
0.0111932
1.06042e-05
0.0111852
2.39311e-05
0.0111672
5.58525e-05
0.0111247
0.000140186
0.0109909
0.000418716
0.010177
0.00184363
0.011174
0.00674079
0.0113741
0.00728591
0.0115412
0.00775582
0.0114652
0.00761368
0.0117003
0.0070685
0.0120583
0.00696068
0.0125811
0.00689136
0.0131959
0.00687777
0.00646393
0.0138274
0.0111998
8.64057e-12
0.0111998
5.37864e-11
0.0111998
1.78228e-10
0.0111998
4.72824e-10
0.0111998
1.13484e-09
0.0111998
2.59237e-09
0.0111998
5.7743e-09
0.0111998
1.26958e-08
0.0111998
2.77283e-08
0.0111998
6.03541e-08
0.0111999
1.31144e-07
0.0112
2.84739e-07
0.0112004
6.18099e-07
0.0112012
1.34225e-06
0.011203
2.91851e-06
0.0112072
6.36516e-06
0.0112169
1.39753e-05
0.0112413
3.11256e-05
0.0113092
7.15089e-05
0.0115513
0.000175142
0.0127928
0.000601003
0.0186112
0.000912599
0.0147659
0.0111138
0.0135524
0.00895514
0.01236
0.00879732
0.012575
0.00684634
0.012731
0.00680276
0.0130077
0.00661159
0.0134085
0.00647325
0.00609561
0.0137736
0.0111998
6.5806e-12
0.0111998
4.08439e-11
0.0111998
1.34994e-10
0.0111998
3.57543e-10
0.0111998
8.56933e-10
0.0111998
1.95456e-09
0.0111998
4.34604e-09
0.0111998
9.53663e-09
0.0111998
2.0783e-08
0.0111998
4.51308e-08
0.0111998
9.78234e-08
0.0111999
2.11852e-07
0.0112
4.58689e-07
0.0112003
9.93529e-07
0.0112011
2.15514e-06
0.0112026
4.69149e-06
0.011206
1.02944e-05
0.0112136
2.29805e-05
0.0112308
5.31725e-05
0.0112718
0.000132155
0.011487
0.000382592
0.0111494
0.00124107
0.0133669
0.00886034
0.0148621
0.00744198
0.0156086
0.00803525
0.0133483
0.00909876
0.0133875
0.00676318
0.0134615
0.00653633
0.0136622
0.00626984
0.00586658
0.0138885
0.0111998
7.02761e-12
0.0111998
4.22918e-11
0.0111998
1.36193e-10
0.0111998
3.56632e-10
0.0111998
8.51775e-10
0.0111998
1.94485e-09
0.0111998
4.34098e-09
0.0111998
9.57838e-09
0.0111997
2.10132e-08
0.0111997
4.59693e-08
0.0111997
1.00433e-07
0.0111997
2.19314e-07
0.0111997
4.78914e-07
0.0111996
1.04629e-06
0.0111994
2.28853e-06
0.0111988
5.01847e-06
0.0111976
1.10656e-05
0.0111949
2.46921e-05
0.0111894
5.65652e-05
0.0111801
0.00013757
0.0111665
0.000389693
0.010696
0.00169941
0.0152162
0.00425925
0.01432
0.00831261
0.014286
0.00804384
0.0148753
0.00849822
0.0138913
0.00775934
0.0138448
0.00659133
0.0139335
0.00618711
0.0057364
0.0140642
0.0111998
4.69808e-12
0.0111998
2.88316e-11
0.0111998
9.44066e-11
0.0111998
2.49063e-10
0.0111998
5.96412e-10
0.0111998
1.36171e-09
0.0111998
3.03456e-09
0.0111998
6.67908e-09
0.0111998
1.46078e-08
0.0111998
3.18461e-08
0.0111998
6.93149e-08
0.0111999
1.50748e-07
0.0112
3.27733e-07
0.0112003
7.12457e-07
0.011201
1.54914e-06
0.0112024
3.37067e-06
0.0112058
7.34582e-06
0.0112136
1.60668e-05
0.0112332
3.54286e-05
0.0112879
7.96707e-05
0.0114825
0.000188806
0.0125926
0.00058854
0.0153765
0.00144232
0.0153194
0.0083006
0.0157603
0.00761271
0.0161745
0.00809275
0.0143923
0.00955875
0.0143289
0.00666696
0.0142908
0.00623102
0.005727
0.0143034
0.0111998
2.8558e-12
0.0111998
1.76851e-11
0.0111998
5.83457e-11
0.0111998
1.54508e-10
0.0111998
3.70701e-10
0.0111998
8.47169e-10
0.0111998
1.88865e-09
0.0111998
4.15723e-09
0.0111998
9.09138e-09
0.0111998
1.98163e-08
0.0111998
4.31222e-08
0.0111998
9.37638e-08
0.0111999
2.03807e-07
0.0112002
4.42966e-07
0.0112006
9.62923e-07
0.0112017
2.09423e-06
0.0112039
4.55984e-06
0.0112089
9.95301e-06
0.0112201
2.18451e-05
0.0112462
4.85537e-05
0.0113138
0.000111253
0.0116031
0.000282356
0.0120063
0.00100518
0.0184023
0.0017192
0.015808
0.0102227
0.0161277
0.00779373
0.0176779
0.00803007
0.0150787
0.00928631
0.0148311
0.00649162
0.00582313
0.014744
0.0111998
1.94703e-12
0.0111998
1.19086e-11
0.0111998
3.88755e-11
0.0111998
1.0241e-10
0.0111998
2.4509e-10
0.0111998
5.59517e-10
0.0111998
1.24705e-09
0.0111998
2.74544e-09
0.0111998
6.00639e-09
0.0111998
1.30989e-08
0.0111998
2.85213e-08
0.0111998
6.20539e-08
0.0111999
1.34964e-07
0.0112
2.93505e-07
0.0112003
6.38315e-07
0.011201
1.38853e-06
0.0112024
3.02214e-06
0.0112055
6.5855e-06
0.0112124
1.43878e-05
0.0112282
3.16215e-05
0.0112668
7.05325e-05
0.0113811
0.000163947
0.0119237
0.000464727
0.0119477
0.00167713
0.0165157
0.00564175
0.015789
0.00850952
0.0160268
0.00779546
0.0175257
0.00779866
0.0161962
0.00783909
0.00664328
0.0153973
0.0111998
1.09953e-12
0.0111998
6.77806e-12
0.0111998
2.22747e-11
0.0111998
5.88502e-11
0.0111998
1.40951e-10
0.0111998
3.21612e-10
0.0111998
7.15836e-10
0.0111998
1.57297e-09
0.0111998
3.43356e-09
0.0111998
7.46938e-09
0.0111998
1.62204e-08
0.0111998
3.51918e-08
0.0111999
7.63161e-08
0.0112
1.65454e-07
0.0112003
3.58655e-07
0.0112009
7.7739e-07
0.0112022
1.68493e-06
0.0112051
3.65196e-06
0.0112115
7.91587e-06
0.0112259
1.71627e-05
0.011259
3.72516e-05
0.0113413
8.13033e-05
0.0116233
0.000183405
0.0127203
0.000578689
0.0170105
0.00134902
0.0172366
0.00827433
0.0174538
0.00757049
0.0177534
0.00749846
0.017045
0.00855737
0.00725537
0.0164495
0.0111998
4.93345e-13
0.0111998
3.12929e-12
0.0111998
1.05241e-11
0.0111998
2.80823e-11
0.0111998
6.74605e-11
0.0111998
1.53769e-10
0.0111998
3.41062e-10
0.0111998
7.4564e-10
0.0111998
1.61764e-09
0.0111998
3.49487e-09
0.0111998
7.5333e-09
0.0111998
1.62168e-08
0.0111998
3.48809e-08
0.0111999
7.49832e-08
0.0112001
1.61121e-07
0.0112005
3.4609e-07
0.0112015
7.43217e-07
0.0112035
1.59587e-06
0.011208
3.42758e-06
0.0112178
7.36907e-06
0.0112391
1.58866e-05
0.0112859
3.44868e-05
0.0113929
7.61919e-05
0.0117879
0.000183539
0.0125532
0.00058171
0.0194691
0.00135362
0.0178816
0.0091476
0.0187514
0.00662535
0.0191932
0.00811431
0.00938983
0.0170657
0.0111998
3.52798e-13
0.0111998
2.1553e-12
0.0111998
7.0292e-12
0.0111998
1.8502e-11
0.0111998
4.4225e-11
0.0111998
1.00781e-10
0.0111998
2.24097e-10
0.0111998
4.91997e-10
0.0111998
1.07306e-09
0.0111998
2.33248e-09
0.0111998
5.06141e-09
0.0111998
1.0974e-08
0.0111998
2.37845e-08
0.0111998
5.15424e-08
0.0111998
1.11696e-07
0.0111999
2.42079e-07
0.0112002
5.24769e-07
0.0112006
1.13802e-06
0.0112015
2.46978e-06
0.0112035
5.36829e-06
0.0112076
1.17071e-05
0.0112161
2.57193e-05
0.0112343
5.74854e-05
0.0112826
0.000134261
0.0115013
0.00036097
0.0114473
0.00140265
0.017587
0.00298942
0.0172322
0.0069789
0.0186546
0.00668551
0.00720072
0.0208383
0.0111998
2.06046e-13
0.0111998
1.27044e-12
0.0111998
4.17615e-12
0.0111998
1.10354e-11
0.0111998
2.64316e-11
0.0111998
6.03039e-11
0.0111998
1.34199e-10
0.0111998
2.94822e-10
0.0111998
6.43409e-10
0.0111998
1.3994e-09
0.0111998
3.03848e-09
0.0111998
6.59184e-09
0.0111998
1.42951e-08
0.0111998
3.09954e-08
0.0111998
6.72025e-08
0.0111999
1.45706e-07
0.0112001
3.1593e-07
0.0112006
6.85061e-07
0.0112016
1.48558e-06
0.0112037
3.22172e-06
0.0112084
6.98705e-06
0.0112189
1.51533e-05
0.0112433
3.28724e-05
0.0113057
7.15036e-05
0.0115079
0.000158203
0.0124805
0.00042942
0.014183
0.00128446
0.0181012
0.00305938
0.0184066
0.00637041
0.00652533
0.0190689
0.0111998
1.0335e-13
0.0111998
6.44848e-13
0.0111998
2.14035e-12
0.0111998
5.67903e-12
0.0111998
1.36172e-11
0.0111998
3.10477e-11
0.0111998
6.89727e-11
0.0111998
1.51155e-10
0.0111998
3.28905e-10
0.0111998
7.13015e-10
0.0111998
1.54267e-09
0.0111998
3.33422e-09
0.0111998
7.20222e-09
0.0111998
1.55523e-08
0.0111998
3.35761e-08
0.0111999
7.24771e-08
0.0112
1.56429e-07
0.0112004
3.37584e-07
0.0112011
7.28431e-07
0.0112028
1.57154e-06
0.0112063
3.38966e-06
0.0112141
7.30832e-06
0.0112311
1.57467e-05
0.0112682
3.38971e-05
0.0113526
7.2976e-05
0.011619
0.000161073
0.0124693
0.000430466
0.0142786
0.00124219
0.0183391
0.00229206
0.00603854
0.0188194
0.0111998
5.39892e-14
0.0111998
3.32837e-13
0.0111998
1.09374e-12
0.0111998
2.88836e-12
0.0111998
6.91078e-12
0.0111998
1.57428e-11
0.0111998
3.4964e-11
0.0111998
7.66292e-11
0.0111998
1.66781e-10
0.0111998
3.6168e-10
0.0111998
7.82862e-10
0.0111998
1.69288e-09
0.0111998
3.65893e-09
0.0111998
7.90641e-09
0.0111998
1.70827e-08
0.0111998
3.69076e-08
0.0111999
7.9739e-08
0.0112001
1.72275e-07
0.0112004
3.7219e-07
0.0112012
8.0402e-07
0.0112028
1.73645e-06
0.0112064
3.74801e-06
0.011214
8.07898e-06
0.0112304
1.7364e-05
0.0112661
3.71014e-05
0.0113483
7.84646e-05
0.011611
0.00016699
0.012457
0.000393778
0.0133331
0.00141246
5.22046e-05
0.0193105
0.0111998
1.60564e-14
0.0111998
1.05295e-13
0.0111998
3.63219e-13
0.0111998
9.79305e-13
0.0111998
2.35916e-12
0.0111998
5.36922e-12
0.0111998
1.18578e-11
0.0111998
2.5764e-11
0.0111998
5.54769e-11
0.0111998
1.1885e-10
0.0111998
2.53852e-10
0.0111998
5.41182e-10
0.0111998
1.15223e-09
0.0111998
2.45074e-09
0.0111998
5.20808e-09
0.0111998
1.10587e-08
0.0111999
2.34627e-08
0.0112
4.97383e-08
0.0112002
1.05347e-07
0.0112008
2.2292e-07
0.0112021
4.71227e-07
0.0112048
9.94997e-07
0.0112108
2.09826e-06
0.0112237
4.41841e-06
0.0112514
9.28974e-06
0.0113102
1.95141e-05
0.0114357
4.12062e-05
0.011737
9.17742e-05
0.0128674
0.000281789
0.00037586
0.0125428
0.0111998
7.38654e-15
0.0111998
4.59963e-14
0.0111998
1.52336e-13
0.0111998
4.03218e-13
0.0111998
9.63491e-13
0.0111998
2.18612e-12
0.0111998
4.82591e-12
0.0111998
1.04959e-11
0.0111998
2.2642e-11
0.0111998
4.86233e-11
0.0111998
1.04154e-10
0.0111998
2.22786e-10
0.0111998
4.76145e-10
0.0111998
1.01713e-09
0.0111998
2.17212e-09
0.0111998
4.63773e-09
0.0111998
9.9008e-09
0.0111998
2.11347e-08
0.0111999
4.51127e-08
0.0112
9.6292e-08
0.0112003
2.05534e-07
0.0112008
4.38737e-07
0.011202
9.36675e-07
0.0112044
2.00042e-06
0.0112093
4.27549e-06
0.0112196
9.15435e-06
0.011241
1.96862e-05
0.0112896
4.28546e-05
0.0114733
9.7421e-05
0.000249022
0.0115995
0.0111998
2.18079e-15
0.0111998
1.43372e-14
0.0111998
4.95419e-14
0.0111998
1.33609e-13
0.0111998
3.21617e-13
0.0111998
7.30736e-13
0.0111998
1.6098e-12
0.0111998
3.48664e-12
0.0111998
7.48015e-12
0.0111998
1.59606e-11
0.0111998
3.39471e-11
0.0111998
7.20617e-11
0.0111998
1.52776e-10
0.0111998
3.23605e-10
0.0111998
6.84977e-10
0.0111998
1.44905e-09
0.0111998
3.06378e-09
0.0111998
6.47459e-09
0.0111998
1.36756e-08
0.0111999
2.88711e-08
0.0112
6.09198e-08
0.0112003
1.28479e-07
0.011201
2.70829e-07
0.0112024
5.70643e-07
0.0112055
1.20197e-06
0.0112121
2.53161e-06
0.0112264
5.33529e-06
0.0112578
1.1271e-05
0.0113311
2.39578e-05
5.351e-05
0.0115263
0.0111998
1.09925e-15
0.0111998
6.96477e-15
0.0111998
2.33886e-14
0.0111998
6.23073e-14
0.0111998
1.49303e-13
0.0111998
3.39097e-13
0.0111998
7.48588e-13
0.0111998
1.62733e-12
0.0111998
3.50784e-12
0.0111998
7.52625e-12
0.0111998
1.6106e-11
0.0111998
3.4416e-11
0.0111998
7.34797e-11
0.0111998
1.56804e-10
0.0111998
3.34515e-10
0.0111998
7.13488e-10
0.0111998
1.52158e-09
0.0111998
3.24456e-09
0.0111998
6.91793e-09
0.0111998
1.47491e-08
0.0111998
3.14433e-08
0.0111999
6.70323e-08
0.0112
1.42911e-07
0.0112003
3.04757e-07
0.0112008
6.50306e-07
0.0112019
1.38974e-06
0.0112043
2.98013e-06
0.011209
6.43796e-06
0.0112186
1.41439e-05
3.20258e-05
0.0112397
0.0111998
1.01553e-15
0.0111998
6.09496e-15
0.0111998
1.95815e-14
0.0111998
5.11926e-14
0.0111998
1.22093e-13
0.0111998
2.78324e-13
0.0111998
6.20056e-13
0.0111998
1.36522e-12
0.0111998
2.98804e-12
0.0111998
6.52077e-12
0.0111998
1.4211e-11
0.0111998
3.09542e-11
0.0111998
6.7417e-11
0.0111998
1.4685e-10
0.0111998
3.19948e-10
0.0111998
6.97299e-10
0.0111998
1.52021e-09
0.0111998
3.31547e-09
0.0111998
7.23346e-09
0.0111998
1.57874e-08
0.0111997
3.44703e-08
0.0111997
7.52933e-08
0.0111997
1.64537e-07
0.0111997
3.59754e-07
0.0111995
7.87189e-07
0.0111992
1.72454e-06
0.0111984
3.7867e-06
0.0111964
8.34958e-06
0.0111919
1.85856e-05
4.23924e-05
0.0111812
0.0111998
4.6877e-16
0.0111998
2.97383e-15
0.0111998
1.00025e-14
0.0111998
2.67061e-14
0.0111998
6.42119e-14
0.0111998
1.46552e-13
0.0111998
3.25591e-13
0.0111998
7.13228e-13
0.0111998
1.55082e-12
0.0111998
3.35887e-12
0.0111998
7.25965e-12
0.0111998
1.56725e-11
0.0111998
3.38118e-11
0.0111998
7.29141e-11
0.0111998
1.57187e-10
0.0111998
3.38775e-10
0.0111998
7.29964e-10
0.0111998
1.5725e-09
0.0111998
3.38671e-09
0.0111998
7.29226e-09
0.0111998
1.56979e-08
0.0111998
3.37841e-08
0.0111999
7.26909e-08
0.0112001
1.56371e-07
0.0112006
3.36329e-07
0.0112016
7.23437e-07
0.0112038
1.55655e-06
0.0112088
3.3554e-06
0.0112202
7.25183e-06
1.56999e-05
0.011247
0.0111998
3.61871e-16
0.0111998
2.23267e-15
0.0111998
7.3463e-15
0.0111998
1.94153e-14
0.0111998
4.64909e-14
0.0111998
1.0601e-13
0.0111998
2.35718e-13
0.0111998
5.17323e-13
0.0111998
1.12765e-12
0.0111998
2.44933e-12
0.0111998
5.31026e-12
0.0111998
1.15015e-11
0.0111998
2.48971e-11
0.0111998
5.38761e-11
0.0111998
1.16558e-10
0.0111998
2.5212e-10
0.0111998
5.45262e-10
0.0111998
1.17908e-09
0.0111998
2.5493e-09
0.0111998
5.51128e-09
0.0111998
1.19135e-08
0.0111998
2.57512e-08
0.0111998
5.56598e-08
0.0111998
1.20312e-07
0.0111999
2.60117e-07
0.0112
5.62693e-07
0.0112004
1.21875e-06
0.011201
2.64754e-06
0.0112024
5.78318e-06
1.28269e-05
0.0112053
0.0111998
3.43727e-16
0.0111998
2.06747e-15
0.0111998
6.65394e-15
0.0111998
1.74215e-14
0.0111998
4.16159e-14
0.0111998
9.5053e-14
0.0111998
2.12246e-13
0.0111998
4.68519e-13
0.0111998
1.02826e-12
0.0111998
2.25025e-12
0.0111998
4.91755e-12
0.0111998
1.07394e-11
0.0111998
2.34467e-11
0.0111998
5.11841e-11
0.0111998
1.11732e-10
0.0111998
2.43908e-10
0.0111998
5.32467e-10
0.0111998
1.16246e-09
0.0111998
2.53796e-09
0.0111998
5.5413e-09
0.0111998
1.20992e-08
0.0111997
2.64193e-08
0.0111997
5.76912e-08
0.0111997
1.25989e-07
0.0111997
2.75189e-07
0.0111997
6.01292e-07
0.0111996
1.31488e-06
0.0111993
2.88019e-06
0.0111987
6.33256e-06
1.40486e-05
0.0111975
0.0111998
1.87974e-16
0.0111998
1.18133e-15
0.0111998
3.94389e-15
0.0111998
1.05009e-14
0.0111998
2.52583e-14
0.0111998
5.77835e-14
0.0111998
1.28853e-13
0.0111998
2.83557e-13
0.0111998
6.19749e-13
0.0111998
1.34973e-12
0.0111998
2.93403e-12
0.0111998
6.37137e-12
0.0111998
1.38271e-11
0.0111998
2.99946e-11
0.0111998
6.5044e-11
0.0111998
1.41005e-10
0.0111998
3.05577e-10
0.0111998
6.62005e-10
0.0111998
1.43367e-09
0.0111998
3.10366e-09
0.0111998
6.71637e-09
0.0111998
1.45288e-08
0.0111998
3.14169e-08
0.0111998
6.79134e-08
0.0112
1.4677e-07
0.0112002
3.17151e-07
0.0112008
6.85483e-07
0.011202
1.48234e-06
0.0112049
3.21469e-06
7.01581e-06
0.0112115
0.0111998
1.6143e-16
0.0111998
9.63329e-16
0.0111998
3.07792e-15
0.0111998
8.0277e-15
0.0111998
1.91238e-14
0.0111998
4.35793e-14
0.0111998
9.70902e-14
0.0111998
2.13803e-13
0.0111998
4.67976e-13
0.0111998
1.02107e-12
0.0111998
2.22419e-12
0.0111998
4.84084e-12
0.0111998
1.05319e-11
0.0111998
2.29117e-11
0.0111998
4.98492e-11
0.0111998
1.08486e-10
0.0111998
2.36179e-10
0.0111998
5.14395e-10
0.0111998
1.12087e-09
0.0111998
2.44355e-09
0.0111998
5.32973e-09
0.0111998
1.16309e-08
0.0111998
2.53954e-08
0.0111998
5.54831e-08
0.0111998
1.21303e-07
0.0111998
2.65435e-07
0.0111998
5.81475e-07
0.0111998
1.27591e-06
0.0111999
2.80598e-06
6.2089e-06
0.0112001
0.0111998
4.04018e-17
0.0111998
2.6525e-16
0.0111998
9.20302e-16
0.0111998
2.47893e-15
0.0111998
5.94976e-15
0.0111998
1.3471e-14
0.0111998
2.95855e-14
0.0111998
6.39546e-14
0.0111998
1.37148e-13
0.0111998
2.92996e-13
0.0111998
6.24956e-13
0.0111998
1.33235e-12
0.0111998
2.84021e-12
0.0111998
6.05427e-12
0.0111998
1.29027e-11
0.0111998
2.74847e-11
0.0111998
5.85036e-11
0.0111998
1.24414e-10
0.0111998
2.64312e-10
0.0111998
5.60989e-10
0.0111998
1.18983e-09
0.0111998
2.52285e-09
0.0111998
5.35086e-09
0.0111998
1.13602e-08
0.0111999
2.41606e-08
0.0112001
5.151e-08
0.0112006
1.10127e-07
0.0112018
2.36338e-07
0.0112044
5.07153e-07
1.0906e-06
0.0112104
0.0111998
0.0111998
0.0111998
0.0111998
0.0111998
0.0111998
0.0111998
0.0111998
0.0111998
0.0111998
0.0111998
0.0111998
0.0111998
0.0111998
0.0111998
0.0111998
0.0111998
0.0111998
0.0111998
0.0111998
0.0111998
0.0111998
0.0111998
0.0111998
0.0111998
0.0111999
0.0112002
0.0112008
0.0112022
0.0112045
0.00723269
0.00833307
0.00368395
0.00354862
0.00160616
0.00207733
0.000437202
0.0011665
0.00371474
-0.00328197
0.00355222
0.000155104
0.00321655
0.000328008
0.00314557
6.19116e-05
0.0032997
-0.000162349
0.00353027
-0.000241075
0.00355528
-4.20379e-05
0.00359262
-4.91093e-05
0.00368416
-0.000101046
0.00396132
-0.000281086
0.00459058
-0.000683535
0.00549464
-0.000903093
0.00521735
0.000308003
0.00456257
0.00056566
0.00413453
0.000388869
0.00413177
6.64052e-05
0.00492365
-0.000565969
0.00567437
-0.000515302
0.00626766
-0.00070018
0.00664923
-0.000642978
0.00680963
-0.000377169
0.00677524
-0.000212137
0.00666233
-2.15604e-07
0.00665877
1.81186e-05
0.00652858
0.000342538
0.000298956
0.00667936
0.0154761
0.00400841
0.00621985
0.00307248
0.00300986
0.00571646
-0.00148388
0.00336622
-0.000938912
0.00395686
-0.000443094
0.00407937
0.000198014
0.00408733
4.27474e-05
0.00415009
-0.000238326
0.00423892
-0.000344174
0.00431115
-0.000132567
0.00446048
-0.000233431
0.00463973
-0.000321159
0.00491346
-0.00058563
0.0053447
-0.00118985
0.00594044
-0.00147197
0.00618896
0.000268066
0.00528504
0.00150634
0.00531126
0.00042165
0.00586479
-0.000212714
0.00624865
-0.000662481
0.00700967
-0.000981653
0.00803861
-0.000775717
0.00866814
-0.000803093
0.0088134
-0.000711649
0.00872101
-0.000246873
0.00859093
0.000387677
0.00830881
0.00045783
0.0081784
0.000392935
0.000289205
0.0084172
0.0208341
0.00660039
0.00803348
0.00723845
0.00236388
0.00545609
0.000295345
0.00449398
1.60016e-05
0.00418312
-0.000141328
0.00485069
-0.000482487
0.00519797
-0.000321556
0.00524289
-0.000299476
0.00522
-0.000338486
0.00546369
-0.000399069
0.00566321
-0.000473019
0.00585069
-0.000551803
0.00602067
-0.00077884
0.0063052
-0.00149236
0.00667339
-0.00190387
0.00731738
-0.000436948
0.00760838
0.00121339
0.00718841
0.000890526
0.00795914
-0.000957437
0.00813203
-0.000937892
0.00830062
-0.00120075
0.00863397
-0.00112683
0.0095921
-0.000920609
0.0107779
-0.000734333
0.0107749
-0.000436032
0.0102896
-4.61285e-06
0.0100147
0.000421126
0.00965546
0.000656066
0.000830448
0.0126437
0.0216113
0.0100042
0.0106677
0.00795885
0.00440246
0.00639157
0.00185797
0.00587811
0.000522737
0.00572137
4.26837e-06
0.00549206
-0.000266523
0.00564873
-0.000493839
0.00589386
-0.000562427
0.00612377
-0.000588409
0.00627523
-0.000565952
0.00650403
-0.000701707
0.00685782
-0.000905037
0.00736187
-0.00127886
0.00786733
-0.00201853
0.00804637
-0.00223127
0.00924135
-0.00188431
0.01034
-9.97663e-05
0.0104115
0.000577345
0.00960834
-0.000367793
0.00980098
-0.00152015
0.0101009
-0.00179814
0.0102407
-0.00193611
0.0104536
-0.00124525
0.0109584
-0.000675872
0.0111871
-0.000418426
0.0109537
-9.01406e-05
0.0105579
0.00069518
0.0103896
0.00082324
0.00146884
0.0134926
0.0219013
0.011131
0.0130233
0.0087645
0.0067637
0.00759669
0.00301347
0.00700504
0.00111158
0.00664839
0.000355554
0.00630329
6.70508e-05
0.00610457
-0.000309199
0.00610482
-0.000576366
0.00629876
-0.000791813
0.00668084
-0.00094355
0.00705803
-0.00105517
0.00762676
-0.00144206
0.00831127
-0.00194308
0.00868655
-0.00243183
0.0095466
-0.0032348
0.0105384
-0.00331259
0.0114167
-0.00141655
0.0119865
-0.000422347
0.0114487
-0.000282215
0.0115552
-0.00199755
0.0118252
-0.00257328
0.0118824
-0.00241889
0.0116288
-0.00159185
0.0115943
-0.000737323
0.0117253
-8.03372e-05
0.0116652
0.000355123
0.0114629
0.000795923
0.0113541
0.00119273
0.00208846
0.0138316
0.021887
0.0120583
0.0147901
0.0102697
0.00854472
0.008831
0.00443557
0.00779642
0.00214167
0.00717448
0.000967137
0.00687826
0.000356443
0.00652417
4.27951e-05
0.00638248
-0.000436521
0.0064819
-0.000889836
0.00682999
-0.00127986
0.00740599
-0.00159986
0.00798557
-0.00197794
0.00857755
-0.00252859
0.00935282
-0.00324937
0.0103118
-0.0043652
0.0110085
-0.00454158
0.0121411
-0.00289132
0.0132133
-0.00182571
0.0136463
-0.00104522
0.0128258
-0.0013992
0.0130105
-0.0027009
0.0128507
-0.00193319
0.012529
-0.00162427
0.012272
-0.000768411
0.0121814
0.000126035
0.0120145
0.000869665
0.0117681
0.00133251
0.0115613
0.00197181
0.00258974
0.0141402
0.0215089
0.0129586
0.0159684
0.0112822
0.010214
0.00972857
0.00596707
0.00858986
0.00327574
0.00783584
0.001709
0.00740894
0.000785693
0.00709015
0.00036872
0.00689933
-0.000241247
0.00682556
-0.000813437
0.00692284
-0.00137648
0.00727693
-0.00195543
0.00789724
-0.00259469
0.0087551
-0.00340611
0.00964246
-0.00420979
0.0107931
-0.00569679
0.0115333
-0.00574952
0.0126539
-0.00408465
0.0138291
-0.00307588
0.014961
-0.00217567
0.0150912
-0.00156994
0.0139963
-0.00167952
0.013605
-0.00167517
0.0133619
-0.00122088
0.0130159
-0.000716493
0.0126787
0.000432367
0.0123905
0.00143021
0.0122662
0.00204783
0.0120327
0.00260744
0.00402967
0.014297
0.0210878
0.0135126
0.0167516
0.0120461
0.0116757
0.0105474
0.00744075
0.00934188
0.00447882
0.00845316
0.00259613
0.00787129
0.001378
0.00751907
0.000722909
0.00724608
3.23831e-05
0.00709845
-0.000667697
0.0071469
-0.00143272
0.00743243
-0.00225488
0.00796012
-0.0031457
0.00879162
-0.00424509
0.0101382
-0.00561316
0.0106631
-0.00638167
0.0118618
-0.00732085
0.0130929
-0.00515239
0.0142101
-0.00400781
0.0151614
-0.00286138
0.0156555
-0.00179249
0.015111
-0.00108287
0.0143267
-0.00112505
0.0140062
-0.00071544
0.0136701
-0.000331633
0.0131219
0.000434819
0.0128759
0.00150694
0.0127171
0.00312646
0.0127057
0.0034177
0.00341964
0.0143296
0.0208155
0.0138022
0.0172801
0.0126037
0.0128715
0.0112248
0.00879506
0.0100106
0.00569672
0.00904984
0.00356176
0.00836575
0.00207259
0.00789879
0.00117941
0.00765014
0.000268975
0.00758433
-0.000619418
0.00766901
-0.00153334
0.00792078
-0.00252093
0.00840148
-0.00363814
0.00916791
-0.00500654
0.0105773
-0.00702411
0.0128534
-0.00846797
0.0128932
-0.00805627
0.0140701
-0.006529
0.014601
-0.00470236
0.0149953
-0.00325019
0.0153478
-0.00188619
0.0155244
-0.000944558
0.0152155
-0.000771459
0.0147326
-0.000925082
0.0142027
0.000117942
0.0136287
0.000958924
0.0132304
0.00165743
0.0131192
0.00247034
0.0128916
0.00284219
0.00310922
0.0143418
0.0207776
0.0139737
0.0176542
0.0130136
0.0138332
0.0117711
0.0100103
0.0105917
0.00687601
0.00960592
0.00455459
0.00884605
0.00283827
0.00835803
0.00163399
0.00802902
0.000563684
0.00787073
-0.000503305
0.00790953
-0.00161731
0.00818066
-0.00284617
0.00877792
-0.0042911
0.00974701
-0.00612027
0.0115213
-0.00909735
0.0127975
-0.00934
0.0139313
-0.0101103
0.0148373
-0.00794129
0.0151831
-0.00568643
0.0153676
-0.00404012
0.01576
-0.00254921
0.0164708
-0.00138573
0.0167593
-0.000556481
0.0160638
0.000363485
0.0147276
0.000754278
0.0141535
0.00140798
0.0136354
0.00201557
0.0133867
0.00280235
0.0131216
0.00324323
0.0035364
0.0144974
0.0210363
0.0141249
0.0180391
0.0133234
0.0146385
0.012207
0.0110987
0.011101
0.00798525
0.010122
0.00554711
0.00932631
0.00362804
0.00876184
0.00212738
0.00842266
0.000832344
0.00829605
-0.000450815
0.00835176
-0.00174653
0.00860297
-0.00316581
0.00906725
-0.00480737
0.010021
-0.0070791
0.0108954
-0.00988971
0.0121463
-0.0105552
0.0132889
-0.0106925
0.0141905
-0.00992714
0.0159831
-0.00795395
0.0167301
-0.00530836
0.0171061
-0.0033796
0.0169413
-0.0015437
0.016593
9.92324e-05
0.015918
0.00097683
0.015154
0.00136223
0.0145117
0.00178661
0.0140899
0.00218092
0.013897
0.00331289
0.0135313
0.00357505
0.0041883
0.01484
0.0216203
0.01434
0.018555
0.0135847
0.0153991
0.0125645
0.012083
0.011524
0.00901997
0.0105888
0.00648995
0.00980178
0.0043901
0.00924494
0.00254863
0.00890598
0.00104104
0.00877583
-0.000444221
0.00885907
-0.00194055
0.009187
-0.00356602
0.00976122
-0.00542989
0.0106154
-0.00787638
0.0110357
-0.0101204
0.0118752
-0.0115318
0.0128893
-0.0104042
0.0142735
-0.0114925
0.0165583
-0.0103118
0.0176213
-0.00654043
0.0176914
-0.00357515
0.0175251
-0.00126372
0.0167137
0.000582783
0.0160799
0.00148591
0.0155151
0.00207299
0.0149228
0.00234653
0.0145444
0.00259041
0.0143399
0.00285375
0.0139765
0.0034857
0.00451108
0.0152999
0.0227886
0.0145752
0.0192891
0.013797
0.0161842
0.0128545
0.0129855
0.0119033
0.00995793
0.0110322
0.00735527
0.0102774
0.00508228
0.00974347
0.00309012
0.00944236
0.00137058
0.00936025
-0.000299352
0.00945917
-0.00194916
0.00972399
-0.00367851
0.0102064
-0.00566519
0.0107981
-0.00811575
0.0113476
-0.0106043
0.0120616
-0.0124446
0.0130184
-0.0118769
0.0138583
-0.0125495
0.0150122
-0.0115802
0.0171726
-0.00862503
0.0184648
-0.00479855
0.0184189
-0.00118094
0.0177163
0.00163172
0.0163095
0.00296211
0.0156319
0.00271495
0.0151345
0.00312859
0.0147971
0.00327265
0.0144079
0.00301985
0.0141521
0.00372794
0.00434363
0.0157877
0.0240725
0.0148695
0.0202137
0.0140471
0.0170102
0.013139
0.013856
0.012272
0.0108067
0.0114864
0.00814561
0.010753
0.00575245
0.0102616
0.00381061
0.00989604
0.00193465
0.00973539
0.000101176
0.00972407
-0.00168446
0.00988041
-0.003566
0.0103443
-0.00581843
0.0111738
-0.00856199
0.0118377
-0.0115216
0.0125684
-0.0134077
0.0133765
-0.0132422
0.0139191
-0.0131
0.0137807
-0.0116593
0.0145053
-0.00948885
0.0160734
-0.00602703
0.0177409
-0.00279166
0.0188028
0.000392835
0.0186383
0.00287705
0.0161548
0.00460547
0.0153319
0.00372238
0.0154674
0.00366719
0.0149163
0.0041711
0.0144274
0.00441849
0.00487867
0.016122
0.0287773
0.015118
0.0212233
0.0142871
0.0178455
0.0134568
0.01465
0.0126862
0.011565
0.0119698
0.00889927
0.0112649
0.00647855
0.0107631
0.00447561
0.0103076
0.0025319
0.00998789
0.000566009
0.00985223
-0.00138424
0.00998372
-0.00353383
0.0104931
-0.00628688
0.011752
-0.00986041
0.0125896
-0.0132078
0.0132271
-0.0151506
0.0150557
-0.0152261
0.0142755
-0.0133893
0.0136188
-0.0111191
0.0124474
-0.00853594
0.0130597
-0.00657154
0.0148538
-0.00446925
0.01642
-0.00180892
0.0171565
0.00114393
0.0182201
0.00303621
0.016197
0.00580625
0.0152503
0.00519265
0.0150407
0.00512644
0.0149732
0.0056042
0.00658283
0.0164068
0.0314092
0.0154709
0.022169
0.0146174
0.0187025
0.0138381
0.0153957
0.0131467
0.0122505
0.0124857
0.00962554
0.0117442
0.00727724
0.0112032
0.00514627
0.0106822
0.00317593
0.0102133
0.00110999
0.00995627
-0.00109614
0.00998325
-0.00369462
0.010657
-0.00737544
0.0126843
-0.0129782
0.0134968
-0.0141835
0.0159129
-0.0165348
0.0168203
-0.0149267
0.0151208
-0.0126746
0.0140753
-0.00990585
0.0131245
-0.0079327
0.0126205
-0.00612623
0.012794
-0.00451128
0.0138126
-0.00274808
0.0154561
-0.000350815
0.0161931
0.00224215
0.0178235
0.0041859
0.0168342
0.00635259
0.0157646
0.00588839
0.0156101
0.00585856
0.00563784
0.0227547
0.0274361
0.0159244
0.0289989
0.0151586
0.0194811
0.014417
0.0160988
0.0136941
0.0129659
0.0129942
0.0104082
0.0121718
0.00813059
0.0115533
0.00579497
0.0109752
0.00376403
0.0103983
0.00153688
0.00988887
-0.00095684
0.00971574
-0.00423386
0.0124313
-0.0111067
0.0139264
-0.0138908
0.0160798
-0.0159065
0.0164447
-0.0165587
0.0162401
-0.013198
0.0146016
-0.0111945
0.0139313
-0.00938521
0.0131989
-0.0075251
0.0129513
-0.00601129
0.0131143
-0.00459625
0.0135866
-0.00312374
0.0146415
-0.00136623
0.0154102
0.00140987
0.0158885
0.0031941
0.0170814
0.00454516
0.0166197
0.00551681
0.0163521
0.00596303
0.00597088
0.0198515
0.0268629
0.0215163
0.0273135
0.0169113
0.0240856
0.0152348
0.0177786
0.0143374
0.0138613
0.0134843
0.0113315
0.0126842
0.00891665
0.0118124
0.00634186
0.0110727
0.00417631
0.0103512
0.00196452
0.00919167
-0.000233243
0.0121542
-0.0088026
0.0143688
-0.0142724
0.0163809
-0.0161955
0.0183502
-0.0171463
0.0159138
-0.0147002
0.0150568
-0.0122604
0.0145355
-0.0105904
0.0138535
-0.00892461
0.0132884
-0.00721577
0.0130599
-0.0059003
0.0131579
-0.00463405
0.0134286
-0.00332259
0.0139414
-0.00177817
0.0151402
0.000192239
0.0152882
0.00286608
0.015653
0.00403831
0.0157866
0.00515607
0.0156078
0.00606907
0.00697493
0.0180815
0.0212762
0.0202432
0.0251186
0.0205982
0.0237134
0.0175485
0.0208145
0.0151247
0.016292
0.0139395
0.0125808
0.0131176
0.0092123
0.0123425
0.00672542
0.0117005
0.00418341
0.010573
0.00175345
0.00924488
-0.000416094
0.0161816
-0.0147052
0.0176609
-0.0151519
0.0173458
-0.016542
0.0168319
-0.0155565
0.0167559
-0.0138656
0.0152371
-0.0117259
0.0145589
-0.0101164
0.0138741
-0.00842069
0.0134622
-0.00700375
0.0131131
-0.0057038
0.0130727
-0.00459614
0.0131501
-0.00341417
0.0134457
-0.00211366
0.0141022
-0.000564409
0.0150949
0.00171574
0.0154767
0.00388587
0.0155511
0.00519972
0.0146398
0.00630751
0.00723509
0.0214258
0.0114179
0.0202014
0.0263172
0.0189069
0.0249683
0.0175571
0.0221377
0.0156842
0.0181725
0.0142901
0.013693
0.013089
0.0101305
0.0130757
0.00687333
0.0129556
0.00389037
0.0129612
0.00129572
0.0183217
-0.00414148
0.0175726
-0.012938
0.0170422
-0.0150723
0.0167891
-0.0160142
0.0173877
-0.0154352
0.017063
-0.0125154
0.0154713
-0.0107593
0.0146716
-0.00945869
0.0139274
-0.00792858
0.0134126
-0.00671827
0.0132218
-0.00556864
0.0131289
-0.00452817
0.0130844
-0.00345258
0.0131684
-0.00230068
0.0135141
-0.00103085
0.0144543
0.000596509
0.0150415
0.00327131
0.0156419
0.00507379
0.0153032
0.00693981
0.00771518
0.0200623
0.0028752
0.0184165
0.0279362
0.0198326
0.0235344
0.0191011
0.0228276
0.0171096
0.0201429
0.0151658
0.0157033
0.0135705
0.0118348
0.0127892
0.00797259
0.0125736
0.00457508
0.014399
0.000523931
0.0184673
-0.00793032
0.0183615
-0.0124051
0.0184585
-0.0149833
0.0179636
-0.0160901
0.0179137
-0.0156977
0.0166782
-0.0109537
0.0157163
-0.0100007
0.0148069
-0.00878663
0.0140288
-0.00746406
0.0135154
-0.00637243
0.0132925
-0.00535993
0.0130843
-0.00428503
0.0129763
-0.00336225
0.0129924
-0.00237113
0.0131808
-0.00130994
0.0136783
-6.43862e-05
0.0148774
0.00169441
0.0153146
0.00541051
0.0151532
0.00725858
0.008345
0.0117872
0.00231807
0.0184457
0.0212563
0.0187694
0.0232112
0.0187024
0.0228822
0.0177262
0.0211576
0.0160113
0.0175615
0.0141828
0.0138109
0.0124829
0.00991262
0.0110713
0.0063801
0.0161532
-0.0036848
0.0182426
-0.00983788
0.0197157
-0.0138611
0.0209543
-0.0168384
0.0231229
-0.0190029
0.0181139
-0.0108673
0.0169611
-0.0101048
0.0160694
-0.00923672
0.0150774
-0.00808705
0.0142498
-0.00695336
0.01364
-0.00591585
0.0132611
-0.0050035
0.0130458
-0.00400844
0.0129087
-0.0031698
0.0128624
-0.00231866
0.0129438
-0.00140739
0.0131496
-0.000372462
0.0134112
0.0010384
0.0149054
0.0030883
0.0149015
0.00847282
0.00955399
0.0104504
0.00303937
0.0197081
0.0119974
0.018216
0.0247015
0.0178522
0.0232673
0.0173042
0.0217313
0.0157793
0.0191873
0.0141681
0.0154969
0.0126406
0.0115766
0.0163513
0.00299686
0.0182385
-0.0052906
0.0199845
-0.0125358
0.0250717
-0.0193529
0.0271451
-0.0187831
0.019351
-0.0108364
0.0183873
-0.00995644
0.0172865
-0.00923299
0.0163918
-0.00842783
0.0153933
-0.00735495
0.0144605
-0.00630991
0.0137816
-0.00538137
0.0132995
-0.00454192
0.0130394
-0.0037348
0.0127821
-0.00284826
0.0126639
-0.00214653
0.0126806
-0.00138891
0.0127961
-0.000520453
0.012862
0.000601625
0.0124977
0.0022237
0.0144861
0.00651928
0.0123272
0.0131056
0.00117396
0.0208667
0.00423698
0.0190291
0.0265674
0.0183119
0.0239612
0.0179313
0.0220887
0.0169599
0.0201738
0.0153577
0.017089
0.0161806
0.0110282
0.0194861
-0.000240028
0.0238281
-0.0111744
0.0279798
-0.0175194
0.0260269
-0.0174768
0.0206275
-0.0130628
0.0198494
-0.0104216
0.0186392
-0.00906763
0.0176486
-0.00832951
0.0167429
-0.00746587
0.0156776
-0.00651292
0.0146764
-0.00557198
0.0139311
-0.00476439
0.0133589
-0.00399213
0.0129555
-0.00331994
0.0127038
-0.00253926
0.0125752
-0.00194795
0.0125225
-0.00130957
0.0125902
-0.000551993
0.0127333
0.000440638
0.012625
0.00180354
0.0120387
0.00391592
0.0101093
0.0117457
0.000630869
0.0120071
0.00398495
0.0191851
0.0194185
0.018775
0.0243281
0.0186937
0.0221598
0.018756
0.0201096
0.0191504
0.0169199
0.0214628
0.00887375
0.0286519
-0.00763785
0.0306186
-0.0133215
0.0273606
-0.0143192
0.022671
-0.0129944
0.0215086
-0.0111765
0.0203085
-0.00930014
0.0190521
-0.00810879
0.0179885
-0.00722855
0.017003
-0.00641479
0.015875
-0.00561921
0.0148364
-0.00477999
0.0140255
-0.00406663
0.0133771
-0.00336797
0.0128989
-0.00281149
0.0125967
-0.002196
0.0123855
-0.00165663
0.0122204
-0.00112664
0.0121755
-0.000469126
0.0121933
0.000378267
0.0125883
0.00147976
0.012671
0.00315975
0.0050858
0.0111726
0.000643404
0.0114061
0.00374627
0.0206843
0.010192
0.0193891
0.0256225
0.0203735
0.0211989
0.0227372
0.017815
0.0246715
0.0150973
0.0325605
0.00140751
0.0311698
-0.00585071
0.0280045
-0.00990507
0.0254537
-0.0118798
0.0237212
-0.0107588
0.0221153
-0.00910894
0.020652
-0.00775828
0.0193627
-0.0067798
0.0182603
-0.0059788
0.0172258
-0.0053057
0.0160277
-0.00462445
0.0149423
-0.00393027
0.0140567
-0.00331775
0.0133729
-0.00273394
0.0128416
-0.00222895
0.0125103
-0.00183018
0.0122307
-0.00130994
0.0120354
-0.000883621
0.01196
-0.000338501
0.0121252
0.000365046
0.0121606
0.00135164
0.0125222
0.0029143
0.00417822
0.0116305
0.000222249
0.0136987
0.00169967
0.0189085
0.00496023
0.0207785
0.0236986
0.0231454
0.0190619
0.0283631
0.0132069
0.0320834
0.0112835
0.0304967
0.00294287
0.0282792
-0.00372218
0.0268712
-0.00889567
0.0273068
-0.01221
0.0245811
-0.00828029
0.0224777
-0.0069169
0.0208507
-0.0059413
0.0195246
-0.00522593
0.0183846
-0.00461584
0.0172884
-0.00408921
0.0160877
-0.00355304
0.0149742
-0.00301946
0.0140482
-0.00252084
0.0133121
-0.00206273
0.0127522
-0.00165912
0.0123652
-0.00134445
0.0120669
-0.000958611
0.0117978
-0.000571769
0.0116508
-0.000136202
0.0115334
0.000416985
0.0119493
0.00117762
0.0117333
0.00291047
0.00328186
0.0111489
0.000270705
0.0116288
0.00121765
0.0122305
0.00426093
0.0260965
0.0100624
0.0235607
0.0223488
0.0267133
0.0118281
0.0317083
0.00645852
0.0340856
0.000771095
0.0349441
-0.00443712
0.0351885
-0.00910705
0.028558
-0.00515039
0.0252872
-0.0053318
0.0226991
-0.0045642
0.0209158
-0.00389734
0.0195662
-0.0035301
0.0184098
-0.00316282
0.0172708
-0.00279145
0.0160643
-0.00241153
0.0148967
-0.00201011
0.0139251
-0.00168244
0.0131301
-0.00137683
0.0125766
-0.00110956
0.0121511
-0.000885347
0.0117292
-0.000567155
0.0114102
-0.000291104
0.0115029
6.35441e-05
0.0115086
0.000486865
0.0115546
0.000923155
0.0123671
0.00221933
0.0027874
0.0114704
2.52531e-05
0.0124784
0.000227797
0.0144166
0.00244307
0.0191776
0.00522923
0.0357364
0.00562968
0.0290504
0.0191222
0.0298104
0.00693026
0.0466611
-0.0157227
0.0411242
0.0011085
0.0312543
0.000477448
0.0289077
-0.00235617
0.0255625
-0.00260442
0.0227498
-0.002215
0.0208768
-0.00201162
0.0195464
-0.00181008
0.0183379
-0.00159142
0.017157
-0.00137838
0.0159234
-0.00119402
0.0147312
-0.00096547
0.0137248
-0.000816687
0.0129095
-0.000682835
0.0123502
-0.000550575
0.0119278
-0.00047359
0.0115629
-0.000180857
0.011287
-1.9693e-05
0.0108345
0.000142702
0.0106955
0.000349365
0.0112212
0.000878024
0.0115309
0.00159376
0.00149501
0.0112431
0.0114811
0.0139293
0.0188504
0.023906
0.0409552
0.0458235
0.0285544
0.0298888
0.0307666
0.0288427
0.0254757
0.022646
0.0207155
0.0192873
0.0180007
0.0167739
0.0154935
0.0143253
0.0133536
0.0125679
0.0120392
0.0116498
0.0111578
0.0109992
0.0108627
0.0103094
0.0102813
0.0114321
)
;

boundaryField
{
    inlet
    {
        type            calculated;
        value           nonuniform List<scalar> 
60
(
-0.00279994
-0.00279994
-0.00279994
-0.00279994
-0.00279994
-0.00279994
-0.00279994
-0.00279994
-0.00279994
-0.00279994
-0.00279994
-0.00279994
-0.00279994
-0.00279994
-0.00279994
-0.00279994
-0.00279994
-0.00279994
-0.00279994
-0.00279994
-0.00279994
-0.00279994
-0.00279994
-0.00279994
-0.00279994
-0.00279994
-0.00279994
-0.00279994
-0.00279994
-0.00279994
-0.0111998
-0.0111998
-0.0111998
-0.0111998
-0.0111998
-0.0111998
-0.0111998
-0.0111998
-0.0111998
-0.0111998
-0.0111998
-0.0111998
-0.0111998
-0.0111998
-0.0111998
-0.0111998
-0.0111998
-0.0111998
-0.0111998
-0.0111998
-0.0111998
-0.0111998
-0.0111998
-0.0111998
-0.0111998
-0.0111998
-0.0111998
-0.0111998
-0.0111998
-0.0111998
)
;
    }
    outlet
    {
        type            calculated;
        value           nonuniform List<scalar> 
30
(
0.00674275
0.00813433
0.00927909
0.0100908
0.0108961
0.0115188
0.0120216
0.0122355
0.0125772
0.0130287
0.0134786
0.0137574
0.0140244
0.0143555
0.01455
0.014426
0.0144842
0.0146342
0.0146908
0.0147274
0.0146955
0.0145984
0.0143745
0.0134767
0.0128517
0.0126168
0.0125555
0.0126292
0.0127175
0.0125694
)
;
    }
    top
    {
        type            symmetryPlane;
        value           uniform 0;
    }
    bottom
    {
        type            symmetryPlane;
        value           uniform 0;
    }
    step
    {
        type            calculated;
        value           uniform 0;
    }
    defaultFaces
    {
        type            empty;
        value           nonuniform 0();
    }
}


// ************************************************************************* //
