/*--------------------------------*- C++ -*----------------------------------*\
  =========                 |
  \\      /  F ield         | OpenFOAM: The Open Source CFD Toolbox
   \\    /   O peration     | Website:  https://openfoam.org
    \\  /    A nd           | Version:  6.0
     \\/     M anipulation  |
\*---------------------------------------------------------------------------*/
FoamFile
{
    version     2.0;
    format      ascii;
    class       volVectorField;
    location    "3";
    object      U;
}
// * * * * * * * * * * * * * * * * * * * * * * * * * * * * * * * * * * * * * //

dimensions      [0 1 -1 0 0 0 0];

internalField   nonuniform List<vector> 
2700
(
(3 -8.70597e-12 0)
(3 -5.3248e-11 0)
(3 -1.74013e-10 0)
(3 -4.59513e-10 0)
(3 -1.10378e-09 0)
(2.99999 -2.53236e-09 0)
(2.99998 -5.67908e-09 0)
(2.99996 -1.25941e-08 0)
(2.99991 -2.77813e-08 0)
(2.9998 -6.11426e-08 0)
(2.99956 -1.34471e-07 0)
(2.99904 -2.958e-07 0)
(2.99791 -6.51269e-07 0)
(2.99544 -1.43645e-06 0)
(2.99005 -3.17869e-06 0)
(2.97815 -7.07867e-06 0)
(2.95147 -1.59693e-05 0)
(2.88943 -3.70224e-05 0)
(2.73417 -9.10248e-05 0)
(2.28523 -0.000265097 0)
(-0.15989 -0.00113302 0)
(-1.89796 0.00150258 0)
(-1.10818 0.00437103 0)
(-0.387258 0.00783921 0)
(0.0667488 0.0122725 0)
(0.293767 0.0201827 0)
(0.341182 0.0225814 0)
(0.215243 0.0200827 0)
(0.0403802 0.0130703 0)
(0.0138878 0.0134196 0)
(3 -2.58257e-11 0)
(3 -1.57953e-10 0)
(3 -5.1613e-10 0)
(3 -1.36264e-09 0)
(3 -3.27206e-09 0)
(2.99999 -7.50354e-09 0)
(2.99998 -1.68174e-08 0)
(2.99996 -3.72675e-08 0)
(2.99991 -8.21359e-08 0)
(2.9998 -1.80581e-07 0)
(2.99956 -3.96661e-07 0)
(2.99904 -8.71275e-07 0)
(2.99791 -1.91495e-06 0)
(2.99544 -4.21466e-06 0)
(2.99005 -9.30152e-06 0)
(2.97815 -2.06402e-05 0)
(2.95146 -4.63287e-05 0)
(2.8894 -0.000106538 0)
(2.73409 -0.000257944 0)
(2.28486 -0.000735107 0)
(-0.159825 -0.00333555 0)
(-1.89724 0.00468971 0)
(-1.10359 0.0131154 0)
(-0.377505 0.022869 0)
(0.0808297 0.0343121 0)
(0.306786 0.0510505 0)
(0.346819 0.0508284 0)
(0.227015 0.0429284 0)
(0.0576706 0.0333175 0)
(0.0111024 0.0197493 0)
(3 -4.21625e-11 0)
(3 -2.57853e-10 0)
(3 -8.42428e-10 0)
(3 -2.22342e-09 0)
(3 -5.33648e-09 0)
(2.99999 -1.22297e-08 0)
(2.99998 -2.73871e-08 0)
(2.99996 -6.06281e-08 0)
(2.99991 -1.33462e-07 0)
(2.9998 -2.93016e-07 0)
(2.99956 -6.42608e-07 0)
(2.99904 -1.40892e-06 0)
(2.99791 -3.09008e-06 0)
(2.99544 -6.78415e-06 0)
(2.99005 -1.49277e-05 0)
(2.97814 -3.30016e-05 0)
(2.95144 -7.37056e-05 0)
(2.88936 -0.000168225 0)
(2.73395 -0.000401838 0)
(2.28416 -0.00112645 0)
(-0.158797 -0.00542715 0)
(-1.89438 0.00829095 0)
(-1.09739 0.0226105 0)
(-0.366348 0.0391705 0)
(0.0958233 0.058191 0)
(0.318779 0.0826293 0)
(0.350729 0.0814279 0)
(0.234221 0.0712249 0)
(0.072693 0.0598842 0)
(0.0310748 0.0413129 0)
(3 -5.74106e-11 0)
(3 -3.51083e-10 0)
(3 -1.14684e-09 0)
(3 -3.02595e-09 0)
(3 -7.25939e-09 0)
(2.99999 -1.66262e-08 0)
(2.99998 -3.72036e-08 0)
(2.99996 -8.2283e-08 0)
(2.99991 -1.80937e-07 0)
(2.9998 -3.96769e-07 0)
(2.99956 -8.6898e-07 0)
(2.99904 -1.90241e-06 0)
(2.99791 -4.16555e-06 0)
(2.99544 -9.12859e-06 0)
(2.99004 -2.0045e-05 0)
(2.97813 -4.42087e-05 0)
(2.95142 -9.84476e-05 0)
(2.88929 -0.000223812 0)
(2.73376 -0.00053126 0)
(2.28315 -0.00148208 0)
(-0.157002 -0.00739906 0)
(-1.88957 0.0121963 0)
(-1.08967 0.0324294 0)
(-0.354034 0.0555962 0)
(0.111269 0.0816635 0)
(0.32984 0.11164 0)
(0.353443 0.110419 0)
(0.238735 0.100159 0)
(0.0847838 0.0877285 0)
(0.0447467 0.0633088 0)
(3 -7.14199e-11 0)
(3 -4.36732e-10 0)
(3 -1.42643e-09 0)
(3 -3.76279e-09 0)
(3 -9.02389e-09 0)
(2.99999 -2.06574e-08 0)
(2.99998 -4.61962e-08 0)
(2.99996 -1.02099e-07 0)
(2.99991 -2.2433e-07 0)
(2.9998 -4.91486e-07 0)
(2.99956 -1.07538e-06 0)
(2.99904 -2.3518e-06 0)
(2.99791 -5.14375e-06 0)
(2.99544 -1.12586e-05 0)
(2.99003 -2.46898e-05 0)
(2.97812 -5.43726e-05 0)
(2.95138 -0.000120873 0)
(2.88921 -0.000274184 0)
(2.73353 -0.000648579 0)
(2.28185 -0.00180657 0)
(-0.154404 -0.00924117 0)
(-1.88283 0.0164016 0)
(-1.08045 0.0425748 0)
(-0.340742 0.0721203 0)
(0.126957 0.104527 0)
(0.340094 0.138631 0)
(0.355334 0.137568 0)
(0.241874 0.128253 0)
(0.0933625 0.115009 0)
(0.0533985 0.08705 0)
(3 -8.41276e-11 0)
(3 -5.1442e-10 0)
(3 -1.68002e-09 0)
(3 -4.43101e-09 0)
(3 -1.06238e-08 0)
(2.99999 -2.43118e-08 0)
(2.99998 -5.43459e-08 0)
(2.99996 -1.20053e-07 0)
(2.99991 -2.63635e-07 0)
(2.9998 -5.7726e-07 0)
(2.99956 -1.26226e-06 0)
(2.99904 -2.75867e-06 0)
(2.9979 -6.02947e-06 0)
(2.99543 -1.31877e-05 0)
(2.99003 -2.88978e-05 0)
(2.9781 -6.35862e-05 0)
(2.95134 -0.00014122 0)
(2.88912 -0.000319947 0)
(2.73325 -0.00075538 0)
(2.28027 -0.00210391 0)
(-0.15096 -0.0109497 0)
(-1.87415 0.0209059 0)
(-1.06974 0.0530895 0)
(-0.326364 0.0887649 0)
(0.142689 0.127032 0)
(0.349515 0.164353 0)
(0.356448 0.163784 0)
(0.243842 0.155457 0)
(0.0992204 0.141959 0)
(0.058983 0.113162 0)
(3 -9.54982e-11 0)
(3 -5.83935e-10 0)
(3 -1.90693e-09 0)
(3 -5.02899e-09 0)
(3 -1.20556e-08 0)
(2.99999 -2.75829e-08 0)
(2.99998 -6.16426e-08 0)
(2.99996 -1.36132e-07 0)
(2.99991 -2.98849e-07 0)
(2.9998 -6.54139e-07 0)
(2.99956 -1.42985e-06 0)
(2.99904 -3.12375e-06 0)
(2.9979 -6.82473e-06 0)
(2.99543 -1.49211e-05 0)
(2.99002 -3.26823e-05 0)
(2.97808 -7.1881e-05 0)
(2.9513 -0.00015956 0)
(2.88901 -0.000361254 0)
(2.73293 -0.000851951 0)
(2.27843 -0.00237428 0)
(-0.146652 -0.0125208 0)
(-1.86352 0.0257058 0)
(-1.05755 0.0639611 0)
(-0.311177 0.105544 0)
(0.15859 0.149255 0)
(0.358255 0.189167 0)
(0.356948 0.189586 0)
(0.244943 0.182362 0)
(0.103226 0.169192 0)
(0.0627794 0.14127 0)
(3 -1.05489e-10 0)
(3 -6.45016e-10 0)
(3 -2.10633e-09 0)
(3 -5.55457e-09 0)
(3 -1.33146e-08 0)
(2.99999 -3.04603e-08 0)
(2.99998 -6.80649e-08 0)
(2.99996 -1.50294e-07 0)
(2.99991 -3.29889e-07 0)
(2.9998 -7.21962e-07 0)
(2.99956 -1.57782e-06 0)
(2.99904 -3.44642e-06 0)
(2.9979 -7.52829e-06 0)
(2.99542 -1.6456e-05 0)
(2.99001 -3.60369e-05 0)
(2.97806 -7.92404e-05 0)
(2.95125 -0.000175845 0)
(2.88889 -0.00039796 0)
(2.73258 -0.00093778 0)
(2.27636 -0.00261555 0)
(-0.141414 -0.0139487 0)
(-1.85092 0.0307869 0)
(-1.04398 0.0752425 0)
(-0.294852 0.122394 0)
(0.174379 0.171288 0)
(0.366414 0.213188 0)
(0.357005 0.215274 0)
(0.245398 0.209249 0)
(0.105883 0.196762 0)
(0.0654259 0.170654 0)
(3 -1.14034e-10 0)
(3 -6.97254e-10 0)
(3 -2.27689e-09 0)
(3 -6.00428e-09 0)
(3 -1.43924e-08 0)
(2.99999 -3.29257e-08 0)
(2.99998 -7.3573e-08 0)
(2.99996 -1.62454e-07 0)
(2.99991 -3.56575e-07 0)
(2.9998 -7.80357e-07 0)
(2.99956 -1.70543e-06 0)
(2.99903 -3.72512e-06 0)
(2.9979 -8.13704e-06 0)
(2.99542 -1.77867e-05 0)
(2.99 -3.89509e-05 0)
(2.97803 -8.56477e-05 0)
(2.95119 -0.000190061 0)
(2.88875 -0.000430101 0)
(2.73219 -0.00101325 0)
(2.27408 -0.00282957 0)
(-0.135194 -0.0152167 0)
(-1.83633 0.0361802 0)
(-1.02875 0.0868916 0)
(-0.277982 0.139353 0)
(0.190347 0.19319 0)
(0.374136 0.2364 0)
(0.356845 0.241251 0)
(0.245324 0.236184 0)
(0.107743 0.224683 0)
(0.0673995 0.201087 0)
(3 -1.2103e-10 0)
(3 -7.40031e-10 0)
(3 -2.4166e-09 0)
(3 -6.37281e-09 0)
(3 -1.52763e-08 0)
(2.99999 -3.49497e-08 0)
(2.99998 -7.81011e-08 0)
(2.99996 -1.72467e-07 0)
(2.99991 -3.78585e-07 0)
(2.9998 -8.28604e-07 0)
(2.99956 -1.81105e-06 0)
(2.99903 -3.95624e-06 0)
(2.9979 -8.64285e-06 0)
(2.99541 -1.88945e-05 0)
(2.98998 -4.13816e-05 0)
(2.97801 -9.10026e-05 0)
(2.95113 -0.000201964 0)
(2.88861 -0.000457069 0)
(2.73177 -0.00107668 0)
(2.2716 -0.00301093 0)
(-0.127997 -0.0163134 0)
(-1.81975 0.0418844 0)
(-1.01237 0.0989262 0)
(-0.259825 0.156327 0)
(0.205853 0.215217 0)
(0.381636 0.258609 0)
(0.356695 0.268037 0)
(0.244585 0.262811 0)
(0.109315 0.253159 0)
(0.0690756 0.232266 0)
(3 -1.26346e-10 0)
(3 -7.72542e-10 0)
(3 -2.52281e-09 0)
(3 -6.65321e-09 0)
(3 -1.59497e-08 0)
(2.99999 -3.64944e-08 0)
(2.99998 -8.15638e-08 0)
(2.99996 -1.80141e-07 0)
(2.99991 -3.95498e-07 0)
(2.9998 -8.65774e-07 0)
(2.99955 -1.89264e-06 0)
(2.99903 -4.13522e-06 0)
(2.99789 -9.03546e-06 0)
(2.99541 -1.97562e-05 0)
(2.98997 -4.32759e-05 0)
(2.97798 -9.51821e-05 0)
(2.95107 -0.000211264 0)
(2.88846 -0.000478138 0)
(2.73133 -0.0011261 0)
(2.26897 -0.00315353 0)
(-0.119712 -0.0172225 0)
(-1.80112 0.0478958 0)
(-0.994433 0.111436 0)
(-0.241149 0.173359 0)
(0.221751 0.237313 0)
(0.389043 0.280307 0)
(0.356634 0.29501 0)
(0.243657 0.288504 0)
(0.111542 0.283069 0)
(0.070623 0.264253 0)
(3 -1.29825e-10 0)
(3 -7.9382e-10 0)
(3 -2.59238e-09 0)
(3 -6.83718e-09 0)
(3 -1.63928e-08 0)
(2.99999 -3.75145e-08 0)
(2.99998 -8.38613e-08 0)
(2.99996 -1.8526e-07 0)
(2.99991 -4.06845e-07 0)
(2.9998 -8.90862e-07 0)
(2.99955 -1.94804e-06 0)
(2.99903 -4.25752e-06 0)
(2.99789 -9.30541e-06 0)
(2.9954 -2.03524e-05 0)
(2.98996 -4.45949e-05 0)
(2.97795 -9.81108e-05 0)
(2.951 -0.000217824 0)
(2.8883 -0.000493101 0)
(2.73088 -0.00116146 0)
(2.26621 -0.0032581 0)
(-0.110303 -0.0179079 0)
(-1.78044 0.054286 0)
(-0.974885 0.124206 0)
(-0.22207 0.190977 0)
(0.23764 0.259056 0)
(0.396464 0.302326 0)
(0.356482 0.321296 0)
(0.242743 0.313948 0)
(0.11369 0.314133 0)
(0.0718053 0.296889 0)
(3 -1.31275e-10 0)
(3 -8.02692e-10 0)
(3 -2.62147e-09 0)
(3 -6.91466e-09 0)
(3 -1.65814e-08 0)
(2.99999 -3.79552e-08 0)
(2.99998 -8.48716e-08 0)
(2.99996 -1.87556e-07 0)
(2.99991 -4.12038e-07 0)
(2.99979 -9.02588e-07 0)
(2.99955 -1.97448e-06 0)
(2.99903 -4.31709e-06 0)
(2.99789 -9.43954e-06 0)
(2.9954 -2.06544e-05 0)
(2.98995 -4.52754e-05 0)
(2.97792 -9.96488e-05 0)
(2.95094 -0.000221328 0)
(2.88814 -0.000501226 0)
(2.73041 -0.00118091 0)
(2.26335 -0.00331895 0)
(-0.0997183 -0.0183449 0)
(-1.75774 0.0610843 0)
(-0.953962 0.137181 0)
(-0.202148 0.209173 0)
(0.253213 0.280745 0)
(0.403788 0.324677 0)
(0.356309 0.346893 0)
(0.241987 0.340181 0)
(0.116044 0.345605 0)
(0.0725708 0.330071 0)
(3 -1.30468e-10 0)
(3 -7.97778e-10 0)
(3 -2.6056e-09 0)
(3 -6.87378e-09 0)
(3 -1.64872e-08 0)
(2.99999 -3.77516e-08 0)
(2.99998 -8.44496e-08 0)
(2.99996 -1.86708e-07 0)
(2.99991 -4.10378e-07 0)
(2.99979 -8.99419e-07 0)
(2.99955 -1.96861e-06 0)
(2.99903 -4.30659e-06 0)
(2.99788 -9.42177e-06 0)
(2.99539 -2.06268e-05 0)
(2.98993 -4.52396e-05 0)
(2.97789 -9.96239e-05 0)
(2.95087 -0.00022139 0)
(2.88798 -0.000501619 0)
(2.72993 -0.00118227 0)
(2.26045 -0.00333031 0)
(-0.0878713 -0.0185184 0)
(-1.73298 0.0683025 0)
(-0.931559 0.150458 0)
(-0.181539 0.22775 0)
(0.26863 0.302581 0)
(0.410837 0.347303 0)
(0.356244 0.372183 0)
(0.24164 0.367365 0)
(0.11869 0.377251 0)
(0.0730906 0.363728 0)
(3 -1.27148e-10 0)
(3 -7.77496e-10 0)
(3 -2.53959e-09 0)
(3 -6.70094e-09 0)
(3 -1.60776e-08 0)
(2.99999 -3.68293e-08 0)
(2.99998 -8.24294e-08 0)
(2.99996 -1.8235e-07 0)
(2.99991 -4.01061e-07 0)
(2.99979 -8.79603e-07 0)
(2.99955 -1.92659e-06 0)
(2.99903 -4.2177e-06 0)
(2.99788 -9.23391e-06 0)
(2.99539 -2.023e-05 0)
(2.98992 -4.44008e-05 0)
(2.97786 -9.78449e-05 0)
(2.9508 -0.000217586 0)
(2.88782 -0.000493324 0)
(2.72946 -0.00116329 0)
(2.25753 -0.00328651 0)
(-0.0747084 -0.0184139 0)
(-1.70615 0.0759523 0)
(-0.907834 0.164104 0)
(-0.160041 0.246647 0)
(0.283854 0.32453 0)
(0.417642 0.37015 0)
(0.356399 0.397432 0)
(0.241716 0.395361 0)
(0.121688 0.409222 0)
(0.0734216 0.397964 0)
(3 -1.21024e-10 0)
(3 -7.40071e-10 0)
(3 -2.41765e-09 0)
(3 -6.38085e-09 0)
(3 -1.53161e-08 0)
(2.99999 -3.51048e-08 0)
(2.99998 -7.8625e-08 0)
(2.99996 -1.74074e-07 0)
(2.99991 -3.83193e-07 0)
(2.99979 -8.41186e-07 0)
(2.99955 -1.84418e-06 0)
(2.99903 -4.04113e-06 0)
(2.99788 -8.85576e-06 0)
(2.99538 -1.94199e-05 0)
(2.98991 -4.26625e-05 0)
(2.97783 -9.41005e-05 0)
(2.95074 -0.000209447 0)
(2.88767 -0.000475276 0)
(2.72899 -0.00112145 0)
(2.25464 -0.00318103 0)
(-0.0601445 -0.0180158 0)
(-1.67721 0.0840491 0)
(-0.882706 0.178211 0)
(-0.13783 0.265781 0)
(0.298926 0.346604 0)
(0.424174 0.393189 0)
(0.356883 0.422752 0)
(0.242428 0.424088 0)
(0.125089 0.44166 0)
(0.0737267 0.432911 0)
(3 -1.1177e-10 0)
(3 -6.83523e-10 0)
(3 -2.23331e-09 0)
(3 -5.89653e-09 0)
(3 -1.41619e-08 0)
(2.99999 -3.24855e-08 0)
(2.99998 -7.28301e-08 0)
(2.99996 -1.61425e-07 0)
(2.99991 -3.55783e-07 0)
(2.99979 -7.82015e-07 0)
(2.99955 -1.7167e-06 0)
(2.99902 -3.76673e-06 0)
(2.99788 -8.26528e-06 0)
(2.99537 -1.81485e-05 0)
(2.98989 -3.99205e-05 0)
(2.97781 -8.81623e-05 0)
(2.95068 -0.000196469 0)
(2.88752 -0.000446337 0)
(2.72854 -0.00105404 0)
(2.25183 -0.00300693 0)
(-0.0441205 -0.0173038 0)
(-1.64613 0.0926136 0)
(-0.856259 0.192799 0)
(-0.114949 0.285231 0)
(0.313984 0.368732 0)
(0.430516 0.416391 0)
(0.357799 0.448239 0)
(0.243783 0.453517 0)
(0.128987 0.474732 0)
(0.0740463 0.468749 0)
(3 -9.90287e-11 0)
(3 -6.05653e-10 0)
(3 -1.97942e-09 0)
(3 -5.2291e-09 0)
(3 -1.257e-08 0)
(2.99999 -2.88687e-08 0)
(2.99998 -6.48167e-08 0)
(2.99996 -1.43904e-07 0)
(2.99991 -3.17742e-07 0)
(2.99979 -6.99722e-07 0)
(2.99955 -1.53902e-06 0)
(2.99902 -3.38341e-06 0)
(2.99787 -7.43846e-06 0)
(2.99537 -1.63641e-05 0)
(2.98988 -3.60626e-05 0)
(2.97778 -7.97872e-05 0)
(2.95062 -0.000178121 0)
(2.88738 -0.000405332 0)
(2.72813 -0.000958398 0)
(2.24915 -0.00275745 0)
(-0.0265419 -0.0162527 0)
(-1.61288 0.101687 0)
(-0.828362 0.207879 0)
(-0.091513 0.305 0)
(0.328828 0.390904 0)
(0.436709 0.43974 0)
(0.35927 0.473938 0)
(0.246021 0.483682 0)
(0.133448 0.508563 0)
(0.0745431 0.505699 0)
(3 -8.23964e-11 0)
(3 -5.04004e-10 0)
(3 -1.64794e-09 0)
(3 -4.35745e-09 0)
(3 -1.049e-08 0)
(2.99999 -2.41394e-08 0)
(2.99998 -5.43291e-08 0)
(2.99996 -1.2095e-07 0)
(2.99991 -2.67845e-07 0)
(2.99979 -5.91648e-07 0)
(2.99955 -1.30536e-06 0)
(2.99902 -2.87863e-06 0)
(2.99787 -6.34814e-06 0)
(2.99536 -1.40075e-05 0)
(2.98987 -3.09602e-05 0)
(2.97776 -6.86936e-05 0)
(2.95057 -0.000153778 0)
(2.88726 -0.000350843 0)
(2.72775 -0.000831117 0)
(2.24665 -0.00242359 0)
(-0.00734867 -0.0148382 0)
(-1.57744 0.111297 0)
(-0.799215 0.223485 0)
(-0.0674049 0.325075 0)
(0.343683 0.413049 0)
(0.442826 0.463209 0)
(0.361422 0.499903 0)
(0.249166 0.514633 0)
(0.138616 0.543314 0)
(0.0752778 0.544031 0)
(3 -6.14238e-11 0)
(3 -3.75825e-10 0)
(3 -1.22992e-09 0)
(3 -3.25799e-09 0)
(3 -7.86547e-09 0)
(2.99999 -1.8169e-08 0)
(2.99998 -4.10812e-08 0)
(2.99996 -9.19338e-08 0)
(2.9999 -2.04723e-07 0)
(2.99979 -4.54814e-07 0)
(2.99955 -1.00927e-06 0)
(2.99902 -2.23844e-06 0)
(2.99787 -4.96409e-06 0)
(2.99536 -1.10135e-05 0)
(2.98987 -2.44719e-05 0)
(2.97774 -5.45748e-05 0)
(2.95052 -0.000122772 0)
(2.88715 -0.000281377 0)
(2.72742 -0.000668722 0)
(2.24438 -0.0019964 0)
(0.0135746 -0.0130332 0)
(-1.53974 0.121486 0)
(-0.768629 0.239662 0)
(-0.0429223 0.345425 0)
(0.358341 0.435081 0)
(0.448979 0.486766 0)
(0.364412 0.526161 0)
(0.25349 0.546471 0)
(0.144605 0.579153 0)
(0.0764564 0.584087 0)
(3 -3.56101e-11 0)
(3 -2.1805e-10 0)
(3 -7.15328e-10 0)
(3 -1.9043e-09 0)
(3 -4.63313e-09 0)
(2.99999 -1.08132e-08 0)
(2.99998 -2.47515e-08 0)
(2.99996 -5.61481e-08 0)
(2.9999 -1.26828e-07 0)
(2.99979 -2.85854e-07 0)
(2.99955 -6.43429e-07 0)
(2.99902 -1.44697e-06 0)
(2.99787 -3.25207e-06 0)
(2.99536 -7.30832e-06 0)
(2.98986 -1.64395e-05 0)
(2.97773 -3.70923e-05 0)
(2.95049 -8.43789e-05 0)
(2.88707 -0.000195395 0)
(2.72716 -0.000467914 0)
(2.24242 -0.00146821 0)
(0.0363122 -0.0108083 0)
(-1.49975 0.132305 0)
(-0.736803 0.256432 0)
(-0.0178208 0.366025 0)
(0.373018 0.456884 0)
(0.455268 0.510362 0)
(0.368421 0.552742 0)
(0.259072 0.579314 0)
(0.15163 0.616273 0)
(0.0781948 0.62631 0)
(3 -4.3996e-12 0)
(3 -2.7289e-11 0)
(3 -9.30968e-11 0)
(3 -2.67158e-10 0)
(3 -7.22876e-10 0)
(2.99999 -1.91117e-09 0)
(2.99998 -4.97953e-09 0)
(2.99996 -1.2793e-08 0)
(2.9999 -3.23923e-08 0)
(2.99979 -8.08559e-08 0)
(2.99955 -1.99175e-07 0)
(2.99902 -4.84911e-07 0)
(2.99787 -1.16878e-06 0)
(2.99536 -2.79428e-06 0)
(2.98986 -6.64212e-06 0)
(2.97772 -1.5748e-05 0)
(2.95047 -3.74957e-05 0)
(2.88702 -9.05847e-05 0)
(2.72698 -0.000224713 0)
(2.24082 -0.000833703 0)
(0.0610088 -0.00813164 0)
(-1.45741 0.143803 0)
(-0.703634 0.273864 0)
(0.00750799 0.386796 0)
(0.387582 0.478274 0)
(0.461882 0.533907 0)
(0.373676 0.579633 0)
(0.266235 0.613369 0)
(0.1599 0.654866 0)
(0.0807991 0.671285 0)
(3 3.27955e-11 0)
(3 2.00058e-10 0)
(3 6.48523e-10 0)
(3 1.68435e-09 0)
(3 3.93912e-09 0)
(2.99999 8.70488e-09 0)
(2.99998 1.86064e-08 0)
(2.99996 3.89415e-08 0)
(2.9999 8.03317e-08 0)
(2.99979 1.63918e-07 0)
(2.99955 3.31432e-07 0)
(2.99902 6.64473e-07 0)
(2.99787 1.32081e-06 0)
(2.99536 2.60145e-06 0)
(2.98985 5.07078e-06 0)
(2.97772 9.7665e-06 0)
(2.95047 1.84952e-05 0)
(2.88701 3.41899e-05 0)
(2.7269 6.2195e-05 0)
(2.23966 -9.60364e-05 0)
(0.0878192 -0.00495361 0)
(-1.41263 0.156079 0)
(-0.669137 0.291979 0)
(0.0333219 0.407642 0)
(0.402185 0.499047 0)
(0.46898 0.557294 0)
(0.380464 0.606835 0)
(0.275148 0.649004 0)
(0.169756 0.695336 0)
(0.0844851 0.719611 0)
(3 7.66125e-11 0)
(3 4.67889e-10 0)
(3 1.52227e-09 0)
(3 3.98386e-09 0)
(3 9.43367e-09 0)
(2.99999 2.122e-08 0)
(2.99998 4.64183e-08 0)
(2.99996 9.99549e-08 0)
(2.9999 2.13271e-07 0)
(2.99979 4.52509e-07 0)
(2.99955 9.5663e-07 0)
(2.99902 2.01729e-06 0)
(2.99787 4.24624e-06 0)
(2.99536 8.92722e-06 0)
(2.98986 1.87608e-05 0)
(2.97772 3.94715e-05 0)
(2.95048 8.3365e-05 0)
(2.88703 0.000177857 0)
(2.72692 0.000389465 0)
(2.23903 0.000730715 0)
(0.116941 -0.00126439 0)
(-1.36539 0.169222 0)
(-0.633446 0.310849 0)
(0.0592742 0.428366 0)
(0.416834 0.518889 0)
(0.47685 0.58034 0)
(0.389201 0.634148 0)
(0.286294 0.686493 0)
(0.181577 0.738249 0)
(0.0897356 0.772303 0)
(3 1.27717e-10 0)
(3 7.80301e-10 0)
(3 2.54176e-09 0)
(3 6.66846e-09 0)
(3 1.58538e-08 0)
(2.99999 3.58599e-08 0)
(2.99998 7.89963e-08 0)
(2.99996 1.71532e-07 0)
(2.99991 3.69472e-07 0)
(2.99979 7.92117e-07 0)
(2.99955 1.69339e-06 0)
(2.99902 3.61343e-06 0)
(2.99787 7.7011e-06 0)
(2.99536 1.64023e-05 0)
(2.98986 3.4942e-05 0)
(2.97774 7.45797e-05 0)
(2.95051 0.000160024 0)
(2.8871 0.000347714 0)
(2.72706 0.000777418 0)
(2.23895 0.00171298 0)
(0.148075 0.00307027 0)
(-1.31607 0.18336 0)
(-0.596552 0.330487 0)
(0.0854252 0.448688 0)
(0.431594 0.537465 0)
(0.485701 0.602839 0)
(0.400345 0.661421 0)
(0.300095 0.725648 0)
(0.196028 0.784566 0)
(0.0969798 0.831032 0)
(3 1.86484e-10 0)
(3 1.13964e-09 0)
(3 3.71507e-09 0)
(3 9.76144e-09 0)
(3 2.32629e-08 0)
(2.99999 5.27933e-08 0)
(2.99998 1.16785e-07 0)
(2.99996 2.54834e-07 0)
(2.99991 5.51947e-07 0)
(2.99979 1.19049e-06 0)
(2.99955 2.56154e-06 0)
(2.99902 5.50334e-06 0)
(2.99787 1.18131e-05 0)
(2.99537 2.53495e-05 0)
(2.98988 5.4429e-05 0)
(2.97776 0.000117151 0)
(2.95057 0.000253719 0)
(2.88723 0.000557407 0)
(2.72735 0.00126355 0)
(2.23956 0.00297232 0)
(0.181239 0.0083214 0)
(-1.26501 0.198682 0)
(-0.558893 0.350896 0)
(0.111547 0.468166 0)
(0.446634 0.554347 0)
(0.495901 0.62454 0)
(0.414322 0.689296 0)
(0.317224 0.765492 0)
(0.214031 0.835938 0)
(0.106873 0.897885 0)
(3 2.5243e-10 0)
(3 1.54298e-09 0)
(3 5.03298e-09 0)
(3 1.32401e-08 0)
(3 3.16125e-08 0)
(2.99999 7.1928e-08 0)
(2.99998 1.59632e-07 0)
(2.99996 3.4967e-07 0)
(2.99991 7.6064e-07 0)
(2.99979 1.64844e-06 0)
(2.99955 3.56505e-06 0)
(2.99903 7.70111e-06 0)
(2.99788 1.66261e-05 0)
(2.99538 3.58953e-05 0)
(2.9899 7.75733e-05 0)
(2.9778 0.000168136 0)
(2.95066 0.000366999 0)
(2.88743 0.000813824 0)
(2.72783 0.00186744 0)
(2.24104 0.00456666 0)
(0.217141 0.0146392 0)
(-1.21175 0.215412 0)
(-0.520097 0.371889 0)
(0.137544 0.486117 0)
(0.462005 0.569127 0)
(0.508049 0.644612 0)
(0.431366 0.718201 0)
(0.338818 0.80606 0)
(0.237091 0.894048 0)
(0.119964 0.975684 0)
(3 3.23795e-10 0)
(3 1.9796e-09 0)
(3 6.4606e-09 0)
(3 1.70131e-08 0)
(3 4.06859e-08 0)
(2.99999 9.27755e-08 0)
(2.99998 2.06465e-07 0)
(2.99996 4.5372e-07 0)
(2.99991 9.90594e-07 0)
(2.99979 2.15541e-06 0)
(2.99955 4.68167e-06 0)
(2.99903 1.01599e-05 0)
(2.99788 2.20416e-05 0)
(2.99539 4.78329e-05 0)
(2.98992 0.000103936 0)
(2.97786 0.000226591 0)
(2.95078 0.000497752 0)
(2.88773 0.00111191 0)
(2.72857 0.00257489 0)
(2.2436 0.00644906 0)
(0.256632 0.0220392 0)
(-1.15633 0.234435 0)
(-0.479626 0.392945 0)
(0.163676 0.501602 0)
(0.477944 0.581499 0)
(0.522874 0.662742 0)
(0.452028 0.748117 0)
(0.365817 0.849688 0)
(0.266614 0.959367 0)
(0.137297 1.06857 0)
(3 3.9729e-10 0)
(3 2.42911e-09 0)
(3 7.92991e-09 0)
(3 2.0896e-08 0)
(3 5.00275e-08 0)
(2.99999 1.14262e-07 0)
(2.99998 2.54814e-07 0)
(2.99996 5.61391e-07 0)
(2.99991 1.22924e-06 0)
(2.9998 2.68339e-06 0)
(2.99955 5.84924e-06 0)
(2.99903 1.27428e-05 0)
(2.99789 2.77611e-05 0)
(2.9954 6.0518e-05 0)
(2.98996 0.000132148 0)
(2.97793 0.000289659 0)
(2.95095 0.000640206 0)
(2.88812 0.00144062 0)
(2.72959 0.00336793 0)
(2.24737 0.00859822 0)
(0.3 0.0303338 0)
(-1.09847 0.256817 0)
(-0.436926 0.412345 0)
(0.189953 0.513346 0)
(0.494672 0.591413 0)
(0.541018 0.680243 0)
(0.477278 0.780584 0)
(0.398773 0.898411 0)
(0.304959 1.03252 0)
(0.160829 1.18551 0)
(3 4.70859e-10 0)
(3 2.87945e-09 0)
(3 9.40411e-09 0)
(3 2.47994e-08 0)
(3 5.9439e-08 0)
(2.99999 1.35957e-07 0)
(2.99998 3.03741e-07 0)
(2.99996 6.70585e-07 0)
(2.99991 1.47181e-06 0)
(2.9998 3.22133e-06 0)
(2.99956 7.04203e-06 0)
(2.99903 1.53895e-05 0)
(2.9979 3.36423e-05 0)
(2.99542 7.36162e-05 0)
(2.99 0.000161432 0)
(2.97803 0.000355587 0)
(2.95117 0.000790697 0)
(2.88864 0.0017942 0)
(2.73095 0.00425239 0)
(2.25258 0.0111356 0)
(0.349344 0.0397183 0)
(-1.03872 0.28527 0)
(-0.387437 0.428561 0)
(0.217325 0.520259 0)
(0.513285 0.597809 0)
(0.563623 0.696344 0)
(0.508033 0.812783 0)
(0.438897 0.946132 0)
(0.356986 1.10588 0)
(0.194692 1.32279 0)
(3 5.94572e-10 0)
(3 3.63549e-09 0)
(3 1.18691e-08 0)
(3 3.12788e-08 0)
(3 7.48883e-08 0)
(2.99999 1.71038e-07 0)
(2.99998 3.81391e-07 0)
(2.99996 8.40127e-07 0)
(2.99991 1.83926e-06 0)
(2.9998 4.01448e-06 0)
(2.99956 8.7501e-06 0)
(2.99905 1.9063e-05 0)
(2.99793 4.15372e-05 0)
(2.99548 9.0583e-05 0)
(2.99013 0.000197931 0)
(2.97832 0.000434347 0)
(2.95183 0.000961952 0)
(2.89025 0.00217322 0)
(2.73543 0.00512539 0)
(2.27009 0.0133258 0)
(0.504884 0.046133 0)
(-0.817428 0.319381 0)
(-0.349486 0.451355 0)
(0.183117 0.543009 0)
(0.508069 0.624654 0)
(0.630544 0.734642 0)
(0.640031 0.87521 0)
(0.638067 1.03478 0)
(0.685963 1.21912 0)
(0.603426 1.48525 0)
(3 8.13769e-10 0)
(3 4.97436e-09 0)
(3 1.62295e-08 0)
(3 4.27202e-08 0)
(3 1.02106e-07 0)
(2.99999 2.32665e-07 0)
(2.99998 5.17353e-07 0)
(2.99996 1.1359e-06 0)
(2.99991 2.47774e-06 0)
(2.9998 5.38661e-06 0)
(2.99957 1.16911e-05 0)
(2.99907 2.53558e-05 0)
(2.99798 5.49867e-05 0)
(2.9956 0.00011931 0)
(2.99038 0.000259297 0)
(2.97887 0.000565632 0)
(2.95309 0.00124408 0)
(2.89323 0.00278574 0)
(2.74321 0.00648193 0)
(2.29744 0.0165217 0)
(0.697975 0.05543 0)
(-0.545585 0.328371 0)
(-0.19542 0.499469 0)
(0.255118 0.599882 0)
(0.543939 0.681701 0)
(0.688624 0.77809 0)
(0.750593 0.902885 0)
(0.8013 1.0476 0)
(0.925577 1.19657 0)
(0.98107 1.34631 0)
(3 1.19681e-09 0)
(3 7.31548e-09 0)
(3 2.38654e-08 0)
(3 6.28102e-08 0)
(3 1.50089e-07 0)
(2.99999 3.41908e-07 0)
(2.99998 7.60005e-07 0)
(2.99996 1.66803e-06 0)
(2.99991 3.63695e-06 0)
(2.99981 7.90326e-06 0)
(2.99959 1.71453e-05 0)
(2.9991 3.71673e-05 0)
(2.99805 8.0561e-05 0)
(2.99575 0.000174708 0)
(2.99072 0.000379461 0)
(2.97963 0.000827124 0)
(2.95479 0.0018172 0)
(2.89721 0.00406143 0)
(2.75362 0.00941692 0)
(2.33449 0.0238188 0)
(0.911537 0.0763237 0)
(-0.249925 0.35953 0)
(-0.0269653 0.551774 0)
(0.338471 0.6476 0)
(0.598291 0.72608 0)
(0.747904 0.810931 0)
(0.838771 0.9155 0)
(0.919283 1.03289 0)
(1.06202 1.14632 0)
(1.17742 1.21717 0)
(3 1.87007e-09 0)
(3 1.14317e-08 0)
(3 3.73013e-08 0)
(3 9.82079e-08 0)
(3 2.34806e-07 0)
(2.99999 5.35286e-07 0)
(2.99998 1.19091e-06 0)
(2.99996 2.61638e-06 0)
(2.99992 5.71092e-06 0)
(2.99982 1.24243e-05 0)
(2.99961 2.69852e-05 0)
(2.99916 5.85679e-05 0)
(2.99816 0.000127098 0)
(2.99599 0.000275947 0)
(2.99125 0.000599981 0)
(2.98079 0.00130889 0)
(2.95739 0.00287664 0)
(2.90333 0.00642502 0)
(2.76936 0.0148575 0)
(2.38558 0.0371224 0)
(1.14619 0.110984 0)
(0.0692292 0.413941 0)
(0.150365 0.621671 0)
(0.41472 0.703492 0)
(0.651612 0.759128 0)
(0.801794 0.824821 0)
(0.906456 0.906782 0)
(1.00035 0.996765 0)
(1.13668 1.08296 0)
(1.2546 1.12622 0)
(3 2.80921e-09 0)
(3 1.71716e-08 0)
(3 5.60279e-08 0)
(3 1.47517e-07 0)
(3 3.52762e-07 0)
(2.99999 8.04465e-07 0)
(2.99998 1.79068e-06 0)
(2.99997 3.93655e-06 0)
(2.99993 8.59876e-06 0)
(2.99984 1.87214e-05 0)
(2.99965 4.06938e-05 0)
(2.99924 8.83873e-05 0)
(2.99834 0.00019194 0)
(2.99638 0.000416961 0)
(2.9921 0.000906891 0)
(2.98266 0.0019783 0)
(2.9616 0.00434414 0)
(2.91315 0.0096787 0)
(2.79435 0.0222537 0)
(2.46165 0.0548011 0)
(1.42416 0.155017 0)
(0.425516 0.475323 0)
(0.334403 0.659346 0)
(0.470841 0.734918 0)
(0.678498 0.766425 0)
(0.838563 0.813351 0)
(0.953799 0.877166 0)
(1.05399 0.947424 0)
(1.1818 1.01525 0)
(1.29558 1.05433 0)
(3 4.27378e-09 0)
(3 2.61374e-08 0)
(3 8.53854e-08 0)
(3 2.25289e-07 0)
(3 5.40409e-07 0)
(2.99999 1.23738e-06 0)
(2.99999 2.76778e-06 0)
(2.99997 6.11851e-06 0)
(2.99994 1.34466e-05 0)
(2.99986 2.94676e-05 0)
(2.99971 6.44916e-05 0)
(2.99936 0.000141072 0)
(2.9986 0.000308581 0)
(2.99695 0.000675299 0)
(2.99333 0.00147956 0)
(2.98537 0.00325006 0)
(2.96765 0.00717931 0)
(2.92716 0.0160513 0)
(2.82931 0.0368294 0)
(2.56175 0.0892957 0)
(1.71379 0.241524 0)
(0.680954 0.665703 0)
(0.47031 0.708153 0)
(0.534306 0.74868 0)
(0.700916 0.762366 0)
(0.870005 0.787722 0)
(0.994303 0.831278 0)
(1.09715 0.885518 0)
(1.21655 0.941269 0)
(1.32322 0.980776 0)
(3 4.15385e-09 0)
(3 2.54031e-08 0)
(3 8.29777e-08 0)
(3 2.18886e-07 0)
(3 5.24859e-07 0)
(3 1.20118e-06 0)
(2.99999 2.68517e-06 0)
(2.99998 5.9317e-06 0)
(2.99996 1.3026e-05 0)
(2.99991 2.85222e-05 0)
(2.9998 6.23682e-05 0)
(2.99956 0.000136302 0)
(2.99905 0.000297855 0)
(2.99794 0.000651108 0)
(2.99553 0.00142464 0)
(2.99026 0.00312366 0)
(2.97868 0.00687995 0)
(2.95276 0.0153026 0)
(2.89258 0.0347707 0)
(2.73968 0.0827566 0)
(2.27467 0.219027 0)
(1.23057 0.624587 0)
(0.775088 0.697042 0)
(0.733575 0.747895 0)
(0.807466 0.766821 0)
(0.938139 0.77223 0)
(1.05029 0.794102 0)
(1.1477 0.830374 0)
(1.25773 0.872309 0)
(1.35395 0.906772 0)
(3 2.71813e-09 0)
(3 1.66129e-08 0)
(3 5.41819e-08 0)
(3 1.42527e-07 0)
(3 3.40338e-07 0)
(3 7.74614e-07 0)
(2.99999 1.72006e-06 0)
(2.99999 3.77073e-06 0)
(2.99997 8.21087e-06 0)
(2.99993 1.78164e-05 0)
(2.99985 3.85866e-05 0)
(2.99967 8.34859e-05 0)
(2.99929 0.000180537 0)
(2.99845 0.000390356 0)
(2.99663 0.000844301 0)
(2.99265 0.00182831 0)
(2.98392 0.00397095 0)
(2.96451 0.00868414 0)
(2.92016 0.0192871 0)
(2.81251 0.0443472 0)
(2.51626 0.112173 0)
(1.7032 0.296493 0)
(0.929972 0.637113 0)
(0.848087 0.731473 0)
(0.877345 0.773786 0)
(0.97648 0.778625 0)
(1.09685 0.78396 0)
(1.19554 0.802745 0)
(1.29772 0.828928 0)
(1.38453 0.852219 0)
(3 2.43009e-09 0)
(3 1.48576e-08 0)
(3 4.84993e-08 0)
(3 1.27777e-07 0)
(3 3.05806e-07 0)
(3 6.98064e-07 0)
(2.99999 1.55555e-06 0)
(2.99999 3.42381e-06 0)
(2.99998 7.48855e-06 0)
(2.99995 1.63269e-05 0)
(2.99989 3.55409e-05 0)
(2.99975 7.73092e-05 0)
(2.99946 0.000168117 0)
(2.99883 0.000365604 0)
(2.99745 0.000795393 0)
(2.99443 0.00173215 0)
(2.98781 0.00378056 0)
(2.97312 0.00829152 0)
(2.93983 0.0183776 0)
(2.86073 0.0416817 0)
(2.65181 0.0996234 0)
(2.03777 0.262556 0)
(1.16833 0.693885 0)
(0.962459 0.78307 0)
(0.955003 0.822821 0)
(1.01496 0.826361 0)
(1.12128 0.814949 0)
(1.22769 0.811553 0)
(1.32944 0.818099 0)
(1.41157 0.827374 0)
(3 2.09392e-09 0)
(3 1.28042e-08 0)
(3 4.1813e-08 0)
(3 1.10244e-07 0)
(3 2.64151e-07 0)
(3 6.03915e-07 0)
(3 1.34832e-06 0)
(2.99999 2.97419e-06 0)
(2.99999 6.5209e-06 0)
(2.99997 1.42541e-05 0)
(2.99993 3.11128e-05 0)
(2.99985 6.78666e-05 0)
(2.99967 0.000148004 0)
(2.99929 0.000322784 0)
(2.99845 0.000704185 0)
(2.99663 0.00153741 0)
(2.99267 0.003362 0)
(2.98396 0.0073777 0)
(2.96462 0.0163124 0)
(2.92028 0.0366651 0)
(2.81087 0.0854851 0)
(2.48689 0.218229 0)
(1.73983 0.585847 0)
(1.22956 0.812785 0)
(1.10825 0.862872 0)
(1.10012 0.883411 0)
(1.16158 0.872614 0)
(1.2599 0.849498 0)
(1.35915 0.837019 0)
(1.43832 0.830802 0)
(3 1.34894e-09 0)
(3 8.24303e-09 0)
(3 2.6887e-08 0)
(3 7.07839e-08 0)
(3 1.69284e-07 0)
(3 3.86152e-07 0)
(3 8.59873e-07 0)
(3 1.89119e-06 0)
(2.99999 4.13313e-06 0)
(2.99998 9.00363e-06 0)
(2.99996 1.95813e-05 0)
(2.99991 4.25507e-05 0)
(2.9998 9.24263e-05 0)
(2.99957 0.000200733 0)
(2.99907 0.000435984 0)
(2.99798 0.000947278 0)
(2.9956 0.0020601 0)
(2.9904 0.00448976 0)
(2.97896 0.00983162 0)
(2.9533 0.0217571 0)
(2.89339 0.049311 0)
(2.73735 0.119307 0)
(2.30404 0.314486 0)
(1.54918 0.732755 0)
(1.29243 0.843412 0)
(1.23468 0.894859 0)
(1.23142 0.909845 0)
(1.29178 0.895433 0)
(1.38889 0.86767 0)
(1.46567 0.846761 0)
(3 8.57668e-10 0)
(3 5.23786e-09 0)
(3 1.70735e-08 0)
(3 4.49345e-08 0)
(3 1.07468e-07 0)
(3 2.45223e-07 0)
(3 5.46342e-07 0)
(3 1.20241e-06 0)
(2.99999 2.62986e-06 0)
(2.99999 5.7338e-06 0)
(2.99997 1.24817e-05 0)
(2.99995 2.71503e-05 0)
(2.99988 5.90379e-05 0)
(2.99974 0.000128365 0)
(2.99945 0.00027912 0)
(2.9988 0.00060709 0)
(2.99739 0.00132123 0)
(2.99432 0.00287917 0)
(2.98761 0.00629171 0)
(2.97279 0.0138324 0)
(2.93926 0.0308208 0)
(2.85902 0.0709089 0)
(2.63955 0.178414 0)
(2.09281 0.457504 0)
(1.48612 0.822934 0)
(1.35702 0.906206 0)
(1.32084 0.930735 0)
(1.33109 0.928365 0)
(1.39887 0.905561 0)
(1.47763 0.873005 0)
(3 5.4404e-10 0)
(3 3.32441e-09 0)
(3 1.0844e-08 0)
(3 2.85535e-08 0)
(3 6.83069e-08 0)
(3 1.55867e-07 0)
(3 3.47211e-07 0)
(3 7.63944e-07 0)
(3 1.67024e-06 0)
(2.99999 3.63994e-06 0)
(2.99999 7.91965e-06 0)
(2.99997 1.72174e-05 0)
(2.99994 3.74165e-05 0)
(2.99986 8.12994e-05 0)
(2.99971 0.000176645 0)
(2.99937 0.000383855 0)
(2.99863 0.000834393 0)
(2.99703 0.00181506 0)
(2.99356 0.00395457 0)
(2.98599 0.00864594 0)
(2.96926 0.0190467 0)
(2.93118 0.0426849 0)
(2.83713 0.100138 0)
(2.56517 0.261071 0)
(1.94569 0.651947 0)
(1.56474 0.873048 0)
(1.44673 0.916561 0)
(1.42251 0.935131 0)
(1.44528 0.932238 0)
(1.5 0.906704 0)
(3 2.84447e-10 0)
(3 1.73803e-09 0)
(3 5.66648e-09 0)
(3 1.49014e-08 0)
(3 3.55718e-08 0)
(3 8.09312e-08 0)
(3 1.79625e-07 0)
(3 3.93549e-07 0)
(3 8.56409e-07 0)
(3 1.85699e-06 0)
(2.99999 4.01895e-06 0)
(2.99998 8.68884e-06 0)
(2.99997 1.87738e-05 0)
(2.99993 4.05495e-05 0)
(2.99985 8.75624e-05 0)
(2.99967 0.000189057 0)
(2.9993 0.000408196 0)
(2.99848 0.000881558 0)
(2.99672 0.0019053 0)
(2.99291 0.00412563 0)
(2.98461 0.00897202 0)
(2.96626 0.0197018 0)
(2.92437 0.0442526 0)
(2.81775 0.107083 0)
(2.52842 0.27922 0)
(1.87508 0.673341 0)
(1.6071 0.805699 0)
(1.54708 0.873064 0)
(1.53149 0.910853 0)
(1.55487 0.917379 0)
(3 1.511e-10 0)
(3 9.23276e-10 0)
(3 3.00973e-09 0)
(3 7.91104e-09 0)
(3 1.88683e-08 0)
(3 4.28738e-08 0)
(3 9.5004e-08 0)
(3 2.07753e-07 0)
(3 4.51136e-07 0)
(3 9.75992e-07 0)
(3 2.10722e-06 0)
(2.99999 4.54452e-06 0)
(2.99998 9.79455e-06 0)
(2.99996 2.11011e-05 0)
(2.9999 4.54473e-05 0)
(2.99979 9.78656e-05 0)
(2.99955 0.00021072 0)
(2.99903 0.000453723 0)
(2.99789 0.00097723 0)
(2.99541 0.00210649 0)
(2.99 0.0045498 0)
(2.97808 0.00987234 0)
(2.95136 0.0216469 0)
(2.88883 0.0487188 0)
(2.72742 0.11821 0)
(2.29652 0.30914 0)
(1.77537 0.703564 0)
(1.65863 0.816473 0)
(1.6201 0.880716 0)
(1.61538 0.915613 0)
(3 9.97959e-11 0)
(3 6.10078e-10 0)
(3 1.99089e-09 0)
(3 5.24258e-09 0)
(3 1.25373e-08 0)
(3 2.85884e-08 0)
(3 6.36213e-08 0)
(3 1.39818e-07 0)
(3 3.05299e-07 0)
(3 6.64465e-07 0)
(3 1.44384e-06 0)
(3 3.135e-06 0)
(2.99999 6.80483e-06 0)
(2.99998 1.47693e-05 0)
(2.99995 3.20564e-05 0)
(2.99989 6.95856e-05 0)
(2.99977 0.000151077 0)
(2.9995 0.000328088 0)
(2.99893 0.000712784 0)
(2.99768 0.00154965 0)
(2.99496 0.00337365 0)
(2.98905 0.00736478 0)
(2.97603 0.016171 0)
(2.9467 0.0359604 0)
(2.87643 0.0824662 0)
(2.67698 0.205669 0)
(2.23786 0.514324 0)
(1.86981 0.773781 0)
(1.76835 0.862912 0)
(1.73396 0.910016 0)
(3 5.52505e-11 0)
(3 3.37674e-10 0)
(3 1.10136e-09 0)
(3 2.89777e-09 0)
(3 6.9219e-09 0)
(3 1.57613e-08 0)
(3 3.50172e-08 0)
(3 7.68115e-08 0)
(3 1.67377e-07 0)
(3 3.63481e-07 0)
(3 7.87963e-07 0)
(3 1.70663e-06 0)
(3 3.69469e-06 0)
(2.99999 7.99677e-06 0)
(2.99998 1.73062e-05 0)
(2.99995 3.74515e-05 0)
(2.9999 8.10463e-05 0)
(2.99977 0.000175395 0)
(2.99952 0.000379627 0)
(2.99896 0.000821913 0)
(2.99775 0.00178066 0)
(2.99515 0.00386334 0)
(2.98951 0.00840839 0)
(2.97712 0.0184267 0)
(2.94925 0.0410122 0)
(2.88105 0.0954333 0)
(2.69222 0.24231 0)
(2.29245 0.550684 0)
(1.96908 0.794534 0)
(1.87763 0.873184 0)
(3 2.80968e-11 0)
(3 1.71695e-10 0)
(3 5.59829e-10 0)
(3 1.47216e-09 0)
(3 3.51363e-09 0)
(3 7.99152e-09 0)
(3 1.77294e-08 0)
(3 3.88243e-08 0)
(3 8.44393e-08 0)
(3 1.8299e-07 0)
(3 3.95814e-07 0)
(3 8.55302e-07 0)
(3 1.84719e-06 0)
(3 3.98817e-06 0)
(2.99999 8.60906e-06 0)
(2.99998 1.85818e-05 0)
(2.99995 4.01038e-05 0)
(2.9999 8.65494e-05 0)
(2.99979 0.000186785 0)
(2.99954 0.000403136 0)
(2.99902 0.000870292 0)
(2.99788 0.0018799 0)
(2.99544 0.00406619 0)
(2.99014 0.00882142 0)
(2.97851 0.0192653 0)
(2.95236 0.0427345 0)
(2.8886 0.0992823 0)
(2.71519 0.248441 0)
(2.36504 0.545205 0)
(2.07638 0.823012 0)
(3 1.25085e-11 0)
(3 7.6422e-11 0)
(3 2.49068e-10 0)
(3 6.54442e-10 0)
(3 1.56008e-09 0)
(3 3.5425e-09 0)
(3 7.84316e-09 0)
(3 1.71344e-08 0)
(3 3.71673e-08 0)
(3 8.0317e-08 0)
(3 1.73209e-07 0)
(3 3.73122e-07 0)
(3 8.03272e-07 0)
(3 1.72869e-06 0)
(3 3.7194e-06 0)
(2.99999 8.00132e-06 0)
(2.99999 1.72108e-05 0)
(2.99997 3.70172e-05 0)
(2.99994 7.96126e-05 0)
(2.99987 0.00017122 0)
(2.99972 0.000368263 0)
(2.99941 0.000792264 0)
(2.99877 0.00170552 0)
(2.9974 0.00367686 0)
(2.99449 0.00795238 0)
(2.98825 0.0173222 0)
(2.97444 0.0383536 0)
(2.9406 0.0886806 0)
(2.83196 0.228211 0)
(2.69582 0.444417 0)
(3 4.18632e-12 0)
(3 2.55561e-11 0)
(3 8.31311e-11 0)
(3 2.17694e-10 0)
(3 5.16307e-10 0)
(3 1.16436e-09 0)
(3 2.55599e-09 0)
(3 5.52814e-09 0)
(3 1.18565e-08 0)
(3 2.53051e-08 0)
(3 5.38467e-08 0)
(3 1.14354e-07 0)
(3 2.42507e-07 0)
(3 5.13681e-07 0)
(3 1.08697e-06 0)
(3 2.29779e-06 0)
(2.99999 4.85264e-06 0)
(2.99998 1.02378e-05 0)
(2.99997 2.1576e-05 0)
(2.99993 4.54209e-05 0)
(2.99985 9.55078e-05 0)
(2.99967 0.000200591 0)
(2.99928 0.00042082 0)
(2.99846 0.000882035 0)
(2.99668 0.00184815 0)
(2.99284 0.00387676 0)
(2.98448 0.00816978 0)
(2.96601 0.0174688 0)
(2.92297 0.0401965 0)
(2.80296 0.0880566 0)
(3 1.7085e-12 0)
(3 1.04358e-11 0)
(3 3.39884e-11 0)
(3 8.91788e-11 0)
(3 2.12075e-10 0)
(3 4.79883e-10 0)
(3 1.05768e-09 0)
(3 2.29822e-09 0)
(3 4.95505e-09 0)
(3 1.06377e-08 0)
(3 2.2784e-08 0)
(3 4.87364e-08 0)
(3 1.04179e-07 0)
(3 2.22615e-07 0)
(3 4.75622e-07 0)
(3 1.01613e-06 0)
(3 2.17098e-06 0)
(2.99999 4.63872e-06 0)
(2.99998 9.91286e-06 0)
(2.99997 2.11872e-05 0)
(2.99993 4.52944e-05 0)
(2.99985 9.6858e-05 0)
(2.99968 0.000207198 0)
(2.9993 0.000443467 0)
(2.99851 0.000949915 0)
(2.99679 0.00203751 0)
(2.9931 0.00438154 0)
(2.98508 0.00946893 0)
(2.96744 0.0207001 0)
(2.91945 0.0462648 0)
(3 5.85724e-13 0)
(3 3.57559e-12 0)
(3 1.16268e-11 0)
(3 3.04247e-11 0)
(3 7.2074e-11 0)
(3 1.62275e-10 0)
(3 3.55498e-10 0)
(3 7.67055e-10 0)
(3 1.64085e-09 0)
(3 3.49243e-09 0)
(3 7.41075e-09 0)
(3 1.56945e-08 0)
(3 3.31931e-08 0)
(3 7.01297e-08 0)
(3 1.48041e-07 0)
(3 3.12266e-07 0)
(3 6.58171e-07 0)
(2.99999 1.38619e-06 0)
(2.99999 2.91721e-06 0)
(2.99998 6.13419e-06 0)
(2.99995 1.28877e-05 0)
(2.99988 2.70523e-05 0)
(2.99975 5.67327e-05 0)
(2.99945 0.000118868 0)
(2.99881 0.000248849 0)
(2.99742 0.000520641 0)
(2.99439 0.00108928 0)
(2.98776 0.00228169 0)
(2.97315 0.0048025 0)
(2.93461 0.0102115 0)
(3 3.77633e-13 0)
(3 2.30833e-12 0)
(3 7.52896e-12 0)
(3 1.9805e-11 0)
(3 4.72805e-11 0)
(3 1.07549e-10 0)
(3 2.38605e-10 0)
(3 5.22483e-10 0)
(3 1.13632e-09 0)
(3 2.46272e-09 0)
(3 5.32818e-09 0)
(3 1.15187e-08 0)
(3 2.48951e-08 0)
(3 5.38052e-08 0)
(3 1.16306e-07 0)
(3 2.51469e-07 0)
(3 5.43865e-07 0)
(3 1.17662e-06 0)
(2.99999 2.54641e-06 0)
(2.99998 5.51279e-06 0)
(2.99996 1.19391e-05 0)
(2.99991 2.58665e-05 0)
(2.9998 5.60631e-05 0)
(2.99956 0.000121566 0)
(2.99904 0.000263745 0)
(2.99791 0.000572635 0)
(2.99545 0.00124482 0)
(2.99005 0.00271111 0)
(2.97811 0.00593458 0)
(2.94757 0.0130914 0)
(3 2.65065e-13 0)
(3 1.62055e-12 0)
(3 5.28987e-12 0)
(3 1.39357e-11 0)
(3 3.33466e-11 0)
(3 7.61002e-11 0)
(3 1.69523e-10 0)
(3 3.72983e-10 0)
(3 8.15482e-10 0)
(3 1.77736e-09 0)
(3 3.86798e-09 0)
(3 8.41206e-09 0)
(3 1.82902e-08 0)
(3 3.97673e-08 0)
(3 8.64721e-08 0)
(3 1.88059e-07 0)
(3 4.09064e-07 0)
(3 8.89974e-07 0)
(2.99999 1.93667e-06 0)
(2.99999 4.2153e-06 0)
(2.99997 9.17695e-06 0)
(2.99994 1.99834e-05 0)
(2.99987 4.35259e-05 0)
(2.99973 9.48305e-05 0)
(2.99941 0.000206681 0)
(2.99872 0.000450688 0)
(2.99724 0.00098363 0)
(2.99401 0.00215021 0)
(2.98698 0.00471677 0)
(2.97046 0.0104162 0)
(3 1.48363e-13 0)
(3 9.06294e-13 0)
(3 2.95432e-12 0)
(3 7.76501e-12 0)
(3 1.85182e-11 0)
(3 4.20753e-11 0)
(3 9.32293e-11 0)
(3 2.03865e-10 0)
(3 4.42683e-10 0)
(3 9.57662e-10 0)
(3 2.06746e-09 0)
(3 4.45806e-09 0)
(3 9.60574e-09 0)
(3 2.06864e-08 0)
(3 4.45301e-08 0)
(3 9.582e-08 0)
(3 2.0611e-07 0)
(3 4.4318e-07 0)
(3 9.52576e-07 0)
(2.99999 2.0467e-06 0)
(2.99998 4.39579e-06 0)
(2.99995 9.43731e-06 0)
(2.9999 2.02528e-05 0)
(2.99978 4.34462e-05 0)
(2.99952 9.3166e-05 0)
(2.99895 0.000199733 0)
(2.99772 0.000428113 0)
(2.99503 0.00091849 0)
(2.98914 0.00196895 0)
(2.97558 0.00423759 0)
(3 1.25967e-13 0)
(3 7.70005e-13 0)
(3 2.5132e-12 0)
(3 6.62204e-12 0)
(3 1.58541e-11 0)
(3 3.62098e-11 0)
(3 8.07409e-11 0)
(3 1.77841e-10 0)
(3 3.89271e-10 0)
(3 8.49378e-10 0)
(3 1.85041e-09 0)
(3 4.02808e-09 0)
(3 8.7653e-09 0)
(3 1.90704e-08 0)
(3 4.14879e-08 0)
(3 9.02546e-08 0)
(3 1.96343e-07 0)
(3 4.27138e-07 0)
(3 9.29241e-07 0)
(2.99999 2.02163e-06 0)
(2.99998 4.39833e-06 0)
(2.99996 9.56961e-06 0)
(2.99992 2.08221e-05 0)
(2.99982 4.53093e-05 0)
(2.99962 9.86059e-05 0)
(2.99917 0.000214641 0)
(2.99819 0.000467403 0)
(2.99607 0.00101868 0)
(2.9914 0.00222346 0)
(2.98085 0.00487243 0)
(3 9.49667e-14 0)
(3 5.80456e-13 0)
(3 1.8943e-12 0)
(3 4.99213e-12 0)
(3 1.19586e-11 0)
(3 2.73363e-11 0)
(3 6.10243e-11 0)
(3 1.3459e-10 0)
(3 2.95021e-10 0)
(3 6.44689e-10 0)
(3 1.40662e-09 0)
(3 3.06667e-09 0)
(3 6.68324e-09 0)
(3 1.45619e-08 0)
(3 3.17247e-08 0)
(3 6.91096e-08 0)
(3 1.50538e-07 0)
(3 3.27883e-07 0)
(3 7.14092e-07 0)
(2.99999 1.55506e-06 0)
(2.99999 3.38606e-06 0)
(2.99997 7.37215e-06 0)
(2.99995 1.60489e-05 0)
(2.99988 3.49343e-05 0)
(2.99974 7.6038e-05 0)
(2.99944 0.000165506 0)
(2.99879 0.000360316 0)
(2.99737 0.000784745 0)
(2.99428 0.00171222 0)
(2.98745 0.0037475 0)
(3 6.23931e-14 0)
(3 3.81233e-13 0)
(3 1.24312e-12 0)
(3 3.273e-12 0)
(3 7.83076e-12 0)
(3 1.78732e-11 0)
(3 3.98271e-11 0)
(3 8.76537e-11 0)
(3 1.91675e-10 0)
(3 4.17728e-10 0)
(3 9.0874e-10 0)
(3 1.97495e-09 0)
(3 4.28971e-09 0)
(3 9.31444e-09 0)
(3 2.02209e-08 0)
(3 4.38928e-08 0)
(3 9.527e-08 0)
(3 2.06776e-07 0)
(3 4.48781e-07 0)
(3 9.74e-07 0)
(2.99999 2.11387e-06 0)
(2.99998 4.58772e-06 0)
(2.99996 9.95696e-06 0)
(2.9999 2.16115e-05 0)
(2.99979 4.69138e-05 0)
(2.99955 0.000101863 0)
(2.99902 0.000221265 0)
(2.99787 0.000480867 0)
(2.99535 0.00104704 0)
(2.98982 0.002286 0)
(3 3.60067e-14 0)
(3 2.20153e-13 0)
(3 7.18779e-13 0)
(3 1.8921e-12 0)
(3 4.51962e-12 0)
(3 1.02888e-11 0)
(3 2.28518e-11 0)
(3 5.01147e-11 0)
(3 1.09192e-10 0)
(3 2.37138e-10 0)
(3 5.142e-10 0)
(3 1.1142e-09 0)
(3 2.41379e-09 0)
(3 5.22931e-09 0)
(3 1.13306e-08 0)
(3 2.45561e-08 0)
(3 5.3233e-08 0)
(3 1.15433e-07 0)
(3 2.50395e-07 0)
(3 5.43363e-07 0)
(2.99999 1.17965e-06 0)
(2.99999 2.56251e-06 0)
(2.99997 5.57034e-06 0)
(2.99993 1.21193e-05 0)
(2.99985 2.63956e-05 0)
(2.99967 5.75611e-05 0)
(2.99929 0.000125702 0)
(2.99847 0.000274984 0)
(2.99668 0.000602393 0)
(2.99282 0.0013236 0)
(3 7.23265e-15 0)
(3 4.4188e-14 0)
(3 1.44919e-13 0)
(3 3.79347e-13 0)
(3 8.93491e-13 0)
(3 1.99099e-12 0)
(3 4.3034e-12 0)
(3 9.14551e-12 0)
(3 1.9255e-11 0)
(3 4.03341e-11 0)
(3 8.42612e-11 0)
(3 1.75769e-10 0)
(3 3.663e-10 0)
(3 7.6263e-10 0)
(3 1.58577e-09 0)
(3 3.29143e-09 0)
(3 6.81521e-09 0)
(3 1.40684e-08 0)
(3 2.89359e-08 0)
(3 5.92748e-08 0)
(2.99999 1.2091e-07 0)
(2.99999 2.45614e-07 0)
(2.99997 4.97091e-07 0)
(2.99993 1.00316e-06 0)
(2.99985 2.0209e-06 0)
(2.99968 4.06941e-06 0)
(2.99931 8.19619e-06 0)
(2.9985 1.65455e-05 0)
(2.99675 3.30462e-05 0)
(2.99294 6.54047e-05 0)
(1.17644 1.42041 0)
(1.38312 1.28334 0)
(1.46587 0.99825 0)
(1.32491 0.329129 0)
(1.45944 -0.0950324 0)
(1.40831 -0.0452421 0)
(1.40653 -0.0148934 0)
(1.39843 -0.0115727 0)
(1.38628 -0.0259008 0)
(1.35931 -0.0345504 0)
(1.32339 -0.0238511 0)
(1.28367 -0.0253627 0)
(1.20005 -0.0327789 0)
(1.0291 -0.0518844 0)
(0.637475 -0.0914416 0)
(-0.217068 -0.0865034 0)
(-0.666368 -0.0130934 0)
(-0.454051 0.00278202 0)
(-0.0912854 0.00587234 0)
(0.365667 -0.0137854 0)
(0.689977 -0.0479952 0)
(0.841417 -0.0523532 0)
(0.92905 -0.0449496 0)
(1.00576 -0.0306849 0)
(1.07969 -0.0151212 0)
(1.14815 -0.00479649 0)
(1.21196 0.00890057 0)
(1.26999 0.0212362 0)
(1.3179 0.0329373 0)
(1.36659 0.0245652 0)
(1.3714 1.22284 0)
(1.52022 0.894319 0)
(1.54725 0.380316 0)
(1.56368 0.0138781 0)
(1.60103 -0.0448678 0)
(1.60698 -0.0104625 0)
(1.57605 0.000158786 0)
(1.55431 -0.0191964 0)
(1.54883 -0.0383144 0)
(1.54238 -0.04646 0)
(1.51966 -0.0350322 0)
(1.49154 -0.0440507 0)
(1.43012 -0.0563019 0)
(1.3008 -0.0791647 0)
(1.01287 -0.120873 0)
(0.347483 -0.119943 0)
(-0.0690455 -0.00382234 0)
(0.0372851 0.0251493 0)
(0.261529 0.00596972 0)
(0.588125 -0.0151949 0)
(0.873122 -0.0397128 0)
(1.0662 -0.0523773 0)
(1.18487 -0.0373624 0)
(1.26922 -0.0256286 0)
(1.33092 -0.0186137 0)
(1.37906 -0.00714081 0)
(1.41873 0.0146471 0)
(1.457 0.0268101 0)
(1.48704 0.0439352 0)
(1.51425 0.0378335 0)
(1.47691 1.01866 0)
(1.59756 0.646575 0)
(1.67902 0.283324 0)
(1.78162 0.144065 0)
(1.81752 0.0692844 0)
(1.81466 0.00955846 0)
(1.80137 -0.0320202 0)
(1.79323 -0.0483697 0)
(1.79085 -0.0512236 0)
(1.78174 -0.0519305 0)
(1.76556 -0.0512904 0)
(1.7422 -0.0613599 0)
(1.69278 -0.0729119 0)
(1.58122 -0.0919497 0)
(1.33284 -0.123945 0)
(0.78357 -0.134092 0)
(0.454857 -0.0244635 0)
(0.483033 0.0263626 0)
(0.598094 0.0114849 0)
(0.813169 -0.0266446 0)
(1.01057 -0.0474066 0)
(1.18449 -0.0710799 0)
(1.31906 -0.0674835 0)
(1.41716 -0.0579489 0)
(1.49063 -0.0526928 0)
(1.54661 -0.035216 0)
(1.58209 -0.00665713 0)
(1.60949 0.00937665 0)
(1.63203 0.0280336 0)
(1.64974 0.0411966 0)
(1.52267 0.938454 0)
(1.675 0.669129 0)
(1.79702 0.487829 0)
(1.88952 0.310792 0)
(1.92949 0.139074 0)
(1.93519 0.0364635 0)
(1.93807 -0.0134056 0)
(1.94136 -0.0373655 0)
(1.94053 -0.0543846 0)
(1.93189 -0.0657805 0)
(1.9153 -0.0677616 0)
(1.89248 -0.0758744 0)
(1.84729 -0.0930529 0)
(1.74907 -0.117916 0)
(1.54231 -0.14847 0)
(1.10579 -0.154903 0)
(0.863632 -0.0646921 0)
(0.892363 -3.67986e-05 0)
(0.951614 0.0225275 0)
(1.06689 -0.00482263 0)
(1.21286 -0.0514236 0)
(1.34444 -0.0803558 0)
(1.45438 -0.0862006 0)
(1.54063 -0.0643827 0)
(1.61073 -0.0398781 0)
(1.66798 -0.020501 0)
(1.70529 0.00223025 0)
(1.72706 0.0331101 0)
(1.73868 0.0508898 0)
(1.74594 0.0732686 0)
(1.55054 0.951442 0)
(1.70696 0.73305 0)
(1.83255 0.518245 0)
(1.91964 0.304824 0)
(1.97526 0.138132 0)
(2.00937 0.0454073 0)
(2.0219 0.00333507 0)
(2.02395 -0.0340087 0)
(2.02484 -0.0652041 0)
(2.02121 -0.088103 0)
(2.00779 -0.0993421 0)
(1.98353 -0.109128 0)
(1.93998 -0.132048 0)
(1.85129 -0.159557 0)
(1.66642 -0.186128 0)
(1.29164 -0.191702 0)
(1.10517 -0.11701 0)
(1.15893 -0.0535665 0)
(1.20441 -0.0115908 0)
(1.27822 -0.0132242 0)
(1.38502 -0.0620807 0)
(1.49149 -0.0984258 0)
(1.58195 -0.100226 0)
(1.65143 -0.0747931 0)
(1.70601 -0.0390111 0)
(1.75295 -0.0133607 0)
(1.79004 0.00563418 0)
(1.81022 0.0378457 0)
(1.81838 0.0558045 0)
(1.82398 0.0903521 0)
(1.56437 0.933666 0)
(1.71457 0.757291 0)
(1.84347 0.548153 0)
(1.94349 0.363226 0)
(2.01428 0.225639 0)
(2.05841 0.128702 0)
(2.07567 0.0683448 0)
(2.07616 0.0196356 0)
(2.07631 -0.0316517 0)
(2.07352 -0.0800479 0)
(2.06352 -0.120713 0)
(2.04064 -0.149105 0)
(1.99721 -0.177742 0)
(1.91188 -0.210206 0)
(1.73869 -0.242292 0)
(1.4128 -0.248075 0)
(1.25549 -0.161092 0)
(1.31105 -0.104985 0)
(1.35798 -0.0578153 0)
(1.41016 -0.0342101 0)
(1.48426 -0.0518633 0)
(1.5806 -0.0862915 0)
(1.66652 -0.0907371 0)
(1.73297 -0.0771861 0)
(1.78219 -0.0402049 0)
(1.82254 -0.000124622 0)
(1.85533 0.0264783 0)
(1.87464 0.0500298 0)
(1.88381 0.0736965 0)
(1.89117 0.108158 0)
(1.57306 0.896873 0)
(1.71544 0.76598 0)
(1.84487 0.593601 0)
(1.95036 0.427001 0)
(2.02751 0.283656 0)
(2.07967 0.169144 0)
(2.1055 0.0866395 0)
(2.10916 0.0325641 0)
(2.10808 -0.0257101 0)
(2.10627 -0.0824405 0)
(2.09912 -0.13528 0)
(2.07972 -0.182892 0)
(2.03721 -0.226609 0)
(1.95346 -0.272518 0)
(1.79404 -0.312427 0)
(1.50414 -0.317939 0)
(1.36127 -0.203783 0)
(1.41401 -0.152048 0)
(1.46619 -0.109339 0)
(1.51452 -0.0763253 0)
(1.56933 -0.0615617 0)
(1.64338 -0.0691803 0)
(1.72429 -0.0708905 0)
(1.79029 -0.0632003 0)
(1.84109 -0.0363178 0)
(1.8769 0.00959834 0)
(1.90449 0.0452724 0)
(1.92459 0.0687412 0)
(1.93788 0.099211 0)
(1.94933 0.133987 0)
(1.58142 0.862209 0)
(1.71413 0.770916 0)
(1.84084 0.629715 0)
(1.94881 0.479618 0)
(2.03152 0.34217 0)
(2.09066 0.227921 0)
(2.12538 0.13719 0)
(2.1339 0.0766203 0)
(2.13151 0.0135169 0)
(2.12827 -0.053781 0)
(2.1202 -0.124286 0)
(2.10069 -0.1956 0)
(2.05921 -0.26539 0)
(1.9786 -0.332229 0)
(1.8318 -0.392435 0)
(1.58432 -0.399016 0)
(1.45685 -0.240286 0)
(1.49932 -0.190525 0)
(1.55148 -0.148208 0)
(1.5992 -0.108563 0)
(1.64841 -0.0758859 0)
(1.7114 -0.058155 0)
(1.78347 -0.0572396 0)
(1.84769 -0.0446952 0)
(1.9022 -0.0236323 0)
(1.94002 0.0174252 0)
(1.96087 0.06252 0)
(1.97647 0.0959924 0)
(1.99083 0.125101 0)
(1.99899 0.153784 0)
(1.59065 0.83811 0)
(1.71246 0.774161 0)
(1.83413 0.65872 0)
(1.94231 0.525558 0)
(2.02858 0.396198 0)
(2.09263 0.281235 0)
(2.13373 0.182915 0)
(2.14633 0.107498 0)
(2.14341 0.0303692 0)
(2.1391 -0.0496245 0)
(2.13048 -0.131356 0)
(2.11144 -0.214542 0)
(2.07163 -0.299903 0)
(1.99438 -0.390578 0)
(1.86302 -0.488758 0)
(1.67911 -0.504429 0)
(1.57381 -0.276252 0)
(1.59155 -0.228407 0)
(1.6387 -0.180468 0)
(1.68418 -0.127136 0)
(1.73042 -0.0770511 0)
(1.78539 -0.0422091 0)
(1.849 -0.0368947 0)
(1.90808 -0.0300091 0)
(1.95691 -0.00375089 0)
(1.99375 0.0261807 0)
(2.01411 0.070119 0)
(2.02467 0.10903 0)
(2.03516 0.136945 0)
(2.04008 0.154242 0)
(1.60258 0.824775 0)
(1.71258 0.775525 0)
(1.82727 0.681195 0)
(1.93364 0.564625 0)
(2.0216 0.444864 0)
(2.08902 0.331937 0)
(2.13517 0.229968 0)
(2.15162 0.142607 0)
(2.14895 0.0563915 0)
(2.14416 -0.0328066 0)
(2.13439 -0.126473 0)
(2.11378 -0.225253 0)
(2.07183 -0.332073 0)
(1.99246 -0.455124 0)
(1.88518 -0.590221 0)
(1.78267 -0.590588 0)
(1.68878 -0.380602 0)
(1.66766 -0.264496 0)
(1.7187 -0.205136 0)
(1.7672 -0.144132 0)
(1.81102 -0.0865959 0)
(1.85613 -0.0451199 0)
(1.90671 -0.0261253 0)
(1.96178 -0.00793736 0)
(2.01387 0.0230464 0)
(2.05004 0.053503 0)
(2.06974 0.0856285 0)
(2.07674 0.115815 0)
(2.08171 0.145255 0)
(2.08376 0.159838 0)
(1.61847 0.818325 0)
(1.71686 0.775755 0)
(1.82303 0.698759 0)
(1.9255 0.597987 0)
(2.01309 0.488195 0)
(2.08199 0.378118 0)
(2.13077 0.273182 0)
(2.14961 0.171854 0)
(2.14765 0.0733275 0)
(2.14225 -0.0267359 0)
(2.13101 -0.130906 0)
(2.10809 -0.241353 0)
(2.06182 -0.363027 0)
(1.97837 -0.503688 0)
(1.90104 -0.623799 0)
(1.84856 -0.631682 0)
(1.7878 -0.530894 0)
(1.76184 -0.315418 0)
(1.80051 -0.249713 0)
(1.84867 -0.18526 0)
(1.88922 -0.120287 0)
(1.9268 -0.0605025 0)
(1.9714 -0.013476 0)
(2.02352 0.0257884 0)
(2.06799 0.050687 0)
(2.09872 0.0770809 0)
(2.11484 0.100158 0)
(2.12169 0.128052 0)
(2.12397 0.156456 0)
(2.12419 0.172427 0)
(1.63487 0.820487 0)
(1.72519 0.778836 0)
(1.82251 0.714493 0)
(1.91934 0.626861 0)
(2.00439 0.525747 0)
(2.07293 0.418001 0)
(2.12195 0.310217 0)
(2.14198 0.193925 0)
(2.14193 0.083054 0)
(2.13689 -0.0261912 0)
(2.12468 -0.138537 0)
(2.09965 -0.256947 0)
(2.05029 -0.385587 0)
(1.97478 -0.524355 0)
(1.91976 -0.612898 0)
(1.89444 -0.646095 0)
(1.87992 -0.609555 0)
(1.86056 -0.444087 0)
(1.87412 -0.290513 0)
(1.92295 -0.210594 0)
(1.9625 -0.130493 0)
(1.99724 -0.0536729 0)
(2.0351 0.0103601 0)
(2.07627 0.0515231 0)
(2.11377 0.0772078 0)
(2.14092 0.094618 0)
(2.15585 0.113551 0)
(2.16209 0.140756 0)
(2.16153 0.163988 0)
(2.16051 0.188687 0)
(1.65603 0.838443 0)
(1.73901 0.791213 0)
(1.82669 0.732374 0)
(1.91618 0.652768 0)
(1.99669 0.557493 0)
(2.06297 0.450704 0)
(2.10945 0.339387 0)
(2.12889 0.217276 0)
(2.13172 0.0948465 0)
(2.12794 -0.0238234 0)
(2.1156 -0.140845 0)
(2.08943 -0.260861 0)
(2.03921 -0.388514 0)
(1.97579 -0.518661 0)
(1.93812 -0.611645 0)
(1.93066 -0.665076 0)
(1.94009 -0.65347 0)
(1.95649 -0.578302 0)
(1.96632 -0.389379 0)
(1.99045 -0.231229 0)
(2.02774 -0.126174 0)
(2.05614 -0.0296928 0)
(2.08347 0.0437607 0)
(2.11379 0.0848492 0)
(2.14412 0.10713 0)
(2.16823 0.120904 0)
(2.18474 0.132619 0)
(2.19228 0.149009 0)
(2.19242 0.172922 0)
(2.19163 0.202576 0)
(1.68462 0.861461 0)
(1.75822 0.810649 0)
(1.83546 0.752066 0)
(1.9161 0.675232 0)
(1.99029 0.582297 0)
(2.05251 0.475456 0)
(2.09684 0.362511 0)
(2.11511 0.24952 0)
(2.11876 0.125243 0)
(2.11718 0.000125738 0)
(2.10614 -0.120278 0)
(2.0802 -0.241614 0)
(2.03125 -0.372135 0)
(1.97458 -0.510695 0)
(1.94933 -0.624233 0)
(1.95967 -0.685489 0)
(1.98612 -0.683701 0)
(2.02106 -0.634576 0)
(2.05294 -0.519172 0)
(2.07111 -0.330231 0)
(2.0906 -0.163409 0)
(2.1141 -0.0279199 0)
(2.12883 0.0675471 0)
(2.14575 0.12113 0)
(2.16777 0.142706 0)
(2.18909 0.151891 0)
(2.20474 0.158244 0)
(2.21575 0.168595 0)
(2.21949 0.190397 0)
(2.22005 0.218 0)
(1.70427 0.887508 0)
(1.77481 0.833761 0)
(1.84488 0.771463 0)
(1.91752 0.692751 0)
(1.98512 0.599588 0)
(2.043 0.494749 0)
(2.08697 0.386275 0)
(2.10472 0.282339 0)
(2.1061 0.163995 0)
(2.10481 0.0385231 0)
(2.09485 -0.0879563 0)
(2.06815 -0.218827 0)
(2.01777 -0.371171 0)
(1.96726 -0.545581 0)
(1.95975 -0.656497 0)
(1.98698 -0.705975 0)
(2.02567 -0.701517 0)
(2.06821 -0.651869 0)
(2.10975 -0.559169 0)
(2.14305 -0.422128 0)
(2.16472 -0.242318 0)
(2.17372 -0.0896081 0)
(2.17845 0.0371735 0)
(2.18329 0.123829 0)
(2.19251 0.16452 0)
(2.20695 0.182476 0)
(2.22356 0.193726 0)
(2.23719 0.204641 0)
(2.24382 0.217816 0)
(2.24857 0.243002 0)
(1.74489 0.911974 0)
(1.79654 0.853896 0)
(1.85631 0.784979 0)
(1.92053 0.702315 0)
(1.9821 0.610214 0)
(2.03653 0.512206 0)
(2.07976 0.413317 0)
(2.09638 0.31068 0)
(2.09515 0.197467 0)
(2.09251 0.0739855 0)
(2.08158 -0.0592799 0)
(2.051 -0.211879 0)
(1.99406 -0.416988 0)
(1.9591 -0.607424 0)
(1.9746 -0.69149 0)
(2.01446 -0.720322 0)
(2.05933 -0.698633 0)
(2.10982 -0.639034 0)
(2.15835 -0.543253 0)
(2.19511 -0.42937 0)
(2.21908 -0.312355 0)
(2.23271 -0.185965 0)
(2.23199 -0.0519392 0)
(2.22481 0.0672814 0)
(2.22774 0.14035 0)
(2.23427 0.192408 0)
(2.24467 0.221414 0)
(2.25682 0.238096 0)
(2.26651 0.248687 0)
(2.27249 0.264693 0)
(1.80557 0.932384 0)
(1.82239 0.891334 0)
(1.87084 0.798617 0)
(1.92714 0.706146 0)
(1.98377 0.616705 0)
(2.03519 0.530014 0)
(2.0755 0.440964 0)
(2.08926 0.333586 0)
(2.08583 0.220597 0)
(2.08051 0.0952758 0)
(2.06528 -0.0507882 0)
(2.02276 -0.258769 0)
(1.96686 -0.524568 0)
(1.962 -0.66279 0)
(1.99641 -0.720226 0)
(2.04182 -0.716913 0)
(2.09311 -0.668501 0)
(2.15226 -0.597887 0)
(2.20628 -0.510106 0)
(2.24143 -0.41623 0)
(2.26482 -0.323916 0)
(2.28102 -0.230592 0)
(2.2865 -0.128007 0)
(2.27712 -0.00523301 0)
(2.26754 0.105514 0)
(2.27003 0.175706 0)
(2.27335 0.228436 0)
(2.27887 0.258165 0)
(2.28575 0.274496 0)
(2.29023 0.28052 0)
(1.89923 0.964102 0)
(1.86027 0.936029 0)
(1.88295 0.85504 0)
(1.93457 0.740389 0)
(1.99017 0.635727 0)
(2.03924 0.553491 0)
(2.07315 0.460305 0)
(2.08191 0.337984 0)
(2.07684 0.215784 0)
(2.06697 0.0798554 0)
(2.04158 -0.0912535 0)
(1.98182 -0.412482 0)
(1.95781 -0.624546 0)
(1.97839 -0.710234 0)
(2.02207 -0.731098 0)
(2.07441 -0.7019 0)
(2.13534 -0.630587 0)
(2.1956 -0.557942 0)
(2.24913 -0.4892 0)
(2.28437 -0.408271 0)
(2.30663 -0.327608 0)
(2.324 -0.247705 0)
(2.3337 -0.161449 0)
(2.33112 -0.0588567 0)
(2.31452 0.0714296 0)
(2.30709 0.159507 0)
(2.30779 0.216504 0)
(2.30764 0.260392 0)
(2.30739 0.289288 0)
(2.30792 0.30198 0)
(2.00707 0.93161 0)
(1.90895 0.949609 0)
(1.90245 0.902658 0)
(1.93633 0.808387 0)
(1.99172 0.692237 0)
(2.04135 0.591532 0)
(2.06651 0.461443 0)
(2.07094 0.318218 0)
(2.06561 0.170327 0)
(2.04923 -0.00486548 0)
(2.00462 -0.234285 0)
(1.95623 -0.547112 0)
(1.9667 -0.665149 0)
(2.0004 -0.715876 0)
(2.05246 -0.713016 0)
(2.11766 -0.66677 0)
(2.18065 -0.600185 0)
(2.23719 -0.534145 0)
(2.28962 -0.473105 0)
(2.32581 -0.406301 0)
(2.34643 -0.330584 0)
(2.36376 -0.256913 0)
(2.37653 -0.17948 0)
(2.38095 -0.0903463 0)
(2.37069 0.0218498 0)
(2.3493 0.143489 0)
(2.34104 0.210357 0)
(2.33889 0.25979 0)
(2.33405 0.299406 0)
(2.33057 0.329753 0)
(2.12099 0.894799 0)
(1.97766 0.936906 0)
(1.94282 0.927298 0)
(1.9523 0.862362 0)
(1.99528 0.749134 0)
(2.03554 0.622286 0)
(2.05242 0.465835 0)
(2.05644 0.305457 0)
(2.04586 0.136779 0)
(2.01831 -0.0708925 0)
(1.98328 -0.333784 0)
(1.96798 -0.506495 0)
(1.98066 -0.629357 0)
(2.02362 -0.677499 0)
(2.08873 -0.665501 0)
(2.15951 -0.615291 0)
(2.22228 -0.563786 0)
(2.27707 -0.508665 0)
(2.32735 -0.453883 0)
(2.36424 -0.402107 0)
(2.38567 -0.333306 0)
(2.40118 -0.264071 0)
(2.41446 -0.193387 0)
(2.4224 -0.116234 0)
(2.42091 -0.0251143 0)
(2.399 0.0974967 0)
(2.37766 0.208657 0)
(2.36965 0.264154 0)
(2.36301 0.313428 0)
(2.35725 0.358205 0)
(2.3153 0.744983 0)
(2.05496 0.887615 0)
(1.99289 0.918175 0)
(1.97726 0.887588 0)
(1.99928 0.798304 0)
(2.02782 0.663189 0)
(2.04048 0.507857 0)
(2.04259 0.339572 0)
(2.02514 0.155524 0)
(1.99034 -0.0890065 0)
(1.95609 -0.334116 0)
(1.95497 -0.487217 0)
(1.98488 -0.589232 0)
(2.04494 -0.622845 0)
(2.12231 -0.599506 0)
(2.19647 -0.555238 0)
(2.25753 -0.519277 0)
(2.3121 -0.476655 0)
(2.36067 -0.431373 0)
(2.39791 -0.388464 0)
(2.42144 -0.333456 0)
(2.43634 -0.267151 0)
(2.44935 -0.201387 0)
(2.4588 -0.132924 0)
(2.46187 -0.0569795 0)
(2.45239 0.0373466 0)
(2.42276 0.165941 0)
(2.40239 0.256929 0)
(2.39338 0.3221 0)
(2.38702 0.38127 0)
(2.50321 0.245782 0)
(2.10316 0.786018 0)
(2.03425 0.865971 0)
(2.0059 0.876422 0)
(2.00863 0.823142 0)
(2.02337 0.704791 0)
(2.03164 0.561847 0)
(2.02964 0.391505 0)
(1.99851 0.170711 0)
(1.94858 -0.171176 0)
(1.93688 -0.366883 0)
(1.95147 -0.49885 0)
(1.99498 -0.557924 0)
(2.06657 -0.552345 0)
(2.14849 -0.523038 0)
(2.22661 -0.493147 0)
(2.28635 -0.468673 0)
(2.34163 -0.437531 0)
(2.38952 -0.402284 0)
(2.42648 -0.365582 0)
(2.45304 -0.322383 0)
(2.46951 -0.261851 0)
(2.48094 -0.202595 0)
(2.49021 -0.142 0)
(2.49526 -0.0769117 0)
(2.4928 -0.00113557 0)
(2.47239 0.101312 0)
(2.44422 0.23052 0)
(2.42637 0.319883 0)
(2.42125 0.391642 0)
(2.61549 0.181271 0)
(2.16094 0.812821 0)
(2.06678 0.856782 0)
(2.03261 0.867122 0)
(2.02034 0.831932 0)
(2.0221 0.735635 0)
(2.02364 0.596855 0)
(2.01068 0.392856 0)
(1.96236 0.0530579 0)
(1.9216 -0.236846 0)
(1.92501 -0.428761 0)
(1.95874 -0.520805 0)
(2.02043 -0.519296 0)
(2.09357 -0.486492 0)
(2.18436 -0.449772 0)
(2.25353 -0.435123 0)
(2.31154 -0.417492 0)
(2.3665 -0.393835 0)
(2.41379 -0.366343 0)
(2.45087 -0.335222 0)
(2.4799 -0.298932 0)
(2.49825 -0.250917 0)
(2.50884 -0.195793 0)
(2.51806 -0.141566 0)
(2.52419 -0.0854691 0)
(2.52531 -0.0222336 0)
(2.51486 0.0594122 0)
(2.49209 0.177365 0)
(2.46376 0.302705 0)
(2.45717 0.390523 0)
(2.77314 0.139642 0)
(2.33155 0.686366 0)
(2.12883 0.817421 0)
(2.07006 0.847332 0)
(2.03989 0.829597 0)
(2.0247 0.75011 0)
(2.00762 0.594333 0)
(1.96349 0.296696 0)
(1.90879 -0.108684 0)
(1.90405 -0.348532 0)
(1.93234 -0.470254 0)
(1.98626 -0.491916 0)
(2.05488 -0.463908 0)
(2.14129 -0.416692 0)
(2.21558 -0.39328 0)
(2.27732 -0.382688 0)
(2.33325 -0.368434 0)
(2.38717 -0.349554 0)
(2.43377 -0.326757 0)
(2.47092 -0.300273 0)
(2.50089 -0.268772 0)
(2.52194 -0.232724 0)
(2.5335 -0.18198 0)
(2.54103 -0.13549 0)
(2.54705 -0.0881308 0)
(2.55042 -0.0343221 0)
(2.54707 0.03402 0)
(2.53448 0.131666 0)
(2.50839 0.259399 0)
(2.49314 0.379762 0)
(2.84015 0.0545816 0)
(2.49366 0.335376 0)
(2.16575 0.768319 0)
(2.09572 0.822061 0)
(2.05595 0.817321 0)
(2.0201 0.728372 0)
(1.96961 0.508672 0)
(1.90296 0.106858 0)
(1.87637 -0.19212 0)
(1.90277 -0.340031 0)
(1.95074 -0.413385 0)
(2.02162 -0.417458 0)
(2.10562 -0.391817 0)
(2.18083 -0.364018 0)
(2.24414 -0.345827 0)
(2.29897 -0.333346 0)
(2.35168 -0.319819 0)
(2.40387 -0.303708 0)
(2.4496 -0.284139 0)
(2.4867 -0.261469 0)
(2.51693 -0.234204 0)
(2.54001 -0.205124 0)
(2.55263 -0.164957 0)
(2.55881 -0.125582 0)
(2.56531 -0.0841159 0)
(2.57104 -0.0355448 0)
(2.57299 0.0253549 0)
(2.56864 0.10613 0)
(2.55163 0.21194 0)
(2.53196 0.337642 0)
(2.88063 0.0517212 0)
(2.60767 0.269925 0)
(2.22735 0.782469 0)
(2.12002 0.828496 0)
(2.06279 0.806047 0)
(1.9929 0.652678 0)
(1.90328 0.297695 0)
(1.8565 0.00571724 0)
(1.87565 -0.138689 0)
(1.91291 -0.256277 0)
(1.97847 -0.321675 0)
(2.06002 -0.330997 0)
(2.1384 -0.323869 0)
(2.20745 -0.310856 0)
(2.2647 -0.297118 0)
(2.31485 -0.284283 0)
(2.36453 -0.270949 0)
(2.4151 -0.256454 0)
(2.4602 -0.239221 0)
(2.49742 -0.219458 0)
(2.52794 -0.196338 0)
(2.55186 -0.171636 0)
(2.56564 -0.14347 0)
(2.57188 -0.109236 0)
(2.57895 -0.073093 0)
(2.58664 -0.0297602 0)
(2.59224 0.0252691 0)
(2.59411 0.0957531 0)
(2.58645 0.181702 0)
(2.57049 0.289151 0)
(2.92486 0.0390091 0)
(2.74959 0.198626 0)
(2.38953 0.635838 0)
(2.16561 0.805039 0)
(2.0575 0.769075 0)
(1.92213 0.457821 0)
(1.85335 0.183137 0)
(1.86421 0.0559477 0)
(1.88492 -0.0783698 0)
(1.92514 -0.189527 0)
(1.99452 -0.240076 0)
(2.07554 -0.257056 0)
(2.15162 -0.258162 0)
(2.21855 -0.253243 0)
(2.27411 -0.243761 0)
(2.32264 -0.232717 0)
(2.37107 -0.220122 0)
(2.42097 -0.207032 0)
(2.46599 -0.192147 0)
(2.50344 -0.175352 0)
(2.5343 -0.156741 0)
(2.55806 -0.136779 0)
(2.57274 -0.117006 0)
(2.58004 -0.0888623 0)
(2.58753 -0.0578781 0)
(2.59742 -0.0200987 0)
(2.60687 0.0275917 0)
(2.61282 0.0870494 0)
(2.60968 0.159051 0)
(2.60505 0.243093 0)
(2.94156 0.0227996 0)
(2.8209 0.113631 0)
(2.51864 0.414508 0)
(2.18166 0.824408 0)
(2.01261 0.778007 0)
(1.85266 0.339825 0)
(1.83244 0.174535 0)
(1.84564 0.0383478 0)
(1.86589 -0.0705817 0)
(1.9115 -0.135702 0)
(1.98385 -0.161959 0)
(2.07293 -0.181598 0)
(2.15306 -0.190111 0)
(2.22157 -0.191417 0)
(2.27772 -0.187692 0)
(2.32602 -0.179284 0)
(2.37366 -0.168817 0)
(2.4227 -0.158083 0)
(2.46721 -0.146357 0)
(2.50442 -0.132882 0)
(2.5351 -0.117792 0)
(2.55861 -0.101546 0)
(2.57393 -0.0857922 0)
(2.58242 -0.0625559 0)
(2.59088 -0.0350374 0)
(2.60206 -0.00106245 0)
(2.61288 0.0376368 0)
(2.62137 0.0798977 0)
(2.6226 0.135782 0)
(2.63127 0.192429 0)
(2.95972 0.013316 0)
(2.88307 0.0624304 0)
(2.68098 0.238821 0)
(2.31278 0.61352 0)
(1.94699 0.687458 0)
(1.80319 0.403216 0)
(1.81193 0.209131 0)
(1.80355 0.0742995 0)
(1.83955 0.00787433 0)
(1.90133 -0.0357825 0)
(1.98894 -0.0645018 0)
(2.07369 -0.0902738 0)
(2.15384 -0.106512 0)
(2.22285 -0.114776 0)
(2.27896 -0.1186 0)
(2.32646 -0.117919 0)
(2.37229 -0.115362 0)
(2.41972 -0.111819 0)
(2.46323 -0.106331 0)
(2.49984 -0.098241 0)
(2.53007 -0.0877526 0)
(2.55273 -0.0756438 0)
(2.56831 -0.0645834 0)
(2.57793 -0.0448854 0)
(2.58732 -0.0222679 0)
(2.59945 0.00648439 0)
(2.61034 0.0406192 0)
(2.61999 0.0777666 0)
(2.62494 0.113817 0)
(2.64157 0.1454 0)
(2.96069 0.000561546 0)
(2.89065 0.00381255 0)
(2.72412 0.0483254 0)
(2.38507 0.200927 0)
(1.87916 0.264226 0)
(1.67082 0.175823 0)
(1.70096 0.112605 0)
(1.72622 0.0811893 0)
(1.78369 0.0494321 0)
(1.85941 0.0344664 0)
(1.94728 0.0129453 0)
(2.039 -0.00371481 0)
(2.12571 -0.0148954 0)
(2.19919 -0.0226893 0)
(2.25814 -0.0289167 0)
(2.30767 -0.0346601 0)
(2.35526 -0.0398311 0)
(2.40446 -0.0437319 0)
(2.44942 -0.0451312 0)
(2.48655 -0.0441535 0)
(2.51654 -0.0412884 0)
(2.53821 -0.0371743 0)
(2.55429 -0.0333634 0)
(2.56541 -0.0243934 0)
(2.57581 -0.0141 0)
(2.59024 -0.000931187 0)
(2.60373 0.0164865 0)
(2.61208 0.0377564 0)
(2.61473 0.0552512 0)
(2.64377 0.0709141 0)
)
;

boundaryField
{
    inlet
    {
        type            fixedValue;
        value           uniform (3 0 0);
    }
    outlet
    {
        type            inletOutlet;
        inletValue      uniform (3 0 0);
        value           nonuniform List<vector> 
30
(
(1.36659 0.0245652 0)
(1.51425 0.0378335 0)
(1.64974 0.0411966 0)
(1.74594 0.0732686 0)
(1.82398 0.0903521 0)
(1.89117 0.108158 0)
(1.94933 0.133987 0)
(1.99899 0.153784 0)
(2.04008 0.154242 0)
(2.08376 0.159838 0)
(2.12419 0.172427 0)
(2.16051 0.188687 0)
(2.19163 0.202576 0)
(2.22005 0.218 0)
(2.24857 0.243002 0)
(2.27249 0.264693 0)
(2.29023 0.28052 0)
(2.30792 0.30198 0)
(2.33057 0.329753 0)
(2.35725 0.358205 0)
(2.38702 0.38127 0)
(2.42125 0.391642 0)
(2.45717 0.390523 0)
(2.49314 0.379762 0)
(2.53196 0.337642 0)
(2.57049 0.289151 0)
(2.60505 0.243093 0)
(2.63127 0.192429 0)
(2.64157 0.1454 0)
(2.64377 0.0709141 0)
)
;
    }
    top
    {
        type            symmetryPlane;
    }
    bottom
    {
        type            symmetryPlane;
    }
    step
    {
        type            slip;
    }
    defaultFaces
    {
        type            empty;
    }
}


// ************************************************************************* //
