/*--------------------------------*- C++ -*----------------------------------*\
  =========                 |
  \\      /  F ield         | OpenFOAM: The Open Source CFD Toolbox
   \\    /   O peration     | Website:  https://openfoam.org
    \\  /    A nd           | Version:  6.0
     \\/     M anipulation  |
\*---------------------------------------------------------------------------*/
FoamFile
{
    version     2.0;
    format      ascii;
    class       volVectorField;
    location    "4.0001063";
    object      U;
}
// * * * * * * * * * * * * * * * * * * * * * * * * * * * * * * * * * * * * * //

dimensions      [0 1 -1 0 0 0 0];

internalField   nonuniform List<vector> 
2700
(
(3 -1.80854e-17 0)
(3 -1.29378e-16 0)
(3 -4.58012e-16 0)
(3 -4.32874e-16 0)
(3 -1.95098e-16 0)
(3 -1.82557e-16 0)
(3 -3.47379e-16 0)
(3 -8.32153e-17 0)
(3 -3.28726e-16 0)
(3 -6.28619e-16 0)
(3 -1.17275e-15 0)
(3 -8.09377e-16 0)
(3 -8.50142e-17 0)
(3 -5.11666e-17 0)
(3 4.20779e-16 0)
(1.55614 0.00376399 0)
(0.764595 -0.00290253 0)
(0.684279 0.0121797 0)
(0.62848 0.0265891 0)
(0.580115 0.036544 0)
(0.544941 0.0310916 0)
(0.508827 -0.0112742 0)
(0.456903 -0.0330257 0)
(0.382163 -0.018634 0)
(0.295997 0.0459237 0)
(0.25129 0.0628525 0)
(0.233226 0.0254407 0)
(0.175857 -0.0326479 0)
(0.0953806 -0.0133023 0)
(0.0368931 0.0574035 0)
(3 3.09776e-16 0)
(3 -7.45858e-17 0)
(3 -4.14226e-16 0)
(3 -3.47289e-16 0)
(3 -4.22588e-16 0)
(3 -2.75936e-16 0)
(3 -6.24291e-16 0)
(3 -7.7461e-17 0)
(3 -3.16471e-16 0)
(3 -9.12944e-16 0)
(3 -2.01961e-15 0)
(3 -1.6939e-15 0)
(3 -4.68489e-16 0)
(3 2.26763e-16 0)
(3 1.89115e-16 0)
(1.55944 0.00829139 0)
(0.759736 -0.00130104 0)
(0.688709 -0.00295985 0)
(0.644999 0.0293891 0)
(0.592253 0.0697021 0)
(0.538926 0.0823548 0)
(0.482954 0.0538422 0)
(0.432439 -0.0294286 0)
(0.381004 -0.0699107 0)
(0.337031 -0.0188389 0)
(0.273672 0.103623 0)
(0.222204 0.110254 0)
(0.163051 0.0648094 0)
(0.0884041 0.00888912 0)
(0.0536332 0.0384174 0)
(3 1.01101e-16 0)
(3 -5.11306e-17 0)
(3 3.94948e-17 0)
(3 -4.47257e-16 0)
(3 -6.90098e-16 0)
(3 -2.88753e-16 0)
(3 -2.19331e-16 0)
(3 3.52486e-16 0)
(3 1.49442e-16 0)
(3 -2.81235e-16 0)
(3 -6.95593e-16 0)
(3 -7.39922e-16 0)
(3 -5.97584e-16 0)
(3 -7.12097e-16 0)
(3 -7.34162e-16 0)
(1.56485 0.0299263 0)
(0.754898 0.0261469 0)
(0.693021 0.0314768 0)
(0.647952 0.0408881 0)
(0.597591 0.0506484 0)
(0.534668 0.0535596 0)
(0.463922 0.0436362 0)
(0.407253 0.0251959 0)
(0.383953 0.0221106 0)
(0.360555 0.0465919 0)
(0.296501 0.0692737 0)
(0.201514 0.0670335 0)
(0.139974 0.0358887 0)
(0.0905449 0.0322097 0)
(0.0557693 0.0571953 0)
(3 -3.42249e-17 0)
(3 -2.12538e-16 0)
(3 -4.35384e-16 0)
(3 -9.99191e-16 0)
(3 -6.74256e-16 0)
(3 -2.63238e-16 0)
(3 3.83456e-16 0)
(3 3.02628e-16 0)
(3 4.45184e-16 0)
(3 -5.68226e-17 0)
(3 4.98042e-16 0)
(3 5.78303e-16 0)
(3 6.2807e-17 0)
(3 -1.00735e-15 0)
(3 -9.22129e-16 0)
(1.57261 0.0573362 0)
(0.756262 0.0603445 0)
(0.689684 0.0648663 0)
(0.646136 0.0431958 0)
(0.593126 0.0191747 0)
(0.536874 0.016224 0)
(0.470319 0.0458412 0)
(0.422359 0.0989339 0)
(0.395419 0.125233 0)
(0.357651 0.0871441 0)
(0.287521 0.011942 0)
(0.214818 0.0351517 0)
(0.142836 0.0778801 0)
(0.0946392 0.0828645 0)
(0.0593257 0.0554939 0)
(3 1.69867e-16 0)
(3 -1.34839e-16 0)
(3 -1.14474e-15 0)
(3 -2.35625e-16 0)
(3 -4.08937e-17 0)
(3 5.53839e-17 0)
(3 2.85168e-16 0)
(3 5.64283e-16 0)
(3 4.95958e-16 0)
(3 1.8659e-16 0)
(3 5.55467e-16 0)
(3 4.02919e-16 0)
(3 -3.546e-16 0)
(3 -9.10812e-16 0)
(3 -3.03126e-16 0)
(1.59259 0.0736697 0)
(0.766921 0.0717131 0)
(0.6828 0.081498 0)
(0.633172 0.0578046 0)
(0.584408 0.0230518 0)
(0.537369 0.0039493 0)
(0.4969 0.0460551 0)
(0.442086 0.137724 0)
(0.377802 0.167593 0)
(0.324397 0.102244 0)
(0.266417 0.0323592 0)
(0.21852 0.00147725 0)
(0.163233 0.0414799 0)
(0.087518 0.133316 0)
(0.0467506 0.0915395 0)
(3 -7.33074e-17 0)
(3 -1.35059e-16 0)
(3 -2.10617e-16 0)
(3 1.27404e-16 0)
(3 4.53593e-16 0)
(3 6.91113e-18 0)
(3 3.25131e-17 0)
(3 5.3061e-16 0)
(3 5.45019e-16 0)
(3 8.43922e-16 0)
(3 7.16273e-17 0)
(3 1.49706e-16 0)
(3 -3.94217e-16 0)
(3 -7.86178e-16 0)
(3 -2.77971e-16 0)
(1.61987 0.0790947 0)
(0.770301 0.0709631 0)
(0.680356 0.0725116 0)
(0.624452 0.0726362 0)
(0.571115 0.0747851 0)
(0.537434 0.0822473 0)
(0.506794 0.0906783 0)
(0.456722 0.0981093 0)
(0.372965 0.103096 0)
(0.292899 0.0832011 0)
(0.243879 0.0680098 0)
(0.215459 0.0910851 0)
(0.170469 0.131226 0)
(0.099432 0.136416 0)
(0.0369783 0.110912 0)
(3 -5.23816e-16 0)
(3 -7.65122e-16 0)
(3 -3.68266e-17 0)
(3 3.35744e-16 0)
(3 3.60056e-16 0)
(3 -2.09298e-16 0)
(3 -1.43553e-16 0)
(3 3.73498e-16 0)
(3 6.91162e-16 0)
(3 -5.3646e-16 0)
(3 -8.40139e-16 0)
(3 -2.4612e-16 0)
(3 -7.51009e-17 0)
(3 3.53491e-16 0)
(3 -8.43351e-16 0)
(1.65211 0.0841948 0)
(0.76936 0.072953 0)
(0.683279 0.0622061 0)
(0.634675 0.088619 0)
(0.5873 0.133389 0)
(0.539465 0.162922 0)
(0.497775 0.132906 0)
(0.44525 0.0575278 0)
(0.381855 0.0348157 0)
(0.304047 0.0915887 0)
(0.260376 0.139519 0)
(0.240526 0.179049 0)
(0.171518 0.190181 0)
(0.0875642 0.127125 0)
(0.0389364 0.149282 0)
(3 -4.35215e-16 0)
(3 -4.76379e-17 0)
(3 2.18124e-17 0)
(3 2.50697e-16 0)
(3 4.34668e-16 0)
(3 -4.29739e-16 0)
(3 -1.11259e-15 0)
(3 -3.99939e-16 0)
(3 -2.34077e-16 0)
(3 -6.13964e-16 0)
(3 -7.06856e-16 0)
(3 -9.07511e-16 0)
(3 -2.2342e-16 0)
(3 7.49742e-16 0)
(3 -7.4285e-16 0)
(1.68735 0.0945742 0)
(0.759204 0.0812354 0)
(0.691651 0.0943342 0)
(0.648919 0.122351 0)
(0.595576 0.150938 0)
(0.54042 0.162793 0)
(0.473641 0.129025 0)
(0.422552 0.07378 0)
(0.381604 0.029596 0)
(0.346019 0.0680976 0)
(0.284628 0.198845 0)
(0.227312 0.236303 0)
(0.157345 0.183551 0)
(0.0689442 0.143948 0)
(0.0534374 0.132525 0)
(3 7.11812e-17 0)
(3 2.31475e-16 0)
(3 -9.20686e-17 0)
(3 -3.1496e-16 0)
(3 6.74799e-16 0)
(3 4.1246e-16 0)
(3 -8.79433e-16 0)
(3 -1.28691e-15 0)
(3 -5.81012e-16 0)
(3 2.21488e-16 0)
(3 -7.29539e-16 0)
(3 -9.28035e-16 0)
(3 -2.21394e-17 0)
(3 5.64929e-16 0)
(3 4.63283e-16 0)
(1.7181 0.119986 0)
(0.768969 0.112313 0)
(0.691045 0.13955 0)
(0.648573 0.130815 0)
(0.599933 0.120549 0)
(0.535779 0.109294 0)
(0.464582 0.117589 0)
(0.404304 0.130108 0)
(0.372625 0.139142 0)
(0.359739 0.170315 0)
(0.301676 0.182467 0)
(0.216006 0.162847 0)
(0.14225 0.141386 0)
(0.0607623 0.168116 0)
(0.054023 0.212962 0)
(3 2.98279e-16 0)
(3 -2.46993e-16 0)
(3 -1.32848e-16 0)
(3 -1.68675e-16 0)
(3 4.18498e-17 0)
(3 5.56072e-16 0)
(3 5.24485e-16 0)
(3 2.82059e-17 0)
(3 1.91902e-16 0)
(3 5.71658e-17 0)
(3 -8.67741e-17 0)
(3 1.61783e-16 0)
(3 -2.18752e-17 0)
(3 -2.42736e-16 0)
(3 1.33879e-15 0)
(1.75628 0.145217 0)
(0.786502 0.145954 0)
(0.690052 0.173533 0)
(0.641227 0.157165 0)
(0.588804 0.107239 0)
(0.534861 0.0735176 0)
(0.483075 0.0955514 0)
(0.427684 0.176804 0)
(0.395351 0.25122 0)
(0.34841 0.258921 0)
(0.281529 0.152216 0)
(0.208104 0.101888 0)
(0.144861 0.141887 0)
(0.0908781 0.202104 0)
(0.0617852 0.257469 0)
(3 1.29706e-16 0)
(3 3.63023e-16 0)
(3 2.39904e-16 0)
(3 1.21463e-16 0)
(3 1.90374e-16 0)
(3 7.42656e-16 0)
(3 1.02645e-15 0)
(3 2.69067e-16 0)
(3 6.41346e-16 0)
(3 7.43446e-16 0)
(3 1.7245e-15 0)
(3 1.06143e-15 0)
(3 -5.0308e-16 0)
(3 7.09339e-17 0)
(3 2.1856e-15 0)
(1.81051 0.157138 0)
(0.801062 0.161483 0)
(0.691926 0.164158 0)
(0.632849 0.137434 0)
(0.572801 0.119948 0)
(0.532634 0.11012 0)
(0.510042 0.151713 0)
(0.465057 0.220227 0)
(0.405607 0.277789 0)
(0.328141 0.207387 0)
(0.250076 0.136692 0)
(0.218095 0.10287 0)
(0.170158 0.112059 0)
(0.121919 0.240628 0)
(0.0628042 0.266293 0)
(3 3.15738e-17 0)
(3 5.30637e-16 0)
(3 2.55619e-16 0)
(3 -2.01104e-16 0)
(3 -2.7012e-18 0)
(3 4.21432e-16 0)
(3 9.62371e-16 0)
(3 8.87883e-16 0)
(3 4.57111e-16 0)
(3 8.94745e-16 0)
(3 7.52732e-16 0)
(3 5.38403e-16 0)
(3 -4.954e-16 0)
(3 8.33274e-16 0)
(3 -7.01305e-17 0)
(1.88034 0.158523 0)
(0.802806 0.163383 0)
(0.685348 0.138812 0)
(0.630145 0.142324 0)
(0.57874 0.169603 0)
(0.541019 0.20659 0)
(0.513962 0.212642 0)
(0.473069 0.196856 0)
(0.40388 0.160249 0)
(0.309078 0.158667 0)
(0.242271 0.184549 0)
(0.209463 0.242696 0)
(0.178275 0.275793 0)
(0.133132 0.268147 0)
(0.0511936 0.197638 0)
(3 -2.23894e-17 0)
(3 4.32812e-16 0)
(3 2.97868e-16 0)
(3 -1.59084e-16 0)
(3 -6.38908e-16 0)
(3 -8.50589e-16 0)
(3 4.46746e-17 0)
(3 1.15813e-15 0)
(3 1.2421e-15 0)
(3 -1.96756e-16 0)
(3 -7.34353e-16 0)
(3 -5.2621e-16 0)
(3 -9.65262e-16 0)
(3 -4.06185e-16 0)
(3 -1.60245e-15 0)
(1.95169 0.158609 0)
(0.797552 0.153567 0)
(0.683987 0.133121 0)
(0.64618 0.157289 0)
(0.605439 0.212404 0)
(0.552694 0.264197 0)
(0.505133 0.269074 0)
(0.452794 0.205877 0)
(0.385328 0.0906722 0)
(0.333433 0.101271 0)
(0.284334 0.210212 0)
(0.244091 0.348701 0)
(0.165714 0.39853 0)
(0.088123 0.285732 0)
(0.0441029 0.163118 0)
(3 -3.92268e-16 0)
(3 7.25379e-17 0)
(3 1.31429e-16 0)
(3 -1.09881e-16 0)
(3 -1.67578e-15 0)
(3 -1.66948e-15 0)
(3 -5.30901e-16 0)
(3 6.92348e-16 0)
(3 6.13276e-16 0)
(3 -1.73055e-16 0)
(3 -7.05741e-16 0)
(3 -9.19463e-16 0)
(3 -6.07018e-16 0)
(3 -2.10648e-16 0)
(3 -1.43513e-15 0)
(2.01703 0.163104 0)
(0.791018 0.159901 0)
(0.694046 0.186374 0)
(0.657639 0.221425 0)
(0.611714 0.234825 0)
(0.569856 0.242411 0)
(0.504883 0.218081 0)
(0.423227 0.158509 0)
(0.367303 0.150178 0)
(0.354016 0.182575 0)
(0.325443 0.284208 0)
(0.275635 0.368033 0)
(0.165134 0.397539 0)
(0.0244274 0.309742 0)
(0.0460924 0.244542 0)
(3 -1.91551e-16 0)
(3 2.51417e-17 0)
(3 -3.28018e-16 0)
(3 -1.52114e-16 0)
(3 -1.58118e-16 0)
(3 -5.36922e-16 0)
(3 -2.40475e-16 0)
(3 2.11877e-16 0)
(3 -1.20662e-16 0)
(3 2.0559e-16 0)
(3 -2.34137e-16 0)
(3 -3.13035e-16 0)
(3 7.36806e-17 0)
(3 2.86911e-16 0)
(3 -1.52477e-15 0)
(2.06872 0.190534 0)
(0.819701 0.204595 0)
(0.700516 0.256446 0)
(0.660977 0.251004 0)
(0.612568 0.238895 0)
(0.559661 0.191094 0)
(0.48906 0.159434 0)
(0.428554 0.182322 0)
(0.390319 0.255395 0)
(0.376191 0.319487 0)
(0.33199 0.307065 0)
(0.281054 0.25425 0)
(0.151222 0.201743 0)
(0.0270994 0.312974 0)
(0.0578149 0.392103 0)
(3 -1.11505e-17 0)
(3 7.15125e-16 0)
(3 -1.44522e-16 0)
(3 -1.91299e-16 0)
(3 1.37066e-15 0)
(3 8.60414e-16 0)
(3 7.62081e-16 0)
(3 -2.06702e-16 0)
(3 -1.70968e-16 0)
(3 1.29221e-16 0)
(3 7.32484e-16 0)
(3 9.07783e-16 0)
(3 4.16906e-16 0)
(3 6.54325e-16 0)
(3 -9.32611e-17 0)
(2.14572 0.228693 0)
(0.845812 0.258468 0)
(0.702401 0.27615 0)
(0.659107 0.259429 0)
(0.598595 0.213911 0)
(0.54336 0.163254 0)
(0.49996 0.138522 0)
(0.477222 0.214447 0)
(0.434081 0.341727 0)
(0.372692 0.409821 0)
(0.301888 0.366769 0)
(0.231999 0.152714 0)
(0.179053 0.131976 0)
(0.103795 0.301935 0)
(0.0700454 0.476613 0)
(3 -7.28005e-17 0)
(3 -3.48334e-16 0)
(3 9.38588e-17 0)
(3 4.54387e-16 0)
(3 1.15767e-15 0)
(3 1.53636e-15 0)
(3 1.07456e-15 0)
(3 2.62689e-16 0)
(3 -1.84873e-16 0)
(3 1.5871e-15 0)
(3 2.40755e-15 0)
(3 1.73023e-15 0)
(3 1.07339e-15 0)
(3 6.67941e-16 0)
(3 -4.91168e-16 0)
(2.25465 0.234775 0)
(0.865482 0.285101 0)
(0.70504 0.255112 0)
(0.651733 0.205572 0)
(0.593523 0.192358 0)
(0.53633 0.206592 0)
(0.511737 0.258397 0)
(0.495531 0.316042 0)
(0.455233 0.3322 0)
(0.39093 0.335159 0)
(0.25518 0.24923 0)
(0.194984 0.210116 0)
(0.177749 0.183337 0)
(0.174263 0.318315 0)
(0.0897945 0.44381 0)
(3 -4.05525e-16 0)
(3 -1.04686e-15 0)
(3 -2.07919e-16 0)
(3 -1.1927e-16 0)
(3 1.36616e-15 0)
(3 1.62769e-15 0)
(3 6.86913e-16 0)
(3 5.21258e-16 0)
(3 1.02403e-15 0)
(3 2.53243e-15 0)
(3 3.02323e-15 0)
(3 2.0737e-15 0)
(3 1.1389e-15 0)
(3 1.00701e-15 0)
(3 6.82581e-16 0)
(2.37663 0.223167 0)
(0.877411 0.283295 0)
(0.692439 0.224112 0)
(0.647018 0.189878 0)
(0.601357 0.186829 0)
(0.569489 0.269428 0)
(0.537098 0.356274 0)
(0.493147 0.37401 0)
(0.450657 0.322682 0)
(0.353233 0.187379 0)
(0.26917 0.225376 0)
(0.207147 0.316578 0)
(0.199607 0.410274 0)
(0.188636 0.410722 0)
(0.0778585 0.300073 0)
(3 -4.86822e-16 0)
(3 -5.634e-16 0)
(3 -4.30612e-16 0)
(3 3.70012e-16 0)
(3 7.47435e-16 0)
(3 7.0435e-16 0)
(3 5.27481e-16 0)
(3 6.48028e-16 0)
(3 1.72271e-15 0)
(3 2.02228e-15 0)
(3 1.6145e-15 0)
(3 1.62918e-15 0)
(3 1.13698e-15 0)
(3 1.42324e-15 0)
(3 7.3896e-16 0)
(2.49081 0.194794 0)
(0.890396 0.261345 0)
(0.680496 0.224918 0)
(0.650901 0.215831 0)
(0.632361 0.293269 0)
(0.60107 0.338587 0)
(0.558256 0.365763 0)
(0.498608 0.369815 0)
(0.40312 0.250693 0)
(0.352934 0.171704 0)
(0.322165 0.210547 0)
(0.293236 0.470931 0)
(0.189468 0.572838 0)
(0.130202 0.486311 0)
(0.0552161 0.272686 0)
(3 4.45691e-16 0)
(3 3.56866e-16 0)
(3 4.54195e-16 0)
(3 1.03521e-15 0)
(3 1.82984e-16 0)
(3 -2.95901e-16 0)
(3 2.88784e-16 0)
(3 7.98284e-16 0)
(3 1.00265e-15 0)
(3 2.25389e-16 0)
(3 1.8891e-16 0)
(3 9.14814e-16 0)
(3 1.96273e-15 0)
(3 1.37804e-15 0)
(3 3.93363e-17 0)
(2.60514 0.193018 0)
(0.896684 0.26272 0)
(0.699072 0.248402 0)
(0.687692 0.319429 0)
(0.654318 0.340686 0)
(0.609234 0.335992 0)
(0.571861 0.311963 0)
(0.475746 0.230551 0)
(0.390871 0.242809 0)
(0.343112 0.279809 0)
(0.361935 0.398986 0)
(0.332563 0.497784 0)
(0.203715 0.561036 0)
(0.0577203 0.466619 0)
(0.0396766 0.318139 0)
(3 1.78351e-16 0)
(3 7.8461e-16 0)
(3 8.33404e-16 0)
(3 5.46307e-16 0)
(3 -2.40119e-16 0)
(3 -3.41179e-16 0)
(3 -6.21222e-16 0)
(3 -6.08926e-17 0)
(3 8.80139e-16 0)
(3 -1.1451e-16 0)
(3 -5.23874e-16 0)
(3 1.1949e-17 0)
(3 7.68531e-16 0)
(3 1.0961e-15 0)
(3 2.28809e-16 0)
(2.71201 0.204418 0)
(0.937816 0.31737 0)
(0.749894 0.337955 0)
(0.721597 0.357175 0)
(0.664015 0.370277 0)
(0.611167 0.358202 0)
(0.536295 0.242824 0)
(0.482299 0.182906 0)
(0.430195 0.217256 0)
(0.406938 0.422149 0)
(0.375931 0.533936 0)
(0.341386 0.552619 0)
(0.193508 0.499158 0)
(0.00857133 0.447882 0)
(0.0430573 0.427639 0)
(3 -3.59635e-16 0)
(3 -1.26648e-16 0)
(3 3.09521e-16 0)
(3 -5.16786e-16 0)
(3 -2.62082e-16 0)
(3 1.05373e-16 0)
(3 -7.12297e-16 0)
(3 -2.22597e-16 0)
(3 4.4912e-16 0)
(3 1.4072e-16 0)
(3 -8.54847e-16 0)
(3 -1.09356e-15 0)
(3 -5.55001e-16 0)
(3 3.24821e-16 0)
(3 5.7664e-16 0)
(2.8724 0.187081 0)
(1.02098 0.408144 0)
(0.790486 0.363712 0)
(0.754326 0.34982 0)
(0.687157 0.333443 0)
(0.595323 0.259846 0)
(0.524604 0.255551 0)
(0.473934 0.257352 0)
(0.48203 0.400802 0)
(0.446054 0.494139 0)
(0.40291 0.520746 0)
(0.310915 0.417246 0)
(0.181284 0.325423 0)
(0.046539 0.458475 0)
(0.0800573 0.624613 0)
(3 2.09485e-18 0)
(3 1.39343e-16 0)
(3 -1.90629e-16 0)
(3 -1.50544e-16 0)
(3 -5.56781e-17 0)
(3 -3.83598e-16 0)
(3 -4.48106e-16 0)
(3 -4.87663e-16 0)
(3 -9.17577e-16 0)
(3 -9.16782e-16 0)
(3 -4.98097e-16 0)
(3 -6.30414e-16 0)
(3 -2.15011e-16 0)
(3 5.59737e-16 0)
(3 -1.14159e-16 0)
(3.01378 0.105715 0)
(1.10251 0.411454 0)
(0.821656 0.379064 0)
(0.779293 0.345818 0)
(0.685858 0.257395 0)
(0.61698 0.23993 0)
(0.554182 0.27707 0)
(0.535919 0.429107 0)
(0.51372 0.50001 0)
(0.456309 0.514781 0)
(0.386635 0.426753 0)
(0.264581 0.285629 0)
(0.202796 0.3296 0)
(0.123334 0.505296 0)
(0.101903 0.682543 0)
(3 3.90998e-16 0)
(3 1.91532e-16 0)
(3 3.50053e-16 0)
(3 3.11041e-17 0)
(3 -5.14626e-16 0)
(3 -4.47575e-16 0)
(3 1.40492e-16 0)
(3 -1.16466e-15 0)
(3 -1.67222e-15 0)
(3 -4.38595e-16 0)
(3 2.42015e-16 0)
(3 3.54168e-16 0)
(3 -1.90636e-16 0)
(3 -3.51811e-16 0)
(3 -7.21715e-16 0)
(3.02916 0.0296327 0)
(1.1564 0.356407 0)
(0.84003 0.342164 0)
(0.780886 0.281629 0)
(0.700258 0.269946 0)
(0.642743 0.277443 0)
(0.629588 0.423296 0)
(0.582657 0.503225 0)
(0.530663 0.530957 0)
(0.448427 0.480328 0)
(0.3218 0.328237 0)
(0.283851 0.267149 0)
(0.237203 0.319069 0)
(0.223018 0.552586 0)
(0.117564 0.747695 0)
(3 -1.1697e-16 0)
(3 -8.79884e-16 0)
(3 -4.41734e-16 0)
(3 1.23153e-16 0)
(3 -6.03217e-16 0)
(3 -3.90397e-16 0)
(3 -2.18522e-16 0)
(3 -8.26854e-16 0)
(3 -1.35997e-15 0)
(3 -7.35458e-16 0)
(3 7.11942e-17 0)
(3 7.75785e-16 0)
(3 -3.14483e-16 0)
(3 -1.5739e-15 0)
(3 -1.13297e-15 0)
(3.01079 0.0134162 0)
(1.17039 0.283103 0)
(0.821988 0.288767 0)
(0.788214 0.286054 0)
(0.730646 0.318185 0)
(0.713905 0.450019 0)
(0.667594 0.470449 0)
(0.609194 0.471322 0)
(0.546132 0.416924 0)
(0.421026 0.290478 0)
(0.309754 0.374197 0)
(0.288894 0.441675 0)
(0.280637 0.58828 0)
(0.278677 0.683963 0)
(0.131806 0.691772 0)
(3 -3.96646e-17 0)
(3 -3.78691e-16 0)
(3 -3.62416e-16 0)
(3 4.34272e-16 0)
(3 -1.96264e-17 0)
(3 -3.2189e-16 0)
(3 -9.06527e-16 0)
(3 -6.85068e-16 0)
(3 -1.00187e-15 0)
(3 -1.45967e-15 0)
(3 -2.43492e-16 0)
(3 7.42481e-16 0)
(3 6.36689e-16 0)
(3 5.26262e-16 0)
(3 2.5857e-16 0)
(3.00396 0.00633412 0)
(1.18581 0.275369 0)
(0.791623 0.310147 0)
(0.804909 0.357962 0)
(0.785845 0.467137 0)
(0.735985 0.506268 0)
(0.674319 0.521982 0)
(0.608448 0.465525 0)
(0.498362 0.276004 0)
(0.439093 0.248276 0)
(0.385878 0.349335 0)
(0.392519 0.701366 0)
(0.286107 0.811866 0)
(0.235665 0.76858 0)
(0.10534 0.545456 0)
(3 5.79918e-17 0)
(3 5.47017e-16 0)
(3 5.89164e-16 0)
(3 2.99233e-17 0)
(3 2.09742e-16 0)
(3 3.60444e-16 0)
(3 -2.03064e-17 0)
(3 -1.10113e-15 0)
(3 -7.65711e-16 0)
(3 -1.69256e-15 0)
(3 -4.84385e-16 0)
(3 7.76593e-16 0)
(3 1.34259e-15 0)
(3 1.3998e-15 0)
(3 -1.63681e-16 0)
(3.00077 0.000977233 0)
(1.20069 0.307048 0)
(0.798322 0.366749 0)
(0.815091 0.444779 0)
(0.794155 0.473374 0)
(0.757381 0.475877 0)
(0.705174 0.447988 0)
(0.566268 0.319959 0)
(0.485014 0.321424 0)
(0.44411 0.340036 0)
(0.471961 0.562511 0)
(0.434704 0.743679 0)
(0.304623 0.80588 0)
(0.207726 0.766203 0)
(0.0844873 0.544555 0)
(3 -8.67045e-18 0)
(3 5.79428e-16 0)
(3 1.957e-16 0)
(3 -3.45246e-16 0)
(3 3.31165e-16 0)
(3 7.0742e-16 0)
(3 -9.03367e-17 0)
(3 -4.84504e-16 0)
(3 -1.39475e-15 0)
(3 -1.1716e-15 0)
(3 -5.70022e-16 0)
(3 2.79704e-16 0)
(3 -2.01978e-16 0)
(3 -3.78078e-17 0)
(3 -4.48971e-16 0)
(3.00006 -3.24688e-06 0)
(1.26737 0.367048 0)
(0.808988 0.422172 0)
(0.808321 0.472132 0)
(0.786047 0.496224 0)
(0.757102 0.472802 0)
(0.656658 0.320939 0)
(0.589504 0.295033 0)
(0.527717 0.350931 0)
(0.525772 0.596453 0)
(0.52367 0.701086 0)
(0.469419 0.806296 0)
(0.299746 0.836387 0)
(0.09674 0.651227 0)
(0.0936184 0.580046 0)
(3 -2.24129e-16 0)
(3 7.19324e-18 0)
(3 -5.87389e-16 0)
(3 -4.21181e-16 0)
(3 1.23117e-16 0)
(3 -1.137e-16 0)
(3 -4.79381e-16 0)
(3 -8.47104e-16 0)
(3 -1.10337e-15 0)
(3 -5.33261e-16 0)
(3 -1.09377e-15 0)
(3 -1.04248e-15 0)
(3 -9.82324e-16 0)
(3 -6.1698e-16 0)
(3 -2.32164e-16 0)
(3.00002 -3.10772e-05 0)
(1.368 0.398773 0)
(0.819994 0.432742 0)
(0.805074 0.447455 0)
(0.773337 0.419048 0)
(0.705947 0.340276 0)
(0.656329 0.337244 0)
(0.605739 0.366739 0)
(0.635462 0.596698 0)
(0.589004 0.679917 0)
(0.560999 0.678186 0)
(0.474501 0.598089 0)
(0.315678 0.49289 0)
(0.0944931 0.688603 0)
(0.0816236 0.663487 0)
(3 2.20719e-17 0)
(3 -1.82621e-16 0)
(3 -4.4499e-16 0)
(3 -3.39567e-17 0)
(3 1.38235e-16 0)
(3 -7.1676e-16 0)
(3 -9.30275e-16 0)
(3 -9.90596e-16 0)
(3 -1.50043e-15 0)
(3 -1.22791e-15 0)
(3 -2.12579e-15 0)
(3 -2.3866e-15 0)
(3 -6.20594e-16 0)
(3 -6.05858e-16 0)
(3 1.14312e-16 0)
(3 -1.35377e-05 0)
(1.49054 0.385932 0)
(0.835423 0.373023 0)
(0.769582 0.348344 0)
(0.733704 0.338551 0)
(0.696917 0.344177 0)
(0.672251 0.404325 0)
(0.69331 0.594084 0)
(0.677791 0.675069 0)
(0.635878 0.702038 0)
(0.577785 0.609056 0)
(0.480545 0.391629 0)
(0.417424 0.470394 0)
(0.251007 0.802814 0)
(0.233122 1.16514 0)
(3 1.78866e-16 0)
(3 4.68645e-17 0)
(3 3.41102e-16 0)
(3 4.12461e-16 0)
(3 1.48528e-16 0)
(3 -5.46756e-17 0)
(3 -1.16842e-16 0)
(3 3.92325e-17 0)
(3 -6.81325e-17 0)
(3 -1.56681e-16 0)
(3 -2.14809e-16 0)
(3 -7.04705e-16 0)
(3 -6.9778e-16 0)
(3 -3.32304e-16 0)
(3 3.56495e-16 0)
(3 -6.37448e-07 0)
(1.83278 0.406314 0)
(0.847029 0.407089 0)
(0.759326 0.409676 0)
(0.744884 0.438425 0)
(0.737411 0.486016 0)
(0.733353 0.537685 0)
(0.723231 0.562465 0)
(0.69141 0.555046 0)
(0.638009 0.543138 0)
(0.578422 0.560273 0)
(0.580282 0.655367 0)
(0.580615 0.790262 0)
(0.661576 0.975165 0)
(0.719302 1.32387 0)
(3 -7.59663e-17 0)
(3 1.16809e-16 0)
(3 1.73802e-16 0)
(3 9.57472e-17 0)
(3 4.34565e-16 0)
(3 8.34842e-16 0)
(3 9.13518e-16 0)
(3 6.16092e-16 0)
(3 6.74917e-16 0)
(3 6.03117e-16 0)
(3 4.59564e-16 0)
(3 1.19532e-16 0)
(3 -2.53462e-16 0)
(3 -3.5196e-16 0)
(3 3.41193e-16 0)
(3 -1.74361e-07 0)
(2.63464 0.291528 0)
(1.01378 0.526289 0)
(0.832317 0.491453 0)
(0.792223 0.488967 0)
(0.761428 0.504568 0)
(0.743714 0.520177 0)
(0.727172 0.538315 0)
(0.71442 0.57095 0)
(0.710981 0.618843 0)
(0.719819 0.69823 0)
(0.722856 0.790532 0)
(0.735529 0.887424 0)
(0.828488 0.981871 0)
(1.0872 1.04606 0)
(3 3.08973e-17 0)
(3 1.45783e-16 0)
(3 4.73835e-16 0)
(3 9.7811e-17 0)
(3 -6.0413e-18 0)
(3 1.52039e-16 0)
(3 -3.10499e-16 0)
(3 -4.60033e-16 0)
(3 -5.76292e-16 0)
(3 -6.05304e-16 0)
(3 -6.526e-16 0)
(3 -8.68019e-16 0)
(3 -8.17819e-16 0)
(3 -7.45185e-16 0)
(3 3.70363e-16 0)
(3 -1.64574e-08 0)
(3.05649 0.0251618 0)
(1.3804 0.553106 0)
(0.915735 0.537371 0)
(0.856114 0.522763 0)
(0.813459 0.531255 0)
(0.785651 0.549964 0)
(0.771003 0.580999 0)
(0.77241 0.626781 0)
(0.774898 0.676647 0)
(0.785711 0.725948 0)
(0.808197 0.789076 0)
(0.86473 0.872161 0)
(0.998179 0.967523 0)
(1.21668 1.02766 0)
(3 -2.71983e-17 0)
(3 -6.98867e-17 0)
(3 -1.50408e-17 0)
(3 -1.85306e-16 0)
(3 -5.65484e-16 0)
(3 -1.40271e-15 0)
(3 -1.253e-15 0)
(3 -7.92788e-16 0)
(3 -6.39787e-16 0)
(3 -1.16004e-15 0)
(3 -1.18889e-15 0)
(3 -1.08535e-15 0)
(3 -9.90467e-16 0)
(3 -7.01702e-16 0)
(3 1.06953e-16 0)
(3 -1.86405e-10 0)
(3.00227 0.000163485 0)
(2.03573 0.503087 0)
(0.983378 0.610988 0)
(0.906355 0.599915 0)
(0.881833 0.602815 0)
(0.855822 0.612382 0)
(0.836032 0.628469 0)
(0.829537 0.654249 0)
(0.83464 0.691061 0)
(0.859548 0.73963 0)
(0.897498 0.804656 0)
(0.981773 0.876399 0)
(1.1132 0.935982 0)
(1.29612 0.981403 0)
(3 4.08339e-17 0)
(3 -1.78516e-16 0)
(3 -7.97332e-16 0)
(3 -7.12456e-16 0)
(3 -4.4962e-16 0)
(3 -2.45038e-16 0)
(3 3.82387e-16 0)
(3 4.50828e-16 0)
(3 2.85678e-16 0)
(3 -1.30756e-16 0)
(3 4.93199e-17 0)
(3 1.74147e-16 0)
(3 -1.02167e-16 0)
(3 -4.72647e-16 0)
(3 -5.55157e-16 0)
(3 -1.99295e-13 0)
(3.00001 -4.97532e-07 0)
(2.99199 0.121913 0)
(1.24 0.61656 0)
(0.989476 0.622884 0)
(0.970313 0.628173 0)
(0.946987 0.640673 0)
(0.924692 0.652478 0)
(0.913823 0.673862 0)
(0.919883 0.706254 0)
(0.944725 0.748885 0)
(0.984921 0.800105 0)
(1.06455 0.852939 0)
(1.1804 0.892422 0)
(1.3349 0.923633 0)
(3 1.56559e-16 0)
(3 1.03618e-17 0)
(3 6.64003e-17 0)
(3 2.0431e-17 0)
(3 1.49109e-16 0)
(3 2.32568e-16 0)
(3 1.20127e-16 0)
(3 1.00869e-16 0)
(3 -6.32393e-17 0)
(3 2.84432e-16 0)
(3 9.69427e-16 0)
(3 1.25826e-15 0)
(3 1.27763e-15 0)
(3 5.7089e-16 0)
(3 -1.96088e-16 0)
(3 -1.78355e-15 0)
(3 -3.97674e-07 0)
(3.01476 0.00151228 0)
(1.70611 0.584247 0)
(1.01958 0.675284 0)
(0.986832 0.67734 0)
(0.986445 0.697506 0)
(0.984196 0.713802 0)
(0.986613 0.731262 0)
(0.998184 0.750844 0)
(1.02211 0.775027 0)
(1.06459 0.805931 0)
(1.13774 0.841989 0)
(1.23259 0.867192 0)
(1.3645 0.888551 0)
(3 -3.45529e-17 0)
(3 5.13458e-17 0)
(3 1.57879e-16 0)
(3 5.63562e-17 0)
(3 -9.96887e-17 0)
(3 -3.22153e-17 0)
(3 -6.5841e-17 0)
(3 -1.33476e-16 0)
(3 5.22238e-17 0)
(3 1.70801e-16 0)
(3 -8.19602e-17 0)
(3 2.52072e-16 0)
(3 4.51548e-16 0)
(3 4.55565e-16 0)
(3 6.14825e-17 0)
(3 3.84127e-16 0)
(3 -2.80117e-08 0)
(3.00009 9.66255e-06 0)
(2.80474 0.256344 0)
(1.22279 0.699169 0)
(1.03971 0.692416 0)
(1.04089 0.704825 0)
(1.04386 0.727469 0)
(1.05287 0.74621 0)
(1.06843 0.76459 0)
(1.09474 0.782687 0)
(1.13592 0.803666 0)
(1.19991 0.827636 0)
(1.27643 0.844702 0)
(1.38639 0.85847 0)
(3 -1.21162e-17 0)
(3 3.04765e-16 0)
(3 1.94889e-16 0)
(3 -1.42738e-16 0)
(3 -4.88436e-16 0)
(3 -3.47319e-16 0)
(3 3.45853e-16 0)
(3 3.6407e-16 0)
(3 -2.68876e-16 0)
(3 -4.26317e-16 0)
(3 -1.25366e-15 0)
(3 -1.42075e-15 0)
(3 -3.563e-16 0)
(3 8.12686e-16 0)
(3 7.89436e-16 0)
(3 8.07181e-16 0)
(3 -6.73313e-11 0)
(3.00001 -1.93239e-06 0)
(3.02966 0.00767968 0)
(1.75436 0.655757 0)
(1.09953 0.753898 0)
(1.07851 0.749122 0)
(1.08784 0.756101 0)
(1.10153 0.771535 0)
(1.12279 0.787952 0)
(1.15454 0.804503 0)
(1.19563 0.820271 0)
(1.25291 0.83371 0)
(1.31818 0.843552 0)
(1.41036 0.849717 0)
(3 9.6625e-17 0)
(3 -3.20117e-17 0)
(3 -1.17386e-16 0)
(3 -2.49458e-17 0)
(3 2.43013e-17 0)
(3 -6.06039e-18 0)
(3 -4.29906e-17 0)
(3 5.61152e-17 0)
(3 3.79454e-17 0)
(3 -3.97046e-16 0)
(3 -2.73854e-16 0)
(3 -2.0342e-16 0)
(3 3.26504e-16 0)
(3 5.39054e-16 0)
(3 4.77039e-16 0)
(3 3.43975e-16 0)
(3 1.31631e-12 0)
(3 -3.40005e-07 0)
(3.00035 0.000112832 0)
(2.89631 0.22706 0)
(1.37588 0.775597 0)
(1.13524 0.757936 0)
(1.15012 0.76172 0)
(1.15828 0.777792 0)
(1.17724 0.792508 0)
(1.20671 0.806955 0)
(1.24546 0.819943 0)
(1.29778 0.829747 0)
(1.35667 0.836599 0)
(1.43504 0.83853 0)
(3 2.52707e-16 0)
(3 9.1107e-17 0)
(3 1.27116e-16 0)
(3 4.29875e-16 0)
(3 6.59732e-16 0)
(3 4.56999e-16 0)
(3 -2.01212e-17 0)
(3 -2.64872e-16 0)
(3 2.51581e-16 0)
(3 1.03959e-15 0)
(3 1.45486e-15 0)
(3 1.47822e-15 0)
(3 3.00672e-16 0)
(3 -1.77893e-16 0)
(3 -1.00196e-16 0)
(3 -3.60093e-16 0)
(3 1.18378e-12 0)
(3 -1.5205e-08 0)
(3 4.18907e-08 0)
(3.0166 0.00562862 0)
(2.06129 0.63013 0)
(1.22709 0.81007 0)
(1.18215 0.811835 0)
(1.19764 0.809527 0)
(1.21518 0.816601 0)
(1.24393 0.824541 0)
(1.28061 0.832659 0)
(1.3302 0.839303 0)
(1.38475 0.843078 0)
(1.45302 0.842336 0)
(3 1.26572e-17 0)
(3 -1.97325e-17 0)
(3 5.59248e-17 0)
(3 1.6441e-16 0)
(3 4.68594e-16 0)
(3 6.39976e-16 0)
(3 1.00489e-15 0)
(3 9.53021e-16 0)
(3 9.55093e-16 0)
(3 1.25308e-15 0)
(3 1.50905e-15 0)
(3 1.60185e-15 0)
(3 9.17842e-16 0)
(3 5.21601e-16 0)
(3 4.66797e-16 0)
(3 2.08882e-16 0)
(3 2.47729e-13 0)
(3 -6.15985e-11 0)
(3 -8.58556e-10 0)
(3.00011 7.16236e-05 0)
(2.97333 0.11951 0)
(1.64828 0.789935 0)
(1.23462 0.832658 0)
(1.25083 0.826413 0)
(1.26018 0.829566 0)
(1.28308 0.831626 0)
(1.31463 0.834631 0)
(1.36034 0.837306 0)
(1.40901 0.838873 0)
(1.4694 0.837169 0)
(3 -3.1199e-16 0)
(3 -2.43319e-16 0)
(3 -2.03147e-16 0)
(3 -1.39044e-16 0)
(3 9.24073e-17 0)
(3 4.14015e-16 0)
(3 9.45414e-16 0)
(3 1.49658e-15 0)
(3 1.10214e-15 0)
(3 6.15994e-16 0)
(3 7.17088e-16 0)
(3 7.32443e-16 0)
(3 7.61305e-16 0)
(3 6.84045e-16 0)
(3 6.27409e-16 0)
(3 2.51059e-16 0)
(3 7.68378e-15 0)
(3 -5.11677e-14 0)
(3 -1.51569e-10 0)
(3 2.39945e-08 0)
(3.00367 0.00433274 0)
(2.6943 0.393757 0)
(1.48213 0.872921 0)
(1.28801 0.865211 0)
(1.30609 0.857503 0)
(1.32154 0.855149 0)
(1.34744 0.8521 0)
(1.38535 0.85014 0)
(1.42761 0.847073 0)
(1.47971 0.842988 0)
(3 -1.39166e-16 0)
(3 9.02268e-18 0)
(3 4.84235e-16 0)
(3 2.94796e-16 0)
(3 1.12469e-16 0)
(3 1.48478e-16 0)
(3 2.74793e-17 0)
(3 7.4351e-17 0)
(3 8.2564e-16 0)
(3 9.8324e-16 0)
(3 5.44167e-16 0)
(3 -3.53694e-16 0)
(3 -3.95161e-16 0)
(3 -1.93574e-16 0)
(3 -2.56877e-16 0)
(3 -3.57412e-16 0)
(3 5.7127e-17 0)
(3 3.46292e-17 0)
(3 -6.68953e-12 0)
(3 -5.25989e-12 0)
(3.00001 2.34985e-05 0)
(3.01273 0.0231189 0)
(2.27135 0.648772 0)
(1.39827 0.890537 0)
(1.34522 0.884825 0)
(1.37179 0.871205 0)
(1.39188 0.864281 0)
(1.42104 0.858423 0)
(1.45531 0.850812 0)
(1.49792 0.845018 0)
(3 -1.13476e-18 0)
(3 -1.20128e-16 0)
(3 -2.43946e-16 0)
(3 -1.78539e-16 0)
(3 -6.22182e-17 0)
(3 -1.45905e-16 0)
(3 -4.36298e-16 0)
(3 -6.97515e-16 0)
(3 -1.16673e-16 0)
(3 1.44807e-16 0)
(3 3.38897e-17 0)
(3 1.32676e-16 0)
(3 -6.34728e-17 0)
(3 -2.09265e-16 0)
(3 -1.97889e-16 0)
(3 -1.65175e-16 0)
(3 -3.55754e-16 0)
(3 -1.5677e-16 0)
(3 -3.32728e-14 0)
(3 -1.13671e-12 0)
(3 6.10956e-09 0)
(3.00017 0.000488298 0)
(2.98609 0.0959685 0)
(1.92332 0.773798 0)
(1.41109 0.899658 0)
(1.41048 0.900193 0)
(1.43702 0.89104 0)
(1.45958 0.883641 0)
(1.48732 0.872124 0)
(1.51998 0.863404 0)
(3 -5.05524e-17 0)
(3 -2.2789e-16 0)
(3 -6.42514e-16 0)
(3 -9.19224e-16 0)
(3 -5.65438e-16 0)
(3 -4.93238e-16 0)
(3 -5.33226e-16 0)
(3 -9.81553e-16 0)
(3 -1.20668e-15 0)
(3 -7.7457e-16 0)
(3 -4.12927e-17 0)
(3 2.80225e-16 0)
(3 3.19553e-16 0)
(3 1.71609e-16 0)
(3 2.51824e-16 0)
(3 3.20151e-17 0)
(3 -6.98406e-16 0)
(3 -6.96459e-16 0)
(3 -5.84252e-17 0)
(3 -9.6329e-14 0)
(3 6.8125e-13 0)
(3 4.35599e-07 0)
(3.0011 0.00368582 0)
(2.84655 0.244253 0)
(1.77119 0.848158 0)
(1.45635 0.919213 0)
(1.47348 0.914734 0)
(1.49796 0.905434 0)
(1.52279 0.893664 0)
(1.55008 0.881565 0)
(3 7.79186e-17 0)
(3 2.18027e-16 0)
(3 1.02204e-16 0)
(3 -1.23488e-17 0)
(3 -2.50343e-16 0)
(3 -4.30427e-16 0)
(3 -9.815e-16 0)
(3 -8.47747e-16 0)
(3 -4.58998e-16 0)
(3 -1.31166e-16 0)
(3 1.25407e-17 0)
(3 -1.24769e-16 0)
(3 -8.34452e-19 0)
(3 4.63131e-16 0)
(3 6.24725e-17 0)
(3 -1.70376e-16 0)
(3 1.32571e-16 0)
(3 7.69414e-16 0)
(3 9.12231e-16 0)
(3 -1.52242e-15 0)
(3 -3.698e-15 0)
(3 9.79975e-11 0)
(3 1.15307e-05 0)
(3.00103 0.0135976 0)
(2.67087 0.393655 0)
(1.71077 0.888837 0)
(1.50263 0.931905 0)
(1.52591 0.925058 0)
(1.55413 0.913835 0)
(1.57918 0.901644 0)
(3 1.86179e-16 0)
(3 6.22262e-17 0)
(3 1.49873e-16 0)
(3 1.34358e-16 0)
(3 -3.43512e-16 0)
(3 -5.22187e-16 0)
(3 -3.47074e-16 0)
(3 -3.23182e-16 0)
(3 -2.36851e-16 0)
(3 1.75249e-16 0)
(3 3.28849e-16 0)
(3 3.02405e-16 0)
(3 2.24902e-16 0)
(3 1.16406e-16 0)
(3 -8.19826e-17 0)
(3 -1.24799e-17 0)
(3 6.02207e-16 0)
(3 1.0762e-15 0)
(3 1.09416e-15 0)
(3 6.90465e-16 0)
(3 -6.03179e-16 0)
(3 8.00821e-15 0)
(3 4.17529e-09 0)
(2.99999 0.000122242 0)
(2.99591 0.0296988 0)
(2.50584 0.512585 0)
(1.6941 0.911547 0)
(1.54754 0.940292 0)
(1.57363 0.932727 0)
(1.60477 0.918341 0)
(3 -9.40924e-17 0)
(3 -3.65307e-16 0)
(3 -3.5045e-16 0)
(3 -1.3236e-16 0)
(3 -3.25806e-16 0)
(3 -3.08157e-16 0)
(3 -1.56539e-17 0)
(3 -6.93258e-17 0)
(3 -2.53645e-16 0)
(3 -2.29255e-16 0)
(3 -1.16001e-16 0)
(3 -4.22438e-18 0)
(3 -2.68624e-16 0)
(3 -7.64577e-16 0)
(3 -5.64604e-16 0)
(3 7.60689e-17 0)
(3 5.62389e-16 0)
(3 1.01529e-15 0)
(3 1.08026e-15 0)
(3 1.42233e-15 0)
(3 9.58046e-16 0)
(3 -4.15285e-16 0)
(3 4.97648e-13 0)
(3 7.87728e-08 0)
(2.99996 0.000514638 0)
(2.98163 0.0530031 0)
(2.38404 0.59414 0)
(1.70476 0.926457 0)
(1.59077 0.946598 0)
(1.61911 0.938152 0)
(3 -1.20916e-16 0)
(3 -2.42514e-17 0)
(3 5.20283e-17 0)
(3 1.59324e-16 0)
(3 1.6024e-16 0)
(3 3.64744e-16 0)
(3 2.36054e-16 0)
(3 3.75251e-16 0)
(3 8.51863e-17 0)
(3 -7.51668e-16 0)
(3 -6.20232e-16 0)
(3 -3.17036e-16 0)
(3 -4.30666e-16 0)
(3 -4.61832e-16 0)
(3 -3.65267e-16 0)
(3 3.96608e-16 0)
(3 7.61203e-16 0)
(3 8.04864e-16 0)
(3 6.51892e-16 0)
(3 8.38609e-16 0)
(3 1.20357e-15 0)
(3 1.00195e-15 0)
(3 -1.97775e-16 0)
(3 1.97969e-11 0)
(3 5.31235e-07 0)
(2.99986 0.00136487 0)
(2.95904 0.081394 0)
(2.31811 0.642262 0)
(1.72916 0.940556 0)
(1.63723 0.950144 0)
(3 2.38234e-18 0)
(3 1.87242e-16 0)
(3 4.89926e-16 0)
(3 2.32033e-16 0)
(3 5.91431e-18 0)
(3 1.41748e-16 0)
(3 9.66382e-17 0)
(3 3.57332e-17 0)
(3 -1.09979e-16 0)
(3 -6.55054e-16 0)
(3 -2.8803e-16 0)
(3 2.18392e-16 0)
(3 2.42864e-16 0)
(3 -3.15373e-17 0)
(3 -1.71231e-16 0)
(3 -2.34074e-16 0)
(3 4.55603e-17 0)
(3 -4.87215e-17 0)
(3 1.9937e-16 0)
(3 3.7272e-16 0)
(3 1.08816e-15 0)
(3 1.16442e-15 0)
(3 1.23907e-16 0)
(3 9.9225e-16 0)
(3 2.00476e-10 0)
(3 2.25821e-06 0)
(2.99961 0.00255711 0)
(2.93109 0.111065 0)
(2.32237 0.670719 0)
(1.73076 0.94027 0)
(3 6.5385e-17 0)
(3 2.07764e-16 0)
(3 2.18791e-16 0)
(3 5.7622e-16 0)
(3 7.28046e-16 0)
(3 -3.66075e-18 0)
(3 -1.01628e-16 0)
(3 -1.07152e-17 0)
(3 1.52259e-16 0)
(3 2.9624e-16 0)
(3 3.02518e-16 0)
(3 7.75924e-18 0)
(3 -4.30209e-17 0)
(3 -3.1378e-16 0)
(3 -1.02963e-16 0)
(3 -2.30774e-16 0)
(3 -3.84542e-16 0)
(3 -3.93425e-16 0)
(3 -1.26698e-16 0)
(3 -1.96711e-16 0)
(3 -1.90063e-16 0)
(3 8.04602e-17 0)
(3 4.74801e-16 0)
(3 9.386e-17 0)
(3 1.11051e-14 0)
(3 1.2591e-09 0)
(3 5.09297e-06 0)
(2.99878 0.00459233 0)
(2.95289 0.112391 0)
(2.19208 0.749183 0)
(3 -7.19438e-17 0)
(3 -7.59789e-17 0)
(3 -1.79781e-16 0)
(3 8.65017e-17 0)
(3 7.01607e-16 0)
(3 1.17553e-15 0)
(3 9.75777e-16 0)
(3 8.88085e-16 0)
(3 1.00115e-15 0)
(3 1.41607e-15 0)
(3 1.13168e-15 0)
(3 5.45929e-16 0)
(3 -4.26968e-16 0)
(3 -4.58141e-17 0)
(3 4.33411e-16 0)
(3 2.51418e-16 0)
(3 -1.97008e-16 0)
(3 -8.10462e-17 0)
(3 -1.61741e-16 0)
(3 -6.49035e-16 0)
(3 -6.91583e-16 0)
(3 -1.02051e-16 0)
(3 7.63213e-17 0)
(3 -1.38418e-16 0)
(3 -1.94041e-16 0)
(3 7.27466e-14 0)
(3 3.61384e-09 0)
(3 1.2919e-05 0)
(2.99962 0.00490971 0)
(2.91605 0.175788 0)
(3 -7.63641e-17 0)
(3 -3.39894e-16 0)
(3 -2.96578e-16 0)
(3 1.38137e-17 0)
(3 2.48868e-16 0)
(3 4.65541e-16 0)
(3 5.3246e-16 0)
(3 6.88969e-16 0)
(3 5.34992e-16 0)
(3 8.56293e-17 0)
(3 -8.01494e-17 0)
(3 2.55032e-16 0)
(3 7.00997e-17 0)
(3 -1.3986e-17 0)
(3 -2.05206e-16 0)
(3 -1.8521e-16 0)
(3 -1.66383e-17 0)
(3 5.5566e-16 0)
(3 3.59305e-16 0)
(3 2.61945e-16 0)
(3 1.9377e-16 0)
(3 -1.86287e-16 0)
(3 -2.58854e-16 0)
(3 -5.17285e-18 0)
(3 4.03912e-16 0)
(3 4.67121e-16 0)
(3 3.5079e-13 0)
(3 6.00453e-09 0)
(2.99999 2.9102e-05 0)
(3.00677 0.00274086 0)
(3 7.62261e-17 0)
(3 -1.24563e-16 0)
(3 -1.1727e-16 0)
(3 -8.93613e-17 0)
(3 -1.07602e-16 0)
(3 -3.48899e-16 0)
(3 -2.01206e-16 0)
(3 1.03171e-16 0)
(3 -1.90076e-16 0)
(3 -6.30646e-16 0)
(3 -8.8003e-16 0)
(3 4.482e-16 0)
(3 1.63541e-15 0)
(3 1.04439e-15 0)
(3 -9.17765e-17 0)
(3 -2.65493e-16 0)
(3 -3.65169e-16 0)
(3 -7.06746e-16 0)
(3 -2.85362e-16 0)
(3 3.94158e-16 0)
(3 4.23315e-16 0)
(3 4.29077e-16 0)
(3 7.69421e-16 0)
(3 1.14379e-15 0)
(3 1.21563e-15 0)
(3 1.26186e-16 0)
(3 -7.80934e-16 0)
(3 4.78121e-13 0)
(3 3.01233e-08 0)
(3.00009 5.86079e-06 0)
(3 -3.56441e-17 0)
(3 1.2509e-16 0)
(3 1.77685e-17 0)
(3 -5.37978e-16 0)
(3 -6.28505e-16 0)
(3 -3.75197e-16 0)
(3 -3.03448e-16 0)
(3 -6.20805e-16 0)
(3 -6.30001e-16 0)
(3 -9.47129e-17 0)
(3 -8.98733e-17 0)
(3 9.07458e-16 0)
(3 1.3656e-15 0)
(3 1.1412e-15 0)
(3 1.06968e-15 0)
(3 2.91368e-16 0)
(3 -1.14103e-15 0)
(3 -1.9355e-15 0)
(3 -1.40854e-15 0)
(3 -1.22684e-15 0)
(3 -1.25555e-15 0)
(3 -6.76619e-16 0)
(3 2.98279e-16 0)
(3 6.60378e-16 0)
(3 5.98335e-16 0)
(3 1.56919e-16 0)
(3 -1.0424e-15 0)
(3 -3.67663e-16 0)
(3 1.04806e-11 0)
(3 -1.73792e-09 0)
(3 -7.69409e-17 0)
(3 -1.00406e-16 0)
(3 1.04968e-16 0)
(3 -6.18275e-17 0)
(3 -2.10096e-16 0)
(3 -2.89682e-16 0)
(3 -4.9878e-16 0)
(3 -8.45506e-16 0)
(3 -7.04379e-16 0)
(3 -1.09327e-16 0)
(3 1.69128e-16 0)
(3 3.47316e-16 0)
(3 4.10133e-16 0)
(3 6.51504e-16 0)
(3 7.43021e-16 0)
(3 -1.49845e-16 0)
(3 -5.2669e-16 0)
(3 -1.08974e-15 0)
(3 -2.26983e-15 0)
(3 -2.23567e-15 0)
(3 -1.36286e-15 0)
(3 -9.96975e-16 0)
(3 -9.60584e-16 0)
(3 -1.11008e-15 0)
(3 -6.88547e-16 0)
(3 -7.38194e-16 0)
(3 -9.95482e-16 0)
(3 -9.39111e-16 0)
(3 1.66022e-15 0)
(3 -1.50998e-09 0)
(3 -3.99989e-17 0)
(3 9.24541e-17 0)
(3 1.32721e-16 0)
(3 2.60856e-16 0)
(3 1.28067e-16 0)
(3 -1.14026e-17 0)
(3 1.10063e-16 0)
(3 8.73018e-17 0)
(3 -3.06095e-16 0)
(3 -2.39432e-16 0)
(3 1.4485e-16 0)
(3 1.56462e-16 0)
(3 3.1801e-16 0)
(3 4.21579e-16 0)
(3 4.10534e-16 0)
(3 -5.58504e-17 0)
(3 4.51481e-16 0)
(3 -4.17693e-16 0)
(3 -1.7038e-15 0)
(3 -1.60904e-15 0)
(3 -1.48247e-15 0)
(3 -8.73842e-16 0)
(3 -1.09636e-15 0)
(3 -1.50695e-15 0)
(3 -1.46882e-15 0)
(3 -1.52258e-15 0)
(3 -1.77947e-15 0)
(3 -1.62467e-15 0)
(3 -4.3689e-16 0)
(3 -2.27367e-10 0)
(3 3.97245e-17 0)
(3 2.74572e-16 0)
(3 1.19465e-16 0)
(3 9.17875e-17 0)
(3 -3.31794e-16 0)
(3 -5.54663e-16 0)
(3 -2.06246e-17 0)
(3 4.24559e-16 0)
(3 3.67336e-16 0)
(3 -3.68882e-17 0)
(3 -6.33448e-16 0)
(3 -3.07348e-16 0)
(3 2.47135e-17 0)
(3 5.54389e-16 0)
(3 1.09909e-15 0)
(3 1.072e-15 0)
(3 7.38682e-16 0)
(3 3.43757e-16 0)
(3 4.57494e-16 0)
(3 4.93528e-17 0)
(3 -3.47427e-16 0)
(3 -2.8598e-16 0)
(3 -6.36594e-16 0)
(3 -8.54273e-16 0)
(3 -1.32642e-15 0)
(3 -1.66094e-15 0)
(3 -1.45959e-15 0)
(3 -1.94526e-15 0)
(3 -1.86079e-15 0)
(3 -1.08625e-11 0)
(3 3.38814e-17 0)
(3 -1.65164e-16 0)
(3 -1.44871e-16 0)
(3 -5.5014e-17 0)
(3 -3.18299e-16 0)
(3 -6.08119e-16 0)
(3 -6.92959e-16 0)
(3 -6.33603e-16 0)
(3 -4.32533e-16 0)
(3 -8.22861e-16 0)
(3 -1.2104e-15 0)
(3 -8.54753e-16 0)
(3 -3.44672e-16 0)
(3 2.19541e-16 0)
(3 1.24577e-15 0)
(3 1.97382e-15 0)
(3 6.43022e-16 0)
(3 1.31687e-16 0)
(3 -1.4748e-16 0)
(3 -1.39685e-16 0)
(3 6.57486e-16 0)
(3 7.99366e-16 0)
(3 6.4405e-16 0)
(3 4.21077e-16 0)
(3 -2.97879e-16 0)
(3 -1.59854e-16 0)
(3 -2.08647e-16 0)
(3 -1.38227e-15 0)
(3 -1.01249e-15 0)
(3 -1.34075e-13 0)
(3 -5.68465e-17 0)
(3 -1.14548e-16 0)
(3 3.88151e-17 0)
(3 3.47931e-17 0)
(3 2.69242e-16 0)
(3 -1.27286e-16 0)
(3 -3.25761e-16 0)
(3 -8.16586e-16 0)
(3 -1.0781e-15 0)
(3 -1.01631e-15 0)
(3 -8.57306e-16 0)
(3 -6.22727e-16 0)
(3 -4.93059e-16 0)
(3 -1.65197e-16 0)
(3 3.81926e-16 0)
(3 1.03528e-15 0)
(3 4.7295e-16 0)
(3 -1.06798e-16 0)
(3 -5.24475e-16 0)
(3 -5.28452e-16 0)
(3 4.76596e-16 0)
(3 1.07018e-15 0)
(3 1.27256e-15 0)
(3 4.43341e-16 0)
(3 2.95256e-16 0)
(3 6.50796e-16 0)
(3 1.34468e-16 0)
(3 -7.24461e-16 0)
(3 -1.01342e-15 0)
(3 -1.12406e-15 0)
(1.73245 1.10153 0)
(2.56915 0.301772 0)
(2.45673 -0.0585613 0)
(2.29746 -0.0846859 0)
(2.28805 -0.0495195 0)
(2.26634 -0.0247276 0)
(2.32129 -0.0242318 0)
(1.83538 0.0233064 0)
(0.745394 0.0407602 0)
(0.552209 0.00196413 0)
(0.589167 -0.0159084 0)
(0.677815 -0.0283907 0)
(0.786386 -0.0388359 0)
(0.912272 -0.0378559 0)
(1.02321 -0.0307741 0)
(1.12058 -0.023316 0)
(1.21184 -0.0185477 0)
(1.30245 -0.014926 0)
(1.39243 -0.0143264 0)
(1.48251 -0.011228 0)
(1.57017 -0.010595 0)
(1.65634 -0.0101504 0)
(1.72838 -0.00371678 0)
(1.78874 -0.00214072 0)
(1.84561 0.00130552 0)
(1.89307 0.00552233 0)
(1.93348 0.00806755 0)
(1.97588 0.00863672 0)
(2.01483 0.00747876 0)
(2.08669 0.0067513 0)
(1.86048 0.598948 0)
(2.50206 0.0573975 0)
(2.54265 -0.315847 0)
(2.45216 -0.202522 0)
(2.3869 -0.0403504 0)
(2.33434 -0.0490697 0)
(2.36949 -0.0181682 0)
(1.93209 0.134999 0)
(0.79612 0.138076 0)
(0.610568 -0.00251518 0)
(0.664579 -0.0419498 0)
(0.776184 -0.0482173 0)
(0.896279 -0.0595619 0)
(1.01502 -0.0543298 0)
(1.10981 -0.0409642 0)
(1.1915 -0.0283675 0)
(1.27093 -0.0216935 0)
(1.35338 -0.0205282 0)
(1.43842 -0.0203107 0)
(1.52219 -0.0114826 0)
(1.60233 -0.0065914 0)
(1.67955 -0.00213151 0)
(1.74686 -0.00138107 0)
(1.80585 -0.000893519 0)
(1.86013 0.0006143 0)
(1.90729 0.00470029 0)
(1.94858 0.0119835 0)
(1.98907 0.0224497 0)
(2.0256 0.0263054 0)
(2.09611 0.0223153 0)
(1.84101 0.738182 0)
(2.3255 0.384445 0)
(2.53251 -0.156303 0)
(2.57031 -0.183109 0)
(2.53547 -0.127844 0)
(2.46645 -0.0429224 0)
(2.45566 -0.0297689 0)
(2.20153 0.173051 0)
(0.971006 0.176541 0)
(0.762678 0.00356143 0)
(0.864165 -0.0692623 0)
(1.00901 -0.0934351 0)
(1.13243 -0.0979541 0)
(1.22961 -0.0873809 0)
(1.29802 -0.0664074 0)
(1.35687 -0.0495747 0)
(1.41686 -0.0409008 0)
(1.48057 -0.0396387 0)
(1.54914 -0.0393858 0)
(1.61673 -0.0366585 0)
(1.68255 -0.0282215 0)
(1.7441 -0.0152623 0)
(1.8007 0.00266124 0)
(1.85171 0.014753 0)
(1.89845 0.019293 0)
(1.94128 0.0186641 0)
(1.98054 0.0176777 0)
(2.01983 0.0224222 0)
(2.05502 0.0272681 0)
(2.11995 0.0300966 0)
(1.81043 0.792815 0)
(2.25405 0.436883 0)
(2.51657 -0.108925 0)
(2.62242 -0.229402 0)
(2.59174 -0.228515 0)
(2.54938 -0.160071 0)
(2.51198 -0.0695134 0)
(2.50511 0.118844 0)
(1.22673 0.227225 0)
(0.978032 -0.00395175 0)
(1.15197 -0.102565 0)
(1.30289 -0.117726 0)
(1.39842 -0.108492 0)
(1.46111 -0.0807172 0)
(1.50517 -0.057042 0)
(1.54676 -0.0399493 0)
(1.59148 -0.0316823 0)
(1.63762 -0.0255313 0)
(1.68638 -0.0210265 0)
(1.73479 -0.0149209 0)
(1.78475 -0.0127109 0)
(1.8316 -0.00577786 0)
(1.87776 0.00577843 0)
(1.92068 0.0166913 0)
(1.95946 0.0303671 0)
(1.99379 0.0427155 0)
(2.02828 0.0454971 0)
(2.06562 0.0424607 0)
(2.09764 0.0354988 0)
(2.15566 0.031194 0)
(1.77283 0.803344 0)
(2.18143 0.516663 0)
(2.45119 0.0904604 0)
(2.59276 -0.0736772 0)
(2.58445 -0.195169 0)
(2.59824 -0.204868 0)
(2.57105 -0.120399 0)
(2.57519 -0.0696629 0)
(1.56599 0.229954 0)
(1.22161 -0.0637746 0)
(1.41286 -0.157733 0)
(1.52392 -0.142261 0)
(1.57821 -0.121823 0)
(1.61454 -0.100156 0)
(1.64634 -0.0778535 0)
(1.682 -0.0595085 0)
(1.72019 -0.0443593 0)
(1.75849 -0.0325433 0)
(1.79641 -0.0256924 0)
(1.83506 -0.0226233 0)
(1.87401 -0.0170637 0)
(1.91207 -0.00469689 0)
(1.95117 0.0101245 0)
(1.98749 0.023892 0)
(2.02116 0.0368311 0)
(2.05287 0.0480236 0)
(2.08495 0.0541546 0)
(2.11753 0.060285 0)
(2.14517 0.0573919 0)
(2.19695 0.0516765 0)
(1.73208 0.811432 0)
(2.10257 0.575845 0)
(2.3873 0.22135 0)
(2.5705 0.0115154 0)
(2.55666 -0.245 0)
(2.63295 -0.214177 0)
(2.62419 -0.159423 0)
(2.57184 -0.17292 0)
(1.9003 0.061762 0)
(1.43642 -0.0463328 0)
(1.5581 -0.157908 0)
(1.62873 -0.15271 0)
(1.65901 -0.112986 0)
(1.68226 -0.0765558 0)
(1.71341 -0.0525473 0)
(1.75232 -0.0351031 0)
(1.79107 -0.0254515 0)
(1.82878 -0.0191946 0)
(1.86419 -0.0122722 0)
(1.89816 -0.00634245 0)
(1.93259 0.00385253 0)
(1.96779 0.0176047 0)
(2.00386 0.0333049 0)
(2.03706 0.0479225 0)
(2.06898 0.0603915 0)
(2.1003 0.0661734 0)
(2.13216 0.064907 0)
(2.16462 0.0635942 0)
(2.19191 0.0612673 0)
(2.23932 0.0624269 0)
(1.69169 0.812163 0)
(2.04206 0.598986 0)
(2.31266 0.338737 0)
(2.49849 0.125286 0)
(2.56698 -0.135524 0)
(2.63458 -0.154266 0)
(2.63283 -0.159291 0)
(2.53113 -0.29361 0)
(2.21863 -0.291088 0)
(1.5166 -0.0931414 0)
(1.57986 -0.137431 0)
(1.65358 -0.147981 0)
(1.68963 -0.125652 0)
(1.70999 -0.0852102 0)
(1.74377 -0.049429 0)
(1.78752 -0.0261138 0)
(1.82889 -0.0149858 0)
(1.86864 -0.0108581 0)
(1.9039 -0.00716605 0)
(1.93692 -0.000641729 0)
(1.97105 0.0129311 0)
(2.00514 0.0286677 0)
(2.03981 0.0453746 0)
(2.07194 0.0590951 0)
(2.10343 0.0713123 0)
(2.13405 0.0783887 0)
(2.16581 0.0794231 0)
(2.19864 0.0806671 0)
(2.22688 0.078229 0)
(2.27376 0.0795072 0)
(1.66249 0.809967 0)
(1.97693 0.629463 0)
(2.24931 0.42442 0)
(2.4184 0.232893 0)
(2.54678 -0.0491557 0)
(2.65986 -0.101842 0)
(2.62443 -0.176396 0)
(2.44076 -0.430328 0)
(2.31275 -0.662809 0)
(1.53727 -0.159742 0)
(1.56586 -0.126347 0)
(1.65181 -0.131723 0)
(1.70381 -0.118906 0)
(1.73058 -0.0913329 0)
(1.76493 -0.0593726 0)
(1.81072 -0.0344252 0)
(1.85402 -0.0206157 0)
(1.89439 -0.0123713 0)
(1.93036 -0.00237026 0)
(1.96317 0.0095225 0)
(1.9961 0.0262775 0)
(2.02847 0.044014 0)
(2.06174 0.0631263 0)
(2.09307 0.0777598 0)
(2.12489 0.0894498 0)
(2.1566 0.0938015 0)
(2.18972 0.0946544 0)
(2.22326 0.0962969 0)
(2.25228 0.0952652 0)
(2.29941 0.0991821 0)
(1.64304 0.803813 0)
(1.94118 0.64054 0)
(2.17996 0.503535 0)
(2.36541 0.292386 0)
(2.50126 0.0643254 0)
(2.64244 -0.00301255 0)
(2.57011 -0.172739 0)
(2.34387 -0.520179 0)
(2.20228 -0.836336 0)
(1.66607 -0.261618 0)
(1.57272 -0.133315 0)
(1.65964 -0.124417 0)
(1.72196 -0.122678 0)
(1.75762 -0.101258 0)
(1.79377 -0.0693215 0)
(1.83723 -0.0421744 0)
(1.87922 -0.0212013 0)
(1.91737 -0.00454053 0)
(1.9529 0.00849245 0)
(1.98625 0.0206938 0)
(2.0184 0.0366681 0)
(2.04917 0.0521457 0)
(2.0816 0.0706744 0)
(2.11236 0.0857519 0)
(2.14402 0.100084 0)
(2.17507 0.107788 0)
(2.20825 0.112862 0)
(2.2413 0.115051 0)
(2.27092 0.114673 0)
(2.31871 0.118731 0)
(1.63142 0.80258 0)
(1.90273 0.669263 0)
(2.1178 0.560701 0)
(2.31017 0.350686 0)
(2.45394 0.177818 0)
(2.58989 0.0660248 0)
(2.50573 -0.180713 0)
(2.22752 -0.586315 0)
(2.10696 -0.855692 0)
(1.95588 -0.519281 0)
(1.61301 -0.161898 0)
(1.68733 -0.120572 0)
(1.75304 -0.113416 0)
(1.80017 -0.096265 0)
(1.83619 -0.0701926 0)
(1.87303 -0.0425877 0)
(1.91049 -0.0186719 0)
(1.94611 0.0011031 0)
(1.97954 0.0187205 0)
(2.01051 0.0343238 0)
(2.03938 0.0517665 0)
(2.06554 0.0683254 0)
(2.09339 0.0871161 0)
(2.12248 0.102974 0)
(2.15449 0.119026 0)
(2.18723 0.127655 0)
(2.22206 0.135146 0)
(2.2554 0.135337 0)
(2.2863 0.135555 0)
(2.33334 0.13891 0)
(1.62783 0.798829 0)
(1.88471 0.69131 0)
(2.06943 0.598811 0)
(2.26224 0.390639 0)
(2.41285 0.275026 0)
(2.52633 0.0999255 0)
(2.42449 -0.193883 0)
(2.11932 -0.593439 0)
(2.05601 -0.814861 0)
(2.05107 -0.730958 0)
(1.77851 -0.268677 0)
(1.72959 -0.125471 0)
(1.79704 -0.119871 0)
(1.84857 -0.102937 0)
(1.88555 -0.0721818 0)
(1.91633 -0.0404633 0)
(1.94722 -0.0108417 0)
(1.97741 0.0143003 0)
(2.00788 0.0353588 0)
(2.03658 0.0514186 0)
(2.06338 0.0667121 0)
(2.08846 0.0792049 0)
(2.11495 0.0968048 0)
(2.14317 0.111991 0)
(2.17458 0.129806 0)
(2.20645 0.140895 0)
(2.23948 0.152767 0)
(2.2698 0.152478 0)
(2.30028 0.157298 0)
(2.34303 0.160067 0)
(1.6251 0.803628 0)
(1.86302 0.722335 0)
(2.02778 0.625787 0)
(2.21517 0.432074 0)
(2.35921 0.368439 0)
(2.45073 0.134026 0)
(2.2818 -0.263271 0)
(2.04613 -0.602099 0)
(2.03811 -0.72424 0)
(2.0856 -0.740018 0)
(2.00203 -0.476192 0)
(1.80265 -0.174902 0)
(1.8429 -0.0998274 0)
(1.8936 -0.094719 0)
(1.93316 -0.0711625 0)
(1.95995 -0.0347188 0)
(1.9856 0.00217668 0)
(2.01171 0.0289218 0)
(2.03972 0.0505188 0)
(2.06513 0.0681984 0)
(2.08809 0.0851794 0)
(2.11008 0.0988711 0)
(2.13506 0.118246 0)
(2.16251 0.133815 0)
(2.19369 0.151129 0)
(2.22501 0.160755 0)
(2.25539 0.17299 0)
(2.28279 0.170199 0)
(2.31412 0.179561 0)
(2.35338 0.179031 0)
(1.63031 0.807504 0)
(1.8502 0.747472 0)
(2.00313 0.635723 0)
(2.18379 0.47419 0)
(2.31826 0.437758 0)
(2.33888 0.143722 0)
(2.12087 -0.364761 0)
(2.00836 -0.601735 0)
(2.02823 -0.660935 0)
(2.08252 -0.71593 0)
(2.09545 -0.633898 0)
(1.9436 -0.295175 0)
(1.88349 -0.126858 0)
(1.94 -0.0828391 0)
(1.97524 -0.0619299 0)
(2.00175 -0.0275756 0)
(2.02548 0.0109405 0)
(2.0486 0.0394446 0)
(2.07282 0.0636598 0)
(2.09425 0.0838522 0)
(2.11455 0.102434 0)
(2.13534 0.117045 0)
(2.16 0.137244 0)
(2.18733 0.152766 0)
(2.21768 0.169382 0)
(2.24781 0.1774 0)
(2.2759 0.188104 0)
(2.30109 0.185799 0)
(2.32895 0.202622 0)
(2.36225 0.195259 0)
(1.63688 0.824613 0)
(1.8242 0.773101 0)
(1.98572 0.644835 0)
(2.15357 0.532584 0)
(2.28506 0.465517 0)
(2.21614 0.0960062 0)
(2.02132 -0.370065 0)
(1.9947 -0.578904 0)
(2.01524 -0.603718 0)
(2.0659 -0.656875 0)
(2.12868 -0.663072 0)
(2.09824 -0.474705 0)
(1.96603 -0.188025 0)
(1.97424 -0.0870791 0)
(2.01343 -0.0576377 0)
(2.04031 -0.0223472 0)
(2.06219 0.0163683 0)
(2.08324 0.0474581 0)
(2.10477 0.0742176 0)
(2.12397 0.0970619 0)
(2.1424 0.119169 0)
(2.1615 0.137314 0)
(2.18447 0.159939 0)
(2.21041 0.176035 0)
(2.23886 0.192951 0)
(2.26766 0.199469 0)
(2.29469 0.208185 0)
(2.32161 0.205656 0)
(2.34137 0.229429 0)
(2.37308 0.200781 0)
(1.65364 0.842019 0)
(1.8082 0.781858 0)
(1.97209 0.653949 0)
(2.12123 0.595959 0)
(2.22741 0.440466 0)
(2.09008 0.00512435 0)
(1.9517 -0.392059 0)
(1.9619 -0.511239 0)
(2.01287 -0.563913 0)
(2.07657 -0.622013 0)
(2.14836 -0.643594 0)
(2.1714 -0.58696 0)
(2.10537 -0.33057 0)
(2.01868 -0.116339 0)
(2.05085 -0.0469054 0)
(2.07175 -0.0189296 0)
(2.09378 0.0192702 0)
(2.11413 0.0535609 0)
(2.13438 0.0847573 0)
(2.15232 0.111487 0)
(2.17041 0.136529 0)
(2.18976 0.156241 0)
(2.21194 0.178712 0)
(2.23628 0.192784 0)
(2.26267 0.20785 0)
(2.28992 0.213623 0)
(2.31519 0.223894 0)
(2.34445 0.230271 0)
(2.35206 0.248947 0)
(2.38201 0.20353 0)
(1.67227 0.867473 0)
(1.79845 0.789497 0)
(1.96139 0.672305 0)
(2.09569 0.641784 0)
(2.14035 0.394419 0)
(1.94468 -0.0842858 0)
(1.91251 -0.350769 0)
(1.94877 -0.458703 0)
(2.01668 -0.526456 0)
(2.08371 -0.562535 0)
(2.15201 -0.61681 0)
(2.21433 -0.609591 0)
(2.21592 -0.477344 0)
(2.13068 -0.205453 0)
(2.09005 -0.0587769 0)
(2.10302 -0.006838 0)
(2.12177 0.0265546 0)
(2.14054 0.0612142 0)
(2.159 0.0974255 0)
(2.17665 0.127397 0)
(2.19657 0.153671 0)
(2.21774 0.173181 0)
(2.2392 0.195402 0)
(2.26059 0.209547 0)
(2.28261 0.224489 0)
(2.30616 0.231886 0)
(2.33121 0.242934 0)
(2.36158 0.260237 0)
(2.37327 0.258201 0)
(2.37552 0.19374 0)
(1.69057 0.89076 0)
(1.80325 0.790342 0)
(1.95575 0.705051 0)
(2.07572 0.645679 0)
(2.04115 0.30595 0)
(1.83333 -0.152279 0)
(1.87795 -0.34297 0)
(1.93494 -0.404811 0)
(2.0164 -0.473512 0)
(2.09415 -0.529692 0)
(2.16724 -0.567208 0)
(2.22773 -0.588188 0)
(2.27728 -0.549525 0)
(2.2408 -0.358809 0)
(2.15576 -0.110462 0)
(2.14304 -0.000656165 0)
(2.15184 0.0344723 0)
(2.16406 0.0724554 0)
(2.17869 0.112066 0)
(2.19482 0.145833 0)
(2.21167 0.17433 0)
(2.2334 0.191978 0)
(2.25831 0.21253 0)
(2.28018 0.22563 0)
(2.30074 0.237852 0)
(2.32272 0.245379 0)
(2.34898 0.262233 0)
(2.38056 0.280568 0)
(2.38888 0.264576 0)
(2.35722 0.153557 0)
(1.69939 0.911502 0)
(1.81596 0.799999 0)
(1.94333 0.75093 0)
(2.03831 0.617392 0)
(1.90703 0.186154 0)
(1.79934 -0.139604 0)
(1.84559 -0.275949 0)
(1.93472 -0.36881 0)
(2.02339 -0.436072 0)
(2.10355 -0.480096 0)
(2.1762 -0.51701 0)
(2.24461 -0.559336 0)
(2.29775 -0.555057 0)
(2.30321 -0.460765 0)
(2.25385 -0.237756 0)
(2.18065 -0.0268401 0)
(2.1835 0.0476473 0)
(2.18837 0.0882113 0)
(2.19788 0.131874 0)
(2.2036 0.169226 0)
(2.21483 0.196246 0)
(2.23305 0.210392 0)
(2.25618 0.231046 0)
(2.2796 0.244942 0)
(2.30266 0.258247 0)
(2.33262 0.2686 0)
(2.36452 0.291195 0)
(2.37998 0.300841 0)
(2.38687 0.263879 0)
(2.3237 0.0920525 0)
(1.70658 0.916536 0)
(1.8317 0.811813 0)
(1.93827 0.787149 0)
(1.97547 0.54562 0)
(1.75291 0.0528281 0)
(1.77896 -0.156505 0)
(1.84924 -0.260757 0)
(1.9455 -0.337806 0)
(2.0334 -0.39572 0)
(2.11304 -0.443448 0)
(2.18197 -0.47205 0)
(2.24401 -0.498319 0)
(2.29915 -0.526896 0)
(2.33731 -0.494647 0)
(2.32151 -0.36737 0)
(2.24116 -0.108019 0)
(2.20208 0.0514365 0)
(2.20864 0.114785 0)
(2.21304 0.155934 0)
(2.21975 0.186112 0)
(2.22996 0.211324 0)
(2.24447 0.22828 0)
(2.2658 0.248969 0)
(2.28727 0.261904 0)
(2.3123 0.280066 0)
(2.34125 0.302125 0)
(2.35508 0.322484 0)
(2.37388 0.300572 0)
(2.36316 0.234413 0)
(2.27073 0.00283703 0)
(1.71406 0.932396 0)
(1.83445 0.840726 0)
(1.93247 0.77619 0)
(1.8962 0.42561 0)
(1.70411 0.027641 0)
(1.77291 -0.131637 0)
(1.85426 -0.215123 0)
(1.95137 -0.293878 0)
(2.03858 -0.353454 0)
(2.11424 -0.394485 0)
(2.1809 -0.424103 0)
(2.23982 -0.449279 0)
(2.29727 -0.475672 0)
(2.33476 -0.482198 0)
(2.35874 -0.416551 0)
(2.32086 -0.241635 0)
(2.25025 -0.00525403 0)
(2.22934 0.122074 0)
(2.22671 0.169919 0)
(2.23228 0.200934 0)
(2.24468 0.228232 0)
(2.25872 0.247331 0)
(2.2707 0.269615 0)
(2.28757 0.284271 0)
(2.31059 0.306951 0)
(2.34012 0.329933 0)
(2.35664 0.332819 0)
(2.35729 0.291955 0)
(2.32185 0.152732 0)
(2.23875 -0.0426863 0)
(1.7557 0.901546 0)
(1.83515 0.872892 0)
(1.92392 0.755543 0)
(1.76435 0.270452 0)
(1.69596 -0.00820882 0)
(1.77031 -0.116211 0)
(1.86076 -0.196952 0)
(1.95253 -0.263814 0)
(2.03663 -0.314023 0)
(2.11056 -0.35362 0)
(2.17483 -0.380091 0)
(2.22782 -0.395479 0)
(2.28189 -0.415134 0)
(2.33976 -0.436556 0)
(2.37929 -0.427349 0)
(2.37373 -0.319642 0)
(2.32425 -0.101226 0)
(2.26949 0.0860384 0)
(2.25448 0.184863 0)
(2.24644 0.216083 0)
(2.25495 0.243524 0)
(2.26665 0.263824 0)
(2.28421 0.288088 0)
(2.30241 0.308361 0)
(2.32363 0.338101 0)
(2.33569 0.352635 0)
(2.3521 0.326071 0)
(2.32725 0.235283 0)
(2.25317 0.0211842 0)
(2.20354 -0.0959048 0)
(1.81921 0.83989 0)
(1.84531 0.89896 0)
(1.87539 0.671996 0)
(1.62891 0.185143 0)
(1.66737 0.0121575 0)
(1.75908 -0.0899779 0)
(1.85143 -0.163322 0)
(1.93912 -0.22176 0)
(2.02165 -0.267569 0)
(2.09442 -0.302908 0)
(2.16013 -0.330527 0)
(2.22158 -0.350873 0)
(2.2786 -0.363834 0)
(2.34217 -0.392125 0)
(2.38553 -0.402244 0)
(2.41861 -0.350567 0)
(2.40553 -0.225221 0)
(2.32336 0.0325666 0)
(2.27779 0.187073 0)
(2.26899 0.237163 0)
(2.27141 0.260585 0)
(2.28002 0.279555 0)
(2.29303 0.307482 0)
(2.30916 0.336777 0)
(2.32366 0.364196 0)
(2.3388 0.356146 0)
(2.33279 0.3048 0)
(2.26994 0.129392 0)
(2.21341 -0.0257223 0)
(2.19764 -0.0792611 0)
(1.90079 0.762115 0)
(1.86953 0.954559 0)
(1.68344 0.465719 0)
(1.5085 0.1372 0)
(1.62202 0.0219696 0)
(1.73058 -0.0651199 0)
(1.8332 -0.134511 0)
(1.92577 -0.187656 0)
(2.0119 -0.230962 0)
(2.0905 -0.265988 0)
(2.1608 -0.293708 0)
(2.22269 -0.310066 0)
(2.27937 -0.316978 0)
(2.33257 -0.326998 0)
(2.39706 -0.351217 0)
(2.43411 -0.351008 0)
(2.46782 -0.270411 0)
(2.43146 -0.108909 0)
(2.32713 0.138257 0)
(2.29347 0.246146 0)
(2.29565 0.276378 0)
(2.30257 0.304797 0)
(2.30797 0.337247 0)
(2.31647 0.365426 0)
(2.32208 0.372566 0)
(2.33277 0.348003 0)
(2.2944 0.220879 0)
(2.20181 -0.00852405 0)
(2.17125 -0.0720645 0)
(2.19156 -0.0792782 0)
(1.99982 0.775936 0)
(1.85662 0.901735 0)
(1.40846 0.296221 0)
(1.44247 0.116443 0)
(1.5899 0.0317599 0)
(1.70715 -0.0464759 0)
(1.81575 -0.108006 0)
(1.91317 -0.154579 0)
(2.00193 -0.193776 0)
(2.08256 -0.224714 0)
(2.15528 -0.248195 0)
(2.22386 -0.266455 0)
(2.28648 -0.273951 0)
(2.34809 -0.279624 0)
(2.41453 -0.303152 0)
(2.46142 -0.313584 0)
(2.50726 -0.289941 0)
(2.49319 -0.184772 0)
(2.41525 0.0430729 0)
(2.35518 0.211828 0)
(2.33664 0.299067 0)
(2.32237 0.328006 0)
(2.32287 0.361352 0)
(2.32771 0.38963 0)
(2.33374 0.376397 0)
(2.31173 0.3028 0)
(2.23536 0.108761 0)
(2.18734 -0.0240642 0)
(2.17053 -0.0625316 0)
(2.1914 -0.0624817 0)
(2.39776 0.655301 0)
(1.8551 0.73384 0)
(1.31608 0.215275 0)
(1.4454 0.103235 0)
(1.5798 0.0388137 0)
(1.6939 -0.030491 0)
(1.80273 -0.0839935 0)
(1.90326 -0.124846 0)
(1.99433 -0.15963 0)
(2.07834 -0.188907 0)
(2.15641 -0.210432 0)
(2.22941 -0.226073 0)
(2.29844 -0.234439 0)
(2.36039 -0.233861 0)
(2.41426 -0.241659 0)
(2.48048 -0.269363 0)
(2.51565 -0.277569 0)
(2.53842 -0.203581 0)
(2.50775 -0.0710109 0)
(2.42236 0.188432 0)
(2.363 0.323961 0)
(2.35206 0.35579 0)
(2.34582 0.390297 0)
(2.34425 0.401218 0)
(2.33429 0.363027 0)
(2.27384 0.197806 0)
(2.17151 -0.0216085 0)
(2.16765 -0.0540973 0)
(2.17664 -0.0566646 0)
(2.20741 -0.0563699 0)
(2.79233 0.347514 0)
(1.87482 0.514665 0)
(1.29432 0.204251 0)
(1.4633 0.117067 0)
(1.57988 0.0455608 0)
(1.68906 -0.012153 0)
(1.79685 -0.058851 0)
(1.90095 -0.0964636 0)
(1.99536 -0.127505 0)
(2.08154 -0.151557 0)
(2.16184 -0.168464 0)
(2.23723 -0.180664 0)
(2.30796 -0.189943 0)
(2.37288 -0.194448 0)
(2.42995 -0.19558 0)
(2.47122 -0.206164 0)
(2.51251 -0.223144 0)
(2.56251 -0.208246 0)
(2.55677 -0.121391 0)
(2.50805 0.0775616 0)
(2.43745 0.268625 0)
(2.38983 0.380867 0)
(2.36944 0.419842 0)
(2.35925 0.407177 0)
(2.32354 0.298504 0)
(2.24259 0.0967134 0)
(2.18956 -0.0159422 0)
(2.1864 -0.0420442 0)
(2.19634 -0.0497062 0)
(2.22424 -0.0473858 0)
(2.95886 0.101615 0)
(1.71642 0.215323 0)
(1.25122 0.164681 0)
(1.4501 0.133543 0)
(1.56789 0.0627616 0)
(1.67917 0.0038898 0)
(1.78939 -0.0371592 0)
(1.89412 -0.0697379 0)
(1.98944 -0.0960706 0)
(2.07659 -0.115361 0)
(2.15762 -0.128707 0)
(2.23324 -0.138469 0)
(2.30434 -0.147528 0)
(2.3659 -0.154688 0)
(2.41615 -0.152982 0)
(2.4722 -0.149641 0)
(2.53091 -0.165968 0)
(2.58055 -0.17803 0)
(2.59007 -0.129916 0)
(2.57049 -0.00391677 0)
(2.49166 0.248913 0)
(2.42132 0.40311 0)
(2.40127 0.441809 0)
(2.37566 0.376169 0)
(2.32177 0.174951 0)
(2.22544 0.00449808 0)
(2.20142 -0.0324518 0)
(2.20547 -0.0349992 0)
(2.21823 -0.0407904 0)
(2.2452 -0.0444454 0)
(2.98542 -0.0242672 0)
(1.35783 0.00690441 0)
(1.11519 0.176461 0)
(1.35612 0.145275 0)
(1.50599 0.082083 0)
(1.63522 0.0217053 0)
(1.75812 -0.0190629 0)
(1.87338 -0.0476536 0)
(1.98044 -0.0657608 0)
(2.07976 -0.0789478 0)
(2.16882 -0.0891044 0)
(2.24747 -0.0971275 0)
(2.31497 -0.105163 0)
(2.3711 -0.111521 0)
(2.42292 -0.106827 0)
(2.47046 -0.100738 0)
(2.51779 -0.11001 0)
(2.56981 -0.118872 0)
(2.58587 -0.128929 0)
(2.6286 -0.0341872 0)
(2.59173 0.110166 0)
(2.44828 0.379074 0)
(2.42372 0.426781 0)
(2.37713 0.283014 0)
(2.31344 0.0918996 0)
(2.22735 -0.00205418 0)
(2.21467 -0.0223732 0)
(2.21646 -0.0221844 0)
(2.22898 -0.0301834 0)
(2.2591 -0.0338175 0)
(2.93166 -0.0913311 0)
(0.974482 -0.0290668 0)
(0.858415 0.117822 0)
(1.17031 0.0961882 0)
(1.38229 0.0377522 0)
(1.57346 -0.00292069 0)
(1.71425 -0.0177435 0)
(1.84448 -0.0338032 0)
(1.96091 -0.0428654 0)
(2.06438 -0.0499294 0)
(2.15548 -0.0553335 0)
(2.23591 -0.0601083 0)
(2.30587 -0.0641698 0)
(2.36884 -0.06567 0)
(2.4285 -0.0624403 0)
(2.4824 -0.0589156 0)
(2.5306 -0.0640637 0)
(2.57912 -0.0726061 0)
(2.60263 -0.0947775 0)
(2.66729 -0.0142984 0)
(2.6436 0.0595383 0)
(2.52277 0.273726 0)
(2.45736 0.329872 0)
(2.30019 0.0940876 0)
(2.21858 0.00725866 0)
(2.2067 -0.0113541 0)
(2.21639 -0.0144365 0)
(2.22691 -0.0119186 0)
(2.24257 -0.0188039 0)
(2.26979 -0.0248537 0)
(2.79966 -0.0391617 0)
(0.823904 -0.027253 0)
(0.699291 0.0498214 0)
(1.02144 0.0705373 0)
(1.29368 0.0519778 0)
(1.54076 0.0185301 0)
(1.69224 -0.00126599 0)
(1.82996 -0.00778445 0)
(1.95291 -0.0117844 0)
(2.06017 -0.0145323 0)
(2.1546 -0.0165321 0)
(2.2382 -0.0186782 0)
(2.31226 -0.0203499 0)
(2.38153 -0.0216486 0)
(2.44438 -0.0218571 0)
(2.49551 -0.020485 0)
(2.54245 -0.0212238 0)
(2.58846 -0.0224924 0)
(2.63756 -0.0344556 0)
(2.6805 -0.0223569 0)
(2.67314 -0.000287293 0)
(2.55786 0.0781089 0)
(2.38305 0.130355 0)
(2.28379 0.111385 0)
(2.18887 0.0308209 0)
(2.19845 0.000420555 0)
(2.21333 -0.00454873 0)
(2.22722 -0.00535257 0)
(2.24189 -0.00894028 0)
(2.26803 -0.0100764 0)
)
;

boundaryField
{
    inlet
    {
        type            fixedValue;
        value           uniform (3 0 0);
    }
    outlet
    {
        type            inletOutlet;
        inletValue      uniform (3 0 0);
        value           nonuniform List<vector> 
30
(
(2.08669 0.0067513 0)
(2.09611 0.0223153 0)
(2.11995 0.0300966 0)
(2.15566 0.031194 0)
(2.19695 0.0516765 0)
(2.23932 0.0624269 0)
(2.27376 0.0795072 0)
(2.29941 0.0991821 0)
(2.31871 0.118731 0)
(2.33334 0.13891 0)
(2.34303 0.160067 0)
(2.35338 0.179031 0)
(2.36225 0.195259 0)
(2.37308 0.200781 0)
(2.38201 0.20353 0)
(2.37552 0.19374 0)
(2.35722 0.153557 0)
(2.3237 0.0920525 0)
(2.27073 0.00283703 0)
(2.23875 -0.0426863 0)
(2.20354 -0.0959048 0)
(2.19764 -0.0792611 0)
(2.19156 -0.0792782 0)
(2.1914 -0.0624817 0)
(2.20741 -0.0563699 0)
(2.22424 -0.0473858 0)
(2.2452 -0.0444454 0)
(2.2591 -0.0338175 0)
(2.26979 -0.0248537 0)
(2.26803 -0.0100764 0)
)
;
    }
    top
    {
        type            symmetryPlane;
    }
    bottom
    {
        type            symmetryPlane;
    }
    step
    {
        type            slip;
    }
    defaultFaces
    {
        type            empty;
    }
}


// ************************************************************************* //
