/*--------------------------------*- C++ -*----------------------------------*\
  =========                 |
  \\      /  F ield         | OpenFOAM: The Open Source CFD Toolbox
   \\    /   O peration     | Website:  https://openfoam.org
    \\  /    A nd           | Version:  6.0
     \\/     M anipulation  |
\*---------------------------------------------------------------------------*/
FoamFile
{
    version     2.0;
    format      ascii;
    class       volVectorField;
    location    "4";
    object      U;
}
// * * * * * * * * * * * * * * * * * * * * * * * * * * * * * * * * * * * * * //

dimensions      [0 1 -1 0 0 0 0];

internalField   nonuniform List<vector> 
3000
(
(3.09246 1.11449e-05 -0.0762116)
(3.11476 1.95694e-05 -0.0831111)
(3.11832 6.60636e-05 -0.0850854)
(3.11382 0.00012589 -0.0865159)
(3.09302 0.000229358 -0.0911604)
(2.99791 0.00046343 -0.104299)
(2.55162 0.00153678 -0.160923)
(1.40924 -0.000485731 -0.29622)
(0.123365 0.0255449 -0.322152)
(0.14088 0.0438542 -0.315427)
(3.09246 3.82595e-05 -0.0762145)
(3.11478 6.34849e-05 -0.0831033)
(3.11835 0.000221194 -0.0850854)
(3.11386 0.000427236 -0.0865051)
(3.0931 0.000802434 -0.091138)
(2.99814 0.00174899 -0.104223)
(2.55183 0.00576931 -0.161026)
(1.38987 0.0100485 -0.298544)
(0.16773 0.0565683 -0.320289)
(0.176905 0.0901366 -0.308064)
(3.09247 7.5198e-05 -0.0762225)
(3.11481 0.000117741 -0.0830837)
(3.11842 0.000422401 -0.0850882)
(3.11397 0.000824442 -0.0864834)
(3.09337 0.00158159 -0.0910872)
(2.99902 0.00361204 -0.104087)
(2.55589 0.0118313 -0.160664)
(1.39852 0.0314178 -0.296807)
(0.170089 0.0862847 -0.320048)
(0.187065 0.135128 -0.30371)
(3.0925 0.000122859 -0.0762374)
(3.11486 0.000184595 -0.0830486)
(3.11854 0.000674246 -0.0850952)
(3.11417 0.00132145 -0.0864485)
(3.09385 0.00254966 -0.0910039)
(3.0007 0.00587459 -0.103859)
(2.56355 0.0188346 -0.159947)
(1.42342 0.0508074 -0.293317)
(0.160754 0.129752 -0.31932)
(0.189265 0.195793 -0.301063)
(3.09253 0.000185715 -0.0762606)
(3.11494 0.000269083 -0.082994)
(3.11873 0.00100104 -0.0851072)
(3.11448 0.00196721 -0.0863972)
(3.09459 0.00379972 -0.0908819)
(3.00319 0.00874942 -0.103525)
(2.57396 0.0275584 -0.158844)
(1.4575 0.0742761 -0.289936)
(0.167192 0.193384 -0.31686)
(0.195846 0.274199 -0.297655)
(3.09258 0.000268317 -0.0762952)
(3.11505 0.000383091 -0.0829123)
(3.11901 0.00143764 -0.0851262)
(3.11492 0.00281773 -0.0863245)
(3.09568 0.00539719 -0.0907107)
(3.00682 0.0122469 -0.103044)
(2.58919 0.0380988 -0.157209)
(1.5158 0.100789 -0.282843)
(0.195061 0.269638 -0.313133)
(0.210479 0.366126 -0.293452)
(3.09265 0.000379676 -0.0763411)
(3.11522 0.00056525 -0.082798)
(3.1194 0.00207582 -0.0851525)
(3.11554 0.00400135 -0.0862279)
(3.09713 0.00750748 -0.0904811)
(3.0116 0.0170368 -0.102435)
(2.60861 0.0522526 -0.154911)
(1.58825 0.137095 -0.276097)
(0.235691 0.361532 -0.308623)
(0.231368 0.474417 -0.28837)
(3.09275 0.000528646 -0.0763858)
(3.11547 0.000910432 -0.0826519)
(3.11996 0.00289616 -0.0851901)
(3.11638 0.00532715 -0.0861119)
(3.09918 0.00953252 -0.0902156)
(3.01886 0.0207136 -0.101357)
(2.63691 0.0660642 -0.152136)
(1.6889 0.163354 -0.26107)
(0.292852 0.466546 -0.301935)
(0.25803 0.601046 -0.281407)
(3.09292 0.00070398 -0.0763777)
(3.11582 0.00132097 -0.0825012)
(3.12062 0.00378955 -0.0852024)
(3.11732 0.00673783 -0.0860015)
(3.10124 0.0116601 -0.0898953)
(3.0266 0.0243753 -0.100356)
(2.67119 0.0817257 -0.148405)
(1.77518 0.193984 -0.254727)
(0.358924 0.597103 -0.294405)
(0.28838 0.758697 -0.273788)
(3.09314 0.000912211 -0.0763676)
(3.11626 0.00171197 -0.0823148)
(3.12146 0.0048479 -0.0852217)
(3.11848 0.0085893 -0.0858646)
(3.10387 0.0148384 -0.0894997)
(3.0369 0.0307709 -0.0989672)
(2.7191 0.100198 -0.142801)
(1.88502 0.232806 -0.242683)
(0.439923 0.753272 -0.285715)
(0.311699 0.955532 -0.263129)
(3.00384 1.35758e-05 -0.0133071)
(3.01107 3.59052e-05 -0.0199203)
(3.01097 8.68718e-05 -0.0219407)
(3.00232 0.000197845 -0.0240611)
(2.96775 0.000429015 -0.0276906)
(2.86357 0.000909056 -0.0341476)
(2.50704 0.00222874 -0.0484861)
(0.740936 0.00781216 -0.102427)
(-0.509691 0.0290162 -0.0994774)
(0.438316 -0.0938847 -0.0906551)
(3.00385 4.50719e-05 -0.013308)
(3.0111 0.000116123 -0.0199195)
(3.01101 0.000277147 -0.0219401)
(3.0024 0.00062544 -0.0240564)
(2.96795 0.00134849 -0.0276779)
(2.8641 0.00286716 -0.0341156)
(2.50906 0.00676859 -0.0483803)
(0.761632 0.0233373 -0.101578)
(-0.517418 0.0702411 -0.100345)
(-0.0511787 0.0384759 -0.0939734)
(3.00387 8.60539e-05 -0.0133102)
(3.01116 0.000216704 -0.0199173)
(3.01109 0.000510594 -0.0219403)
(3.00259 0.0011415 -0.0240489)
(2.96837 0.00244731 -0.0276555)
(2.86507 0.00522453 -0.0340665)
(2.51219 0.012111 -0.0482297)
(0.774686 0.0410271 -0.101259)
(-0.508336 0.123229 -0.100143)
(-0.0777686 0.163427 -0.0930468)
(3.0039 0.000138487 -0.0133145)
(3.01126 0.000344997 -0.019913)
(3.01121 0.000806626 -0.0219415)
(3.00288 0.00178968 -0.0240389)
(2.96906 0.00381143 -0.027623)
(2.86673 0.00811519 -0.0339932)
(2.5173 0.0187264 -0.0480171)
(0.79037 0.0629913 -0.100954)
(-0.491268 0.186361 -0.0991586)
(-0.0781806 0.283845 -0.0914072)
(3.00394 0.0002082 -0.0133212)
(3.01141 0.000515736 -0.0199052)
(3.01139 0.00119762 -0.0219435)
(3.00332 0.00263286 -0.0240252)
(2.97007 0.00555424 -0.0275779)
(2.8692 0.0117567 -0.0338883)
(2.52502 0.02703 -0.0476995)
(0.810996 0.0898596 -0.100503)
(-0.466877 0.25947 -0.0977596)
(-0.0696839 0.399937 -0.0895561)
(3.00401 0.000308932 -0.0133315)
(3.01162 0.000760252 -0.0198913)
(3.01165 0.00173822 -0.0219472)
(3.00393 0.00374977 -0.024009)
(2.9715 0.00777996 -0.0275208)
(2.87277 0.0163027 -0.0337476)
(2.53604 0.037276 -0.0472795)
(0.850506 0.122226 -0.099969)
(-0.429354 0.342168 -0.0963768)
(-0.0536406 0.517273 -0.0873512)
(3.00411 0.000495466 -0.0133457)
(3.01193 0.0011702 -0.0198679)
(3.01202 0.00249939 -0.0219531)
(3.00476 0.00516011 -0.0239917)
(2.97344 0.0105202 -0.0274482)
(2.87752 0.0219595 -0.0335628)
(2.55079 0.0505054 -0.0467137)
(0.894823 0.162042 -0.099304)
(-0.383943 0.437325 -0.0947678)
(-0.0360254 0.643256 -0.085033)
(3.00429 0.000919377 -0.0133639)
(3.01236 0.00200488 -0.0198303)
(3.01253 0.0037154 -0.0219972)
(3.00586 0.00695684 -0.0239845)
(2.9759 0.0136601 -0.0273627)
(2.885 0.028343 -0.0332785)
(2.57308 0.0659598 -0.0459249)
(1.00452 0.209398 -0.0980624)
(-0.305831 0.546887 -0.0931885)
(-0.0165731 0.780771 -0.0822256)
(3.00471 0.00138939 -0.0133845)
(3.01294 0.00292389 -0.0197823)
(3.01321 0.00505853 -0.0220562)
(3.00722 0.00893583 -0.0239654)
(2.9792 0.0171108 -0.0272107)
(2.89367 0.0355929 -0.0328914)
(2.60028 0.0846417 -0.0448578)
(1.12521 0.270101 -0.095561)
(-0.209369 0.681603 -0.0913579)
(-0.00016101 0.935236 -0.0795753)
(3.00525 0.00174197 -0.0134106)
(3.01368 0.00364622 -0.0197259)
(3.01407 0.0062728 -0.0221376)
(3.00889 0.0109833 -0.0239468)
(2.98333 0.0208563 -0.027025)
(2.90549 0.0432182 -0.0323845)
(2.6391 0.102039 -0.0434225)
(1.34043 0.316405 -0.0915333)
(-0.0697584 0.833483 -0.0895613)
(0.0139946 1.10994 -0.0767737)
(2.97271 5.92643e-06 0.000733008)
(2.96457 2.87865e-05 -0.00225482)
(2.9578 8.15043e-05 -0.00342577)
(2.93783 0.000194623 -0.00512871)
(2.88777 0.000438477 -0.00766365)
(2.75941 0.000985555 -0.0117692)
(2.36663 0.00236021 -0.020249)
(0.783312 0.00734501 -0.0443937)
(-0.469129 0.0241773 -0.0457433)
(-0.327213 0.0413709 -0.0448785)
(2.97272 1.85667e-05 0.000731875)
(2.96459 9.42314e-05 -0.00225535)
(2.95785 0.000257585 -0.00342615)
(2.93794 0.000604467 -0.0051283)
(2.888 0.0013542 -0.00766083)
(2.75995 0.00304383 -0.0117604)
(2.36829 0.00728418 -0.0202224)
(0.787396 0.0223109 -0.0443853)
(-0.46674 0.0664649 -0.0457884)
(-0.290037 0.11534 -0.0434661)
(2.97274 3.30946e-05 0.00072918)
(2.96464 0.000180265 -0.00225602)
(2.95796 0.000473453 -0.00342929)
(2.93818 0.00108553 -0.00512851)
(2.88852 0.00240973 -0.00765458)
(2.76115 0.00541058 -0.0117403)
(2.37197 0.0129679 -0.0201501)
(0.799103 0.0395921 -0.0442842)
(-0.457125 0.126845 -0.0455828)
(-0.271994 0.223864 -0.0423608)
(2.97277 5.04873e-05 0.000724417)
(2.96473 0.000297796 -0.00225625)
(2.95815 0.000758692 -0.00343694)
(2.93856 0.00169796 -0.00513042)
(2.88936 0.00371663 -0.00764544)
(2.76313 0.00829582 -0.0117088)
(2.37807 0.0198742 -0.0200342)
(0.823266 0.0605821 -0.0440419)
(-0.432632 0.197846 -0.0449974)
(-0.253253 0.340144 -0.0411703)
(2.97282 7.36964e-05 0.000717027)
(2.96487 0.000469143 -0.00225524)
(2.95842 0.00115461 -0.00344862)
(2.93913 0.00250256 -0.00513427)
(2.89059 0.00536325 -0.0076336)
(2.76608 0.011853 -0.0116637)
(2.38731 0.0283325 -0.0198621)
(0.861677 0.0855599 -0.043652)
(-0.394442 0.273314 -0.0443227)
(-0.231293 0.45089 -0.0399484)
(2.97291 0.000113072 0.000706104)
(2.96508 0.000740019 -0.00225127)
(2.95881 0.00171819 -0.0034663)
(2.93992 0.00355576 -0.00514261)
(2.89231 0.0074199 -0.00762177)
(2.77025 0.0162291 -0.0116075)
(2.40029 0.0387014 -0.0196371)
(0.914248 0.11525 -0.0431068)
(-0.343937 0.354321 -0.0436177)
(-0.205679 0.561573 -0.0387779)
(2.97305 0.000203478 0.000690105)
(2.96539 0.00120171 -0.00224179)
(2.95935 0.00222191 -0.00349588)
(2.94098 0.00451107 -0.0051594)
(2.89466 0.00960224 -0.00760987)
(2.776 0.0213791 -0.0115332)
(2.41806 0.0514001 -0.019335)
(0.983749 0.15042 -0.0423859)
(-0.280724 0.444179 -0.0429517)
(-0.174971 0.676402 -0.0374382)
(2.97328 0.000427556 0.000663269)
(2.96573 0.00196114 -0.00222526)
(2.95986 0.0028821 -0.00355585)
(2.94224 0.00562811 -0.00519546)
(2.89756 0.0121753 -0.00760542)
(2.78329 0.0276167 -0.0114459)
(2.44026 0.0670427 -0.0190039)
(1.06864 0.193884 -0.0414484)
(-0.204925 0.547013 -0.0422049)
(-0.140465 0.79936 -0.0362547)
(2.97365 0.000680743 0.000608661)
(2.96615 0.00274478 -0.00221453)
(2.96042 0.0037439 -0.00364533)
(2.94378 0.00706895 -0.00524146)
(2.90131 0.0152375 -0.00759166)
(2.79276 0.0348322 -0.0113326)
(2.46927 0.0854924 -0.0185833)
(1.18024 0.24631 -0.0404312)
(-0.11252 0.667042 -0.0416086)
(-0.102716 0.93641 -0.0348575)
(2.97412 0.000860238 0.000539313)
(2.96666 0.00335524 -0.00220384)
(2.96108 0.00457675 -0.003763)
(2.94566 0.00862091 -0.00530141)
(2.906 0.0185507 -0.00757554)
(2.805 0.042392 -0.0112008)
(2.5076 0.103863 -0.0181259)
(1.33272 0.294712 -0.0394329)
(0.00207077 0.809206 -0.0416061)
(-0.0624316 1.09064 -0.0338746)
(2.97611 1.65085e-06 0.00241481)
(2.95963 2.10212e-05 0.0025618)
(2.94429 6.85366e-05 0.00201906)
(2.91348 0.000177545 0.00108187)
(2.8473 0.000426966 -0.00050656)
(2.69212 0.000999206 -0.00314846)
(2.2464 0.00241585 -0.00819682)
(0.563213 0.00710923 -0.0208979)
(-0.691981 0.0201172 -0.0218984)
(-0.454168 0.0591352 -0.0205492)
(2.97612 4.5381e-06 0.00241465)
(2.95965 7.1928e-05 0.00256125)
(2.94434 0.000196812 0.00201568)
(2.9136 0.000526384 0.00107963)
(2.84758 0.0013049 -0.00050706)
(2.69277 0.00310438 -0.00314574)
(2.24814 0.00758981 -0.0081892)
(0.56528 0.0224511 -0.0209072)
(-0.692744 0.0652853 -0.0219212)
(-0.43125 0.148836 -0.0202058)
(2.97614 6.72615e-06 0.00241447)
(2.95969 0.000145654 0.00256036)
(2.94444 0.000328229 0.0020062)
(2.91385 0.00089881 0.00107394)
(2.84816 0.00228621 -0.000507357)
(2.69416 0.0055135 -0.00313697)
(2.25213 0.0136456 -0.00816417)
(0.576424 0.0413954 -0.0208621)
(-0.680446 0.129997 -0.0218342)
(-0.402064 0.266362 -0.0195347)
(2.97617 8.92047e-06 0.00241448)
(2.95976 0.000253608 0.00255939)
(2.94459 0.000517087 0.00198809)
(2.91424 0.00138041 0.00106297)
(2.84909 0.00349072 -0.000508717)
(2.69642 0.00841155 -0.0031236)
(2.25905 0.0209186 -0.00811386)
(0.603055 0.064399 -0.0207026)
(-0.650979 0.205605 -0.021629)
(-0.373865 0.386873 -0.018823)
(2.97622 1.27458e-05 0.00241493)
(2.95986 0.00042101 0.00255859)
(2.94481 0.000802678 0.00195978)
(2.91482 0.00202096 0.00104521)
(2.85044 0.0049857 -0.000512288)
(2.69978 0.0119153 -0.00310575)
(2.26965 0.0296476 -0.00803549)
(0.645509 0.091109 -0.020443)
(-0.606857 0.284385 -0.0213889)
(-0.342062 0.501391 -0.0180581)
(2.97631 2.32777e-05 0.00241618)
(2.96002 0.000693631 0.00255858)
(2.94512 0.00118763 0.00191593)
(2.9156 0.00280535 0.00101704)
(2.85232 0.0067793 -0.00051957)
(2.70449 0.0161384 -0.00308236)
(2.28447 0.0402084 -0.00792422)
(0.701639 0.122233 -0.0201432)
(-0.551696 0.366509 -0.0211792)
(-0.308056 0.615003 -0.0173627)
(2.97646 5.18016e-05 0.00241814)
(2.96025 0.00112913 0.00255926)
(2.94551 0.00149654 0.00184722)
(2.91663 0.00340996 0.000973114)
(2.85483 0.00853628 -0.000532519)
(2.71092 0.0209239 -0.00305293)
(2.30445 0.0528529 -0.00777965)
(0.773645 0.158805 -0.0197908)
(-0.484928 0.456309 -0.0210138)
(-0.271294 0.732215 -0.0165632)
(2.9767 0.000119204 0.00241858)
(2.9605 0.00171565 0.00255754)
(2.94587 0.00180566 0.00177502)
(2.91789 0.00397931 0.00091969)
(2.8581 0.0104583 -0.000556213)
(2.71923 0.0265494 -0.00302774)
(2.32973 0.0680509 -0.0076154)
(0.863662 0.201641 -0.01934)
(-0.405502 0.557348 -0.0208524)
(-0.232934 0.857318 -0.0158977)
(2.97705 0.000197313 0.00240977)
(2.9608 0.00228345 0.0025478)
(2.94624 0.00219298 0.00168286)
(2.91946 0.00476558 0.00085098)
(2.8623 0.0128307 -0.000588436)
(2.72999 0.0331461 -0.00300533)
(2.3618 0.0857126 -0.0074504)
(0.976631 0.251107 -0.0189691)
(-0.310863 0.670127 -0.0208804)
(-0.194686 0.991081 -0.014807)
(2.97748 0.000249364 0.00239625)
(2.96114 0.00272002 0.00253343)
(2.94667 0.00261927 0.0015685)
(2.92138 0.00580645 0.000767029)
(2.86754 0.0157539 -0.000626371)
(2.74356 0.0407974 -0.00298115)
(2.40262 0.105321 -0.00728771)
(1.1222 0.302903 -0.0187001)
(-0.197785 0.812333 -0.0212973)
(-0.153402 1.14157 -0.0144277)
(2.98596 3.13287e-06 0.00102822)
(2.96964 1.96581e-05 0.00165633)
(2.95058 3.74578e-05 0.00142586)
(2.9141 0.000130849 0.0010554)
(2.83982 0.000373526 0.000479209)
(2.67044 0.000952348 -0.000427779)
(2.19035 0.00236698 -0.00212337)
(0.430047 0.00689051 -0.00627568)
(-0.831947 0.0192793 -0.0066245)
(-0.559411 0.0727255 -0.00603565)
(2.98597 1.11398e-05 0.00102839)
(2.96965 7.00824e-05 0.0016561)
(2.95062 9.88924e-05 0.00142294)
(2.91421 0.000372917 0.00105375)
(2.8401 0.0011277 0.000478727)
(2.67108 0.00295764 -0.000426861)
(2.19206 0.00748709 -0.00212354)
(0.431858 0.0222526 -0.00627951)
(-0.829825 0.065694 -0.00663)
(-0.52129 0.168173 -0.00596625)
(2.98598 2.35468e-05 0.00102892)
(2.96967 0.000148408 0.00165567)
(2.95069 0.000152144 0.00141656)
(2.91445 0.000606677 0.00104976)
(2.84069 0.00193798 0.000477528)
(2.67249 0.00521322 -0.000424272)
(2.19612 0.0135422 -0.00212096)
(0.443118 0.0420314 -0.00626825)
(-0.815192 0.132069 -0.00660264)
(-0.485555 0.29175 -0.00575565)
(2.98602 4.24907e-05 0.00103013)
(2.9697 0.000267792 0.00165504)
(2.95078 0.000243177 0.00140592)
(2.91483 0.000908774 0.00104235)
(2.84163 0.00291405 0.0004746)
(2.6748 0.0078831 -0.000421353)
(2.20328 0.0208055 -0.00210872)
(0.470626 0.0661448 -0.0062205)
(-0.783502 0.209564 -0.0065393)
(-0.453197 0.416496 -0.00550414)
(2.98607 7.23867e-05 0.00103235)
(2.96974 0.000457222 0.00165425)
(2.95092 0.000389852 0.00138927)
(2.91537 0.00129774 0.00103051)
(2.84302 0.00409863 0.000469486)
(2.67826 0.0111 -0.000418171)
(2.21427 0.0295121 -0.00208626)
(0.513999 0.0939292 -0.00614428)
(-0.737326 0.289128 -0.00647243)
(-0.416621 0.534225 -0.0052423)
(2.98617 0.00011935 0.00103622)
(2.96981 0.00075553 0.0016533)
(2.95109 0.000560362 0.0013634)
(2.9161 0.00170088 0.0010122)
(2.84492 0.00542809 0.00046185)
(2.6831 0.014896 -0.000412478)
(2.22979 0.0399222 -0.00205121)
(0.572228 0.125897 -0.00603545)
(-0.679667 0.370893 -0.00644392)
(-0.377078 0.650448 -0.00499791)
(2.98633 0.000185942 0.00104222)
(2.9699 0.0011792 0.00165153)
(2.95127 0.000696819 0.00132432)
(2.91705 0.00200504 0.000984499)
(2.84747 0.0067843 0.000449989)
(2.68964 0.0192511 -0.000405706)
(2.25048 0.0523224 -0.00200688)
(0.646088 0.163077 -0.00590721)
(-0.610226 0.460339 -0.00642667)
(-0.334057 0.770466 -0.00473096)
(2.98656 0.000263023 0.00105025)
(2.96999 0.00167113 0.00164616)
(2.95141 0.000779509 0.00128393)
(2.91822 0.00224431 0.000954875)
(2.85078 0.00826618 0.000435182)
(2.69826 0.024327 -0.00040146)
(2.27725 0.0668975 -0.00195836)
(0.739566 0.205124 -0.00574893)
(-0.528196 0.558877 -0.00642651)
(-0.292752 0.896336 -0.00437406)
(2.98688 0.000333977 0.0010583)
(2.97009 0.002123 0.00163578)
(2.95152 0.000814545 0.00123411)
(2.91966 0.00252017 0.000919522)
(2.85498 0.0100355 0.000416841)
(2.70923 0.0302757 -0.000401233)
(2.31036 0.0837901 -0.00191804)
(0.851912 0.252861 -0.00567696)
(-0.431518 0.668379 -0.00678725)
(-0.250513 1.02722 -0.00347163)
(2.98727 0.000386656 0.00106684)
(2.97017 0.00246266 0.00162175)
(2.95162 0.000918174 0.00117345)
(2.92144 0.00310838 0.00087718)
(2.86022 0.0125265 0.000396057)
(2.72295 0.037796 -0.00040024)
(2.35169 0.104168 -0.00187779)
(0.992378 0.307576 -0.00561653)
(-0.317656 0.813659 -0.00671498)
(-0.198016 1.18338 -0.0038637)
(2.98596 3.11511e-06 -0.00102824)
(2.96964 1.95377e-05 -0.0016565)
(2.95058 3.71586e-05 -0.0014263)
(2.91409 0.000130237 -0.00105639)
(2.83982 0.000372367 -0.000481206)
(2.67043 0.000950177 0.000423786)
(2.1903 0.00236272 0.00211472)
(0.429894 0.00688204 0.0062529)
(-0.832194 0.0192476 0.00659548)
(-0.55921 0.0726778 0.00599001)
(2.98597 1.10824e-05 -0.00102841)
(2.96965 6.9678e-05 -0.0016563)
(2.95062 9.80111e-05 -0.00142342)
(2.91421 0.000371262 -0.00105481)
(2.84009 0.0011248 -0.000480862)
(2.67107 0.00295269 0.000422612)
(2.19201 0.00747865 0.00211436)
(0.431708 0.0222395 0.00625564)
(-0.83007 0.0656499 0.00659962)
(-0.521149 0.168142 0.0059208)
(2.98598 2.34403e-05 -0.00102895)
(2.96967 0.00014765 -0.00165594)
(2.95069 0.000150452 -0.00141713)
(2.91445 0.000603886 -0.00105094)
(2.84068 0.00193392 -0.00047984)
(2.67247 0.00520787 0.000419775)
(2.19608 0.0135364 0.00211146)
(0.442961 0.0420313 0.00624409)
(-0.815443 0.132008 0.00656977)
(-0.485496 0.291665 0.00571189)
(2.98602 4.23216e-05 -0.00103018)
(2.9697 0.000266609 -0.00165544)
(2.95078 0.000240477 -0.00140666)
(2.91482 0.000904693 -0.00104369)
(2.84163 0.00290903 -0.000477056)
(2.67479 0.00787833 0.000416804)
(2.20324 0.0208053 0.00209953)
(0.470453 0.0661633 0.00619797)
(-0.78378 0.209493 0.00650192)
(-0.453204 0.416327 0.0054559)
(2.98607 7.21407e-05 -0.00103244)
(2.96974 0.000455553 -0.00165484)
(2.95092 0.00038629 -0.00139026)
(2.91536 0.00129274 -0.00103206)
(2.84301 0.00409326 -0.000472052)
(2.67825 0.0110967 0.00041373)
(2.21425 0.0295183 0.00207789)
(0.513794 0.0939572 0.00612472)
(-0.737645 0.28902 0.0064289)
(-0.416735 0.533928 0.00518533)
(2.98617 0.000119029 -0.00103637)
(2.96981 0.000753399 -0.00165416)
(2.95109 0.000556491 -0.00136468)
(2.9161 0.00169573 -0.00101395)
(2.84492 0.0054228 -0.000464426)
(2.68309 0.0148927 0.000408425)
(2.22977 0.0399262 0.00204432)
(0.571958 0.125901 0.00601934)
(-0.680062 0.370728 0.00638975)
(-0.377184 0.650096 0.00492889)
(2.98632 0.000185598 -0.00104245)
(2.9699 0.00117686 -0.0016527)
(2.95127 0.000693754 -0.00132581)
(2.91705 0.00200087 -0.000986384)
(2.84746 0.006779 -0.000452561)
(2.68963 0.0192433 0.000401914)
(2.25045 0.0523051 0.00200075)
(0.64573 0.162972 0.00589064)
(-0.610684 0.459946 0.00635563)
(-0.334669 0.770756 0.0046428)
(2.98656 0.000262734 -0.00105056)
(2.96999 0.00166927 -0.00164766)
(2.95141 0.000777605 -0.00128536)
(2.91821 0.00224129 -0.00095669)
(2.85077 0.00826039 -0.000437751)
(2.69825 0.0243143 0.000397342)
(2.27717 0.0668579 0.00195064)
(0.738841 0.204765 0.00571855)
(-0.528366 0.555222 0.00631765)
(-0.293028 0.899708 0.00440428)
(2.98688 0.00033384 -0.00105868)
(2.97008 0.0021223 -0.00163743)
(2.95152 0.000813657 -0.00123553)
(2.91965 0.00251845 -0.000921485)
(2.85497 0.0100315 -0.000419873)
(2.70921 0.0302659 0.000396013)
(2.31018 0.0837622 0.00190629)
(0.847798 0.252726 0.0056001)
(-0.430945 0.66792 0.00617778)
(-0.233752 1.05363 0.00398382)
(2.98726 0.000386728 -0.00106723)
(2.97017 0.00246327 -0.00162336)
(2.95161 0.00091872 -0.00117489)
(2.92143 0.00310928 -0.000879157)
(2.86021 0.0125284 -0.00039911)
(2.72293 0.0377994 0.000394967)
(2.35157 0.104178 0.00186681)
(0.990031 0.307771 0.0055734)
(-0.319092 0.814528 0.00652851)
(-0.182222 1.20284 0.00381961)
(2.97611 1.63433e-06 -0.00241488)
(2.95963 2.0773e-05 -0.002562)
(2.94428 6.78905e-05 -0.00201946)
(2.91347 0.00017618 -0.00108266)
(2.84728 0.000424226 0.000504949)
(2.69208 0.000993712 0.00314519)
(2.24628 0.00240454 0.00818939)
(0.562699 0.00708537 0.0208742)
(-0.692649 0.0200555 0.0218622)
(-0.453202 0.0591356 0.0205035)
(2.97612 4.43433e-06 -0.00241472)
(2.95965 7.0907e-05 -0.00256145)
(2.94434 0.000194591 -0.0020161)
(2.91359 0.000522109 -0.00108045)
(2.84756 0.00129704 0.000505396)
(2.69273 0.00309 0.00314238)
(2.24801 0.00756351 0.00818171)
(0.564795 0.0224083 0.0208828)
(-0.693378 0.0651748 0.0218867)
(-0.430815 0.149031 0.020166)
(2.97614 6.43079e-06 -0.00241455)
(2.95969 0.000143464 -0.00256061)
(2.94443 0.000323593 -0.00200669)
(2.91384 0.000890895 -0.00107489)
(2.84814 0.0022736 0.000505487)
(2.69412 0.0054939 0.00313323)
(2.25201 0.0136177 0.00815605)
(0.575947 0.0413818 0.020837)
(-0.681036 0.129818 0.021799)
(-0.401989 0.266508 0.0195001)
(2.97617 8.34857e-06 -0.00241461)
(2.95976 0.000250029 -0.00255974)
(2.94458 0.000509575 -0.00198871)
(2.91423 0.00136858 -0.00106413)
(2.84907 0.00347397 0.000506483)
(2.69638 0.00838954 0.00311924)
(2.25895 0.0208977 0.00810486)
(0.602563 0.064435 0.0206795)
(-0.651596 0.205387 0.021589)
(-0.373965 0.386826 0.0187838)
(2.97622 1.18035e-05 -0.00241513)
(2.95986 0.000415855 -0.0025591)
(2.9448 0.000792503 -0.00196058)
(2.91481 0.00200597 -0.00104666)
(2.85043 0.00496648 0.000509578)
(2.69975 0.0118944 0.00310062)
(2.26958 0.0296403 0.00802546)
(0.644975 0.0911929 0.0204231)
(-0.607544 0.284097 0.0213436)
(-0.342267 0.501126 0.0180156)
(2.97631 2.18766e-05 -0.00241649)
(2.96002 0.000686959 -0.0025593)
(2.94511 0.00117585 -0.00191696)
(2.91559 0.00278913 -0.00101883)
(2.8523 0.00675994 0.000516339)
(2.70446 0.0161195 0.00307645)
(2.28444 0.0402045 0.00791368)
(0.701016 0.122291 0.02013)
(-0.552526 0.36606 0.0211281)
(-0.308339 0.614432 0.0173126)
(2.97646 5.00451e-05 -0.00241863)
(2.96025 0.00112127 -0.00256023)
(2.9455 0.00148613 -0.00184851)
(2.91662 0.00339786 -0.000975183)
(2.85482 0.00852252 0.000528936)
(2.71089 0.0209071 0.00304656)
(2.30442 0.0528246 0.00776934)
(0.772768 0.158665 0.0197864)
(-0.48595 0.455531 0.0209515)
(-0.271763 0.731524 0.0165006)
(2.9767 0.000117578 -0.00241932)
(2.96049 0.00170955 -0.00255884)
(2.94586 0.00179916 -0.00177632)
(2.91788 0.00397133 -0.000921757)
(2.85808 0.0104448 0.000552761)
(2.71918 0.0265187 0.00302194)
(2.32959 0.0679536 0.00760605)
(0.862093 0.201073 0.019344)
(-0.406841 0.553372 0.0207885)
(-0.234334 0.85592 0.0156958)
(2.97705 0.000196495 -0.0024106)
(2.96079 0.00228171 -0.00254918)
(2.94623 0.0021909 -0.0016842)
(2.91944 0.00476149 -0.000853205)
(2.86228 0.0128209 0.000584522)
(2.72992 0.0331207 0.0029982)
(2.36149 0.0856368 0.00743873)
(0.971325 0.250881 0.0189768)
(-0.318396 0.668032 0.0209112)
(-0.198036 0.983424 0.014211)
(2.97748 0.000249544 -0.00239706)
(2.96114 0.00272228 -0.00253475)
(2.94666 0.00262212 -0.00156981)
(2.92136 0.00581096 -0.000769143)
(2.86751 0.0157625 0.0006227)
(2.7435 0.040815 0.0029745)
(2.40239 0.10536 0.00727596)
(1.1188 0.303186 0.018689)
(-0.204989 0.812645 0.0212153)
(-0.15644 1.13332 0.0143974)
(2.97271 5.99925e-06 -0.000733227)
(2.96456 2.86928e-05 0.00225462)
(2.9578 8.10257e-05 0.00342543)
(2.93782 0.000193398 0.00512809)
(2.88775 0.000435897 0.00766242)
(2.75935 0.000980468 0.0117669)
(2.36642 0.00235222 0.0202444)
(0.78233 0.00733099 0.0443573)
(-0.471069 0.0246851 0.0457274)
(-0.322448 0.0416645 0.0448453)
(2.97272 1.83879e-05 -0.00073206)
(2.96459 9.30542e-05 0.00225517)
(2.95785 0.000254795 0.00342585)
(2.93793 0.000598879 0.00512776)
(2.88798 0.00134351 0.00765984)
(2.7599 0.00302316 0.0117585)
(2.36809 0.00724625 0.0202197)
(0.786441 0.0222508 0.0443586)
(-0.467934 0.0666832 0.0457682)
(-0.28945 0.116626 0.0434623)
(2.97273 3.21596e-05 -0.000729395)
(2.96464 0.000176851 0.00225584)
(2.95796 0.000466568 0.00342895)
(2.93817 0.00107312 0.0051279)
(2.88849 0.00238752 0.00765345)
(2.76109 0.00536906 0.011738)
(2.37179 0.0128925 0.0201466)
(0.798173 0.0395306 0.0442587)
(-0.45819 0.126764 0.0455522)
(-0.272115 0.224848 0.0423486)
(2.97277 4.86792e-05 -0.000724736)
(2.96473 0.000291855 0.00225603)
(2.95814 0.000747344 0.0034365)
(2.93855 0.00167856 0.00512954)
(2.88933 0.00368365 0.0076437)
(2.76307 0.00823689 0.0117051)
(2.37792 0.0197757 0.0200271)
(0.82251 0.0605657 0.0440164)
(-0.433522 0.197616 0.0449638)
(-0.253682 0.34062 0.0411546)
(2.97282 7.08857e-05 -0.00071751)
(2.96486 0.000460454 0.00225494)
(2.95841 0.00113877 0.00344801)
(2.93911 0.00247685 0.00513298)
(2.89056 0.00532199 0.00763094)
(2.76603 0.0117831 0.0116578)
(2.38724 0.0282281 0.0198497)
(0.86121 0.0856421 0.0436234)
(-0.395179 0.272977 0.0442871)
(-0.231807 0.45101 0.039932)
(2.97291 0.000109002 -0.00070682)
(2.96507 0.000728534 0.00225084)
(2.9588 0.00169871 0.00346543)
(2.9399 0.00352659 0.00514073)
(2.89228 0.00737673 0.00761781)
(2.7702 0.0161605 0.0115985)
(2.40035 0.0386078 0.0196174)
(0.914322 0.115386 0.0430823)
(-0.344524 0.353836 0.043581)
(-0.206138 0.561297 0.0387623)
(2.97304 0.000197291 -0.000691143)
(2.96538 0.00118634 0.0022412)
(2.95933 0.00220148 0.00349471)
(2.94096 0.00448475 0.00515695)
(2.89463 0.00956904 0.00760476)
(2.77597 0.0213377 0.0115213)
(2.41825 0.0513389 0.0193093)
(0.984347 0.150387 0.0423747)
(-0.281212 0.443386 0.042917)
(-0.175372 0.675694 0.0374282)
(2.97327 0.000422771 -0.000665027)
(2.96572 0.00194979 0.00222438)
(2.95985 0.00286919 0.0035542)
(2.94222 0.00561136 0.00519239)
(2.89754 0.0121503 0.00759912)
(2.78321 0.0275717 0.0114364)
(2.44022 0.0669314 0.0189757)
(1.06881 0.193354 0.0414571)
(-0.205695 0.544924 0.0421799)
(-0.140853 0.798107 0.0362245)
(2.97364 0.000680116 -0.000610417)
(2.96614 0.00274347 0.00221359)
(2.96041 0.00374249 0.00364364)
(2.94375 0.00706642 0.00523854)
(2.90127 0.0152306 0.00758591)
(2.79268 0.0348078 0.0113211)
(2.46918 0.0854008 0.0185557)
(1.17896 0.24571 0.0404618)
(-0.115669 0.665604 0.0418074)
(-0.103062 0.935108 0.0347037)
(2.97411 0.000861987 -0.000540926)
(2.96665 0.00336036 0.00220297)
(2.96107 0.0045841 0.0037615)
(2.94564 0.00863363 0.0052989)
(2.90596 0.0185749 0.00757072)
(2.80491 0.04244 0.0111915)
(2.50744 0.103938 0.0181036)
(1.33134 0.29455 0.0394219)
(-0.00146551 0.80892 0.0415836)
(-0.0627001 1.0897 0.0338497)
(3.00384 1.39054e-05 0.0133069)
(3.01107 3.62117e-05 0.0199204)
(3.01097 8.70723e-05 0.0219401)
(3.00231 0.000198107 0.0240607)
(2.96773 0.000430819 0.0276899)
(2.86347 0.000917657 0.0341469)
(2.50666 0.00226098 0.048489)
(0.741066 0.0080435 0.102347)
(-0.508385 0.0302973 0.0995371)
(0.435346 -0.0813278 0.0906481)
(3.00385 4.4971e-05 0.0133078)
(3.01109 0.000115305 0.0199195)
(3.01101 0.000274868 0.0219397)
(3.00239 0.000620616 0.0240562)
(2.96792 0.00134039 0.0276782)
(2.86404 0.0028562 0.0341156)
(2.50886 0.00675961 0.0483842)
(0.760553 0.023452 0.101541)
(-0.519038 0.0710112 0.100335)
(-0.0487116 0.0417367 0.0939394)
(3.00387 8.42774e-05 0.0133101)
(3.01115 0.000212659 0.0199174)
(3.01108 0.000502258 0.0219399)
(3.00257 0.00112473 0.0240488)
(2.96834 0.00241377 0.027656)
(2.86502 0.00515308 0.0340669)
(2.512 0.0119596 0.0482335)
(0.774178 0.0407237 0.101238)
(-0.509616 0.123058 0.100121)
(-0.0779292 0.163848 0.093033)
(3.0039 0.000134991 0.0133142)
(3.01125 0.000337491 0.0199131)
(3.0112 0.000791848 0.021941)
(3.00287 0.00176074 0.0240385)
(2.96902 0.00375387 0.0276231)
(2.86665 0.00798928 0.0339925)
(2.51711 0.0184656 0.0480138)
(0.790137 0.0624688 0.100898)
(-0.492069 0.185818 0.0991522)
(-0.0798428 0.283711 0.0914025)
(3.00394 0.000202945 0.0133209)
(3.0114 0.000504644 0.0199054)
(3.01139 0.00117645 0.0219428)
(3.0033 0.00259267 0.0240245)
(2.97002 0.00547602 0.0275774)
(2.86911 0.0115847 0.0338855)
(2.52485 0.0266841 0.0476848)
(0.81258 0.0892477 0.100382)
(-0.466121 0.258674 0.0977361)
(-0.0722672 0.399527 0.089563)
(3.004 0.000301521 0.013331)
(3.01161 0.000745332 0.0198916)
(3.01164 0.00171172 0.021946)
(3.00391 0.00370275 0.0240078)
(2.97144 0.00769249 0.0275193)
(2.87267 0.0161103 0.0337414)
(2.53596 0.0369015 0.0472446)
(0.852904 0.121652 0.0997239)
(-0.427633 0.341242 0.0963323)
(-0.0568741 0.516743 0.0873707)
(3.0041 0.000482476 0.0133449)
(3.01192 0.00114796 0.0198683)
(3.012 0.00246608 0.0219516)
(3.00474 0.00510895 0.0239897)
(2.97337 0.0104295 0.0274456)
(2.87747 0.0217875 0.0335505)
(2.55095 0.050173 0.0466523)
(0.898959 0.161254 0.0989123)
(-0.381225 0.436118 0.0946777)
(-0.0399143 0.642655 0.0850661)
(3.00429 0.000910702 0.0133625)
(3.01233 0.00198935 0.019831)
(3.01252 0.00369414 0.0219945)
(3.00585 0.0069285 0.0239809)
(2.97593 0.0136139 0.02735)
(2.88447 0.0282809 0.0332724)
(2.5719 0.0658501 0.0458983)
(1.00131 0.208836 0.0977163)
(-0.306135 0.545648 0.0930604)
(-0.0207411 0.780449 0.0822656)
(3.0047 0.001391 0.0133835)
(3.01292 0.00292471 0.0197829)
(3.0132 0.00506096 0.0220538)
(3.0072 0.00894473 0.0239626)
(2.97915 0.0171382 0.0272048)
(2.8934 0.0356579 0.0328817)
(2.59969 0.084752 0.0448146)
(1.12203 0.269649 0.0952838)
(-0.211494 0.680521 0.0913393)
(-0.00455832 0.935846 0.079612)
(3.00524 0.00174661 0.0134098)
(3.01366 0.00365468 0.0197264)
(3.01406 0.0062877 0.0221356)
(3.00887 0.0110119 0.0239446)
(2.98327 0.0209165 0.0270206)
(2.90524 0.0433679 0.0323783)
(2.63852 0.102368 0.0433984)
(1.33798 0.316399 0.0913453)
(-0.0724047 0.832745 0.0894293)
(0.0100831 1.11074 0.0767576)
(3.09245 1.15644e-05 0.0762108)
(3.11476 1.96096e-05 0.0831132)
(3.11831 6.72715e-05 0.0850843)
(3.11381 0.000129113 0.0865171)
(3.09298 0.000240154 0.0911631)
(2.99776 0.000518779 0.104316)
(2.55107 0.0016979 0.160967)
(1.40666 0.000426053 0.296518)
(0.134059 0.0211749 0.321651)
(0.154675 0.0374757 0.313979)
(3.09246 3.84068e-05 0.0762141)
(3.11477 6.28987e-05 0.0831047)
(3.11834 0.000220852 0.0850847)
(3.11385 0.000427607 0.0865061)
(3.09308 0.000808719 0.0911411)
(2.99807 0.00180073 0.104227)
(2.55158 0.00590894 0.161067)
(1.38851 0.0109514 0.298341)
(0.157092 0.0517918 0.321194)
(0.17252 0.0814343 0.307862)
(3.09247 7.38404e-05 0.076222)
(3.1148 0.000115511 0.0830852)
(3.11841 0.000415557 0.0850876)
(3.11396 0.000810978 0.0864846)
(3.09334 0.00155508 0.0910908)
(2.99896 0.00354994 0.104091)
(2.55559 0.0116126 0.160719)
(1.39712 0.0304353 0.296559)
(0.163803 0.0847093 0.320526)
(0.180615 0.129233 0.304592)
(3.0925 0.000120055 0.0762365)
(3.11486 0.000180364 0.0830508)
(3.11853 0.000660556 0.0850944)
(3.11416 0.00129433 0.08645)
(3.09382 0.00249426 0.0910085)
(3.00058 0.00573058 0.103866)
(2.5629 0.0183651 0.16002)
(1.41967 0.0485537 0.293633)
(0.158844 0.128349 0.319288)
(0.183753 0.192583 0.301817)
(3.09253 0.000181572 0.0762592)
(3.11493 0.000262661 0.0829973)
(3.11872 0.000980873 0.0851059)
(3.11446 0.0019278 0.086399)
(3.09454 0.00371973 0.0908881)
(3.00298 0.00854051 0.103533)
(2.57287 0.0268922 0.158979)
(1.44963 0.0708297 0.290655)
(0.164171 0.190403 0.316863)
(0.190381 0.27181 0.298306)
(3.09258 0.000262644 0.0762931)
(3.11505 0.000374602 0.0829171)
(3.11899 0.00141254 0.0851244)
(3.11489 0.00276995 0.0863267)
(3.0956 0.00530244 0.0907188)
(3.0065 0.012007 0.103053)
(2.58745 0.0373632 0.157435)
(1.50085 0.0969666 0.284551)
(0.188416 0.265886 0.313312)
(0.203964 0.364086 0.294127)
(3.09264 0.000368931 0.0763384)
(3.11521 0.000554451 0.0828041)
(3.11938 0.00204195 0.0851502)
(3.1155 0.00393231 0.0862299)
(3.09702 0.00734021 0.0904913)
(3.01117 0.0163867 0.10243)
(2.60644 0.0511782 0.155231)
(1.56659 0.134424 0.278594)
(0.225717 0.357837 0.308908)
(0.223427 0.472672 0.289081)
(3.09274 0.000523864 0.076378)
(3.11545 0.000902939 0.082666)
(3.11992 0.00287768 0.0851827)
(3.11632 0.00529504 0.0861165)
(3.09893 0.00946843 0.090214)
(3.01798 0.020522 0.101491)
(2.63512 0.0656336 0.152258)
(1.66899 0.164075 0.263933)
(0.282513 0.464309 0.302529)
(0.249435 0.599862 0.282213)
(3.09291 0.000708895 0.0763742)
(3.1158 0.00132087 0.0825101)
(3.12059 0.00379849 0.0851983)
(3.11727 0.00676542 0.0860036)
(3.10108 0.0117532 0.0899014)
(3.026 0.0248283 0.100392)
(2.66942 0.0824536 0.14863)
(1.75823 0.198643 0.256986)
(0.350053 0.596642 0.295034)
(0.279639 0.758633 0.274614)
(3.09313 0.000916742 0.0763653)
(3.11625 0.00171656 0.082322)
(3.12143 0.00486597 0.0852184)
(3.11844 0.00862737 0.0858665)
(3.10375 0.0149261 0.0895041)
(3.03647 0.0310575 0.0990042)
(2.71785 0.100979 0.142825)
(1.87325 0.237655 0.243849)
(0.431676 0.753936 0.286196)
(0.302379 0.956647 0.263938)
(3.09385 0.000898056 -0.0763779)
(3.11767 0.00172314 -0.0817029)
(3.12414 0.0049521 -0.0853558)
(3.12227 0.0091861 -0.0855)
(3.11224 0.0157784 -0.0883505)
(3.06757 0.0311751 -0.0953098)
(2.87288 0.0927062 -0.122858)
(2.23305 0.249817 -0.216593)
(1.13931 0.864123 -0.268708)
(0.793471 1.16659 -0.259386)
(3.09474 0.000644567 -0.0763021)
(3.11958 0.00224322 -0.0810664)
(3.12825 0.00560492 -0.0851771)
(3.12808 0.011147 -0.0850705)
(3.12268 0.0183719 -0.0869604)
(3.09921 0.0319437 -0.0919123)
(2.99614 0.0728864 -0.105842)
(2.53777 0.224124 -0.174208)
(1.88319 0.698377 -0.233285)
(1.50776 0.989476 -0.246374)
(3.09633 0.000506721 -0.0750255)
(3.12331 0.00209398 -0.0814983)
(3.13455 0.00436429 -0.0835663)
(3.13699 0.01164 -0.0851411)
(3.13529 0.020884 -0.0852507)
(3.12721 0.0341936 -0.0873591)
(3.09393 0.0621393 -0.0915256)
(2.90305 0.166682 -0.119481)
(2.47998 0.460309 -0.164957)
(2.15626 0.694651 -0.200593)
(3.097 0.000353742 -0.0751957)
(3.12387 0.000740108 -0.0809737)
(3.13938 0.00137339 -0.0831974)
(3.14803 0.00546749 -0.0836653)
(3.14926 0.0132249 -0.0845122)
(3.14715 0.0228064 -0.0843632)
(3.138 0.037896 -0.085448)
(3.09732 0.0769208 -0.0889745)
(2.92333 0.21111 -0.109907)
(2.51245 0.519552 -0.13037)
(3.09718 9.17848e-06 -0.0752519)
(3.12416 0.000138945 -0.0807298)
(3.13998 0.000443305 -0.0833127)
(3.15139 0.000768616 -0.0830693)
(3.15635 0.00410193 -0.0839837)
(3.1564 0.00842262 -0.0840802)
(3.15394 0.0141421 -0.0845421)
(3.14471 0.0249446 -0.0861595)
(3.10534 0.0593942 -0.090819)
(2.95093 0.160835 -0.114597)
(3.09714 -0.000123955 -0.0749542)
(3.12446 -4.4657e-06 -0.0811409)
(3.14017 6.10621e-05 -0.0830312)
(3.15262 0.000252935 -0.0831943)
(3.15903 0.00152911 -0.0835738)
(3.15974 0.00451726 -0.0842157)
(3.15844 0.00811486 -0.0842639)
(3.15347 0.0132033 -0.0855768)
(3.1369 0.0232224 -0.088457)
(3.06937 0.0507778 -0.0997007)
(3.09714 3.39363e-05 -0.0748872)
(3.12456 2.66712e-05 -0.0811762)
(3.14041 7.89369e-05 -0.083021)
(3.15337 0.000253057 -0.0832714)
(3.1619 0.000654786 -0.083133)
(3.16494 0.00298739 -0.0837626)
(3.1649 0.0058698 -0.0840621)
(3.16336 0.00952433 -0.0842936)
(3.15783 0.0158332 -0.085722)
(3.13735 0.0302171 -0.0880776)
(3.09718 0.000126852 -0.0750158)
(3.12447 5.27378e-05 -0.0809962)
(3.14042 9.27069e-05 -0.0831255)
(3.1533 0.000165215 -0.083091)
(3.16245 0.000110675 -0.0831742)
(3.16639 0.00109709 -0.0835849)
(3.16669 0.00245431 -0.0840149)
(3.16591 0.00393502 -0.0842078)
(3.16309 0.00606808 -0.0854553)
(3.15124 0.0101226 -0.0886884)
(3.09724 2.3908e-05 -0.0751646)
(3.12436 3.89537e-05 -0.0807836)
(3.14044 3.7748e-05 -0.0832021)
(3.15325 9.1099e-05 -0.0830035)
(3.16296 7.96552e-05 -0.0831213)
(3.16785 0.000356828 -0.0834015)
(3.16843 0.000934455 -0.0839399)
(3.16781 0.00155636 -0.083756)
(3.16542 0.00229767 -0.0847228)
(3.15619 0.0029435 -0.0852893)
(3.09723 -4.41106e-05 -0.0750299)
(3.12448 9.8397e-06 -0.0810466)
(3.14046 -1.13894e-05 -0.0828285)
(3.15336 -2.05582e-06 -0.0833273)
(3.16279 8.06771e-06 -0.0829431)
(3.16751 -0.000193796 -0.0834966)
(3.16824 -0.000326968 -0.0837586)
(3.16761 -0.000415652 -0.084157)
(3.16464 -0.00055083 -0.0840969)
(3.14297 -0.00108057 -0.0888339)
(3.00688 0.00167812 -0.013503)
(3.016 0.00349267 -0.0195676)
(3.01664 0.00642749 -0.0223962)
(3.01387 0.0113924 -0.0239236)
(2.99577 0.0212214 -0.0265206)
(2.94054 0.0424948 -0.0309238)
(2.75109 0.0956249 -0.0399481)
(2.04855 0.269523 -0.0708823)
(0.803391 0.915341 -0.0875871)
(0.517131 1.24375 -0.0816781)
(3.00888 0.00188524 -0.0136271)
(3.01919 0.00409917 -0.0194106)
(3.02123 0.00814006 -0.0226109)
(3.02041 0.0140398 -0.0239414)
(3.00962 0.0245636 -0.0259912)
(2.97237 0.045832 -0.0296093)
(2.86045 0.0932746 -0.0361575)
(2.46649 0.224286 -0.0563315)
(1.59921 0.790001 -0.080661)
(1.26989 1.06088 -0.080373)
(3.01327 0.00159855 -0.0135034)
(3.02428 0.00346325 -0.0195999)
(3.02962 0.0065354 -0.0225602)
(3.02978 0.0140661 -0.0241369)
(3.02787 0.0255682 -0.0252451)
(3.01524 0.0464076 -0.0271041)
(2.97692 0.0886098 -0.0300284)
(2.81067 0.193528 -0.0378245)
(2.35861 0.525893 -0.0539382)
(1.93726 0.841073 -0.0667988)
(3.01429 0.000581256 -0.0134854)
(3.02576 0.00116424 -0.0197078)
(3.03573 0.00199623 -0.0224771)
(3.04296 0.00651967 -0.0247539)
(3.04376 0.014126 -0.0255163)
(3.04405 0.0257468 -0.0262489)
(3.03788 0.0466279 -0.0268475)
(3.00934 0.0913919 -0.0274782)
(2.85538 0.243106 -0.0299469)
(2.73536 0.432627 -0.0304195)
(3.01464 9.82288e-05 -0.0135285)
(3.02635 0.000249391 -0.019683)
(3.03644 0.000530481 -0.0225207)
(3.04667 0.00106113 -0.0246081)
(3.05009 0.00410789 -0.0260715)
(3.05043 0.00794627 -0.026623)
(3.04841 0.0137381 -0.0273119)
(3.03851 0.0238448 -0.0284083)
(3.00267 0.0503779 -0.0303239)
(2.89515 0.0893266 -0.0359054)
(3.01482 -3.77314e-05 -0.0134891)
(3.02621 -7.16446e-06 -0.0197023)
(3.03664 8.63507e-05 -0.0225169)
(3.04772 0.000301676 -0.0245529)
(3.05278 0.00161189 -0.0262757)
(3.05268 0.00425185 -0.026828)
(3.05156 0.00799805 -0.0274397)
(3.04441 0.0142358 -0.0284837)
(3.02283 0.0260649 -0.0301959)
(2.94353 0.0504084 -0.0346637)
(3.01492 4.4445e-05 -0.013481)
(3.02627 9.16722e-05 -0.0197108)
(3.03683 0.000165707 -0.0224799)
(3.04844 0.000286202 -0.0245626)
(3.05602 0.000798269 -0.0262563)
(3.05795 0.00288247 -0.0272416)
(3.058 0.0056857 -0.0276776)
(3.05649 0.0102664 -0.0282389)
(3.04862 0.0188156 -0.0292219)
(3.02414 0.0362003 -0.0307998)
(3.0149 8.41153e-05 -0.0135225)
(3.02641 0.000127632 -0.0196896)
(3.03683 0.000164201 -0.0224658)
(3.04848 0.000183729 -0.0245596)
(3.05655 0.000190567 -0.0262194)
(3.05943 0.00113511 -0.0273841)
(3.05915 0.00232952 -0.027824)
(3.05773 0.0041513 -0.0283548)
(3.05016 0.00733978 -0.029323)
(3.02367 0.0135835 -0.0313375)
(3.01488 2.69675e-05 -0.0135605)
(3.02657 4.50974e-05 -0.0196676)
(3.03686 6.17615e-05 -0.0224546)
(3.04853 0.000108358 -0.0245685)
(3.05723 0.000100033 -0.0261822)
(3.06127 0.000483915 -0.027479)
(3.06159 0.00102967 -0.0278901)
(3.06159 0.00195722 -0.0282247)
(3.05845 0.00362777 -0.0289102)
(3.04953 0.00699049 -0.0295197)
(3.01496 -1.9399e-05 -0.0135343)
(3.02649 -2.48739e-05 -0.0196885)
(3.03702 -2.92e-05 -0.0224478)
(3.04843 -6.27107e-07 -0.0245792)
(3.05704 -2.0111e-05 -0.02617)
(3.06085 -0.000161649 -0.0274245)
(3.06153 -0.000281952 -0.0278333)
(3.06095 -0.000395287 -0.0282928)
(3.05898 -0.000625711 -0.0288411)
(3.04166 -0.00101908 -0.0302421)
(2.9755 0.000808104 0.000325695)
(2.96824 0.00307022 -0.00219187)
(2.9632 0.00475156 -0.00410656)
(2.95153 0.00908088 -0.00546301)
(2.92058 0.018941 -0.00747597)
(2.84324 0.041709 -0.0106538)
(2.62807 0.098638 -0.0164482)
(1.91078 0.270996 -0.0330455)
(0.727218 0.902431 -0.0413507)
(0.45289 1.21225 -0.0388753)
(2.977 0.00128025 2.65577e-05)
(2.97058 0.00308503 -0.00223102)
(2.96684 0.00633131 -0.00450481)
(2.95938 0.0113067 -0.00566358)
(2.93777 0.021844 -0.00739131)
(2.88305 0.0450306 -0.0100869)
(2.73705 0.0992461 -0.0146889)
(2.26649 0.247821 -0.0276635)
(1.38536 0.846784 -0.0412599)
(1.11413 1.08683 -0.0403827)
(2.97931 0.00127153 -0.000280417)
(2.97436 0.00237924 -0.00278958)
(2.97286 0.00520028 -0.00486502)
(2.97026 0.0106815 -0.00644784)
(2.96221 0.0211387 -0.00744902)
(2.93981 0.0428801 -0.0089644)
(2.88209 0.0924286 -0.0113707)
(2.66115 0.219798 -0.0164257)
(2.4225 0.503909 -0.023411)
(1.88993 0.867792 -0.0317997)
(2.98004 0.000331614 -0.000379653)
(2.97529 0.000773692 -0.00298156)
(2.97686 0.00159652 -0.00505477)
(2.97814 0.00460849 -0.0075214)
(2.97734 0.0101251 -0.00845573)
(2.97396 0.0207312 -0.0094283)
(2.96494 0.0427451 -0.00981514)
(2.93845 0.0929171 -0.0103327)
(2.89607 0.193064 -0.00983808)
(2.77863 0.407086 -0.0118751)
(2.98027 -2.26961e-05 -0.000423679)
(2.97588 0.000232027 -0.00302728)
(2.97774 0.000525337 -0.00510825)
(2.98013 0.00104171 -0.007527)
(2.98079 0.00239306 -0.00912904)
(2.97959 0.00513059 -0.010012)
(2.97391 0.00925013 -0.0105213)
(2.95857 0.016402 -0.0112905)
(2.92115 0.0284037 -0.0124656)
(2.80313 0.0433865 -0.0156617)
(2.98029 -3.79525e-05 -0.000411979)
(2.97598 5.53326e-05 -0.00302455)
(2.9779 0.000158594 -0.00510984)
(2.98059 0.000285789 -0.00753009)
(2.98152 0.000837023 -0.00939742)
(2.98121 0.00228363 -0.010273)
(2.97709 0.00514105 -0.0107622)
(2.96497 0.0108044 -0.0115084)
(2.93482 0.0224618 -0.0126657)
(2.8412 0.0476782 -0.0153886)
(2.98034 -2.689e-05 -0.000418292)
(2.97614 0.000109983 -0.00303735)
(2.97805 0.000212997 -0.00509594)
(2.981 0.000227439 -0.00755658)
(2.98281 0.000531608 -0.00953458)
(2.98377 0.00149751 -0.0107705)
(2.98318 0.00360373 -0.0113306)
(2.97875 0.00788567 -0.0117584)
(2.96622 0.0167886 -0.0124358)
(2.92927 0.0361898 -0.0136186)
(2.98038 -7.31996e-06 -0.000441399)
(2.97626 0.000114274 -0.00304334)
(2.97804 0.000176406 -0.00506557)
(2.98097 0.000139016 -0.007554)
(2.98305 0.000234704 -0.00953943)
(2.98413 0.000617971 -0.0109141)
(2.98399 0.00145723 -0.0114832)
(2.98043 0.00310803 -0.0118765)
(2.96968 0.00643022 -0.0124914)
(2.93878 0.0133704 -0.0135234)
(2.98042 9.66576e-06 -0.000462012)
(2.97635 4.10004e-05 -0.00304978)
(2.97806 5.53144e-05 -0.00505009)
(2.98107 7.93838e-05 -0.0075585)
(2.98354 0.000155668 -0.00953209)
(2.98489 0.000355914 -0.0110661)
(2.98572 0.000779521 -0.0116314)
(2.98442 0.00163367 -0.011985)
(2.97868 0.00338128 -0.0123692)
(2.96232 0.00706977 -0.0128909)
(2.98043 2.97071e-06 -0.000455935)
(2.97633 -1.43179e-05 -0.00304682)
(2.97809 -3.10516e-05 -0.00506157)
(2.98109 -7.45025e-06 -0.00756829)
(2.9835 -9.44005e-06 -0.00952898)
(2.98476 -5.17575e-05 -0.0110253)
(2.98535 -0.000151955 -0.0115871)
(2.98335 -0.000361612 -0.011943)
(2.9761 -0.000850383 -0.012409)
(2.95555 -0.00203773 -0.0132413)
(2.97872 0.000124884 0.00235063)
(2.96219 0.00228754 0.00247874)
(2.94811 0.00275562 0.00123887)
(2.92743 0.00632476 0.000541267)
(2.88398 0.0162552 -0.000683485)
(2.78688 0.0403667 -0.00277167)
(2.53592 0.101181 -0.00645823)
(1.73691 0.284574 -0.0157845)
(0.511507 0.920741 -0.021169)
(0.293831 1.24064 -0.0194388)
(2.97983 0.000532312 0.00218236)
(2.96391 0.00159273 0.00240852)
(2.95108 0.00393987 0.000867226)
(2.93562 0.00715418 0.000280527)
(2.90352 0.017263 -0.000753384)
(2.83317 0.0419368 -0.00251847)
(2.65794 0.101044 -0.00555963)
(2.1143 0.263494 -0.0132042)
(1.16388 0.897757 -0.0214209)
(0.915122 1.1387 -0.0208003)
(2.9808 0.000691681 0.00192719)
(2.96667 0.000866122 0.00195708)
(2.95534 0.00326457 0.000611729)
(2.94486 0.00614733 -0.000647718)
(2.93017 0.0142582 -0.00117549)
(2.89867 0.0357325 -0.00212402)
(2.82543 0.0905479 -0.00378779)
(2.55522 0.235726 -0.00711411)
(2.29033 0.558043 -0.0118173)
(1.70312 0.951875 -0.0164815)
(2.98106 8.75824e-05 0.00176193)
(2.96736 0.00022164 0.00182796)
(2.95804 0.000968747 0.000452602)
(2.94986 0.00279584 -0.00122827)
(2.94199 0.005475 -0.00224337)
(2.93402 0.0136776 -0.00312887)
(2.92129 0.03657 -0.00340289)
(2.88787 0.0944392 -0.00394878)
(2.84541 0.208796 -0.00428241)
(2.70054 0.479097 -0.0054101)
(2.98123 -8.61276e-05 0.00174381)
(2.96783 0.00013629 0.00177288)
(2.95875 0.000377442 0.00040767)
(2.95075 0.000777616 -0.00126358)
(2.94412 0.00113377 -0.00260817)
(2.9386 0.00271284 -0.00364355)
(2.93001 0.00572314 -0.00388558)
(2.91021 0.01169 -0.00430681)
(2.866 0.0212812 -0.0049916)
(2.73086 0.0349514 -0.00667885)
(2.98126 -5.72771e-05 0.00175513)
(2.96793 6.16854e-05 0.00177368)
(2.95885 0.000175281 0.000403099)
(2.95086 0.000206056 -0.00127825)
(2.94455 0.000310587 -0.00272562)
(2.93994 0.000968254 -0.0038463)
(2.93317 0.00264674 -0.00408996)
(2.91711 0.00752968 -0.00449468)
(2.88074 0.0189366 -0.0051422)
(2.77304 0.0449443 -0.00661666)
(2.98129 -7.42308e-05 0.0017614)
(2.96811 8.36369e-05 0.0017569)
(2.95893 0.00022745 0.000411181)
(2.95094 0.000131094 -0.00130585)
(2.94514 0.000184514 -0.0028423)
(2.94162 0.000653112 -0.00406886)
(2.93832 0.00173903 -0.0046662)
(2.93126 0.00538068 -0.0048666)
(2.91475 0.0142573 -0.00522429)
(2.86944 0.0349007 -0.00589962)
(2.98133 -5.19673e-05 0.00177104)
(2.96828 8.34949e-05 0.00173467)
(2.95889 0.000181385 0.000431467)
(2.95081 6.44382e-05 -0.00130515)
(2.94522 0.000100618 -0.00286741)
(2.94198 0.000313621 -0.0041143)
(2.93915 0.000781568 -0.00475631)
(2.93319 0.00200317 -0.00493196)
(2.91909 0.005192 -0.00523146)
(2.88212 0.0125084 -0.00575423)
(2.98136 -7.68857e-08 0.00177161)
(2.96838 3.83276e-05 0.00171483)
(2.95889 4.93967e-05 0.000440859)
(2.95083 3.57222e-05 -0.00131033)
(2.94546 9.3111e-05 -0.00289114)
(2.94253 0.000223752 -0.0041826)
(2.94048 0.000465056 -0.00487916)
(2.93692 0.00108786 -0.00514679)
(2.92852 0.00270327 -0.00533196)
(2.9079 0.00640207 -0.00564324)
(2.98137 1.14501e-05 0.00177072)
(2.96834 2.17868e-06 0.0017229)
(2.95889 -2.67578e-05 0.000432587)
(2.95086 -4.26588e-06 -0.00131914)
(2.94545 -6.58827e-06 -0.00289354)
(2.94247 -4.31494e-06 -0.004176)
(2.94023 -5.64774e-05 -0.00485177)
(2.93604 -0.000201384 -0.00507587)
(2.92595 -0.000762847 -0.00529709)
(2.90151 -0.00219361 -0.00569445)
(2.98834 4.27071e-05 0.00108943)
(2.97045 0.00185372 0.00157619)
(2.95214 0.00101551 0.00100058)
(2.92715 0.00367769 0.000761467)
(2.87696 0.0132154 0.000354931)
(2.76786 0.037863 -0.000346643)
(2.49164 0.101342 -0.0016158)
(1.63521 0.293175 -0.00473362)
(0.377789 0.93323 -0.00657543)
(0.202071 1.26192 -0.00599695)
(2.98908 7.58035e-05 0.00103772)
(2.97133 0.00045153 0.00153801)
(2.95403 0.00196466 0.000811756)
(2.93493 0.0036881 0.000631638)
(2.89705 0.0129958 0.000308372)
(2.8167 0.0382247 -0.000272991)
(2.62127 0.100624 -0.00132476)
(2.02883 0.272077 -0.00387445)
(1.03781 0.926952 -0.00668308)
(0.794351 1.17276 -0.00643108)
(2.98891 0.000165579 0.000921872)
(2.97303 -0.000375271 0.0013379)
(2.95653 0.00174162 0.000723574)
(2.94231 0.00309732 0.000266565)
(2.92408 0.00915625 0.000104536)
(2.88693 0.0294321 -0.000203105)
(2.80318 0.0868814 -0.00078066)
(2.49556 0.243602 -0.00195195)
(2.2128 0.588879 -0.00363403)
(1.59323 0.999337 -0.00514389)
(2.98859 -0.0001211 0.000821538)
(2.97349 -0.00022406 0.00128682)
(2.95862 0.000487422 0.000666629)
(2.94501 0.00182066 0.000118928)
(2.93273 0.00270573 -0.000302412)
(2.92198 0.00886606 -0.000669167)
(2.90696 0.0314335 -0.000778815)
(2.86842 0.0934503 -0.000997788)
(2.82268 0.217919 -0.00116986)
(2.66475 0.513581 -0.00155772)
(2.9887 -6.24641e-05 0.000808859)
(2.97384 8.122e-05 0.00125935)
(2.95921 0.000263 0.000654455)
(2.9453 0.000587213 9.63994e-05)
(2.93378 0.000451084 -0.000430732)
(2.92563 0.00134288 -0.000852398)
(2.91522 0.00375608 -0.00092462)
(2.89263 0.00926894 -0.00105709)
(2.8441 0.0183736 -0.00127384)
(2.69801 0.0310133 -0.00179026)
(2.98875 -4.11028e-05 0.000811908)
(2.97393 5.7849e-05 0.00126175)
(2.95929 0.000167865 0.000651759)
(2.94529 0.000171001 9.30792e-05)
(2.93381 6.15028e-05 -0.000459661)
(2.92651 0.000339816 -0.000936762)
(2.91808 0.00120451 -0.00100738)
(2.89949 0.00547109 -0.0011312)
(2.8593 0.0165596 -0.00132714)
(2.74274 0.042795 -0.00176645)
(2.98879 -5.06937e-05 0.000812413)
(2.97411 5.47897e-05 0.00125885)
(2.95935 0.000222341 0.00065468)
(2.94517 7.09589e-05 9.28508e-05)
(2.93403 -3.91128e-05 -0.000500046)
(2.92718 0.000268867 -0.000997312)
(2.92211 0.00066286 -0.00124188)
(2.91341 0.00378539 -0.00129031)
(2.89452 0.0124459 -0.00138075)
(2.84454 0.0335081 -0.00155786)
(2.98882 -2.62569e-05 0.000821451)
(2.97427 5.30438e-05 0.00124942)
(2.9593 0.00017912 0.000656748)
(2.94496 7.48855e-09 9.15969e-05)
(2.93409 -3.43238e-05 -0.000507167)
(2.92746 0.000153832 -0.00100254)
(2.92278 0.000427159 -0.00126893)
(2.91527 0.00127668 -0.00131486)
(2.89899 0.00421535 -0.0013996)
(2.85811 0.0115095 -0.00155862)
(2.98884 6.73835e-06 0.000824962)
(2.97436 3.48576e-05 0.00123605)
(2.95928 4.86777e-05 0.00065675)
(2.94492 6.71407e-06 8.87223e-05)
(2.93425 2.40613e-05 -0.000523856)
(2.9278 0.000124473 -0.00102262)
(2.92362 0.000266945 -0.0013156)
(2.9185 0.000644321 -0.0014262)
(2.90835 0.00209977 -0.00151078)
(2.88496 0.00576589 -0.00166878)
(2.98886 1.11079e-05 0.000824456)
(2.97433 1.56198e-05 0.00123988)
(2.95927 -1.79605e-05 0.000654744)
(2.94495 5.74893e-06 8.1561e-05)
(2.93426 5.65486e-07 -0.000521412)
(2.92779 8.88118e-06 -0.00102992)
(2.92348 -9.42037e-06 -0.00131148)
(2.91771 -9.11317e-05 -0.00139937)
(2.90579 -0.000607647 -0.00147532)
(2.87826 -0.00202537 -0.00162061)
(2.98834 4.26693e-05 -0.00108972)
(2.97045 0.00185534 -0.00157729)
(2.95213 0.00101762 -0.00100182)
(2.92714 0.00368096 -0.000762845)
(2.87695 0.0132211 -0.000356573)
(2.76785 0.0378739 0.00034453)
(2.49162 0.101368 0.00161296)
(1.63464 0.293336 0.00472647)
(0.37677 0.934382 0.0065367)
(0.206953 1.27039 0.00593877)
(2.98908 7.5937e-05 -0.00103789)
(2.97133 0.000452321 -0.00153774)
(2.95403 0.00196675 -0.000812622)
(2.93493 0.00369075 -0.000632319)
(2.89705 0.0130006 -0.000308678)
(2.8167 0.0382356 0.000273474)
(2.62127 0.100651 0.00132689)
(2.02874 0.272159 0.00388306)
(1.0375 0.927569 0.00669318)
(0.796559 1.17585 0.00643888)
(2.98891 0.000165881 -0.00092179)
(2.97303 -0.000375343 -0.00133812)
(2.95653 0.0017421 -0.000723142)
(2.94231 0.00309813 -0.000266782)
(2.92408 0.00915784 -0.000102903)
(2.88695 0.0294348 0.000208406)
(2.80322 0.0868848 0.000793373)
(2.4956 0.243617 0.00198195)
(2.21307 0.588849 0.00370102)
(1.59391 1.00048 0.00525814)
(2.98859 -0.000120988 -0.000821626)
(2.97349 -0.000223676 -0.00128677)
(2.95862 0.00048794 -0.000666446)
(2.94501 0.00182209 -0.000118659)
(2.93273 0.00270608 0.000303081)
(2.92198 0.00886399 0.000670798)
(2.90695 0.0314256 0.00078049)
(2.86844 0.0934227 0.000999286)
(2.82274 0.21785 0.00118488)
(2.66499 0.513373 0.00160117)
(2.9887 -6.23689e-05 -0.000808545)
(2.97384 8.16669e-05 -0.00125945)
(2.95921 0.00026407 -0.000654372)
(2.9453 0.000588924 -9.5969e-05)
(2.93378 0.000452921 0.000430779)
(2.92563 0.00134471 0.000855955)
(2.91524 0.00376314 0.000933819)
(2.89268 0.00929236 0.00107738)
(2.84422 0.0184176 0.00131529)
(2.69834 0.0310828 0.00188007)
(2.98875 -4.22238e-05 -0.000811802)
(2.97393 5.8407e-05 -0.00126139)
(2.95929 0.000173489 -0.000651318)
(2.94529 0.000176319 -9.27334e-05)
(2.93381 7.16597e-05 0.000460608)
(2.92651 0.000346629 0.000938951)
(2.9181 0.00121201 0.00101537)
(2.89955 0.00549469 0.00115131)
(2.85945 0.0166278 0.00137245)
(2.74319 0.0429618 0.00187198)
(2.98879 -4.78034e-05 -0.000811956)
(2.97412 5.71139e-05 -0.00125447)
(2.95935 0.00022278 -0.000648908)
(2.94518 7.21158e-05 -9.30386e-05)
(2.93404 -2.85649e-05 0.000506294)
(2.92719 0.000285323 0.000999676)
(2.92216 0.000681629 0.00125555)
(2.91355 0.00380549 0.00133345)
(2.89484 0.0124642 0.00148253)
(2.84538 0.0335138 0.00177963)
(2.98883 -2.25244e-05 -0.000814321)
(2.97427 5.01016e-05 -0.00125428)
(2.9593 0.000163817 -0.000659034)
(2.94498 -1.7272e-05 -8.80342e-05)
(2.93411 -6.10518e-05 0.000520813)
(2.92747 0.000132757 0.00101396)
(2.92281 0.00039511 0.00128315)
(2.91533 0.0012005 0.00133922)
(2.8991 0.00399762 0.00144382)
(2.85837 0.0109495 0.00164067)
(2.98883 5.7194e-06 -0.000825144)
(2.97435 3.32963e-05 -0.0012433)
(2.95926 4.59466e-05 -0.000663971)
(2.94491 4.10301e-07 -8.97993e-05)
(2.93425 7.70478e-06 0.00052027)
(2.9278 9.39618e-05 0.00101952)
(2.92359 0.000228127 0.00130491)
(2.91839 0.000593372 0.00139939)
(2.90804 0.00200283 0.00140571)
(2.88413 0.00557273 0.00140896)
(2.98886 1.03987e-05 -0.000825573)
(2.97432 1.89846e-05 -0.00124718)
(2.95926 -1.02101e-05 -0.000660625)
(2.94494 1.29977e-05 -9.273e-05)
(2.93425 1.23718e-05 0.000525321)
(2.92778 9.11512e-06 0.00101562)
(2.92349 -5.04037e-06 0.0013024)
(2.91769 -6.85917e-05 0.00139488)
(2.90574 -0.00053147 0.00143447)
(2.87815 -0.0018036 0.00151798)
(2.97872 0.00012532 -0.00235117)
(2.96218 0.00229274 -0.00247957)
(2.94811 0.00276243 -0.00123977)
(2.92741 0.0063347 -0.000542533)
(2.88397 0.0162721 0.00068151)
(2.78686 0.0404 0.00276837)
(2.53588 0.101255 0.00645254)
(1.73636 0.284786 0.0157749)
(0.508241 0.921797 0.0211196)
(0.291064 1.2385 0.0194337)
(2.97983 0.000533121 -0.0021824)
(2.96391 0.00159546 -0.00240849)
(2.95108 0.00394596 -0.000867882)
(2.93562 0.00716229 -0.000281197)
(2.90351 0.0172775 0.00075272)
(2.83317 0.0419673 0.00251792)
(2.65796 0.101111 0.00555979)
(2.11427 0.26365 0.0132027)
(1.16308 0.898433 0.0214212)
(0.913138 1.13912 0.0208068)
(2.9808 0.000692285 -0.00192699)
(2.96667 0.000866069 -0.00195701)
(2.95534 0.00326615 -0.000611341)
(2.94486 0.00615043 0.000648097)
(2.93018 0.0142642 0.0011768)
(2.89871 0.0357422 0.00212729)
(2.82555 0.0905594 0.00379523)
(2.55539 0.235753 0.00713167)
(2.29104 0.557965 0.0118622)
(1.70329 0.951927 0.0165752)
(2.98106 8.82716e-05 -0.00176189)
(2.96736 0.000222377 -0.00182769)
(2.95804 0.000969892 -0.000452211)
(2.94986 0.00279911 0.00122902)
(2.94199 0.00547662 0.00224467)
(2.93402 0.0136761 0.00313127)
(2.92129 0.0365581 0.0034073)
(2.88789 0.0943993 0.00395671)
(2.84554 0.208658 0.00430222)
(2.70118 0.478624 0.00545242)
(2.98123 -8.56157e-05 -0.00174361)
(2.96783 0.000137344 -0.00177325)
(2.95875 0.000380041 -0.000407687)
(2.95075 0.00078163 0.0012647)
(2.94413 0.00113824 0.0026116)
(2.93863 0.00271838 0.00364944)
(2.93008 0.00574078 0.00389609)
(2.91036 0.0117435 0.00432658)
(2.86633 0.0213763 0.00503228)
(2.73178 0.0351431 0.00676271)
(2.98126 -5.96226e-05 -0.00175503)
(2.96793 6.91322e-05 -0.00177349)
(2.95885 0.000193476 -0.000402781)
(2.95086 0.00022206 0.00127917)
(2.94456 0.000335801 0.00272743)
(2.93996 0.000989717 0.00384985)
(2.93323 0.00268254 0.00409618)
(2.91727 0.00762409 0.00450664)
(2.88113 0.0191718 0.00516537)
(2.77446 0.0454676 0.00665812)
(2.98131 -6.00478e-05 -0.00175935)
(2.96814 8.26472e-05 -0.00175228)
(2.95894 0.0002275 -0.000408236)
(2.95095 0.000142709 0.00130466)
(2.94516 0.000219379 0.00284467)
(2.94167 0.000700223 0.00408342)
(2.93848 0.00179294 0.00469662)
(2.93165 0.0054498 0.00492166)
(2.91562 0.0143599 0.00532483)
(2.8717 0.0350631 0.00608405)
(2.98133 -4.51984e-05 -0.0017675)
(2.96827 6.09453e-05 -0.00174452)
(2.95891 0.000131996 -0.000431372)
(2.95085 1.21406e-05 0.00132097)
(2.94526 2.85834e-05 0.00287865)
(2.94202 0.000239767 0.00412651)
(2.93923 0.000654375 0.0047732)
(2.93337 0.00171967 0.00496386)
(2.91944 0.00447851 0.00530265)
(2.88291 0.0107949 0.0059189)
(2.98134 -1.18809e-05 -0.00177356)
(2.96834 3.23429e-05 -0.00172168)
(2.95887 3.66432e-05 -0.000444024)
(2.95082 5.23605e-06 0.00131067)
(2.94544 4.01351e-05 0.00288961)
(2.94251 0.000142673 0.00417649)
(2.94038 0.000366403 0.00486943)
(2.93661 0.000945696 0.0051327)
(2.92767 0.00239916 0.00531227)
(2.90562 0.00573754 0.00560267)
(2.98135 9.14987e-06 -0.00177458)
(2.96832 1.09543e-05 -0.00173007)
(2.95888 -7.31204e-06 -0.000436647)
(2.95087 1.41888e-05 0.00131497)
(2.94544 2.39245e-05 0.00288926)
(2.94247 1.20915e-05 0.00418934)
(2.94025 -1.50096e-05 0.0048863)
(2.93601 -9.40288e-05 0.00513664)
(2.92582 -0.00049937 0.00538749)
(2.90132 -0.00153644 0.00577304)
(2.9755 0.000810896 -0.000326628)
(2.96823 0.00307942 0.00219139)
(2.96318 0.00476353 0.00410593)
(2.95151 0.00909857 0.00546185)
(2.92056 0.0189712 0.00747367)
(2.84319 0.0417686 0.0106492)
(2.62796 0.0987656 0.0164373)
(1.91011 0.27121 0.0330324)
(0.72434 0.903317 0.0412827)
(0.451605 1.21228 0.0388271)
(2.977 0.00128239 -2.65032e-05)
(2.97058 0.00309024 0.00223086)
(2.96683 0.006341 0.00450432)
(2.95937 0.0113209 0.00566284)
(2.93776 0.0218686 0.00739004)
(2.88305 0.0450792 0.0100846)
(2.73705 0.0993499 0.0146846)
(2.26636 0.248061 0.0276566)
(1.38414 0.847682 0.0412345)
(1.11255 1.08797 0.0403639)
(2.97931 0.00127201 0.000280623)
(2.97436 0.00237915 0.00279009)
(2.97286 0.00520287 0.00486542)
(2.97026 0.0106883 0.00644883)
(2.96223 0.0211523 0.00744957)
(2.93987 0.0429031 0.00896441)
(2.88224 0.092463 0.0113697)
(2.66128 0.219877 0.0164227)
(2.42352 0.503808 0.0234126)
(1.89071 0.867946 0.0318304)
(2.98004 0.000332038 0.000380157)
(2.97529 0.000774211 0.00298192)
(2.97686 0.0015979 0.0050553)
(2.97814 0.0046126 0.0075229)
(2.97734 0.0101334 0.00845785)
(2.97397 0.0207443 0.0094319)
(2.96495 0.042759 0.00982318)
(2.9385 0.092926 0.0103494)
(2.89627 0.193014 0.00986613)
(2.77943 0.406722 0.0119267)
(2.98027 -2.21752e-05 0.000422888)
(2.97588 0.000233415 0.00302715)
(2.97774 0.000528774 0.00510838)
(2.98014 0.00104687 0.00752764)
(2.9808 0.00239957 0.00913795)
(2.97963 0.00514089 0.0100209)
(2.974 0.00927008 0.0105322)
(2.95878 0.0164442 0.011307)
(2.92162 0.0284496 0.0124998)
(2.80438 0.0434331 0.0157177)
(2.98029 -3.15803e-05 0.000412058)
(2.97598 7.83684e-05 0.00302444)
(2.97791 0.000192546 0.00510991)
(2.9806 0.000313216 0.00753101)
(2.98153 0.00086377 0.00940103)
(2.98123 0.00233272 0.0102771)
(2.97715 0.00525105 0.0107663)
(2.96511 0.0110423 0.0115137)
(2.93512 0.0229527 0.012671)
(2.84262 0.0486695 0.015428)
(2.98035 -1.90579e-05 0.000425527)
(2.97617 0.000102293 0.00303972)
(2.97806 0.000219588 0.00509547)
(2.981 0.000272772 0.00755402)
(2.98288 0.000592637 0.00953229)
(2.98386 0.00156263 0.0108207)
(2.98341 0.0036804 0.0113874)
(2.97926 0.00801016 0.0118299)
(2.96735 0.0170613 0.0125411)
(2.93215 0.0368925 0.013768)
(2.98038 -2.21989e-05 0.000420297)
(2.97626 5.18487e-05 0.00304205)
(2.97811 8.27045e-05 0.00507257)
(2.98103 4.59924e-05 0.00758295)
(2.98314 0.000130767 0.00953013)
(2.9842 0.000461395 0.0109266)
(2.98416 0.00116249 0.0114992)
(2.98083 0.00250716 0.0119059)
(2.97065 0.00517106 0.0125542)
(2.94074 0.0106857 0.0137064)
(2.98039 -7.63352e-06 0.000452407)
(2.97631 2.07425e-05 0.00304864)
(2.97805 1.3028e-05 0.005051)
(2.98105 -8.77702e-06 0.00756205)
(2.98348 5.84084e-05 0.00952188)
(2.9848 0.00027932 0.0110713)
(2.98557 0.000721832 0.0116473)
(2.98402 0.00153043 0.0120346)
(2.9776 0.00306355 0.0125206)
(2.95876 0.006107 0.0133415)
(2.9804 1.8563e-06 0.000445904)
(2.9763 -2.10715e-06 0.00304284)
(2.97808 -5.90731e-06 0.00505966)
(2.98109 1.66199e-05 0.00757111)
(2.98353 2.98772e-05 0.00950514)
(2.98473 3.72011e-05 0.0111148)
(2.98534 2.92873e-05 0.0117471)
(2.98339 -3.1899e-05 0.0121706)
(2.9759 -0.000256317 0.0127964)
(2.95468 -0.000944516 0.0138439)
(3.00687 0.00168407 0.0135026)
(3.01599 0.00350476 0.0195679)
(3.01663 0.00644473 0.0223956)
(3.01386 0.0114194 0.0239228)
(2.99574 0.0212706 0.0265192)
(2.94043 0.0426019 0.0309218)
(2.75087 0.0958785 0.0399352)
(2.04755 0.269848 0.0709159)
(0.799962 0.916003 0.0874561)
(0.51386 1.24439 0.0815828)
(3.00888 0.00188875 0.0136269)
(3.01918 0.00410632 0.0194106)
(3.02121 0.0081525 0.0226109)
(3.0204 0.0140602 0.0239406)
(3.00961 0.0245983 0.0259898)
(2.97236 0.0458965 0.0296056)
(2.86033 0.0934248 0.036151)
(2.46595 0.22467 0.0563435)
(1.59727 0.791188 0.0806233)
(1.26732 1.06261 0.0803383)
(3.01328 0.00159906 0.0135033)
(3.02428 0.00346336 0.0196002)
(3.02963 0.00653908 0.0225603)
(3.02979 0.0140772 0.0241378)
(3.02788 0.0255914 0.0252447)
(3.01528 0.0464508 0.0271013)
(2.97701 0.0886917 0.03002)
(2.81063 0.193738 0.0378144)
(2.35811 0.526588 0.0539136)
(1.93716 0.841861 0.0667604)
(3.01429 0.000579826 0.0134861)
(3.02576 0.00116351 0.0197077)
(3.03573 0.00199694 0.0224764)
(3.04297 0.00652171 0.0247541)
(3.04376 0.0141476 0.0255195)
(3.04406 0.0257883 0.0262528)
(3.03792 0.0466913 0.0268544)
(3.00946 0.0914912 0.027494)
(2.85553 0.243346 0.0299933)
(2.73694 0.432587 0.0305248)
(3.01464 9.78209e-05 0.0135264)
(3.02635 0.000249788 0.0196832)
(3.03644 0.000532959 0.0225213)
(3.04671 0.00106524 0.0246078)
(3.05017 0.00411794 0.026079)
(3.0505 0.00795741 0.0266314)
(3.04851 0.0137468 0.0273183)
(3.03876 0.0238413 0.028412)
(3.00329 0.0503233 0.0303375)
(2.89673 0.0894021 0.0358222)
(3.01482 -9.41069e-06 0.0134897)
(3.02621 3.51948e-05 0.0196998)
(3.03664 0.000133416 0.0225158)
(3.04773 0.000336242 0.0245544)
(3.05281 0.00161704 0.0262774)
(3.05272 0.0043663 0.026833)
(3.05162 0.00826011 0.0274434)
(3.04451 0.0147272 0.0284863)
(3.023 0.0269462 0.0302066)
(2.94468 0.0519419 0.0346901)
(3.0149 7.92345e-06 0.0134934)
(3.02635 7.27933e-05 0.0197068)
(3.03683 0.000185462 0.0224823)
(3.04845 0.000380385 0.0245663)
(3.05619 0.00085299 0.0262465)
(3.05851 0.00293615 0.0272883)
(3.0584 0.00573059 0.0277508)
(3.05701 0.0103464 0.0283129)
(3.04956 0.019049 0.0293421)
(3.0258 0.0370974 0.0311016)
(3.01502 2.21729e-05 0.0134616)
(3.02624 2.63589e-05 0.0197147)
(3.03704 3.4604e-05 0.0224856)
(3.04849 6.68086e-05 0.0245845)
(3.05661 7.38276e-05 0.0262068)
(3.05951 0.000858471 0.027378)
(3.05958 0.00181299 0.0278371)
(3.05855 0.00323613 0.0283639)
(3.0541 0.00569955 0.0291956)
(3.0308 0.0106567 0.0310347)
(3.01493 3.05274e-05 0.013548)
(3.02646 1.11921e-05 0.0196729)
(3.03691 -2.06334e-05 0.0224617)
(3.04845 -4.86178e-05 0.0245562)
(3.05714 -3.25316e-05 0.0261504)
(3.06114 0.000568562 0.0274993)
(3.06115 0.00129572 0.02792)
(3.0614 0.00237919 0.0283065)
(3.05891 0.00434536 0.028942)
(3.04455 0.00797173 0.030189)
(3.01497 -1.78068e-05 0.0135273)
(3.0264 -1.83609e-05 0.0196865)
(3.03697 -9.0568e-06 0.0224618)
(3.04843 2.0934e-05 0.0245424)
(3.05728 3.28985e-06 0.0261403)
(3.06148 0.000113746 0.0275452)
(3.06174 0.000248467 0.0280179)
(3.0606 0.000436992 0.0286642)
(3.05684 0.000802441 0.0296129)
(3.04027 0.00132218 0.0321967)
(3.09384 0.000901734 0.0763771)
(3.11766 0.0017295 0.0817062)
(3.12413 0.00496906 0.0853547)
(3.12225 0.00921454 0.0855011)
(3.11219 0.0158336 0.0883529)
(3.06742 0.0313238 0.095321)
(2.87218 0.0931895 0.122888)
(2.2285 0.252272 0.217041)
(1.13151 0.866618 0.268905)
(0.785775 1.16876 0.259713)
(3.09474 0.000646335 0.0763016)
(3.11958 0.00224706 0.0810679)
(3.12824 0.00561465 0.085178)
(3.12807 0.0111658 0.085071)
(3.12266 0.018405 0.0869605)
(3.09914 0.0320107 0.0919119)
(2.99588 0.0730836 0.105858)
(2.53649 0.224871 0.174354)
(1.87838 0.701023 0.233456)
(1.50182 0.992779 0.246421)
(3.09633 0.000508027 0.0750251)
(3.12332 0.00209385 0.0814981)
(3.13455 0.00436606 0.0835657)
(3.137 0.0116489 0.0851421)
(3.1353 0.0209138 0.0852496)
(3.12722 0.0342518 0.0873537)
(3.09395 0.0622659 0.0915127)
(2.9026 0.167095 0.11943)
(2.47886 0.461525 0.165084)
(2.15491 0.696366 0.200486)
(3.097 0.000350289 0.0751972)
(3.12387 0.000739272 0.0809665)
(3.13938 0.0013748 0.0831905)
(3.14805 0.00546916 0.083669)
(3.1493 0.0132509 0.0845227)
(3.1472 0.0228631 0.0843611)
(3.13811 0.0379808 0.0854396)
(3.09762 0.0770604 0.0889464)
(2.92406 0.211563 0.109935)
(2.51689 0.518268 0.130502)
(3.09718 7.96038e-06 0.0752438)
(3.12417 0.000136549 0.0807421)
(3.13999 0.000443077 0.0833174)
(3.15143 0.000774764 0.0830774)
(3.15642 0.0041059 0.0839617)
(3.15649 0.00843631 0.0840781)
(3.15406 0.014146 0.08453)
(3.14498 0.024898 0.0861241)
(3.10611 0.0592195 0.0907629)
(2.95281 0.16059 0.113971)
(3.09714 -8.39763e-05 0.0749532)
(3.12446 2.28768e-05 0.0811316)
(3.14018 9.53963e-05 0.0830381)
(3.15264 0.000284271 0.0832117)
(3.15908 0.00151402 0.0835769)
(3.15979 0.00463325 0.0842064)
(3.15849 0.00848226 0.0842458)
(3.15356 0.0138501 0.0855529)
(3.13722 0.0243454 0.0884404)
(3.07243 0.0528909 0.099445)
(3.09717 -6.92731e-05 0.0749747)
(3.1245 4.16051e-05 0.0811017)
(3.14037 0.000133922 0.0830527)
(3.15328 0.000375795 0.0831696)
(3.16204 0.00077634 0.0831899)
(3.16549 0.00302369 0.0836581)
(3.16567 0.00592331 0.0840451)
(3.16452 0.00952572 0.0841977)
(3.16053 0.0156486 0.0856257)
(3.1471 0.0290406 0.0881195)
(3.09713 4.86273e-05 0.0747446)
(3.12477 6.23073e-06 0.0814551)
(3.14061 1.12223e-05 0.0830176)
(3.15343 5.5127e-05 0.083325)
(3.16237 -1.77166e-05 0.0829057)
(3.16633 0.000753267 0.0835244)
(3.16671 0.00179462 0.0839408)
(3.16581 0.00296731 0.0843206)
(3.16235 0.00454402 0.0850032)
(3.14505 0.00735089 0.088618)
(3.09721 9.21627e-05 0.075043)
(3.12444 -9.82607e-06 0.0809446)
(3.14044 -5.83075e-05 0.082996)
(3.15326 -9.63827e-05 0.0830659)
(3.16296 -0.000182697 0.083151)
(3.16789 0.000414161 0.083394)
(3.16857 0.0012317 0.0840315)
(3.16803 0.0028051 0.0841077)
(3.16575 0.00558114 0.0844312)
(3.15891 0.0122991 0.085516)
(3.09719 -3.7772e-05 0.0749459)
(3.12452 -7.53154e-06 0.0810755)
(3.14049 -9.32465e-06 0.0829622)
(3.1533 1.25587e-05 0.0831411)
(3.16309 -3.64858e-06 0.0830034)
(3.16825 9.92508e-05 0.0835178)
(3.16989 0.000257518 0.0838024)
(3.17146 0.00109214 0.084591)
(3.17452 0.00284971 0.0836735)
(3.15036 0.00634401 0.0951403)
(1.04737 1.15661 -0.255919)
(1.20521 1.09657 -0.259463)
(1.22999 0.932339 -0.273207)
(1.09885 0.210057 -0.334845)
(1.19784 0.0245281 -0.327368)
(1.15061 -0.0689982 -0.324216)
(1.10783 -0.259285 -0.323656)
(1.11756 -0.295293 -0.327556)
(1.16838 -0.247676 -0.329432)
(1.2893 -0.240103 -0.327701)
(1.42604 1.04653 -0.246552)
(1.46945 0.893828 -0.254442)
(1.3681 0.564788 -0.290064)
(1.39857 0.197908 -0.292009)
(1.39449 0.152038 -0.288194)
(1.24518 0.019049 -0.31743)
(1.18648 -0.0951169 -0.333238)
(1.29441 -0.0595336 -0.323097)
(1.36028 -0.0335553 -0.316769)
(1.44813 -0.0993492 -0.309985)
(1.7857 0.902808 -0.232813)
(1.73309 0.755833 -0.241207)
(1.60595 0.498403 -0.252356)
(1.62768 0.372784 -0.266172)
(1.63513 0.323932 -0.263478)
(1.48921 0.129134 -0.276526)
(1.53299 0.0737054 -0.285309)
(1.58441 0.0379393 -0.273714)
(1.59213 -0.0439523 -0.281125)
(1.72817 -0.153462 -0.275312)
(2.03762 0.772178 -0.216312)
(1.95336 0.737623 -0.225958)
(1.94056 0.623856 -0.229815)
(1.97407 0.47034 -0.232343)
(1.91934 0.339695 -0.235554)
(1.88031 0.196954 -0.237166)
(1.82228 0.0947993 -0.255494)
(1.82612 0.0480736 -0.257607)
(1.83006 -0.0972633 -0.259056)
(2.019 -0.229551 -0.240468)
(2.30813 0.612697 -0.184724)
(2.08405 0.703978 -0.214816)
(2.0528 0.64544 -0.220516)
(2.0799 0.542723 -0.219779)
(2.09752 0.383302 -0.228434)
(2.09756 0.23554 -0.232711)
(2.07609 0.118723 -0.239952)
(1.99795 -0.10828 -0.245672)
(2.1343 -0.340773 -0.225795)
(2.19839 -0.320152 -0.220985)
(2.51085 0.574247 -0.17477)
(2.3086 0.63134 -0.191472)
(2.18353 0.600889 -0.211773)
(2.17701 0.52381 -0.210929)
(2.19638 0.396589 -0.213776)
(2.19918 0.193839 -0.226486)
(2.15387 -0.0838624 -0.230881)
(2.17413 -0.397773 -0.218465)
(2.23914 -0.335191 -0.210194)
(2.26646 -0.277336 -0.209134)
(2.70443 0.496998 -0.160619)
(2.42536 0.542031 -0.187168)
(2.3342 0.505723 -0.193422)
(2.26495 0.434114 -0.20508)
(2.25531 0.309843 -0.21037)
(2.23887 0.107464 -0.217812)
(2.22655 -0.281063 -0.213653)
(2.26738 -0.243879 -0.205263)
(2.28975 -0.235324 -0.198855)
(2.31671 -0.185298 -0.199306)
(2.8419 0.268643 -0.128295)
(2.3219 0.700925 -0.188481)
(2.3089 0.554793 -0.195004)
(2.2836 0.3631 -0.212206)
(2.26202 0.187862 -0.221699)
(2.25691 -0.0100272 -0.211962)
(2.28577 -0.143314 -0.205153)
(2.30038 -0.151348 -0.199051)
(2.34032 -0.128604 -0.196149)
(2.37717 -0.097323 -0.193853)
(2.94838 0.0677639 -0.122906)
(2.60562 0.181154 -0.168803)
(2.36091 0.221847 -0.19489)
(2.30578 0.110999 -0.214333)
(2.29674 0.0103696 -0.210632)
(2.29411 -0.124707 -0.208528)
(2.30839 -0.143393 -0.203803)
(2.34749 -0.114827 -0.1995)
(2.39422 -0.0790748 -0.193917)
(2.42137 -0.0647777 -0.195622)
(3.00471 0.0433071 -0.114725)
(2.49207 -0.00128265 -0.189434)
(2.24362 -0.0843017 -0.215754)
(2.25481 -0.103661 -0.213704)
(2.26362 -0.142473 -0.212655)
(2.28237 -0.147822 -0.21108)
(2.32469 -0.12675 -0.205726)
(2.3764 -0.0905694 -0.199261)
(2.42184 -0.0597487 -0.194735)
(2.44523 -0.0363247 -0.194303)
(0.900608 1.21935 -0.0793171)
(1.08495 1.13658 -0.085453)
(1.12141 0.962631 -0.0914477)
(1.11773 0.0401438 -0.104044)
(1.14244 -0.0853673 -0.101989)
(1.04715 -0.136393 -0.106461)
(0.961403 -0.239537 -0.107739)
(0.959485 -0.240699 -0.109703)
(1.0762 -0.198006 -0.104423)
(1.27513 -0.187425 -0.105338)
(1.25128 1.1073 -0.0766579)
(1.32364 0.900834 -0.0847657)
(1.24756 0.573639 -0.0938266)
(1.3873 0.150364 -0.0916072)
(1.36149 0.0554403 -0.0917398)
(1.17524 -0.0486301 -0.101077)
(1.12942 -0.111364 -0.102462)
(1.21828 -0.0662824 -0.102651)
(1.33218 -0.0545085 -0.0959566)
(1.47841 -0.0892502 -0.0896091)
(1.61299 0.987499 -0.0722769)
(1.55075 0.730887 -0.0815136)
(1.4855 0.474421 -0.0870489)
(1.51678 0.372378 -0.0869076)
(1.55301 0.250317 -0.087066)
(1.51705 0.0863557 -0.0900867)
(1.51239 0.0189142 -0.0896133)
(1.5441 -0.0317653 -0.0865925)
(1.59597 -0.123144 -0.0909852)
(1.78353 -0.236539 -0.0860704)
(1.86669 0.8504 -0.0676642)
(1.80819 0.78936 -0.0705172)
(1.83443 0.678783 -0.0724912)
(1.85059 0.494828 -0.0762206)
(1.8635 0.347608 -0.0785023)
(1.85497 0.20264 -0.0800683)
(1.80268 0.0878673 -0.0826142)
(1.79445 -0.00174983 -0.0862292)
(1.84351 -0.152018 -0.0823812)
(2.0174 -0.2479 -0.0761045)
(2.17535 0.642511 -0.0614846)
(1.952 0.731022 -0.0676452)
(1.94341 0.668398 -0.0690331)
(1.97563 0.529522 -0.0702389)
(1.99073 0.377592 -0.0749942)
(1.98771 0.230718 -0.0767482)
(1.96708 0.0703613 -0.0784097)
(1.93532 -0.194636 -0.0818767)
(2.08898 -0.352994 -0.069524)
(2.16769 -0.312015 -0.0692829)
(2.34027 0.625604 -0.0575813)
(2.18494 0.63627 -0.0645117)
(2.09135 0.600277 -0.0667206)
(2.07457 0.487705 -0.0674546)
(2.09563 0.32829 -0.0705048)
(2.08935 0.112838 -0.0733918)
(2.04606 -0.211835 -0.0778636)
(2.1235 -0.404615 -0.0680198)
(2.19605 -0.336884 -0.0647103)
(2.24145 -0.278231 -0.0643334)
(2.58732 0.492811 -0.0518137)
(2.30211 0.529579 -0.0651738)
(2.22319 0.503892 -0.0645845)
(2.17169 0.414275 -0.065927)
(2.16228 0.225098 -0.0695707)
(2.14329 -0.0488766 -0.07474)
(2.16773 -0.289285 -0.0687143)
(2.21356 -0.255596 -0.0649071)
(2.252 -0.238506 -0.061868)
(2.30864 -0.180272 -0.061958)
(2.74214 0.243952 -0.0469041)
(2.31005 0.704793 -0.0614321)
(2.24284 0.571136 -0.063189)
(2.19393 0.345719 -0.0679062)
(2.16069 0.13611 -0.0713387)
(2.1827 -0.0771516 -0.0703112)
(2.22845 -0.137566 -0.065458)
(2.25949 -0.143407 -0.0619796)
(2.319 -0.124068 -0.0601702)
(2.36692 -0.10113 -0.0603518)
(2.83295 0.146574 -0.0413274)
(2.58601 0.40489 -0.0499974)
(2.2915 0.292812 -0.0623887)
(2.23536 0.136967 -0.0681935)
(2.23089 0.00709667 -0.0682044)
(2.25585 -0.0903704 -0.0654701)
(2.28008 -0.109546 -0.0624577)
(2.32979 -0.0893463 -0.0601478)
(2.37746 -0.0661074 -0.0587919)
(2.41409 -0.0501324 -0.0596156)
(2.91356 0.0331792 -0.0399494)
(2.5491 0.0114875 -0.0545087)
(2.25799 -0.0483665 -0.0652749)
(2.24109 -0.0510044 -0.0652391)
(2.24454 -0.0903064 -0.0647131)
(2.26956 -0.108843 -0.0635915)
(2.32265 -0.0961059 -0.0597877)
(2.37433 -0.0704227 -0.0580608)
(2.41957 -0.0453548 -0.057702)
(2.45133 -0.0245807 -0.0584118)
(0.842548 1.19687 -0.0361585)
(1.0211 1.11216 -0.0410396)
(1.05354 0.921867 -0.0444009)
(1.13066 0.0365143 -0.0497985)
(1.12418 -0.106023 -0.0485238)
(1.03553 -0.171223 -0.0513719)
(0.863337 -0.249869 -0.0523672)
(0.842712 -0.229983 -0.0544538)
(0.944642 -0.185191 -0.0506863)
(1.16695 -0.164762 -0.0541792)
(1.15343 1.10685 -0.035167)
(1.22404 0.875327 -0.0406794)
(1.15124 0.502353 -0.0463195)
(1.29476 0.114317 -0.0448877)
(1.25907 0.00428828 -0.0444285)
(1.13059 -0.0942051 -0.0484929)
(1.07672 -0.140091 -0.050522)
(1.13597 -0.0933402 -0.0506837)
(1.22538 -0.0862304 -0.0463193)
(1.42405 -0.0956784 -0.043013)
(1.5501 0.991744 -0.0338766)
(1.44076 0.697725 -0.0391102)
(1.37184 0.436425 -0.0416725)
(1.42492 0.352989 -0.041876)
(1.48191 0.206879 -0.0424554)
(1.45485 0.0400426 -0.0449341)
(1.45606 -0.0219999 -0.0438177)
(1.48143 -0.0718443 -0.0411732)
(1.53375 -0.157928 -0.046214)
(1.72393 -0.254091 -0.0437631)
(1.78518 0.866156 -0.0320016)
(1.73203 0.801006 -0.0332571)
(1.78513 0.715676 -0.0337605)
(1.79775 0.526431 -0.0363521)
(1.80238 0.349094 -0.0380548)
(1.7739 0.178886 -0.0391643)
(1.72483 0.0545432 -0.0404122)
(1.72412 -0.0452015 -0.0444862)
(1.79233 -0.202167 -0.0403354)
(1.95158 -0.272396 -0.0370855)
(2.04186 0.658796 -0.0299386)
(1.85141 0.740543 -0.0325207)
(1.85816 0.67532 -0.0329593)
(1.88432 0.519738 -0.0335861)
(1.89468 0.352466 -0.0365463)
(1.88843 0.190602 -0.037607)
(1.86629 0.00606321 -0.0386476)
(1.83714 -0.271315 -0.0406481)
(2.00397 -0.376202 -0.0320396)
(2.08837 -0.322889 -0.0336999)
(2.20742 0.65976 -0.0277508)
(2.05446 0.646525 -0.03168)
(1.97523 0.602639 -0.0323435)
(1.96499 0.477571 -0.0323867)
(1.98694 0.303612 -0.0347035)
(1.98266 0.067344 -0.0362813)
(1.92964 -0.291761 -0.0397149)
(2.03995 -0.421271 -0.0319161)
(2.10574 -0.362051 -0.0302684)
(2.16426 -0.292788 -0.0313206)
(2.41731 0.556387 -0.0256426)
(2.16923 0.553391 -0.0332682)
(2.08312 0.52026 -0.0318297)
(2.04632 0.412626 -0.0326131)
(2.04251 0.182462 -0.0344957)
(2.02434 -0.138001 -0.0372614)
(2.06967 -0.307285 -0.0331514)
(2.11559 -0.284239 -0.0308429)
(2.16205 -0.260802 -0.0296007)
(2.22864 -0.201684 -0.0305395)
(2.5855 0.257722 -0.0224273)
(2.13896 0.778508 -0.0316546)
(2.0888 0.605195 -0.0316391)
(2.04969 0.326105 -0.0342359)
(2.0253 0.0842549 -0.0355937)
(2.07578 -0.129693 -0.0342268)
(2.12982 -0.165628 -0.0319487)
(2.17296 -0.165197 -0.0299163)
(2.23922 -0.143542 -0.0291174)
(2.29412 -0.118588 -0.0297207)
(2.69886 0.168271 -0.0190578)
(2.50614 0.392059 -0.0248029)
(2.17573 0.303147 -0.0314492)
(2.10853 0.135788 -0.0338569)
(2.11252 -0.0119138 -0.0340529)
(2.15468 -0.101651 -0.0323739)
(2.19202 -0.117573 -0.0303601)
(2.25227 -0.099798 -0.0294509)
(2.30511 -0.0781546 -0.0285068)
(2.3472 -0.0609108 -0.0291554)
(2.79423 0.01545 -0.0181164)
(2.44225 -0.0446825 -0.028337)
(2.15793 -0.0780326 -0.0338005)
(2.13436 -0.061524 -0.0331201)
(2.14831 -0.0984021 -0.0324163)
(2.18391 -0.11649 -0.0317117)
(2.25391 -0.100189 -0.0292261)
(2.31185 -0.0736751 -0.0286151)
(2.3614 -0.0476027 -0.0282016)
(2.39882 -0.0255038 -0.0287756)
(0.744916 1.21715 -0.0172716)
(0.923842 1.12243 -0.0204587)
(0.968075 0.885329 -0.0223699)
(0.963949 0.0126323 -0.0262201)
(1.02326 -0.136839 -0.0247611)
(0.946061 -0.19839 -0.0259019)
(0.787193 -0.291799 -0.0252045)
(0.765732 -0.260441 -0.0273871)
(0.87728 -0.208475 -0.0248055)
(1.12257 -0.18764 -0.0267077)
(1.01938 1.13576 -0.0170273)
(1.09927 0.87801 -0.0204708)
(1.04636 0.41845 -0.0236623)
(1.22068 0.107129 -0.0229601)
(1.18398 -0.00603234 -0.0222154)
(1.05906 -0.121071 -0.0242255)
(1.01922 -0.186731 -0.0255274)
(1.09786 -0.126793 -0.0256224)
(1.18432 -0.126589 -0.022475)
(1.38738 -0.144264 -0.0210884)
(1.39093 1.04396 -0.0167898)
(1.2959 0.70467 -0.0196693)
(1.28831 0.414182 -0.0204276)
(1.34667 0.330936 -0.0205962)
(1.38911 0.164344 -0.0213398)
(1.33765 -0.0102939 -0.0232504)
(1.35612 -0.0732928 -0.0225888)
(1.39366 -0.115053 -0.0205787)
(1.47551 -0.200465 -0.0239607)
(1.7005 -0.302102 -0.0222074)
(1.59129 0.944885 -0.0160995)
(1.55379 0.863788 -0.0167486)
(1.6274 0.763133 -0.0170059)
(1.65562 0.559246 -0.0185781)
(1.65157 0.331366 -0.0194425)
(1.61769 0.132482 -0.0201946)
(1.59284 0.00523391 -0.0204169)
(1.60967 -0.109198 -0.0237718)
(1.71198 -0.266314 -0.0207296)
(1.86524 -0.312472 -0.0188196)
(1.85107 0.72916 -0.0153832)
(1.66134 0.805883 -0.0165692)
(1.67672 0.726117 -0.0167966)
(1.71664 0.534867 -0.017168)
(1.73528 0.339314 -0.0187181)
(1.7346 0.15558 -0.0195036)
(1.71352 -0.0679255 -0.0199894)
(1.72498 -0.378134 -0.0204969)
(1.89436 -0.412699 -0.0156747)
(1.98311 -0.347507 -0.0172335)
(2.03221 0.725512 -0.0140439)
(1.85881 0.703664 -0.0162188)
(1.78076 0.648247 -0.0165226)
(1.78311 0.493893 -0.0163817)
(1.81636 0.28942 -0.0180731)
(1.81494 0.00842757 -0.0189379)
(1.76728 -0.398619 -0.0210256)
(1.91889 -0.449742 -0.0158491)
(1.98156 -0.395704 -0.0145364)
(2.05173 -0.317036 -0.0159759)
(2.24353 0.62957 -0.0125934)
(1.99222 0.614116 -0.0170433)
(1.89751 0.569414 -0.0161512)
(1.86262 0.431191 -0.0167424)
(1.86603 0.145759 -0.0178786)
(1.83895 -0.243049 -0.0196124)
(1.9301 -0.338626 -0.0170836)
(1.98037 -0.320412 -0.0149022)
(2.03948 -0.288951 -0.0148212)
(2.11363 -0.227222 -0.0156618)
(2.42024 0.307071 -0.0111586)
(1.96127 0.861824 -0.0162868)
(1.91728 0.650418 -0.0164191)
(1.86785 0.315293 -0.0179142)
(1.85427 0.0331826 -0.0186103)
(1.93512 -0.166893 -0.0175616)
(1.99161 -0.195815 -0.0162509)
(2.04967 -0.188214 -0.0149373)
(2.12303 -0.16277 -0.0145854)
(2.18565 -0.134805 -0.0152875)
(2.58296 0.194892 -0.0091746)
(2.37199 0.442139 -0.0131243)
(2.02953 0.338741 -0.0171856)
(1.95204 0.144429 -0.0179632)
(1.94705 -0.0317364 -0.0180079)
(2.00789 -0.108267 -0.0169221)
(2.06746 -0.120889 -0.015311)
(2.13869 -0.103162 -0.0147361)
(2.2017 -0.0798767 -0.0143044)
(2.25193 -0.0611355 -0.0149245)
(2.67529 0.00478677 -0.0089443)
(2.26296 -0.0688835 -0.0149798)
(2.01029 -0.0780206 -0.0181285)
(2.00284 -0.0572316 -0.0176907)
(2.02925 -0.0960994 -0.0168278)
(2.07707 -0.112912 -0.0162569)
(2.15073 -0.093899 -0.0147374)
(2.2101 -0.0637953 -0.0144489)
(2.26357 -0.0347552 -0.0140788)
(2.30672 -0.0112848 -0.0146567)
(0.679271 1.2381 -0.00517635)
(0.857775 1.14007 -0.00626461)
(0.900191 0.867256 -0.00693863)
(0.848732 0.0448854 -0.00816981)
(0.892047 -0.157207 -0.0077393)
(0.839442 -0.21943 -0.00770258)
(0.750371 -0.285565 -0.00704661)
(0.717762 -0.259073 -0.00850664)
(0.902761 -0.203392 -0.00752635)
(1.35741 -0.23707 -0.00717584)
(0.92814 1.16142 -0.00514464)
(1.01734 0.891928 -0.00628753)
(0.976062 0.379621 -0.00730291)
(1.1385 0.0931242 -0.0070887)
(1.12795 -0.0114645 -0.00669769)
(0.989037 -0.153452 -0.00744551)
(1.01744 -0.232905 -0.00764303)
(1.10497 -0.142934 -0.00801141)
(1.19509 -0.150131 -0.00657338)
(1.44131 -0.182572 -0.00676945)
(1.28928 1.07902 -0.00508059)
(1.1991 0.717453 -0.00600165)
(1.23442 0.414271 -0.00612111)
(1.28174 0.322152 -0.00627303)
(1.29104 0.114019 -0.00675096)
(1.24515 -0.0571257 -0.00745239)
(1.28776 -0.118722 -0.00739596)
(1.34626 -0.148341 -0.00717097)
(1.4463 -0.230675 -0.00708105)
(1.67101 -0.325017 -0.00656346)
(1.48691 0.98598 -0.00489167)
(1.45168 0.897458 -0.00507402)
(1.51841 0.783936 -0.00517981)
(1.54072 0.562877 -0.00579955)
(1.53555 0.307127 -0.00606581)
(1.50486 0.0988855 -0.00619514)
(1.49613 -0.0291428 -0.00622675)
(1.53245 -0.159419 -0.00746986)
(1.65623 -0.306105 -0.00698987)
(1.80607 -0.339424 -0.00598493)
(1.74638 0.771784 -0.00469982)
(1.5542 0.843234 -0.00499403)
(1.56958 0.755115 -0.00507397)
(1.60153 0.535451 -0.0052985)
(1.61881 0.321467 -0.00578941)
(1.62067 0.126416 -0.00616588)
(1.6034 -0.123004 -0.00639033)
(1.68781 -0.440926 -0.00640994)
(1.82302 -0.435013 -0.00494301)
(1.90798 -0.365049 -0.00513017)
(1.93175 0.766382 -0.00421735)
(1.7469 0.740715 -0.004679)
(1.66836 0.677178 -0.00478125)
(1.67422 0.503135 -0.0047397)
(1.70583 0.280174 -0.00558175)
(1.69264 -0.0359677 -0.00593086)
(1.67534 -0.459452 -0.00670888)
(1.83967 -0.464451 -0.00480922)
(1.90148 -0.413295 -0.00417336)
(1.97001 -0.332744 -0.00477981)
(2.14917 0.671779 -0.0033718)
(1.8961 0.652766 -0.00441714)
(1.79324 0.599931 -0.00459141)
(1.75523 0.43827 -0.00476451)
(1.74622 0.115588 -0.00527793)
(1.72431 -0.310467 -0.00609778)
(1.84423 -0.354177 -0.00539815)
(1.89602 -0.34034 -0.00437029)
(1.9581 -0.305301 -0.00445767)
(2.03212 -0.241954 -0.00487117)
(2.33881 0.331741 -0.00332182)
(1.87398 0.894331 -0.00445786)
(1.82263 0.663955 -0.00521971)
(1.76456 0.310561 -0.00576154)
(1.75018 0.00400358 -0.0062998)
(1.85766 -0.177814 -0.00596339)
(1.90584 -0.209371 -0.00539526)
(1.96463 -0.200104 -0.00453058)
(2.03537 -0.173318 -0.00434713)
(2.10017 -0.143585 -0.00481248)
(2.51702 0.211018 -0.00328914)
(2.28913 0.468591 -0.00537758)
(1.94433 0.3438 -0.00690281)
(1.86294 0.140913 -0.00654834)
(1.88917 -0.0522701 -0.00633003)
(1.93324 -0.114305 -0.00574283)
(1.99051 -0.122444 -0.00496226)
(2.05253 -0.103869 -0.00455472)
(2.1141 -0.0789559 -0.00431483)
(2.16748 -0.0595968 -0.00470597)
(2.6059 0.00477984 -0.00288192)
(2.17055 -0.0731538 -0.00514412)
(1.92464 -0.0743965 -0.00656472)
(1.92187 -0.0583339 -0.00644086)
(1.95284 -0.0938013 -0.00587818)
(2.00705 -0.108056 -0.00538327)
(2.06798 -0.0852206 -0.00478965)
(2.12035 -0.0510318 -0.00460015)
(2.1727 -0.0193664 -0.00426612)
(2.21861 0.00396528 -0.00463355)
(0.681433 1.24533 0.00522707)
(0.859588 1.14593 0.00635481)
(0.900642 0.869932 0.00703209)
(0.848058 0.0488744 0.00814236)
(0.893918 -0.155615 0.00787413)
(0.83762 -0.219269 0.00866725)
(0.750045 -0.245487 0.00834457)
(0.757765 -0.197343 0.00856937)
(1.08674 -0.194814 0.00727116)
(1.38374 -0.240521 0.0074471)
(0.929247 1.16654 0.00519857)
(1.0182 0.897347 0.00644306)
(0.97635 0.383332 0.00749436)
(1.13663 0.095272 0.00734962)
(1.12724 -0.00959346 0.00689233)
(0.984071 -0.153432 0.0077551)
(1.07843 -0.273141 0.00787942)
(1.10233 -0.147739 0.00778109)
(1.26998 -0.154146 0.00762458)
(1.44983 -0.193899 0.00654002)
(1.28933 1.08254 0.00528932)
(1.19838 0.722225 0.00629546)
(1.23219 0.417479 0.00640394)
(1.28004 0.324402 0.00648303)
(1.29087 0.115017 0.00675902)
(1.24106 -0.0564512 0.00717493)
(1.27597 -0.13386 0.00646324)
(1.34957 -0.15068 0.00456082)
(1.45576 -0.232738 0.00798627)
(1.67056 -0.321607 0.00712212)
(1.48669 0.988827 0.00511712)
(1.45084 0.900497 0.0053969)
(1.51621 0.786165 0.00560835)
(1.53744 0.566147 0.00607174)
(1.53387 0.308958 0.00630312)
(1.50522 0.100079 0.00671848)
(1.49655 -0.0274368 0.00646048)
(1.53463 -0.159166 0.00777405)
(1.65785 -0.306261 0.00533148)
(1.80589 -0.341533 0.00574415)
(1.74668 0.773717 0.00500487)
(1.55283 0.847443 0.00549169)
(1.56797 0.759659 0.00558067)
(1.59742 0.539617 0.00572279)
(1.61555 0.323514 0.00607705)
(1.61904 0.126903 0.00627574)
(1.60338 -0.123287 0.00612282)
(1.69256 -0.440085 0.00581415)
(1.82324 -0.433872 0.00466973)
(1.90669 -0.365517 0.00591852)
(1.93223 0.768411 0.00469473)
(1.74451 0.748343 0.0057555)
(1.66607 0.684526 0.00582787)
(1.66915 0.508329 0.00572755)
(1.70162 0.282164 0.00602985)
(1.69028 -0.0392766 0.0060945)
(1.68132 -0.458599 0.0062837)
(1.84049 -0.458602 0.0053332)
(1.89997 -0.412285 0.00435677)
(1.96772 -0.332658 0.00545221)
(2.14937 0.673589 0.00473017)
(1.89402 0.661871 0.00719834)
(1.78719 0.605271 0.00597857)
(1.74729 0.439197 0.00629438)
(1.74088 0.109219 0.00646229)
(1.72861 -0.31468 0.00640733)
(1.84701 -0.348078 0.00547918)
(1.89587 -0.337512 0.00484295)
(1.95779 -0.303007 0.0048008)
(2.03039 -0.242146 0.00505652)
(2.34212 0.331919 0.00373438)
(1.88184 0.872544 0.00662618)
(1.82119 0.646476 0.00483021)
(1.76346 0.319651 0.00533401)
(1.74875 0.00537167 0.00484941)
(1.86103 -0.172771 0.00447953)
(1.90637 -0.206547 0.0044086)
(1.96543 -0.197111 0.00463078)
(2.03371 -0.171804 0.00501559)
(2.09773 -0.143046 0.00491767)
(2.51883 0.209541 0.00176308)
(2.28913 0.452911 0.00154316)
(1.95806 0.325056 0.00235102)
(1.87188 0.135504 0.00392432)
(1.89057 -0.0480659 0.00410732)
(1.93489 -0.110767 0.00435469)
(1.99328 -0.120205 0.00437044)
(2.05339 -0.103189 0.00454931)
(2.11298 -0.0783406 0.00485955)
(2.16531 -0.0591357 0.00479172)
(2.60622 0.00889751 0.00248277)
(2.16941 -0.0696239 0.00409897)
(1.91973 -0.0513889 0.003945)
(1.91993 -0.0498378 0.00393983)
(1.95361 -0.0874063 0.00385747)
(2.01016 -0.103309 0.0043157)
(2.06975 -0.0829304 0.00416957)
(2.12128 -0.049454 0.00439538)
(2.17281 -0.0175818 0.00481099)
(2.21818 0.00543495 0.0047107)
(0.743161 1.21538 0.0173349)
(0.92241 1.12154 0.0205551)
(0.967169 0.884643 0.022465)
(0.961242 0.0155016 0.0262063)
(1.02483 -0.133142 0.0248138)
(0.942663 -0.197279 0.0266709)
(0.795995 -0.268597 0.0255345)
(0.76596 -0.218168 0.0277352)
(0.96217 -0.178998 0.0247072)
(1.16405 -0.18106 0.0254879)
(1.01799 1.13627 0.0170873)
(1.09813 0.879786 0.0206168)
(1.04566 0.421139 0.0238198)
(1.21894 0.111217 0.0231599)
(1.18454 -0.00182986 0.0223831)
(1.05322 -0.118305 0.0247773)
(1.05219 -0.196317 0.0254776)
(1.14838 -0.118947 0.0252605)
(1.24069 -0.128529 0.0238553)
(1.42932 -0.159899 0.0221755)
(1.39038 1.0451 0.0169761)
(1.29471 0.708163 0.0199315)
(1.28624 0.419266 0.0207053)
(1.34459 0.335553 0.0207955)
(1.38943 0.166314 0.0214013)
(1.33462 -0.00905306 0.0230619)
(1.35028 -0.0732647 0.0216949)
(1.40127 -0.107257 0.0189312)
(1.48953 -0.191239 0.0240762)
(1.70746 -0.291494 0.0221323)
(1.59081 0.946257 0.0162929)
(1.55251 0.867346 0.0170302)
(1.62654 0.766418 0.0174002)
(1.65119 0.567537 0.0188328)
(1.65084 0.337963 0.0195829)
(1.61764 0.134669 0.0205287)
(1.59361 0.0103137 0.0206269)
(1.61295 -0.106953 0.0235755)
(1.71548 -0.265861 0.0193465)
(1.86597 -0.315719 0.0187985)
(1.85241 0.730129 0.0156859)
(1.65669 0.814093 0.0170448)
(1.67175 0.736289 0.0172899)
(1.7097 0.546265 0.0176363)
(1.72992 0.345832 0.018788)
(1.73244 0.15853 0.0196149)
(1.71238 -0.0674989 0.019901)
(1.73726 -0.376181 0.0199091)
(1.89454 -0.406945 0.0160516)
(1.97938 -0.346828 0.0176792)
(2.03272 0.728944 0.0144269)
(1.84833 0.724559 0.017079)
(1.77056 0.667213 0.0174203)
(1.77335 0.508792 0.0172605)
(1.80773 0.297095 0.018558)
(1.81117 0.00309461 0.0191258)
(1.77727 -0.397814 0.0205449)
(1.92184 -0.431557 0.0160782)
(1.97847 -0.389784 0.0145342)
(2.04799 -0.314591 0.0164421)
(2.24211 0.635027 0.0136034)
(1.97826 0.64444 0.0197854)
(1.86959 0.586873 0.0176544)
(1.84026 0.437495 0.0182104)
(1.84629 0.131248 0.0189875)
(1.84121 -0.261331 0.0196672)
(1.93731 -0.320952 0.0172457)
(1.97977 -0.311022 0.0151565)
(2.04056 -0.27964 0.0151547)
(2.11097 -0.225779 0.0159352)
(2.42075 0.312367 0.0119772)
(1.971 0.806211 0.0196293)
(1.90681 0.595292 0.0157057)
(1.85496 0.300118 0.0174019)
(1.84823 0.0245131 0.0171051)
(1.9511 -0.154974 0.0161639)
(1.99748 -0.187314 0.0155686)
(2.05451 -0.17785 0.0148589)
(2.12187 -0.156368 0.0152328)
(2.18141 -0.1315 0.015463)
(2.58981 0.189367 0.00864357)
(2.37564 0.379135 0.00925617)
(2.10018 0.273942 0.0120559)
(2.00185 0.118372 0.0154426)
(1.98892 -0.0209982 0.0158795)
(2.03473 -0.0954751 0.0154953)
(2.09053 -0.111107 0.0147626)
(2.14794 -0.0983881 0.0145435)
(2.20146 -0.0757103 0.0148147)
(2.24699 -0.0574331 0.0150424)
(2.67955 0.0164917 0.00864769)
(2.25794 -0.0617679 0.0142288)
(2.02938 -0.00277348 0.015018)
(2.02456 -0.0235495 0.0151714)
(2.04461 -0.0693137 0.0148172)
(2.09385 -0.0929948 0.0149229)
(2.16213 -0.0820274 0.014349)
(2.21527 -0.0545362 0.0142417)
(2.26352 -0.0250284 0.0145967)
(2.30386 -0.00257865 0.0147617)
(0.841835 1.19682 0.0362049)
(1.02029 1.11256 0.0411061)
(1.05269 0.921344 0.0444782)
(1.12723 0.038182 0.0497993)
(1.12353 -0.101808 0.0484644)
(1.0283 -0.169364 0.0519463)
(0.851898 -0.247977 0.0516096)
(0.82523 -0.19261 0.0548868)
(1.00179 -0.167569 0.0511276)
(1.28869 -0.18179 0.0510754)
(1.15236 1.10874 0.0352151)
(1.22233 0.878613 0.0407937)
(1.15037 0.50627 0.0464152)
(1.29308 0.120152 0.0450451)
(1.25933 0.0102222 0.0444519)
(1.12289 -0.0901484 0.048951)
(1.06734 -0.140348 0.0510492)
(1.13659 -0.0696006 0.0507066)
(1.24446 -0.0789851 0.0477111)
(1.45387 -0.114507 0.0436592)
(1.55036 0.993711 0.0339768)
(1.43946 0.702642 0.0393014)
(1.36831 0.444405 0.0419207)
(1.4225 0.361015 0.0420546)
(1.48166 0.210769 0.0425366)
(1.44826 0.0412356 0.0448236)
(1.45021 -0.0153202 0.0430022)
(1.48825 -0.0548673 0.0405662)
(1.54503 -0.138408 0.045715)
(1.76291 -0.246933 0.0432344)
(1.78463 0.868719 0.032099)
(1.73112 0.806828 0.03343)
(1.78504 0.720691 0.0340655)
(1.79355 0.539517 0.0365452)
(1.80035 0.358321 0.0380515)
(1.77086 0.181056 0.0392936)
(1.72178 0.0603448 0.0403597)
(1.7259 -0.0420109 0.0439453)
(1.79776 -0.199069 0.039586)
(1.95993 -0.275458 0.0367777)
(2.04563 0.659633 0.0302741)
(1.8433 0.75332 0.0329474)
(1.85294 0.689971 0.0333585)
(1.87839 0.535643 0.0339831)
(1.88895 0.362373 0.0364123)
(1.88598 0.194744 0.0376121)
(1.8616 0.00568748 0.0387245)
(1.83393 -0.269733 0.0401686)
(2.00916 -0.366041 0.0327917)
(2.09174 -0.319073 0.0335854)
(2.218 0.663097 0.0277331)
(2.04516 0.678827 0.0320618)
(1.9624 0.631301 0.0330532)
(1.95355 0.50204 0.0331917)
(1.975 0.319908 0.0353731)
(1.97622 0.0650803 0.036526)
(1.9307 -0.299836 0.0394451)
(2.05043 -0.397206 0.0315342)
(2.10852 -0.353401 0.0301907)
(2.16873 -0.289118 0.0315683)
(2.42049 0.56741 0.0260174)
(2.13594 0.616571 0.036016)
(2.03978 0.552448 0.0334644)
(2.00737 0.422901 0.0339564)
(2.00919 0.16296 0.0354348)
(2.00508 -0.179968 0.0374325)
(2.07756 -0.292334 0.033068)
(2.117 -0.276497 0.0305114)
(2.16893 -0.249471 0.0296923)
(2.23249 -0.20042 0.0309927)
(2.56081 0.275175 0.0243814)
(2.11772 0.697172 0.0375361)
(2.07354 0.510663 0.0307908)
(2.03303 0.268802 0.0334886)
(2.0176 0.0485226 0.0340717)
(2.09535 -0.134432 0.0328678)
(2.14124 -0.163461 0.0315559)
(2.18844 -0.154413 0.0295129)
(2.2467 -0.135654 0.0294543)
(2.29873 -0.114344 0.029917)
(2.70657 0.154179 0.0212004)
(2.42989 0.205015 0.0216119)
(2.23131 0.192038 0.0260771)
(2.17302 0.0828995 0.0311595)
(2.15914 -0.0181803 0.0319074)
(2.19254 -0.0919589 0.0308955)
(2.23039 -0.108129 0.0297793)
(2.27365 -0.0954348 0.028829)
(2.31681 -0.0728261 0.0287696)
(2.35515 -0.0553226 0.0292066)
(2.81915 0.0337634 0.0179195)
(2.44689 -0.0190906 0.0265355)
(2.16486 -0.0326588 0.0298835)
(2.16648 -0.0419615 0.0303113)
(2.18228 -0.0733429 0.0300922)
(2.21714 -0.0930172 0.0299665)
(2.27937 -0.0851396 0.0291451)
(2.32852 -0.0619483 0.0282364)
(2.37171 -0.035278 0.0283264)
(2.40651 -0.0154363 0.0286321)
(0.897408 1.22034 0.0793019)
(1.08168 1.13836 0.0854537)
(1.11739 0.963872 0.0915127)
(1.11942 0.0440157 0.103762)
(1.14393 -0.078556 0.101704)
(1.04272 -0.132557 0.106527)
(0.928661 -0.22887 0.106451)
(0.923008 -0.207764 0.110079)
(1.17094 -0.202797 0.102673)
(1.41449 -0.217188 0.099089)
(1.24759 1.11027 0.0766707)
(1.31943 0.905834 0.0848161)
(1.24455 0.578651 0.0939185)
(1.38461 0.158874 0.0916897)
(1.36109 0.0632936 0.091561)
(1.164 -0.045914 0.101453)
(1.10044 -0.103359 0.103258)
(1.1083 -0.0728581 0.105511)
(1.27439 -0.0820365 0.0994524)
(1.48825 -0.102028 0.0902495)
(1.61218 0.990197 0.0722763)
(1.54612 0.736115 0.0816975)
(1.47873 0.484224 0.0873729)
(1.51113 0.382824 0.0871391)
(1.55048 0.2569 0.0870979)
(1.49756 0.0837186 0.090358)
(1.48634 0.0209647 0.0896789)
(1.53294 -0.00962481 0.0873434)
(1.59488 -0.100679 0.0906371)
(1.79641 -0.214899 0.0858991)
(1.86346 0.855141 0.067664)
(1.80657 0.797388 0.0703669)
(1.83286 0.685673 0.072616)
(1.8444 0.511896 0.0763244)
(1.85924 0.359626 0.0784217)
(1.84698 0.204357 0.0799141)
(1.79183 0.0926581 0.0821141)
(1.79206 0.00172757 0.0854426)
(1.84734 -0.147115 0.0820691)
(2.03227 -0.252184 0.0751508)
(2.17644 0.643971 0.0622023)
(1.9406 0.745969 0.0682458)
(1.93767 0.684944 0.0695395)
(1.96824 0.547731 0.0706705)
(1.9811 0.38971 0.074984)
(1.98406 0.234196 0.0764682)
(1.95906 0.0702693 0.0783846)
(1.92937 -0.19519 0.0817919)
(2.09063 -0.341419 0.0699658)
(2.17232 -0.307186 0.0685884)
(2.359 0.628048 0.0573983)
(2.18302 0.675281 0.0637671)
(2.08281 0.635322 0.0668749)
(2.06138 0.519953 0.0683265)
(2.08046 0.355964 0.0716418)
(2.07889 0.11995 0.0739098)
(2.03973 -0.223017 0.0781459)
(2.12841 -0.388296 0.0674544)
(2.19469 -0.332196 0.0645976)
(2.24319 -0.278107 0.0644194)
(2.61308 0.504587 0.0537112)
(2.27505 0.619625 0.0674314)
(2.17872 0.545519 0.0670142)
(2.12477 0.427969 0.0675846)
(2.11598 0.197213 0.0703522)
(2.11382 -0.104941 0.0751853)
(2.16537 -0.289451 0.0681341)
(2.21019 -0.256772 0.0642541)
(2.2526 -0.232553 0.0615479)
(2.30764 -0.18414 0.0627501)
(2.74125 0.239368 0.0505176)
(2.26741 0.615187 0.0705554)
(2.20194 0.446431 0.0642188)
(2.16185 0.250167 0.0673731)
(2.14433 0.0624071 0.0698397)
(2.19292 -0.117937 0.0682561)
(2.23894 -0.147775 0.0655465)
(2.2725 -0.141717 0.061479)
(2.31982 -0.121659 0.0601922)
(2.36362 -0.102002 0.060716)
(2.84286 0.115158 0.0465688)
(2.27161 0.572953 0.0532687)
(2.21643 0.362213 0.0579928)
(2.23122 0.164596 0.0653043)
(2.24794 0.0303935 0.0659637)
(2.28057 -0.0652627 0.0638575)
(2.30912 -0.0946861 0.0619651)
(2.34349 -0.0861573 0.0595715)
(2.37988 -0.0641306 0.0589931)
(2.41311 -0.0465394 0.0598134)
(2.95028 0.0722901 0.0412729)
(2.57268 0.125265 0.0513273)
(2.2401 0.112522 0.0609743)
(2.24171 0.0449639 0.0625258)
(2.25645 -0.0236467 0.0627319)
(2.28721 -0.0670316 0.0625586)
(2.33872 -0.0757278 0.0601786)
(2.38693 -0.0598463 0.0577124)
(2.4281 -0.0343898 0.0575733)
(2.45858 -0.0147114 0.05795)
(1.04146 1.1591 0.256401)
(1.20038 1.09973 0.260189)
(1.22409 0.935282 0.273928)
(1.09136 0.20264 0.336082)
(1.19493 0.0303688 0.327206)
(1.14447 -0.066045 0.322253)
(1.0579 -0.249451 0.324904)
(1.05854 -0.263123 0.336076)
(1.13539 -0.235239 0.333881)
(1.28675 -0.214378 0.327829)
(1.41924 1.0507 0.247074)
(1.46322 0.900656 0.255269)
(1.36549 0.573565 0.289992)
(1.39296 0.205706 0.292696)
(1.39032 0.163824 0.288)
(1.22976 0.0208085 0.317572)
(1.1333 -0.0893772 0.335959)
(1.21524 -0.0332169 0.332038)
(1.33579 -0.0136215 0.324593)
(1.47193 -0.0555239 0.30848)
(1.78176 0.906793 0.232659)
(1.7261 0.759732 0.241847)
(1.60216 0.508381 0.252953)
(1.62169 0.383783 0.26689)
(1.62642 0.333874 0.26328)
(1.44619 0.12411 0.281537)
(1.44648 0.0550137 0.295744)
(1.53836 0.0514774 0.28094)
(1.57398 -0.0255907 0.285347)
(1.71087 -0.125604 0.278525)
(2.03621 0.77685 0.215694)
(1.9519 0.744451 0.225693)
(1.93485 0.63107 0.22983)
(1.96356 0.485284 0.233681)
(1.91279 0.353766 0.235191)
(1.85084 0.199652 0.23688)
(1.78679 0.101426 0.257133)
(1.8071 0.0518279 0.258304)
(1.82833 -0.07807 0.259611)
(2.03727 -0.223502 0.238601)
(2.3152 0.615563 0.186215)
(2.07479 0.721605 0.21611)
(2.05103 0.665559 0.221347)
(2.07552 0.56389 0.221533)
(2.08696 0.400411 0.2297)
(2.08524 0.246473 0.231181)
(2.04047 0.106104 0.243058)
(1.98852 -0.106689 0.251089)
(2.12159 -0.316846 0.227738)
(2.20164 -0.310306 0.221053)
(2.54205 0.583129 0.169278)
(2.31901 0.663906 0.183313)
(2.17757 0.636156 0.208422)
(2.16576 0.55893 0.210542)
(2.1799 0.437999 0.215989)
(2.19165 0.226591 0.224511)
(2.13559 -0.112395 0.231253)
(2.16355 -0.386782 0.220681)
(2.23695 -0.325919 0.212802)
(2.26678 -0.281231 0.20852)
(2.83573 0.422913 0.139089)
(2.33642 0.641871 0.197651)
(2.29384 0.543257 0.199702)
(2.23382 0.443957 0.209507)
(2.22416 0.282677 0.215285)
(2.21196 0.0500878 0.220805)
(2.22375 -0.312437 0.214637)
(2.2675 -0.247091 0.207327)
(2.29237 -0.230054 0.200122)
(2.32152 -0.188801 0.201218)
(2.94834 0.160317 0.130087)
(2.37607 0.570211 0.205705)
(2.34247 0.373475 0.195379)
(2.28009 0.21695 0.20681)
(2.25102 0.0826436 0.215994)
(2.25099 -0.0855737 0.210061)
(2.28406 -0.15438 0.208147)
(2.30519 -0.152224 0.20176)
(2.34366 -0.123597 0.195395)
(2.37565 -0.102899 0.195467)
(2.95971 0.147433 0.130841)
(2.23253 0.454549 0.196568)
(2.21602 0.293706 0.196008)
(2.24149 0.120325 0.216902)
(2.25968 -0.000779355 0.219724)
(2.27931 -0.0902433 0.215463)
(2.30835 -0.118644 0.210123)
(2.35527 -0.100804 0.200523)
(2.39617 -0.0780755 0.193397)
(2.42241 -0.065641 0.196035)
(3.0138 0.122845 0.135111)
(2.22523 0.0859604 0.22953)
(2.086 0.115298 0.23146)
(2.1519 0.0826276 0.226825)
(2.20012 0.0188458 0.223331)
(2.25262 -0.0322788 0.219088)
(2.31785 -0.0568458 0.209484)
(2.38206 -0.0608824 0.199864)
(2.43093 -0.0470167 0.194079)
(2.45589 -0.0311536 0.19359)
)
;

boundaryField
{
    inlet
    {
        type            fixedValue;
        value           uniform (3 0 0);
    }
    outlet
    {
        type            inletOutlet;
        inletValue      uniform (3 0 0);
        value           nonuniform List<vector> 
100
(
(1.2893 -0.240103 -0.327701)
(1.44813 -0.0993492 -0.309985)
(1.72817 -0.153462 -0.275312)
(2.019 -0.229551 -0.240468)
(2.19839 -0.320152 -0.220985)
(2.26646 -0.277336 -0.209134)
(2.31671 -0.185298 -0.199306)
(2.37717 -0.097323 -0.193853)
(2.42137 -0.0647777 -0.195622)
(2.44523 -0.0363247 -0.194303)
(1.27513 -0.187425 -0.105338)
(1.47841 -0.0892502 -0.0896091)
(1.78353 -0.236539 -0.0860704)
(2.0174 -0.2479 -0.0761045)
(2.16769 -0.312015 -0.0692829)
(2.24145 -0.278231 -0.0643334)
(2.30864 -0.180272 -0.061958)
(2.36692 -0.10113 -0.0603518)
(2.41409 -0.0501324 -0.0596156)
(2.45133 -0.0245807 -0.0584118)
(1.16695 -0.164762 -0.0541792)
(1.42405 -0.0956784 -0.043013)
(1.72393 -0.254091 -0.0437631)
(1.95158 -0.272396 -0.0370855)
(2.08837 -0.322889 -0.0336999)
(2.16426 -0.292788 -0.0313206)
(2.22864 -0.201684 -0.0305395)
(2.29412 -0.118588 -0.0297207)
(2.3472 -0.0609108 -0.0291554)
(2.39882 -0.0255038 -0.0287756)
(1.12257 -0.18764 -0.0267077)
(1.38738 -0.144264 -0.0210884)
(1.7005 -0.302102 -0.0222074)
(1.86524 -0.312472 -0.0188196)
(1.98311 -0.347507 -0.0172335)
(2.05173 -0.317036 -0.0159759)
(2.11363 -0.227222 -0.0156618)
(2.18565 -0.134805 -0.0152875)
(2.25193 -0.0611355 -0.0149245)
(2.30672 -0.0112848 -0.0146567)
(1.35741 -0.23707 -0.00717584)
(1.44131 -0.182572 -0.00676945)
(1.67101 -0.325017 -0.00656346)
(1.80607 -0.339424 -0.00598493)
(1.90798 -0.365049 -0.00513017)
(1.97001 -0.332744 -0.00477981)
(2.03212 -0.241954 -0.00487117)
(2.10017 -0.143585 -0.00481248)
(2.16748 -0.0595968 -0.00470597)
(2.21861 0.00396528 -0.00463355)
(1.38374 -0.240521 0.0074471)
(1.44983 -0.193899 0.00654002)
(1.67056 -0.321607 0.00712212)
(1.80589 -0.341533 0.00574415)
(1.90669 -0.365517 0.00591852)
(1.96772 -0.332658 0.00545221)
(2.03039 -0.242146 0.00505652)
(2.09773 -0.143046 0.00491767)
(2.16531 -0.0591357 0.00479172)
(2.21818 0.00543495 0.0047107)
(1.16405 -0.18106 0.0254879)
(1.42932 -0.159899 0.0221755)
(1.70746 -0.291494 0.0221323)
(1.86597 -0.315719 0.0187985)
(1.97938 -0.346828 0.0176792)
(2.04799 -0.314591 0.0164421)
(2.11097 -0.225779 0.0159352)
(2.18141 -0.1315 0.015463)
(2.24699 -0.0574331 0.0150424)
(2.30386 -0.00257865 0.0147617)
(1.28869 -0.18179 0.0510754)
(1.45387 -0.114507 0.0436592)
(1.76291 -0.246933 0.0432344)
(1.95993 -0.275458 0.0367777)
(2.09174 -0.319073 0.0335854)
(2.16873 -0.289118 0.0315683)
(2.23249 -0.20042 0.0309927)
(2.29873 -0.114344 0.029917)
(2.35515 -0.0553226 0.0292066)
(2.40651 -0.0154363 0.0286321)
(1.41449 -0.217188 0.099089)
(1.48825 -0.102028 0.0902495)
(1.79641 -0.214899 0.0858991)
(2.03227 -0.252184 0.0751508)
(2.17232 -0.307186 0.0685884)
(2.24319 -0.278107 0.0644194)
(2.30764 -0.18414 0.0627501)
(2.36362 -0.102002 0.060716)
(2.41311 -0.0465394 0.0598134)
(2.45858 -0.0147114 0.05795)
(1.28675 -0.214378 0.327829)
(1.47193 -0.0555239 0.30848)
(1.71087 -0.125604 0.278525)
(2.03727 -0.223502 0.238601)
(2.20164 -0.310306 0.221053)
(2.26678 -0.281231 0.20852)
(2.32152 -0.188801 0.201218)
(2.37565 -0.102899 0.195467)
(2.42241 -0.065641 0.196035)
(2.45589 -0.0311536 0.19359)
)
;
    }
    top
    {
        type            symmetryPlane;
    }
    bottom
    {
        type            symmetryPlane;
    }
    step
    {
        type            slip;
    }
    defaultFaces
    {
        type            empty;
    }
}


// ************************************************************************* //
