/*--------------------------------*- C++ -*----------------------------------*\
  =========                 |
  \\      /  F ield         | OpenFOAM: The Open Source CFD Toolbox
   \\    /   O peration     | Website:  https://openfoam.org
    \\  /    A nd           | Version:  6.0
     \\/     M anipulation  |
\*---------------------------------------------------------------------------*/
FoamFile
{
    version     2.0;
    format      ascii;
    class       volScalarField;
    location    "1.000785";
    object      rho;
}
// * * * * * * * * * * * * * * * * * * * * * * * * * * * * * * * * * * * * * //

dimensions      [1 -3 0 0 0 0 0];

internalField   nonuniform List<scalar> 
3000
(
1.39997
1.39997
1.39997
1.39997
1.39997
2.66456
5.22969
5.49003
5.47296
5.47847
1.39997
1.39997
1.39997
1.39997
1.39997
2.64647
5.19599
5.47999
5.46094
5.46388
1.39997
1.39997
1.39997
1.39997
1.39997
2.60843
5.14115
5.45924
5.43744
5.44157
1.39997
1.39997
1.39997
1.39997
1.39997
2.54843
5.06914
5.43217
5.40839
5.41049
1.39997
1.39997
1.39997
1.39997
1.39997
2.46912
4.99072
5.4009
5.36646
5.37121
1.39997
1.39997
1.39997
1.39997
1.39997
2.36954
4.91259
5.37911
5.33296
5.32274
1.39997
1.39997
1.39997
1.39997
1.39997
2.25001
4.83305
5.36583
5.28276
5.26098
1.39997
1.39997
1.39997
1.39997
1.39997
2.11505
4.76396
5.36635
5.24987
5.18759
1.39997
1.39997
1.39997
1.39997
1.39997
1.95751
4.70165
5.38276
5.1931
5.03968
1.39997
1.39997
1.39997
1.39997
1.39997
1.77951
4.63116
5.37764
5.14206
4.90785
1.39997
1.39997
1.39997
1.39997
1.39997
2.66456
5.22969
5.49003
5.47296
5.47847
1.39997
1.39997
1.39997
1.39997
1.39997
2.64647
5.19599
5.47999
5.46094
5.46388
1.39997
1.39997
1.39997
1.39997
1.39997
2.60843
5.14115
5.45924
5.43744
5.44157
1.39997
1.39997
1.39997
1.39997
1.39997
2.54843
5.06914
5.43217
5.40839
5.41049
1.39997
1.39997
1.39997
1.39997
1.39997
2.46912
4.99072
5.4009
5.36646
5.37121
1.39997
1.39997
1.39997
1.39997
1.39997
2.36954
4.91259
5.37911
5.33296
5.32274
1.39997
1.39997
1.39997
1.39997
1.39997
2.25001
4.83305
5.36583
5.28276
5.26098
1.39997
1.39997
1.39997
1.39997
1.39997
2.11505
4.76396
5.36635
5.24987
5.18759
1.39997
1.39997
1.39997
1.39997
1.39997
1.95751
4.70165
5.38276
5.1931
5.03968
1.39997
1.39997
1.39997
1.39997
1.39997
1.77951
4.63116
5.37764
5.14206
4.90785
1.39997
1.39997
1.39997
1.39997
1.39997
2.66456
5.22969
5.49003
5.47296
5.47847
1.39997
1.39997
1.39997
1.39997
1.39997
2.64647
5.19599
5.47999
5.46094
5.46388
1.39997
1.39997
1.39997
1.39997
1.39997
2.60843
5.14115
5.45924
5.43744
5.44157
1.39997
1.39997
1.39997
1.39997
1.39997
2.54843
5.06914
5.43217
5.40839
5.41049
1.39997
1.39997
1.39997
1.39997
1.39997
2.46912
4.99072
5.4009
5.36646
5.37121
1.39997
1.39997
1.39997
1.39997
1.39997
2.36954
4.91259
5.37911
5.33296
5.32274
1.39997
1.39997
1.39997
1.39997
1.39997
2.25001
4.83305
5.36583
5.28276
5.26098
1.39997
1.39997
1.39997
1.39997
1.39997
2.11505
4.76396
5.36635
5.24987
5.18759
1.39997
1.39997
1.39997
1.39997
1.39997
1.95751
4.70165
5.38276
5.1931
5.03968
1.39997
1.39997
1.39997
1.39997
1.39997
1.77951
4.63116
5.37764
5.14206
4.90785
1.39997
1.39997
1.39997
1.39997
1.39997
2.66456
5.22969
5.49003
5.47296
5.47847
1.39997
1.39997
1.39997
1.39997
1.39997
2.64647
5.19599
5.47999
5.46094
5.46388
1.39997
1.39997
1.39997
1.39997
1.39997
2.60843
5.14115
5.45924
5.43744
5.44157
1.39997
1.39997
1.39997
1.39997
1.39997
2.54843
5.06914
5.43217
5.40839
5.41049
1.39997
1.39997
1.39997
1.39997
1.39997
2.46912
4.99072
5.4009
5.36646
5.37121
1.39997
1.39997
1.39997
1.39997
1.39997
2.36954
4.91259
5.37911
5.33296
5.32274
1.39997
1.39997
1.39997
1.39997
1.39997
2.25001
4.83305
5.36583
5.28276
5.26098
1.39997
1.39997
1.39997
1.39997
1.39997
2.11505
4.76396
5.36635
5.24987
5.18759
1.39997
1.39997
1.39997
1.39997
1.39997
1.95751
4.70165
5.38276
5.1931
5.03968
1.39997
1.39997
1.39997
1.39997
1.39997
1.77951
4.63116
5.37764
5.14206
4.90785
1.39997
1.39997
1.39997
1.39997
1.39997
2.66456
5.22969
5.49003
5.47296
5.47847
1.39997
1.39997
1.39997
1.39997
1.39997
2.64647
5.19599
5.47999
5.46094
5.46388
1.39997
1.39997
1.39997
1.39997
1.39997
2.60843
5.14115
5.45924
5.43744
5.44157
1.39997
1.39997
1.39997
1.39997
1.39997
2.54843
5.06914
5.43217
5.40839
5.41049
1.39997
1.39997
1.39997
1.39997
1.39997
2.46912
4.99072
5.4009
5.36646
5.37121
1.39997
1.39997
1.39997
1.39997
1.39997
2.36954
4.91259
5.37911
5.33296
5.32274
1.39997
1.39997
1.39997
1.39997
1.39997
2.25001
4.83305
5.36583
5.28276
5.26098
1.39997
1.39997
1.39997
1.39997
1.39997
2.11505
4.76396
5.36635
5.24987
5.18759
1.39997
1.39997
1.39997
1.39997
1.39997
1.95751
4.70165
5.38276
5.1931
5.03968
1.39997
1.39997
1.39997
1.39997
1.39997
1.77951
4.63116
5.37764
5.14206
4.90785
1.39997
1.39997
1.39997
1.39997
1.39997
2.66456
5.22969
5.49003
5.47296
5.47847
1.39997
1.39997
1.39997
1.39997
1.39997
2.64647
5.19599
5.47999
5.46094
5.46388
1.39997
1.39997
1.39997
1.39997
1.39997
2.60843
5.14115
5.45924
5.43744
5.44157
1.39997
1.39997
1.39997
1.39997
1.39997
2.54843
5.06914
5.43217
5.40839
5.41049
1.39997
1.39997
1.39997
1.39997
1.39997
2.46912
4.99072
5.4009
5.36646
5.37121
1.39997
1.39997
1.39997
1.39997
1.39997
2.36954
4.91259
5.37911
5.33296
5.32274
1.39997
1.39997
1.39997
1.39997
1.39997
2.25001
4.83305
5.36583
5.28276
5.26098
1.39997
1.39997
1.39997
1.39997
1.39997
2.11505
4.76396
5.36635
5.24987
5.18759
1.39997
1.39997
1.39997
1.39997
1.39997
1.95751
4.70165
5.38276
5.1931
5.03968
1.39997
1.39997
1.39997
1.39997
1.39997
1.77951
4.63116
5.37764
5.14206
4.90785
1.39997
1.39997
1.39997
1.39997
1.39997
2.66456
5.22969
5.49003
5.47296
5.47847
1.39997
1.39997
1.39997
1.39997
1.39997
2.64647
5.19599
5.47999
5.46094
5.46388
1.39997
1.39997
1.39997
1.39997
1.39997
2.60843
5.14115
5.45924
5.43744
5.44157
1.39997
1.39997
1.39997
1.39997
1.39997
2.54843
5.06914
5.43217
5.40839
5.41049
1.39997
1.39997
1.39997
1.39997
1.39997
2.46912
4.99072
5.4009
5.36646
5.37121
1.39997
1.39997
1.39997
1.39997
1.39997
2.36954
4.91259
5.37911
5.33296
5.32274
1.39997
1.39997
1.39997
1.39997
1.39997
2.25001
4.83305
5.36583
5.28276
5.26098
1.39997
1.39997
1.39997
1.39997
1.39997
2.11505
4.76396
5.36635
5.24987
5.18759
1.39997
1.39997
1.39997
1.39997
1.39997
1.95751
4.70165
5.38276
5.1931
5.03968
1.39997
1.39997
1.39997
1.39997
1.39997
1.77951
4.63116
5.37764
5.14206
4.90785
1.39997
1.39997
1.39997
1.39997
1.39997
2.66456
5.22969
5.49003
5.47296
5.47847
1.39997
1.39997
1.39997
1.39997
1.39997
2.64647
5.19599
5.47999
5.46094
5.46388
1.39997
1.39997
1.39997
1.39997
1.39997
2.60843
5.14115
5.45924
5.43744
5.44157
1.39997
1.39997
1.39997
1.39997
1.39997
2.54843
5.06914
5.43217
5.40839
5.41049
1.39997
1.39997
1.39997
1.39997
1.39997
2.46912
4.99072
5.4009
5.36646
5.37121
1.39997
1.39997
1.39997
1.39997
1.39997
2.36954
4.91259
5.37911
5.33296
5.32274
1.39997
1.39997
1.39997
1.39997
1.39997
2.25001
4.83305
5.36583
5.28276
5.26098
1.39997
1.39997
1.39997
1.39997
1.39997
2.11505
4.76396
5.36635
5.24987
5.18759
1.39997
1.39997
1.39997
1.39997
1.39997
1.95751
4.70165
5.38276
5.1931
5.03968
1.39997
1.39997
1.39997
1.39997
1.39997
1.77951
4.63116
5.37764
5.14206
4.90785
1.39997
1.39997
1.39997
1.39997
1.39997
2.66456
5.22969
5.49003
5.47296
5.47847
1.39997
1.39997
1.39997
1.39997
1.39997
2.64647
5.19599
5.47999
5.46094
5.46388
1.39997
1.39997
1.39997
1.39997
1.39997
2.60843
5.14115
5.45924
5.43744
5.44157
1.39997
1.39997
1.39997
1.39997
1.39997
2.54843
5.06914
5.43217
5.40839
5.41049
1.39997
1.39997
1.39997
1.39997
1.39997
2.46912
4.99072
5.4009
5.36646
5.37121
1.39997
1.39997
1.39997
1.39997
1.39997
2.36954
4.91259
5.37911
5.33296
5.32274
1.39997
1.39997
1.39997
1.39997
1.39997
2.25001
4.83305
5.36583
5.28276
5.26098
1.39997
1.39997
1.39997
1.39997
1.39997
2.11505
4.76396
5.36635
5.24987
5.18759
1.39997
1.39997
1.39997
1.39997
1.39997
1.95751
4.70165
5.38276
5.1931
5.03968
1.39997
1.39997
1.39997
1.39997
1.39997
1.77951
4.63116
5.37764
5.14206
4.90785
1.39997
1.39997
1.39997
1.39997
1.39997
2.66456
5.22969
5.49003
5.47296
5.47847
1.39997
1.39997
1.39997
1.39997
1.39997
2.64647
5.19599
5.47999
5.46094
5.46388
1.39997
1.39997
1.39997
1.39997
1.39997
2.60843
5.14115
5.45924
5.43744
5.44157
1.39997
1.39997
1.39997
1.39997
1.39997
2.54843
5.06914
5.43217
5.40839
5.41049
1.39997
1.39997
1.39997
1.39997
1.39997
2.46912
4.99072
5.4009
5.36646
5.37121
1.39997
1.39997
1.39997
1.39997
1.39997
2.36954
4.91259
5.37911
5.33296
5.32274
1.39997
1.39997
1.39997
1.39997
1.39997
2.25001
4.83305
5.36583
5.28276
5.26098
1.39997
1.39997
1.39997
1.39997
1.39997
2.11505
4.76396
5.36635
5.24987
5.18759
1.39997
1.39997
1.39997
1.39997
1.39997
1.95751
4.70165
5.38276
5.1931
5.03968
1.39997
1.39997
1.39997
1.39997
1.39997
1.77951
4.63116
5.37764
5.14206
4.90785
1.39997
1.39997
1.39997
1.39997
1.39997
1.45188
3.90066
5.25276
4.94537
4.03136
1.39997
1.39997
1.39997
1.39997
1.39997
1.4003
2.42643
4.78207
4.65235
3.93984
1.39997
1.39997
1.39997
1.39997
1.39997
1.39997
1.51079
3.43932
4.60313
4.02426
1.39997
1.39997
1.39997
1.39997
1.39997
1.39997
1.40107
1.83261
3.7681
4.15939
1.39997
1.39997
1.39997
1.39997
1.39997
1.39997
1.39997
1.41673
2.11111
3.7154
1.39997
1.39997
1.39997
1.39997
1.39997
1.39997
1.39997
1.40006
1.44486
2.39055
1.39997
1.39997
1.39997
1.39997
1.39997
1.39997
1.39997
1.39997
1.4003
1.51015
1.39997
1.39997
1.39997
1.39997
1.39997
1.39997
1.39997
1.39997
1.39997
1.40125
1.39997
1.39997
1.39997
1.39997
1.39997
1.39997
1.39997
1.39997
1.39997
1.39997
1.39997
1.39997
1.39997
1.39997
1.39997
1.39997
1.39997
1.39997
1.39997
1.39997
1.39997
1.39997
1.39997
1.39997
1.39997
1.45188
3.90066
5.25276
4.94537
4.03136
1.39997
1.39997
1.39997
1.39997
1.39997
1.4003
2.42643
4.78207
4.65235
3.93984
1.39997
1.39997
1.39997
1.39997
1.39997
1.39997
1.51079
3.43932
4.60313
4.02426
1.39997
1.39997
1.39997
1.39997
1.39997
1.39997
1.40107
1.83261
3.7681
4.15939
1.39997
1.39997
1.39997
1.39997
1.39997
1.39997
1.39997
1.41673
2.11111
3.7154
1.39997
1.39997
1.39997
1.39997
1.39997
1.39997
1.39997
1.40006
1.44486
2.39055
1.39997
1.39997
1.39997
1.39997
1.39997
1.39997
1.39997
1.39997
1.4003
1.51015
1.39997
1.39997
1.39997
1.39997
1.39997
1.39997
1.39997
1.39997
1.39997
1.40125
1.39997
1.39997
1.39997
1.39997
1.39997
1.39997
1.39997
1.39997
1.39997
1.39997
1.39997
1.39997
1.39997
1.39997
1.39997
1.39997
1.39997
1.39997
1.39997
1.39997
1.39997
1.39997
1.39997
1.39997
1.39997
1.45188
3.90066
5.25276
4.94537
4.03136
1.39997
1.39997
1.39997
1.39997
1.39997
1.4003
2.42643
4.78207
4.65235
3.93984
1.39997
1.39997
1.39997
1.39997
1.39997
1.39997
1.51079
3.43932
4.60313
4.02426
1.39997
1.39997
1.39997
1.39997
1.39997
1.39997
1.40107
1.83261
3.7681
4.15939
1.39997
1.39997
1.39997
1.39997
1.39997
1.39997
1.39997
1.41673
2.11111
3.7154
1.39997
1.39997
1.39997
1.39997
1.39997
1.39997
1.39997
1.40006
1.44486
2.39055
1.39997
1.39997
1.39997
1.39997
1.39997
1.39997
1.39997
1.39997
1.4003
1.51015
1.39997
1.39997
1.39997
1.39997
1.39997
1.39997
1.39997
1.39997
1.39997
1.40125
1.39997
1.39997
1.39997
1.39997
1.39997
1.39997
1.39997
1.39997
1.39997
1.39997
1.39997
1.39997
1.39997
1.39997
1.39997
1.39997
1.39997
1.39997
1.39997
1.39997
1.39997
1.39997
1.39997
1.39997
1.39997
1.45188
3.90066
5.25276
4.94537
4.03136
1.39997
1.39997
1.39997
1.39997
1.39997
1.4003
2.42643
4.78207
4.65235
3.93984
1.39997
1.39997
1.39997
1.39997
1.39997
1.39997
1.51079
3.43932
4.60313
4.02426
1.39997
1.39997
1.39997
1.39997
1.39997
1.39997
1.40107
1.83261
3.7681
4.15939
1.39997
1.39997
1.39997
1.39997
1.39997
1.39997
1.39997
1.41673
2.11111
3.7154
1.39997
1.39997
1.39997
1.39997
1.39997
1.39997
1.39997
1.40006
1.44486
2.39055
1.39997
1.39997
1.39997
1.39997
1.39997
1.39997
1.39997
1.39997
1.4003
1.51015
1.39997
1.39997
1.39997
1.39997
1.39997
1.39997
1.39997
1.39997
1.39997
1.40125
1.39997
1.39997
1.39997
1.39997
1.39997
1.39997
1.39997
1.39997
1.39997
1.39997
1.39997
1.39997
1.39997
1.39997
1.39997
1.39997
1.39997
1.39997
1.39997
1.39997
1.39997
1.39997
1.39997
1.39997
1.39997
1.45188
3.90066
5.25276
4.94537
4.03136
1.39997
1.39997
1.39997
1.39997
1.39997
1.4003
2.42643
4.78207
4.65235
3.93984
1.39997
1.39997
1.39997
1.39997
1.39997
1.39997
1.51079
3.43932
4.60313
4.02426
1.39997
1.39997
1.39997
1.39997
1.39997
1.39997
1.40107
1.83261
3.7681
4.15939
1.39997
1.39997
1.39997
1.39997
1.39997
1.39997
1.39997
1.41673
2.11111
3.7154
1.39997
1.39997
1.39997
1.39997
1.39997
1.39997
1.39997
1.40006
1.44486
2.39055
1.39997
1.39997
1.39997
1.39997
1.39997
1.39997
1.39997
1.39997
1.4003
1.51015
1.39997
1.39997
1.39997
1.39997
1.39997
1.39997
1.39997
1.39997
1.39997
1.40125
1.39997
1.39997
1.39997
1.39997
1.39997
1.39997
1.39997
1.39997
1.39997
1.39997
1.39997
1.39997
1.39997
1.39997
1.39997
1.39997
1.39997
1.39997
1.39997
1.39997
1.39997
1.39997
1.39997
1.39997
1.39997
1.45188
3.90066
5.25276
4.94537
4.03136
1.39997
1.39997
1.39997
1.39997
1.39997
1.4003
2.42643
4.78207
4.65235
3.93984
1.39997
1.39997
1.39997
1.39997
1.39997
1.39997
1.51079
3.43932
4.60313
4.02426
1.39997
1.39997
1.39997
1.39997
1.39997
1.39997
1.40107
1.83261
3.7681
4.15939
1.39997
1.39997
1.39997
1.39997
1.39997
1.39997
1.39997
1.41673
2.11111
3.7154
1.39997
1.39997
1.39997
1.39997
1.39997
1.39997
1.39997
1.40006
1.44486
2.39055
1.39997
1.39997
1.39997
1.39997
1.39997
1.39997
1.39997
1.39997
1.4003
1.51015
1.39997
1.39997
1.39997
1.39997
1.39997
1.39997
1.39997
1.39997
1.39997
1.40125
1.39997
1.39997
1.39997
1.39997
1.39997
1.39997
1.39997
1.39997
1.39997
1.39997
1.39997
1.39997
1.39997
1.39997
1.39997
1.39997
1.39997
1.39997
1.39997
1.39997
1.39997
1.39997
1.39997
1.39997
1.39997
1.45188
3.90066
5.25276
4.94537
4.03136
1.39997
1.39997
1.39997
1.39997
1.39997
1.4003
2.42643
4.78207
4.65235
3.93984
1.39997
1.39997
1.39997
1.39997
1.39997
1.39997
1.51079
3.43932
4.60313
4.02426
1.39997
1.39997
1.39997
1.39997
1.39997
1.39997
1.40107
1.83261
3.7681
4.15939
1.39997
1.39997
1.39997
1.39997
1.39997
1.39997
1.39997
1.41673
2.11111
3.7154
1.39997
1.39997
1.39997
1.39997
1.39997
1.39997
1.39997
1.40006
1.44486
2.39055
1.39997
1.39997
1.39997
1.39997
1.39997
1.39997
1.39997
1.39997
1.4003
1.51015
1.39997
1.39997
1.39997
1.39997
1.39997
1.39997
1.39997
1.39997
1.39997
1.40125
1.39997
1.39997
1.39997
1.39997
1.39997
1.39997
1.39997
1.39997
1.39997
1.39997
1.39997
1.39997
1.39997
1.39997
1.39997
1.39997
1.39997
1.39997
1.39997
1.39997
1.39997
1.39997
1.39997
1.39997
1.39997
1.45188
3.90066
5.25276
4.94537
4.03136
1.39997
1.39997
1.39997
1.39997
1.39997
1.4003
2.42643
4.78207
4.65235
3.93984
1.39997
1.39997
1.39997
1.39997
1.39997
1.39997
1.51079
3.43932
4.60313
4.02426
1.39997
1.39997
1.39997
1.39997
1.39997
1.39997
1.40107
1.83261
3.7681
4.15939
1.39997
1.39997
1.39997
1.39997
1.39997
1.39997
1.39997
1.41673
2.11111
3.7154
1.39997
1.39997
1.39997
1.39997
1.39997
1.39997
1.39997
1.40006
1.44486
2.39055
1.39997
1.39997
1.39997
1.39997
1.39997
1.39997
1.39997
1.39997
1.4003
1.51015
1.39997
1.39997
1.39997
1.39997
1.39997
1.39997
1.39997
1.39997
1.39997
1.40125
1.39997
1.39997
1.39997
1.39997
1.39997
1.39997
1.39997
1.39997
1.39997
1.39997
1.39997
1.39997
1.39997
1.39997
1.39997
1.39997
1.39997
1.39997
1.39997
1.39997
1.39997
1.39997
1.39997
1.39997
1.39997
1.45188
3.90066
5.25276
4.94537
4.03136
1.39997
1.39997
1.39997
1.39997
1.39997
1.4003
2.42643
4.78207
4.65235
3.93984
1.39997
1.39997
1.39997
1.39997
1.39997
1.39997
1.51079
3.43932
4.60313
4.02426
1.39997
1.39997
1.39997
1.39997
1.39997
1.39997
1.40107
1.83261
3.7681
4.15939
1.39997
1.39997
1.39997
1.39997
1.39997
1.39997
1.39997
1.41673
2.11111
3.7154
1.39997
1.39997
1.39997
1.39997
1.39997
1.39997
1.39997
1.40006
1.44486
2.39055
1.39997
1.39997
1.39997
1.39997
1.39997
1.39997
1.39997
1.39997
1.4003
1.51015
1.39997
1.39997
1.39997
1.39997
1.39997
1.39997
1.39997
1.39997
1.39997
1.40125
1.39997
1.39997
1.39997
1.39997
1.39997
1.39997
1.39997
1.39997
1.39997
1.39997
1.39997
1.39997
1.39997
1.39997
1.39997
1.39997
1.39997
1.39997
1.39997
1.39997
1.39997
1.39997
1.39997
1.39997
1.39997
1.45188
3.90066
5.25276
4.94537
4.03136
1.39997
1.39997
1.39997
1.39997
1.39997
1.4003
2.42643
4.78207
4.65235
3.93984
1.39997
1.39997
1.39997
1.39997
1.39997
1.39997
1.51079
3.43932
4.60313
4.02426
1.39997
1.39997
1.39997
1.39997
1.39997
1.39997
1.40107
1.83261
3.7681
4.15939
1.39997
1.39997
1.39997
1.39997
1.39997
1.39997
1.39997
1.41673
2.11111
3.7154
1.39997
1.39997
1.39997
1.39997
1.39997
1.39997
1.39997
1.40006
1.44486
2.39055
1.39997
1.39997
1.39997
1.39997
1.39997
1.39997
1.39997
1.39997
1.4003
1.51015
1.39997
1.39997
1.39997
1.39997
1.39997
1.39997
1.39997
1.39997
1.39997
1.40125
1.39997
1.39997
1.39997
1.39997
1.39997
1.39997
1.39997
1.39997
1.39997
1.39997
1.39997
1.39997
1.39997
1.39997
1.39997
1.39997
1.39997
1.39997
1.39997
1.39997
1.15884
0.812002
0.843288
0.795042
0.726705
0.680927
0.657407
0.661326
0.695936
0.87388
2.03295
1.08069
0.902295
0.797511
0.727059
0.689036
0.668558
0.674746
0.713113
0.892173
2.49598
1.31069
1.00604
0.841658
0.759998
0.730042
0.728688
0.744045
0.791268
0.966077
2.8581
1.69601
1.20021
0.91557
0.809144
0.800499
0.821919
0.875599
0.94208
1.08435
3.21691
2.10239
1.39878
0.991974
0.893099
0.935705
1.03287
1.14524
1.23646
1.32974
3.1477
2.45974
1.64003
1.20389
1.13575
1.2502
1.37833
1.43557
1.47983
1.53214
2.89771
2.64903
1.93875
1.57304
1.54581
1.65631
1.67846
1.6305
1.59361
1.56997
2.52271
2.64013
2.4756
2.41265
2.29226
2.13071
1.95515
1.79031
1.65752
1.57822
2.02707
2.90746
3.50652
3.26448
2.85228
2.43254
2.07577
1.78546
1.57395
1.51081
1.6117
3.22221
4.65244
4.20238
3.43693
2.72876
2.1718
1.74257
1.47767
1.45804
1.15884
0.812002
0.843288
0.795042
0.726705
0.680927
0.657407
0.661326
0.695936
0.87388
2.03295
1.08069
0.902295
0.797511
0.727059
0.689036
0.668558
0.674746
0.713113
0.892173
2.49598
1.31069
1.00604
0.841658
0.759998
0.730042
0.728688
0.744045
0.791268
0.966077
2.8581
1.69601
1.20021
0.91557
0.809144
0.800499
0.821919
0.875599
0.94208
1.08435
3.21691
2.10239
1.39878
0.991974
0.893099
0.935705
1.03287
1.14524
1.23646
1.32974
3.1477
2.45974
1.64003
1.20389
1.13575
1.2502
1.37833
1.43557
1.47983
1.53214
2.89771
2.64903
1.93875
1.57304
1.54581
1.65631
1.67846
1.6305
1.59361
1.56997
2.52271
2.64013
2.4756
2.41265
2.29226
2.13071
1.95515
1.79031
1.65752
1.57822
2.02707
2.90746
3.50652
3.26448
2.85228
2.43254
2.07577
1.78546
1.57395
1.51081
1.6117
3.22221
4.65244
4.20238
3.43693
2.72876
2.1718
1.74257
1.47767
1.45804
1.15884
0.812002
0.843288
0.795042
0.726705
0.680927
0.657407
0.661326
0.695936
0.87388
2.03295
1.08069
0.902295
0.797511
0.727059
0.689036
0.668558
0.674746
0.713113
0.892173
2.49598
1.31069
1.00604
0.841658
0.759998
0.730042
0.728688
0.744045
0.791268
0.966077
2.8581
1.69601
1.20021
0.91557
0.809144
0.800499
0.821919
0.875599
0.94208
1.08435
3.21691
2.10239
1.39878
0.991974
0.893099
0.935705
1.03287
1.14524
1.23646
1.32974
3.1477
2.45974
1.64003
1.20389
1.13575
1.2502
1.37833
1.43557
1.47983
1.53214
2.89771
2.64903
1.93875
1.57304
1.54581
1.65631
1.67846
1.6305
1.59361
1.56997
2.52271
2.64013
2.4756
2.41265
2.29226
2.13071
1.95515
1.79031
1.65752
1.57822
2.02707
2.90746
3.50652
3.26448
2.85228
2.43254
2.07577
1.78546
1.57395
1.51081
1.6117
3.22221
4.65244
4.20238
3.43693
2.72876
2.1718
1.74257
1.47767
1.45804
1.15884
0.812002
0.843288
0.795042
0.726705
0.680927
0.657407
0.661326
0.695936
0.87388
2.03295
1.08069
0.902295
0.797511
0.727059
0.689036
0.668558
0.674746
0.713113
0.892173
2.49598
1.31069
1.00604
0.841658
0.759998
0.730042
0.728688
0.744045
0.791268
0.966077
2.8581
1.69601
1.20021
0.91557
0.809144
0.800499
0.821919
0.875599
0.94208
1.08435
3.21691
2.10239
1.39878
0.991974
0.893099
0.935705
1.03287
1.14524
1.23646
1.32974
3.1477
2.45974
1.64003
1.20389
1.13575
1.2502
1.37833
1.43557
1.47983
1.53214
2.89771
2.64903
1.93875
1.57304
1.54581
1.65631
1.67846
1.6305
1.59361
1.56997
2.52271
2.64013
2.4756
2.41265
2.29226
2.13071
1.95515
1.79031
1.65752
1.57822
2.02707
2.90746
3.50652
3.26448
2.85228
2.43254
2.07577
1.78546
1.57395
1.51081
1.6117
3.22221
4.65244
4.20238
3.43693
2.72876
2.1718
1.74257
1.47767
1.45804
1.15884
0.812002
0.843288
0.795042
0.726705
0.680927
0.657407
0.661326
0.695936
0.87388
2.03295
1.08069
0.902295
0.797511
0.727059
0.689036
0.668558
0.674746
0.713113
0.892173
2.49598
1.31069
1.00604
0.841658
0.759998
0.730042
0.728688
0.744045
0.791268
0.966077
2.8581
1.69601
1.20021
0.91557
0.809144
0.800499
0.821919
0.875599
0.94208
1.08435
3.21691
2.10239
1.39878
0.991974
0.893099
0.935705
1.03287
1.14524
1.23646
1.32974
3.1477
2.45974
1.64003
1.20389
1.13575
1.2502
1.37833
1.43557
1.47983
1.53214
2.89771
2.64903
1.93875
1.57304
1.54581
1.65631
1.67846
1.6305
1.59361
1.56997
2.52271
2.64013
2.4756
2.41265
2.29226
2.13071
1.95515
1.79031
1.65752
1.57822
2.02707
2.90746
3.50652
3.26448
2.85228
2.43254
2.07577
1.78546
1.57395
1.51081
1.6117
3.22221
4.65244
4.20238
3.43693
2.72876
2.1718
1.74257
1.47767
1.45804
1.15884
0.812002
0.843288
0.795042
0.726705
0.680927
0.657407
0.661326
0.695936
0.87388
2.03295
1.08069
0.902295
0.797511
0.727059
0.689036
0.668558
0.674746
0.713113
0.892173
2.49598
1.31069
1.00604
0.841658
0.759998
0.730042
0.728688
0.744045
0.791268
0.966077
2.8581
1.69601
1.20021
0.91557
0.809144
0.800499
0.821919
0.875599
0.94208
1.08435
3.21691
2.10239
1.39878
0.991974
0.893099
0.935705
1.03287
1.14524
1.23646
1.32974
3.1477
2.45974
1.64003
1.20389
1.13575
1.2502
1.37833
1.43557
1.47983
1.53214
2.89771
2.64903
1.93875
1.57304
1.54581
1.65631
1.67846
1.6305
1.59361
1.56997
2.52271
2.64013
2.4756
2.41265
2.29226
2.13071
1.95515
1.79031
1.65752
1.57822
2.02707
2.90746
3.50652
3.26448
2.85228
2.43254
2.07577
1.78546
1.57395
1.51081
1.6117
3.22221
4.65244
4.20238
3.43693
2.72876
2.1718
1.74257
1.47767
1.45804
1.15884
0.812002
0.843288
0.795042
0.726705
0.680927
0.657407
0.661326
0.695936
0.87388
2.03295
1.08069
0.902295
0.797511
0.727059
0.689036
0.668558
0.674746
0.713113
0.892173
2.49598
1.31069
1.00604
0.841658
0.759998
0.730042
0.728688
0.744045
0.791268
0.966077
2.8581
1.69601
1.20021
0.91557
0.809144
0.800499
0.821919
0.875599
0.94208
1.08435
3.21691
2.10239
1.39878
0.991974
0.893099
0.935705
1.03287
1.14524
1.23646
1.32974
3.1477
2.45974
1.64003
1.20389
1.13575
1.2502
1.37833
1.43557
1.47983
1.53214
2.89771
2.64903
1.93875
1.57304
1.54581
1.65631
1.67846
1.6305
1.59361
1.56997
2.52271
2.64013
2.4756
2.41265
2.29226
2.13071
1.95515
1.79031
1.65752
1.57822
2.02707
2.90746
3.50652
3.26448
2.85228
2.43254
2.07577
1.78546
1.57395
1.51081
1.6117
3.22221
4.65244
4.20238
3.43693
2.72876
2.1718
1.74257
1.47767
1.45804
1.15884
0.812002
0.843288
0.795042
0.726705
0.680927
0.657407
0.661326
0.695936
0.87388
2.03295
1.08069
0.902295
0.797511
0.727059
0.689036
0.668558
0.674746
0.713113
0.892173
2.49598
1.31069
1.00604
0.841658
0.759998
0.730042
0.728688
0.744045
0.791268
0.966077
2.8581
1.69601
1.20021
0.91557
0.809144
0.800499
0.821919
0.875599
0.94208
1.08435
3.21691
2.10239
1.39878
0.991974
0.893099
0.935705
1.03287
1.14524
1.23646
1.32974
3.1477
2.45974
1.64003
1.20389
1.13575
1.2502
1.37833
1.43557
1.47983
1.53214
2.89771
2.64903
1.93875
1.57304
1.54581
1.65631
1.67846
1.6305
1.59361
1.56997
2.52271
2.64013
2.4756
2.41265
2.29226
2.13071
1.95515
1.79031
1.65752
1.57822
2.02707
2.90746
3.50652
3.26448
2.85228
2.43254
2.07577
1.78546
1.57395
1.51081
1.6117
3.22221
4.65244
4.20238
3.43693
2.72876
2.1718
1.74257
1.47767
1.45804
1.15884
0.812002
0.843288
0.795042
0.726705
0.680927
0.657407
0.661326
0.695936
0.87388
2.03295
1.08069
0.902295
0.797511
0.727059
0.689036
0.668558
0.674746
0.713113
0.892173
2.49598
1.31069
1.00604
0.841658
0.759998
0.730042
0.728688
0.744045
0.791268
0.966077
2.8581
1.69601
1.20021
0.91557
0.809144
0.800499
0.821919
0.875599
0.94208
1.08435
3.21691
2.10239
1.39878
0.991974
0.893099
0.935705
1.03287
1.14524
1.23646
1.32974
3.1477
2.45974
1.64003
1.20389
1.13575
1.2502
1.37833
1.43557
1.47983
1.53214
2.89771
2.64903
1.93875
1.57304
1.54581
1.65631
1.67846
1.6305
1.59361
1.56997
2.52271
2.64013
2.4756
2.41265
2.29226
2.13071
1.95515
1.79031
1.65752
1.57822
2.02707
2.90746
3.50652
3.26448
2.85228
2.43254
2.07577
1.78546
1.57395
1.51081
1.6117
3.22221
4.65244
4.20238
3.43693
2.72876
2.1718
1.74257
1.47767
1.45804
1.15884
0.812002
0.843288
0.795042
0.726705
0.680927
0.657407
0.661326
0.695936
0.87388
2.03295
1.08069
0.902295
0.797511
0.727059
0.689036
0.668558
0.674746
0.713113
0.892173
2.49598
1.31069
1.00604
0.841658
0.759998
0.730042
0.728688
0.744045
0.791268
0.966077
2.8581
1.69601
1.20021
0.91557
0.809144
0.800499
0.821919
0.875599
0.94208
1.08435
3.21691
2.10239
1.39878
0.991974
0.893099
0.935705
1.03287
1.14524
1.23646
1.32974
3.1477
2.45974
1.64003
1.20389
1.13575
1.2502
1.37833
1.43557
1.47983
1.53214
2.89771
2.64903
1.93875
1.57304
1.54581
1.65631
1.67846
1.6305
1.59361
1.56997
2.52271
2.64013
2.4756
2.41265
2.29226
2.13071
1.95515
1.79031
1.65752
1.57822
2.02707
2.90746
3.50652
3.26448
2.85228
2.43254
2.07577
1.78546
1.57395
1.51081
1.6117
3.22221
4.65244
4.20238
3.43693
2.72876
2.1718
1.74257
1.47767
1.45804
)
;

boundaryField
{
    inlet
    {
        type            calculated;
        value           uniform 1.39997;
    }
    outlet
    {
        type            calculated;
        value           nonuniform List<scalar> 
100
(
0.878023
0.896691
0.971154
1.09174
1.33867
1.53694
1.57097
1.5779
1.50853
1.45259
0.878023
0.896691
0.971154
1.09174
1.33867
1.53694
1.57097
1.5779
1.50853
1.45259
0.878023
0.896691
0.971154
1.09174
1.33867
1.53694
1.57097
1.5779
1.50853
1.45259
0.878023
0.896691
0.971154
1.09174
1.33867
1.53694
1.57097
1.5779
1.50853
1.45259
0.878023
0.896691
0.971154
1.09174
1.33867
1.53694
1.57097
1.5779
1.50853
1.45259
0.878023
0.896691
0.971154
1.09174
1.33867
1.53694
1.57097
1.5779
1.50853
1.45259
0.878023
0.896691
0.971154
1.09174
1.33867
1.53694
1.57097
1.5779
1.50853
1.45259
0.878023
0.896691
0.971154
1.09174
1.33867
1.53694
1.57097
1.5779
1.50853
1.45259
0.878023
0.896691
0.971154
1.09174
1.33867
1.53694
1.57097
1.5779
1.50853
1.45259
0.878023
0.896691
0.971154
1.09174
1.33867
1.53694
1.57097
1.5779
1.50853
1.45259
)
;
    }
    top
    {
        type            symmetryPlane;
    }
    bottom
    {
        type            symmetryPlane;
    }
    step
    {
        type            calculated;
        value           nonuniform List<scalar> 
200
(
5.47847
5.46388
5.44157
5.41049
5.37121
5.32274
5.26098
5.18759
5.03968
4.90785
5.47847
5.46388
5.44157
5.41049
5.37121
5.32274
5.26098
5.18759
5.03968
4.90785
5.47847
5.46388
5.44157
5.41049
5.37121
5.32274
5.26098
5.18759
5.03968
4.90785
5.47847
5.46388
5.44157
5.41049
5.37121
5.32274
5.26098
5.18759
5.03968
4.90785
5.47847
5.46388
5.44157
5.41049
5.37121
5.32274
5.26098
5.18759
5.03968
4.90785
5.47847
5.46388
5.44157
5.41049
5.37121
5.32274
5.26098
5.18759
5.03968
4.90785
5.47847
5.46388
5.44157
5.41049
5.37121
5.32274
5.26098
5.18759
5.03968
4.90785
5.47847
5.46388
5.44157
5.41049
5.37121
5.32274
5.26098
5.18759
5.03968
4.90785
5.47847
5.46388
5.44157
5.41049
5.37121
5.32274
5.26098
5.18759
5.03968
4.90785
5.47847
5.46388
5.44157
5.41049
5.37121
5.32274
5.26098
5.18759
5.03968
4.90785
1.15884
1.15884
1.15884
1.15884
1.15884
1.15884
1.15884
1.15884
1.15884
1.15884
0.812002
0.812002
0.812002
0.812002
0.812002
0.812002
0.812002
0.812002
0.812002
0.812002
0.843288
0.843288
0.843288
0.843288
0.843288
0.843288
0.843288
0.843288
0.843288
0.843288
0.795042
0.795042
0.795042
0.795042
0.795042
0.795042
0.795042
0.795042
0.795042
0.795042
0.726705
0.726705
0.726705
0.726705
0.726705
0.726705
0.726705
0.726705
0.726705
0.726705
0.680927
0.680927
0.680927
0.680927
0.680927
0.680927
0.680927
0.680927
0.680927
0.680927
0.657407
0.657407
0.657407
0.657407
0.657407
0.657407
0.657407
0.657407
0.657407
0.657407
0.661326
0.661326
0.661326
0.661326
0.661326
0.661326
0.661326
0.661326
0.661326
0.661326
0.695936
0.695936
0.695936
0.695936
0.695936
0.695936
0.695936
0.695936
0.695936
0.695936
0.87388
0.87388
0.87388
0.87388
0.87388
0.87388
0.87388
0.87388
0.87388
0.87388
)
;
    }
    defaultFaces
    {
        type            empty;
    }
}


// ************************************************************************* //
