/*--------------------------------*- C++ -*----------------------------------*\
  =========                 |
  \\      /  F ield         | OpenFOAM: The Open Source CFD Toolbox
   \\    /   O peration     | Website:  https://openfoam.org
    \\  /    A nd           | Version:  6.0
     \\/     M anipulation  |
\*---------------------------------------------------------------------------*/
FoamFile
{
    version     2.0;
    format      ascii;
    class       volVectorField;
    location    "1.00083";
    object      U;
}
// * * * * * * * * * * * * * * * * * * * * * * * * * * * * * * * * * * * * * //

dimensions      [0 1 -1 0 0 0 0];

internalField   nonuniform List<vector> 
2700
(
(3 -1.92599e-16 0)
(3 -6.25774e-17 0)
(3 -2.62246e-16 0)
(3 1.21361e-16 0)
(3 4.6362e-17 0)
(3 5.69702e-16 0)
(3 -4.12334e-16 0)
(3 -3.08153e-16 0)
(3 -5.73302e-16 0)
(3 -1.48599e-16 0)
(3 1.63081e-16 0)
(3 2.39578e-16 0)
(3 -1.66418e-17 0)
(3 1.15549e-16 0)
(3 2.8947e-17 0)
(3 -9.05753e-16 0)
(2.84763 -0.000394989 0)
(0.934947 0.00639697 0)
(0.65604 0.00934238 0)
(0.61783 0.00414944 0)
(0.573835 0.00430777 0)
(0.524397 0.00634825 0)
(0.465427 0.0111974 0)
(0.406362 0.00983849 0)
(0.368276 0.00754605 0)
(0.306974 0.009875 0)
(0.245729 0.0158848 0)
(0.153054 0.0258848 0)
(0.0761785 0.0252553 0)
(0.0338216 0.0171571 0)
(3 -1.27831e-16 0)
(3 1.33768e-16 0)
(3 -4.87099e-18 0)
(3 2.66535e-16 0)
(3 -2.01556e-16 0)
(3 -1.74815e-16 0)
(3 -7.34449e-16 0)
(3 -9.63389e-16 0)
(3 -8.53417e-16 0)
(3 -3.68713e-16 0)
(3 -7.13837e-17 0)
(3 -1.46525e-16 0)
(3 7.02634e-17 0)
(3 3.6042e-16 0)
(3 5.08389e-16 0)
(3 -1.03765e-15 0)
(2.84169 0.000904345 0)
(0.931598 0.0217443 0)
(0.651938 0.0263975 0)
(0.616308 0.0195516 0)
(0.573566 0.0142454 0)
(0.52467 0.00477213 0)
(0.473852 0.00711152 0)
(0.417737 0.0315678 0)
(0.368889 0.0315368 0)
(0.308015 0.0188105 0)
(0.240734 -0.00483255 0)
(0.16234 -0.00921994 0)
(0.0870481 0.037626 0)
(0.034218 0.0606727 0)
(3 4.05052e-16 0)
(3 5.34646e-16 0)
(3 5.83842e-16 0)
(3 -1.37295e-16 0)
(3 -5.7868e-16 0)
(3 -8.74164e-16 0)
(3 5.10602e-16 0)
(3 3.71049e-17 0)
(3 -5.0469e-16 0)
(3 -5.45246e-16 0)
(3 -2.92517e-16 0)
(3 -1.02007e-15 0)
(3 -3.22711e-16 0)
(3 6.58679e-16 0)
(3 4.0827e-16 0)
(3 3.72419e-16 0)
(2.83831 0.00697916 0)
(0.932743 0.0410471 0)
(0.652039 0.0362233 0)
(0.615219 0.0301663 0)
(0.567159 0.02881 0)
(0.517344 0.0206446 0)
(0.472613 0.0336144 0)
(0.418903 0.0665412 0)
(0.35595 0.0757875 0)
(0.294518 0.0392978 0)
(0.232202 0.0120364 0)
(0.166851 0.0160488 0)
(0.104833 0.0650921 0)
(0.0337151 0.0986215 0)
(3 -1.33362e-17 0)
(3 8.14399e-17 0)
(3 -3.33615e-16 0)
(3 -1.0449e-15 0)
(3 -1.091e-15 0)
(3 1.98446e-16 0)
(3 3.64838e-16 0)
(3 1.98273e-16 0)
(3 -6.65014e-16 0)
(3 -7.7344e-16 0)
(3 -1.78754e-16 0)
(3 -4.79686e-16 0)
(3 2.11617e-16 0)
(3 7.06121e-16 0)
(3 1.44082e-15 0)
(3 1.37369e-15 0)
(2.83983 0.0163275 0)
(0.936646 0.0607957 0)
(0.654419 0.0444087 0)
(0.615838 0.0360378 0)
(0.565865 0.044785 0)
(0.519198 0.0573925 0)
(0.481462 0.0756874 0)
(0.423785 0.0937487 0)
(0.353178 0.103825 0)
(0.279837 0.081675 0)
(0.223283 0.0389729 0)
(0.174764 0.0412048 0)
(0.120936 0.077705 0)
(0.0389048 0.112146 0)
(3 -6.35533e-16 0)
(3 -5.55337e-16 0)
(3 -7.31548e-16 0)
(3 -1.59789e-15 0)
(3 -1.3893e-15 0)
(3 8.15755e-16 0)
(3 6.45234e-16 0)
(3 1.93418e-16 0)
(3 -3.81497e-16 0)
(3 -8.60915e-16 0)
(3 -5.78207e-16 0)
(3 1.05354e-16 0)
(3 8.03336e-17 0)
(3 8.9328e-16 0)
(3 2.06178e-15 0)
(3 1.65938e-15 0)
(2.84598 0.0268904 0)
(0.942289 0.0802036 0)
(0.659001 0.051178 0)
(0.620324 0.0437444 0)
(0.569832 0.0660671 0)
(0.519941 0.0966095 0)
(0.480943 0.103177 0)
(0.423206 0.10225 0)
(0.349432 0.0963646 0)
(0.269698 0.0962896 0)
(0.211392 0.10388 0)
(0.17426 0.0921174 0)
(0.132642 0.0916198 0)
(0.0446338 0.107478 0)
(3 2.13529e-16 0)
(3 -7.22101e-17 0)
(3 -9.95338e-16 0)
(3 -8.55919e-16 0)
(3 -3.72768e-16 0)
(3 2.22748e-16 0)
(3 9.58742e-16 0)
(3 3.58052e-16 0)
(3 4.96365e-16 0)
(3 -2.62925e-16 0)
(3 -7.39652e-16 0)
(3 -6.06262e-16 0)
(3 1.88231e-16 0)
(3 5.82167e-16 0)
(3 9.47118e-16 0)
(3 7.29084e-16 0)
(2.85807 0.0367037 0)
(0.950009 0.0981306 0)
(0.666016 0.0597857 0)
(0.628273 0.0526728 0)
(0.580013 0.0808708 0)
(0.526477 0.111187 0)
(0.475711 0.118321 0)
(0.420208 0.0968483 0)
(0.350903 0.0908099 0)
(0.272416 0.110657 0)
(0.214707 0.131984 0)
(0.16808 0.142611 0)
(0.127878 0.128795 0)
(0.0457238 0.100176 0)
(3 6.07725e-16 0)
(3 5.89508e-16 0)
(3 -1.08792e-15 0)
(3 -5.26263e-16 0)
(3 -2.02523e-16 0)
(3 -3.24919e-17 0)
(3 -2.11298e-17 0)
(3 -4.17513e-16 0)
(3 -7.80978e-16 0)
(3 -1.05406e-15 0)
(3 -3.71609e-16 0)
(3 -4.98421e-17 0)
(3 5.43651e-16 0)
(3 5.25232e-16 0)
(3 7.71285e-16 0)
(3 3.46849e-16 0)
(2.87716 0.042287 0)
(0.961832 0.115132 0)
(0.670511 0.0790396 0)
(0.635228 0.0657799 0)
(0.588486 0.0882759 0)
(0.530766 0.111166 0)
(0.469863 0.119885 0)
(0.411643 0.104221 0)
(0.349084 0.0838548 0)
(0.288152 0.103942 0)
(0.230041 0.156848 0)
(0.169944 0.19238 0)
(0.117847 0.173272 0)
(0.0428976 0.12276 0)
(3 -5.86542e-18 0)
(3 6.28849e-16 0)
(3 -1.63329e-16 0)
(3 -4.74384e-16 0)
(3 -3.04054e-17 0)
(3 4.48046e-16 0)
(3 -8.28606e-16 0)
(3 -6.77758e-16 0)
(3 -6.63837e-16 0)
(3 -7.31384e-16 0)
(3 4.14331e-17 0)
(3 -7.20919e-17 0)
(3 2.09424e-16 0)
(3 1.59606e-16 0)
(3 1.09656e-16 0)
(3 -7.01803e-16 0)
(2.90128 0.0448642 0)
(0.979093 0.131829 0)
(0.675552 0.101464 0)
(0.640703 0.0820263 0)
(0.592812 0.0920761 0)
(0.533901 0.111491 0)
(0.469958 0.125369 0)
(0.405403 0.12405 0)
(0.34957 0.117015 0)
(0.304065 0.141327 0)
(0.244226 0.183661 0)
(0.170493 0.207537 0)
(0.0956389 0.191946 0)
(0.0385927 0.1418 0)
(3 -2.84517e-16 0)
(3 -3.93868e-16 0)
(3 5.00353e-16 0)
(3 -3.18867e-16 0)
(3 -2.72656e-16 0)
(3 -1.12487e-16 0)
(3 -1.95823e-16 0)
(3 -6.38467e-16 0)
(3 -6.38102e-16 0)
(3 3.76233e-16 0)
(3 1.10192e-15 0)
(3 9.54124e-16 0)
(3 8.93018e-16 0)
(3 1.69071e-16 0)
(3 -1.3956e-15 0)
(3 -1.87428e-15 0)
(2.92993 0.0469519 0)
(1.00059 0.146845 0)
(0.67869 0.115963 0)
(0.642168 0.105639 0)
(0.590341 0.108702 0)
(0.539113 0.114072 0)
(0.474667 0.132362 0)
(0.410336 0.159898 0)
(0.353782 0.174216 0)
(0.314021 0.179467 0)
(0.255006 0.196653 0)
(0.171188 0.214255 0)
(0.0784523 0.191218 0)
(0.033971 0.14483 0)
(3 -8.1872e-17 0)
(3 -5.23217e-16 0)
(3 -1.68097e-18 0)
(3 1.32184e-16 0)
(3 -6.25221e-16 0)
(3 -6.41823e-16 0)
(3 -2.86367e-16 0)
(3 -8.48261e-16 0)
(3 -9.05882e-16 0)
(3 7.34855e-16 0)
(3 1.03303e-15 0)
(3 9.97251e-16 0)
(3 1.36584e-15 0)
(3 4.28251e-17 0)
(3 -6.62224e-16 0)
(3 -1.31414e-15 0)
(2.96043 0.0387189 0)
(1.02205 0.161094 0)
(0.688244 0.12202 0)
(0.644642 0.120472 0)
(0.587891 0.138019 0)
(0.536077 0.154559 0)
(0.47884 0.168339 0)
(0.413967 0.1946 0)
(0.352453 0.223829 0)
(0.308484 0.22769 0)
(0.256393 0.210433 0)
(0.168629 0.195227 0)
(0.0735015 0.185445 0)
(0.0340224 0.176564 0)
(3 9.67894e-17 0)
(3 6.62586e-17 0)
(3 9.72029e-17 0)
(3 4.96911e-16 0)
(3 1.33734e-16 0)
(3 -7.16963e-16 0)
(3 -1.23473e-15 0)
(3 -7.88029e-16 0)
(3 2.67533e-16 0)
(3 9.4024e-16 0)
(3 2.95492e-16 0)
(3 7.06935e-16 0)
(3 1.00591e-15 0)
(3 -9.21654e-17 0)
(3 3.58686e-16 0)
(3 2.05212e-16 0)
(2.98467 0.0278565 0)
(1.04485 0.170539 0)
(0.697607 0.127634 0)
(0.650496 0.131828 0)
(0.596292 0.163481 0)
(0.535032 0.198273 0)
(0.482912 0.201249 0)
(0.426203 0.216068 0)
(0.366082 0.253735 0)
(0.308518 0.263537 0)
(0.245448 0.231895 0)
(0.159999 0.188975 0)
(0.071954 0.178552 0)
(0.0391435 0.211911 0)
(3 3.53817e-16 0)
(3 4.07901e-16 0)
(3 1.71594e-16 0)
(3 -1.63526e-17 0)
(3 6.18404e-16 0)
(3 -2.47996e-16 0)
(3 -6.5565e-16 0)
(3 -9.78534e-17 0)
(3 2.11261e-16 0)
(3 6.74819e-16 0)
(3 4.74852e-16 0)
(3 8.93752e-16 0)
(3 1.13656e-15 0)
(3 1.39418e-16 0)
(3 8.83966e-16 0)
(3 3.04583e-16 0)
(3.00056 0.00759087 0)
(1.07416 0.177461 0)
(0.700113 0.141816 0)
(0.655689 0.150095 0)
(0.603771 0.175495 0)
(0.538948 0.202631 0)
(0.473464 0.219106 0)
(0.434465 0.230707 0)
(0.376543 0.248151 0)
(0.305006 0.264998 0)
(0.224755 0.221382 0)
(0.149903 0.172056 0)
(0.0874947 0.217456 0)
(0.053497 0.301661 0)
(3 -1.86205e-16 0)
(3 -1.18484e-16 0)
(3 -2.8465e-16 0)
(3 -4.00314e-16 0)
(3 -1.63606e-16 0)
(3 1.12607e-16 0)
(3 2.48504e-16 0)
(3 3.18768e-16 0)
(3 -5.07143e-16 0)
(3 1.72314e-16 0)
(3 1.2875e-15 0)
(3 5.97065e-16 0)
(3 1.3953e-16 0)
(3 3.92506e-16 0)
(3 3.82535e-16 0)
(3 -1.16904e-15 0)
(3.00023 0.000321969 0)
(1.10944 0.192093 0)
(0.705911 0.163597 0)
(0.659318 0.159361 0)
(0.606918 0.16607 0)
(0.541497 0.195206 0)
(0.476433 0.23786 0)
(0.431618 0.265528 0)
(0.376066 0.260145 0)
(0.307104 0.23495 0)
(0.208835 0.20843 0)
(0.155258 0.222024 0)
(0.116102 0.28 0)
(0.0635447 0.342014 0)
(3 -3.03497e-16 0)
(3 -4.41998e-16 0)
(3 -1.77759e-16 0)
(3 -3.10093e-16 0)
(3 -4.6298e-16 0)
(3 -2.74182e-16 0)
(3 2.91744e-16 0)
(3 2.71296e-16 0)
(3 3.99247e-16 0)
(3 7.24243e-16 0)
(3 6.68031e-16 0)
(3 1.96998e-16 0)
(3 2.73979e-17 0)
(3 -1.7804e-16 0)
(3 -1.256e-15 0)
(3 -2.47259e-15 0)
(3 1.02122e-06 0)
(1.1533 0.209277 0)
(0.706208 0.185214 0)
(0.658198 0.17328 0)
(0.606044 0.164367 0)
(0.551496 0.186949 0)
(0.494327 0.269345 0)
(0.434291 0.309406 0)
(0.366643 0.289959 0)
(0.287924 0.213309 0)
(0.221414 0.19749 0)
(0.176911 0.258466 0)
(0.149942 0.370655 0)
(0.0669795 0.386391 0)
(3 -1.02899e-16 0)
(3 3.88278e-16 0)
(3 3.12787e-16 0)
(3 6.28438e-16 0)
(3 2.02042e-16 0)
(3 -9.48851e-17 0)
(3 2.29371e-16 0)
(3 8.27859e-16 0)
(3 7.53319e-16 0)
(3 3.09146e-16 0)
(3 3.13949e-16 0)
(3 3.76975e-16 0)
(3 3.40326e-16 0)
(3 -6.962e-16 0)
(3 -1.87214e-15 0)
(3 -2.38992e-15 0)
(3 2.41129e-11 0)
(1.20468 0.222356 0)
(0.709134 0.191541 0)
(0.653629 0.187761 0)
(0.601923 0.199773 0)
(0.565236 0.247376 0)
(0.507018 0.299715 0)
(0.430379 0.32728 0)
(0.35339 0.281233 0)
(0.273813 0.241643 0)
(0.239656 0.289634 0)
(0.202769 0.38765 0)
(0.151196 0.401455 0)
(0.0662891 0.351013 0)
(3 2.73764e-16 0)
(3 9.44126e-16 0)
(3 5.38846e-16 0)
(3 6.02543e-16 0)
(3 4.45887e-16 0)
(3 -2.49327e-16 0)
(3 7.36457e-17 0)
(3 2.91328e-16 0)
(3 2.38523e-16 0)
(3 -1.6619e-16 0)
(3 -2.92218e-17 0)
(3 -1.8671e-16 0)
(3 -6.88505e-16 0)
(3 -1.30253e-15 0)
(3 -1.10707e-15 0)
(3 -1.87387e-15 0)
(3 -5.69888e-15 0)
(1.2622 0.234903 0)
(0.71384 0.196649 0)
(0.660991 0.209359 0)
(0.617036 0.260545 0)
(0.565629 0.300138 0)
(0.506234 0.305543 0)
(0.430091 0.290581 0)
(0.340543 0.268979 0)
(0.290636 0.286854 0)
(0.278296 0.39398 0)
(0.205936 0.41926 0)
(0.133521 0.401311 0)
(0.0533291 0.286394 0)
(3 1.14476e-16 0)
(3 -1.50709e-16 0)
(3 3.54047e-16 0)
(3 2.53519e-17 0)
(3 -8.90539e-17 0)
(3 5.05607e-17 0)
(3 3.21151e-16 0)
(3 7.78312e-17 0)
(3 -6.32104e-17 0)
(3 -3.54457e-16 0)
(3 -1.18678e-15 0)
(3 -2.78173e-16 0)
(3 -8.34396e-16 0)
(3 -1.41827e-15 0)
(3 -1.5325e-15 0)
(3 -1.09266e-15 0)
(3 -4.94512e-15 0)
(1.32392 0.259741 0)
(0.724291 0.215071 0)
(0.669676 0.264474 0)
(0.615952 0.297374 0)
(0.555044 0.313799 0)
(0.494328 0.2944 0)
(0.422176 0.254977 0)
(0.355307 0.272721 0)
(0.332321 0.384172 0)
(0.292367 0.444581 0)
(0.197449 0.464965 0)
(0.0923019 0.375089 0)
(0.0482512 0.292351 0)
(3 -4.02012e-16 0)
(3 -5.07026e-16 0)
(3 3.51396e-16 0)
(3 5.06691e-17 0)
(3 -9.56381e-17 0)
(3 2.8871e-16 0)
(3 -4.58922e-17 0)
(3 -7.92234e-16 0)
(3 -1.14255e-15 0)
(3 -6.59155e-16 0)
(3 -1.02904e-15 0)
(3 -5.74089e-16 0)
(3 -1.08594e-15 0)
(3 -2.03155e-15 0)
(3 -1.8296e-15 0)
(3 -1.41464e-15 0)
(3 -2.6464e-15 0)
(1.39314 0.289593 0)
(0.743597 0.260736 0)
(0.672691 0.283945 0)
(0.616742 0.289079 0)
(0.54618 0.286961 0)
(0.475904 0.271313 0)
(0.418779 0.267839 0)
(0.3919 0.334284 0)
(0.354485 0.426421 0)
(0.306866 0.443489 0)
(0.193514 0.439568 0)
(0.0517609 0.367855 0)
(0.050021 0.32469 0)
(3 2.61133e-16 0)
(3 2.54324e-18 0)
(3 -3.35433e-16 0)
(3 -1.73734e-16 0)
(3 1.22814e-16 0)
(3 2.98719e-16 0)
(3 -4.09048e-16 0)
(3 -1.07483e-15 0)
(3 -7.19125e-16 0)
(3 -4.32602e-16 0)
(3 -3.45631e-16 0)
(3 -1.51464e-15 0)
(3 -1.69678e-15 0)
(3 -1.13614e-15 0)
(3 -1.51003e-16 0)
(3 9.86534e-17 0)
(3 -1.77959e-15 0)
(1.48087 0.304317 0)
(0.750938 0.298131 0)
(0.665156 0.301502 0)
(0.601871 0.270443 0)
(0.534235 0.265516 0)
(0.475743 0.287609 0)
(0.439012 0.321807 0)
(0.423557 0.41394 0)
(0.367786 0.420534 0)
(0.304451 0.397141 0)
(0.178365 0.318531 0)
(0.0518116 0.389613 0)
(0.0576026 0.444427 0)
(3 2.22169e-16 0)
(3 -2.75548e-16 0)
(3 -1.06427e-15 0)
(3 -7.31351e-16 0)
(3 1.84661e-16 0)
(3 1.22999e-16 0)
(3 -3.39855e-16 0)
(3 7.19707e-17 0)
(3 4.98067e-17 0)
(3 -5.77205e-17 0)
(3 -7.19558e-17 0)
(3 -3.61337e-16 0)
(3 -7.45336e-16 0)
(3 -2.57974e-16 0)
(3 5.86356e-16 0)
(3 1.38326e-15 0)
(3 4.3968e-16 0)
(1.58365 0.302999 0)
(0.758764 0.310497 0)
(0.64948 0.28668 0)
(0.585248 0.256612 0)
(0.53207 0.272813 0)
(0.493468 0.321916 0)
(0.473356 0.440544 0)
(0.425933 0.45204 0)
(0.364069 0.435905 0)
(0.269698 0.321441 0)
(0.189646 0.312621 0)
(0.106108 0.413062 0)
(0.0782957 0.557199 0)
(3 -2.17304e-16 0)
(3 -5.34025e-16 0)
(3 -6.22023e-16 0)
(3 -6.68819e-16 0)
(3 -3.05853e-16 0)
(3 3.3608e-16 0)
(3 -3.12305e-16 0)
(3 1.24823e-17 0)
(3 -5.14484e-16 0)
(3 -8.19246e-16 0)
(3 1.64838e-16 0)
(3 1.23661e-15 0)
(3 8.78191e-16 0)
(3 4.97154e-16 0)
(3 1.32636e-16 0)
(3 2.0902e-16 0)
(3 -6.91212e-16 0)
(1.69409 0.291245 0)
(0.753095 0.308224 0)
(0.628556 0.270314 0)
(0.57911 0.27704 0)
(0.549112 0.317888 0)
(0.532019 0.428554 0)
(0.486558 0.451488 0)
(0.433523 0.458776 0)
(0.344673 0.379071 0)
(0.252811 0.322114 0)
(0.205982 0.341542 0)
(0.159847 0.46151 0)
(0.0974276 0.606543 0)
(3 7.54305e-17 0)
(3 -2.34875e-16 0)
(3 -2.36917e-16 0)
(3 -3.93563e-16 0)
(3 -5.03578e-16 0)
(3 -3.39902e-16 0)
(3 -3.27419e-16 0)
(3 4.03086e-17 0)
(3 -2.02367e-16 0)
(3 -2.29578e-16 0)
(3 1.11491e-15 0)
(3 1.62205e-15 0)
(3 1.01584e-15 0)
(3 6.29373e-16 0)
(3 -3.50974e-16 0)
(3 -5.61176e-16 0)
(3 -1.69062e-15 0)
(1.8031 0.280268 0)
(0.739344 0.287391 0)
(0.62136 0.278775 0)
(0.597795 0.327034 0)
(0.576786 0.420862 0)
(0.542173 0.438079 0)
(0.50162 0.43023 0)
(0.431075 0.388904 0)
(0.328677 0.353374 0)
(0.258905 0.355284 0)
(0.236134 0.433596 0)
(0.215412 0.587754 0)
(0.110018 0.642171 0)
(3 2.77928e-16 0)
(3 2.0354e-16 0)
(3 -5.57959e-16 0)
(3 -9.27924e-16 0)
(3 -8.90487e-16 0)
(3 -8.12988e-16 0)
(3 -7.47635e-17 0)
(3 1.29117e-16 0)
(3 7.95198e-17 0)
(3 2.96704e-16 0)
(3 4.46445e-16 0)
(3 3.86509e-16 0)
(3 6.66502e-16 0)
(3 1.66255e-16 0)
(3 3.68972e-17 0)
(3 -5.88585e-16 0)
(3 -1.56387e-15 0)
(1.89692 0.298071 0)
(0.729311 0.309075 0)
(0.641075 0.351153 0)
(0.630589 0.415374 0)
(0.596208 0.436742 0)
(0.550345 0.458893 0)
(0.496878 0.424183 0)
(0.41815 0.315709 0)
(0.355078 0.352022 0)
(0.315575 0.5095 0)
(0.262619 0.632326 0)
(0.211244 0.646804 0)
(0.0974645 0.525191 0)
(3 2.54622e-16 0)
(3 3.97341e-16 0)
(3 5.70706e-16 0)
(3 -3.83651e-17 0)
(3 -8.1036e-16 0)
(3 -6.25732e-16 0)
(3 -3.53851e-16 0)
(3 -6.3286e-16 0)
(3 -7.61455e-16 0)
(3 -4.85424e-16 0)
(3 -5.40323e-16 0)
(3 2.25824e-16 0)
(3 9.13577e-16 0)
(3 9.41522e-16 0)
(3 3.51332e-16 0)
(3 -6.03741e-17 0)
(3 -1.31725e-15 0)
(1.98167 0.353016 0)
(0.7592 0.387181 0)
(0.671147 0.428271 0)
(0.657258 0.429611 0)
(0.620934 0.428705 0)
(0.563382 0.404051 0)
(0.479317 0.340176 0)
(0.420658 0.342224 0)
(0.397222 0.382567 0)
(0.386676 0.609107 0)
(0.273712 0.684256 0)
(0.185532 0.662 0)
(0.0757399 0.492268 0)
(3 -5.16111e-16 0)
(3 1.67626e-16 0)
(3 8.03281e-16 0)
(3 2.58213e-16 0)
(3 -2.37203e-16 0)
(3 -4.61232e-19 0)
(3 4.75591e-17 0)
(3 -9.2623e-16 0)
(3 -1.0027e-15 0)
(3 -1.34884e-15 0)
(3 -6.90222e-16 0)
(3 1.01048e-15 0)
(3 2.33601e-15 0)
(3 2.23347e-15 0)
(3 3.40826e-16 0)
(3 -1.02706e-16 0)
(3 -6.40191e-16 0)
(2.15813 0.402983 0)
(0.822866 0.47549 0)
(0.710963 0.436262 0)
(0.699623 0.425947 0)
(0.635489 0.391335 0)
(0.56729 0.32525 0)
(0.502908 0.334029 0)
(0.458129 0.36855 0)
(0.460943 0.525528 0)
(0.431824 0.639432 0)
(0.277876 0.725789 0)
(0.115509 0.632771 0)
(0.0717329 0.502715 0)
(3 3.48996e-17 0)
(3 -3.86049e-16 0)
(3 -3.74571e-16 0)
(3 6.03815e-17 0)
(3 2.83821e-16 0)
(3 -7.33777e-16 0)
(3 -6.74015e-16 0)
(3 -8.67005e-16 0)
(3 -6.99422e-16 0)
(3 -3.53458e-16 0)
(3 3.34927e-16 0)
(3 1.94377e-15 0)
(3 2.56943e-15 0)
(3 1.43517e-15 0)
(3 2.39489e-16 0)
(3 3.85038e-16 0)
(3 -4.81471e-16 0)
(2.43118 0.399343 0)
(0.915712 0.501025 0)
(0.773502 0.430222 0)
(0.736185 0.381704 0)
(0.657272 0.315745 0)
(0.595626 0.332944 0)
(0.542368 0.364445 0)
(0.518261 0.532275 0)
(0.493039 0.617291 0)
(0.465624 0.631849 0)
(0.287305 0.696548 0)
(0.054485 0.643828 0)
(0.0737868 0.548954 0)
(3 -2.65558e-17 0)
(3 -5.70421e-16 0)
(3 -7.97253e-16 0)
(3 -2.13366e-16 0)
(3 -2.76404e-16 0)
(3 -9.85767e-16 0)
(3 -1.01964e-15 0)
(3 -5.81307e-16 0)
(3 -2.64725e-16 0)
(3 1.03524e-15 0)
(3 4.57007e-16 0)
(3 7.41174e-16 0)
(3 6.1316e-16 0)
(3 1.00389e-15 0)
(3 1.04907e-15 0)
(3 3.36984e-16 0)
(3 -1.86199e-15 0)
(2.73329 0.328074 0)
(1.03274 0.469553 0)
(0.822644 0.416238 0)
(0.766523 0.312111 0)
(0.6941 0.323281 0)
(0.642544 0.363043 0)
(0.622813 0.518817 0)
(0.565433 0.625952 0)
(0.50379 0.623866 0)
(0.459313 0.583046 0)
(0.296971 0.51901 0)
(0.0842974 0.70156 0)
(0.102305 0.859949 0)
(3 -7.69092e-18 0)
(3 1.5628e-16 0)
(3 -3.1422e-16 0)
(3 -2.35418e-16 0)
(3 -1.43427e-16 0)
(3 1.70082e-16 0)
(3 -2.03532e-16 0)
(3 -1.19928e-15 0)
(3 -3.4136e-16 0)
(3 -1.52182e-16 0)
(3 3.82687e-16 0)
(3 -6.43715e-17 0)
(3 4.42441e-16 0)
(3 8.34114e-16 0)
(3 -7.68234e-17 0)
(3 -2.37843e-16 0)
(3 -1.83414e-15 0)
(2.93752 0.197943 0)
(1.09885 0.397177 0)
(0.826711 0.341547 0)
(0.784009 0.32281 0)
(0.727425 0.354203 0)
(0.709063 0.505072 0)
(0.669804 0.61973 0)
(0.573792 0.65711 0)
(0.496146 0.63089 0)
(0.423789 0.491596 0)
(0.327519 0.535345 0)
(0.189071 0.781128 0)
(0.144707 1.02601 0)
(3 2.72705e-16 0)
(3 4.23786e-16 0)
(3 -2.32204e-16 0)
(3 -7.9116e-16 0)
(3 1.33455e-16 0)
(3 2.35121e-16 0)
(3 -3.6295e-16 0)
(3 -5.48089e-17 0)
(3 4.05478e-16 0)
(3 7.38395e-17 0)
(3 2.45094e-16 0)
(3 3.05487e-16 0)
(3 8.01154e-16 0)
(3 1.64202e-16 0)
(3 -6.3464e-16 0)
(3 -3.18558e-16 0)
(3 -9.02955e-16 0)
(2.95652 0.101378 0)
(1.09494 0.341128 0)
(0.791979 0.333904 0)
(0.796806 0.352804 0)
(0.781978 0.520222 0)
(0.747133 0.614275 0)
(0.692199 0.630462 0)
(0.597996 0.655065 0)
(0.480611 0.587687 0)
(0.426175 0.482687 0)
(0.379499 0.551187 0)
(0.322038 0.828012 0)
(0.18565 1.17136 0)
(3 -3.46496e-17 0)
(3 2.78286e-16 0)
(3 -1.21282e-16 0)
(3 -6.29248e-16 0)
(3 6.94041e-16 0)
(3 7.35913e-16 0)
(3 -1.04151e-15 0)
(3 1.09819e-16 0)
(3 1.64475e-15 0)
(3 1.07263e-15 0)
(3 5.86113e-16 0)
(3 4.71679e-16 0)
(3 4.30077e-16 0)
(3 3.48354e-16 0)
(3 3.17343e-16 0)
(3 1.87304e-16 0)
(3 -6.65747e-17 0)
(2.95845 0.0685512 0)
(1.05932 0.352157 0)
(0.779151 0.387221 0)
(0.801969 0.526766 0)
(0.772876 0.59923 0)
(0.7446 0.635565 0)
(0.717736 0.621435 0)
(0.611056 0.561392 0)
(0.479742 0.523324 0)
(0.453193 0.532888 0)
(0.436281 0.618668 0)
(0.509316 0.897281 0)
(0.244704 1.29734 0)
(3 3.86722e-17 0)
(3 7.51146e-18 0)
(3 1.19893e-16 0)
(3 8.17338e-16 0)
(3 9.15945e-16 0)
(3 1.01314e-15 0)
(3 6.81105e-16 0)
(3 5.78059e-16 0)
(3 8.16065e-16 0)
(3 9.44855e-16 0)
(3 1.3598e-16 0)
(3 -2.17749e-16 0)
(3 -8.09577e-17 0)
(3 3.94191e-16 0)
(3 3.46765e-16 0)
(3 1.47703e-16 0)
(3 2.14618e-16 0)
(3.00242 0.00829954 0)
(1.25141 0.464898 0)
(0.799209 0.510955 0)
(0.786632 0.524316 0)
(0.759437 0.537095 0)
(0.723582 0.534178 0)
(0.668785 0.532439 0)
(0.629044 0.541162 0)
(0.600157 0.632099 0)
(0.593403 0.792253 0)
(0.559083 0.927882 0)
(0.636814 1.03172 0)
(0.780339 1.18712 0)
(3 -1.10487e-16 0)
(3 -1.89508e-16 0)
(3 1.27758e-16 0)
(3 3.23409e-16 0)
(3 1.94424e-16 0)
(3 2.27132e-16 0)
(3 1.21972e-15 0)
(3 1.67254e-15 0)
(3 9.08367e-16 0)
(3 7.44264e-16 0)
(3 4.35596e-16 0)
(3 1.40781e-16 0)
(3 1.85494e-16 0)
(3 2.65036e-16 0)
(3 2.19231e-16 0)
(3 3.68234e-16 0)
(3 5.82564e-16 0)
(3.00005 4.1668e-05 0)
(1.91877 0.498731 0)
(0.874825 0.543158 0)
(0.769465 0.53184 0)
(0.750703 0.54996 0)
(0.730383 0.574585 0)
(0.717157 0.615439 0)
(0.716004 0.680928 0)
(0.709949 0.739737 0)
(0.704989 0.813044 0)
(0.704374 0.923221 0)
(0.789152 1.05267 0)
(1.08752 1.15437 0)
(3 8.34947e-17 0)
(3 1.93979e-17 0)
(3 -6.43623e-17 0)
(3 -2.87242e-16 0)
(3 -2.07133e-16 0)
(3 -1.65778e-16 0)
(3 5.80368e-16 0)
(3 1.39342e-15 0)
(3 1.70072e-15 0)
(3 1.16176e-15 0)
(3 1.20672e-15 0)
(3 1.46393e-15 0)
(3 8.26868e-16 0)
(3 -3.40994e-16 0)
(3 -1.09212e-16 0)
(3 4.94167e-16 0)
(3 1.3989e-16 0)
(3 9.49246e-09 0)
(2.89876 0.192138 0)
(1.11933 0.603048 0)
(0.859584 0.572793 0)
(0.827481 0.597613 0)
(0.811044 0.637853 0)
(0.79564 0.678752 0)
(0.781008 0.718215 0)
(0.774407 0.76237 0)
(0.783996 0.822288 0)
(0.84742 0.913024 0)
(1.00762 1.03245 0)
(1.25906 1.10982 0)
(3 6.99784e-18 0)
(3 2.56016e-17 0)
(3 -3.68241e-17 0)
(3 -5.37489e-17 0)
(3 2.76014e-17 0)
(3 1.11075e-16 0)
(3 -1.84451e-16 0)
(3 -1.72972e-16 0)
(3 4.06936e-17 0)
(3 -2.98464e-16 0)
(3 -2.04498e-16 0)
(3 5.46042e-17 0)
(3 2.76815e-16 0)
(3 3.24654e-16 0)
(3 5.6037e-17 0)
(3 -2.29158e-16 0)
(3 -1.90708e-16 0)
(3 -3.70354e-09 0)
(3.02737 0.00476088 0)
(1.59568 0.604804 0)
(0.942119 0.68468 0)
(0.896012 0.680061 0)
(0.875611 0.707374 0)
(0.861197 0.728294 0)
(0.854384 0.754341 0)
(0.861963 0.793155 0)
(0.8942 0.845809 0)
(0.985108 0.912601 0)
(1.12645 0.969207 0)
(1.32992 1.00918 0)
(3 -1.31352e-16 0)
(3 -6.66728e-17 0)
(3 2.54418e-17 0)
(3 1.07062e-16 0)
(3 5.72377e-17 0)
(3 6.93522e-17 0)
(3 -4.08002e-16 0)
(3 -1.09795e-15 0)
(3 -1.70072e-15 0)
(3 -1.36047e-15 0)
(3 -4.60536e-16 0)
(3 -5.12492e-16 0)
(3 -4.43583e-16 0)
(3 -2.51003e-16 0)
(3 1.90358e-17 0)
(3 -1.62408e-16 0)
(3 -4.37267e-16 0)
(3 -1.16527e-09 0)
(3.00026 2.87146e-05 0)
(2.64131 0.34611 0)
(1.14304 0.716967 0)
(0.975193 0.72279 0)
(0.962847 0.7219 0)
(0.954555 0.748914 0)
(0.95393 0.783054 0)
(0.970956 0.818735 0)
(1.01362 0.85566 0)
(1.09853 0.897975 0)
(1.21362 0.925367 0)
(1.3789 0.940986 0)
(3 1.10874e-16 0)
(3 2.93594e-16 0)
(3 5.01659e-16 0)
(3 3.8171e-16 0)
(3 4.88884e-17 0)
(3 -2.13536e-16 0)
(3 -4.24721e-16 0)
(3 -8.65519e-16 0)
(3 -9.57072e-16 0)
(3 -6.91727e-16 0)
(3 -7.99966e-16 0)
(3 -8.55026e-16 0)
(3 -7.1373e-16 0)
(3 -5.07443e-16 0)
(3 -3.94024e-16 0)
(3 -3.84831e-16 0)
(3 -4.92148e-16 0)
(3 -6.60047e-11 0)
(3 -2.37666e-07 0)
(3.03657 0.0202219 0)
(1.65849 0.686549 0)
(1.04729 0.785528 0)
(1.02841 0.783018 0)
(1.03405 0.801398 0)
(1.03961 0.827097 0)
(1.05922 0.845799 0)
(1.10297 0.866356 0)
(1.18008 0.885021 0)
(1.27481 0.894208 0)
(1.40616 0.901867 0)
(3 -9.63539e-17 0)
(3 -7.97364e-17 0)
(3 -7.55232e-17 0)
(3 -1.88298e-16 0)
(3 -3.93388e-16 0)
(3 -5.24889e-16 0)
(3 -5.42816e-16 0)
(3 -6.10155e-16 0)
(3 -6.58683e-16 0)
(3 -6.31082e-16 0)
(3 -6.64262e-16 0)
(3 -7.59916e-16 0)
(3 -7.93905e-16 0)
(3 -2.59474e-17 0)
(3 -2.19195e-16 0)
(3 -3.345e-16 0)
(3 -4.58137e-16 0)
(3 -2.37332e-13 0)
(3 -1.29385e-07 0)
(3.00064 0.000259607 0)
(2.84415 0.269735 0)
(1.30541 0.805904 0)
(1.09124 0.807871 0)
(1.11394 0.811891 0)
(1.12156 0.834364 0)
(1.14318 0.855338 0)
(1.18079 0.875385 0)
(1.24228 0.888753 0)
(1.32031 0.892226 0)
(1.42746 0.893994 0)
(3 -1.34733e-16 0)
(3 -3.10244e-16 0)
(3 -3.06368e-16 0)
(3 -1.71175e-16 0)
(3 -2.38945e-16 0)
(3 -6.40725e-16 0)
(3 -6.01767e-16 0)
(3 -3.6755e-16 0)
(3 -5.48811e-16 0)
(3 -5.78682e-16 0)
(3 -2.55473e-16 0)
(3 -1.83569e-16 0)
(3 -1.47645e-16 0)
(3 -1.24618e-16 0)
(3 -2.05462e-16 0)
(3 2.10275e-16 0)
(3 6.60914e-16 0)
(3 1.65635e-14 0)
(3 -1.53832e-08 0)
(3 1.53416e-07 0)
(3.01885 0.00832034 0)
(2.01622 0.673293 0)
(1.19667 0.866516 0)
(1.14922 0.868667 0)
(1.17878 0.875557 0)
(1.2082 0.881875 0)
(1.2456 0.884879 0)
(1.29689 0.884039 0)
(1.36492 0.882567 0)
(1.45407 0.88187 0)
(3 1.62653e-16 0)
(3 2.17615e-16 0)
(3 2.00111e-16 0)
(3 2.78629e-16 0)
(3 3.20247e-16 0)
(3 -7.0173e-17 0)
(3 -1.90206e-16 0)
(3 -3.40759e-16 0)
(3 -5.89994e-17 0)
(3 -8.38247e-17 0)
(3 1.88876e-16 0)
(3 2.32418e-16 0)
(3 -4.19505e-17 0)
(3 -4.35656e-16 0)
(3 -1.65519e-16 0)
(3 -1.71124e-16 0)
(3 -1.95992e-16 0)
(3 6.32502e-15 0)
(3 -1.56461e-10 0)
(3 -3.23629e-10 0)
(3.00013 8.86744e-05 0)
(2.97186 0.12977 0)
(1.63909 0.82204 0)
(1.22042 0.893438 0)
(1.24735 0.887327 0)
(1.2726 0.891282 0)
(1.30328 0.894317 0)
(1.34532 0.895796 0)
(1.40291 0.89569 0)
(1.47665 0.889144 0)
(3 2.29249e-16 0)
(3 8.43695e-17 0)
(3 -1.46376e-16 0)
(3 -2.253e-16 0)
(3 1.56439e-16 0)
(3 1.49541e-16 0)
(3 -3.93038e-17 0)
(3 6.04729e-16 0)
(3 1.30929e-15 0)
(3 1.30829e-15 0)
(3 7.18905e-16 0)
(3 1.76278e-16 0)
(3 4.0467e-17 0)
(3 -4.53975e-16 0)
(3 -4.87008e-16 0)
(3 -5.98296e-16 0)
(3 -6.69705e-16 0)
(3 -1.09636e-16 0)
(3 -4.76245e-14 0)
(3 -3.86109e-10 0)
(3 2.70214e-08 0)
(3.00339 0.00421821 0)
(2.71023 0.381702 0)
(1.49395 0.900711 0)
(1.28317 0.926836 0)
(1.32976 0.915827 0)
(1.35826 0.910174 0)
(1.39799 0.902673 0)
(1.44843 0.894071 0)
(1.50659 0.882928 0)
(3 -1.10767e-16 0)
(3 -1.68018e-16 0)
(3 -1.8234e-16 0)
(3 -4.68242e-16 0)
(3 1.39624e-16 0)
(3 3.68855e-16 0)
(3 3.09444e-16 0)
(3 1.28738e-15 0)
(3 1.45008e-15 0)
(3 1.18637e-15 0)
(3 8.6795e-16 0)
(3 7.69768e-16 0)
(3 6.1888e-16 0)
(3 4.69628e-16 0)
(3 3.30636e-16 0)
(3 9.11878e-17 0)
(3 -3.30749e-17 0)
(3 -2.89379e-16 0)
(3 8.19095e-15 0)
(3 -9.24483e-11 0)
(3 -1.29626e-10 0)
(3.00001 1.44186e-05 0)
(3.00737 0.0229187 0)
(2.39279 0.59893 0)
(1.44827 0.946402 0)
(1.35609 0.945039 0)
(1.40555 0.93331 0)
(1.44021 0.927142 0)
(1.48171 0.918239 0)
(1.52852 0.904708 0)
(3 -2.69882e-17 0)
(3 1.37297e-16 0)
(3 7.55254e-18 0)
(3 1.19876e-16 0)
(3 4.4635e-16 0)
(3 8.95938e-16 0)
(3 1.2883e-15 0)
(3 1.0691e-15 0)
(3 8.26233e-16 0)
(3 2.18454e-16 0)
(3 6.69772e-16 0)
(3 1.10979e-15 0)
(3 5.91636e-16 0)
(3 7.8827e-16 0)
(3 1.01768e-15 0)
(3 1.01294e-15 0)
(3 9.30939e-16 0)
(3 2.40984e-16 0)
(3 3.25636e-15 0)
(3 -3.5412e-12 0)
(3 -3.21024e-11 0)
(3 2.91851e-09 0)
(3.00008 0.000316959 0)
(2.99294 0.0655772 0)
(2.1443 0.743059 0)
(1.45078 0.97171 0)
(1.43026 0.96165 0)
(1.4846 0.944714 0)
(1.51648 0.935974 0)
(1.55536 0.922923 0)
(3 1.08272e-16 0)
(3 1.9029e-17 0)
(3 1.79002e-16 0)
(3 3.97e-16 0)
(3 1.49888e-16 0)
(3 6.68493e-17 0)
(3 6.6711e-16 0)
(3 8.42536e-16 0)
(3 6.51287e-16 0)
(3 2.12837e-17 0)
(3 -3.39742e-16 0)
(3 -1.24465e-16 0)
(3 1.20549e-16 0)
(3 5.27345e-16 0)
(3 8.9856e-16 0)
(3 1.96132e-15 0)
(3 2.60443e-15 0)
(3 2.01306e-15 0)
(3 1.04713e-15 0)
(3 -1.14918e-14 0)
(3 -1.38713e-12 0)
(3 -6.87472e-13 0)
(3 2.10788e-07 0)
(3.00035 0.00168055 0)
(2.93153 0.147605 0)
(2.02422 0.808776 0)
(1.49874 0.98574 0)
(1.49199 0.983308 0)
(1.54783 0.961119 0)
(1.58567 0.944922 0)
(3 1.37277e-17 0)
(3 5.50812e-17 0)
(3 3.65247e-16 0)
(3 1.01008e-16 0)
(3 -4.54364e-16 0)
(3 -5.15816e-16 0)
(3 -2.87739e-16 0)
(3 2.90914e-16 0)
(3 3.15732e-16 0)
(3 -5.57642e-16 0)
(3 -1.02076e-15 0)
(3 -1.43092e-15 0)
(3 -6.19109e-16 0)
(3 5.95238e-17 0)
(3 4.58065e-16 0)
(3 1.18449e-15 0)
(3 2.01563e-15 0)
(3 6.77799e-16 0)
(3 4.57689e-16 0)
(3 -6.51874e-16 0)
(3 -5.07717e-15 0)
(3 -6.52787e-14 0)
(3 3.0886e-11 0)
(3 2.49135e-06 0)
(3.00015 0.00537266 0)
(2.85015 0.234219 0)
(1.99046 0.842797 0)
(1.56075 0.995016 0)
(1.55966 0.994614 0)
(1.61018 0.975844 0)
(3 -3.35726e-17 0)
(3 -1.44164e-17 0)
(3 -4.24898e-16 0)
(3 -4.35737e-16 0)
(3 -8.0454e-16 0)
(3 -7.34406e-16 0)
(3 -5.75494e-16 0)
(3 -4.40008e-16 0)
(3 -5.03772e-16 0)
(3 -7.23503e-16 0)
(3 -8.28428e-16 0)
(3 -6.4045e-16 0)
(3 -6.79558e-16 0)
(3 -5.46218e-16 0)
(3 -5.82345e-16 0)
(3 -7.49096e-16 0)
(3 -6.79272e-16 0)
(3 -1.6041e-16 0)
(3 5.86684e-17 0)
(3 -5.09514e-16 0)
(3 -5.37769e-16 0)
(3 -1.61009e-15 0)
(3 1.82492e-15 0)
(3 6.51025e-10 0)
(3 1.58389e-05 0)
(2.99844 0.0111807 0)
(2.79243 0.289815 0)
(2.00151 0.852085 0)
(1.62789 1.00327 0)
(1.62682 1.00427 0)
(3 -3.40465e-17 0)
(3 -2.63677e-18 0)
(3 -6.74072e-17 0)
(3 2.49269e-16 0)
(3 6.14971e-16 0)
(3 2.07286e-16 0)
(3 -1.13352e-16 0)
(3 -3.80579e-16 0)
(3 -3.36093e-16 0)
(3 6.38387e-17 0)
(3 2.08779e-16 0)
(3 5.08301e-16 0)
(3 4.50823e-16 0)
(3 4.32984e-17 0)
(3 -4.19391e-16 0)
(3 -8.70266e-16 0)
(3 -1.11962e-15 0)
(3 -1.04934e-15 0)
(3 4.35851e-16 0)
(3 1.0389e-15 0)
(3 9.35734e-16 0)
(3 6.39939e-16 0)
(3 -8.58586e-16 0)
(3 3.94587e-14 0)
(3 6.34655e-09 0)
(2.99999 5.442e-05 0)
(2.99605 0.0160214 0)
(2.76301 0.31347 0)
(2.05257 0.849118 0)
(1.69847 0.996617 0)
(3 1.43627e-17 0)
(3 -9.91698e-18 0)
(3 3.05657e-16 0)
(3 2.41319e-16 0)
(3 3.12369e-16 0)
(3 2.00362e-16 0)
(3 -1.16943e-16 0)
(3 -2.60538e-16 0)
(3 -1.19039e-16 0)
(3 9.92451e-16 0)
(3 1.64018e-15 0)
(3 1.22979e-15 0)
(3 1.06507e-15 0)
(3 8.56677e-16 0)
(3 4.41963e-16 0)
(3 -2.50563e-16 0)
(3 -8.85833e-16 0)
(3 -2.7499e-16 0)
(3 3.1265e-16 0)
(3 7.88449e-17 0)
(3 -4.30103e-16 0)
(3 -3.74771e-16 0)
(3 1.96715e-16 0)
(3 5.89315e-16 0)
(3 3.78436e-13 0)
(3 3.3517e-08 0)
(2.99999 9.31581e-05 0)
(2.99252 0.0209708 0)
(2.82081 0.27819 0)
(2.03659 0.871833 0)
(3 2.4951e-17 0)
(3 5.66396e-17 0)
(3 2.04511e-16 0)
(3 9.34292e-17 0)
(3 -1.93786e-16 0)
(3 2.15144e-16 0)
(3 -5.78036e-18 0)
(3 -5.52926e-16 0)
(3 -3.62371e-16 0)
(3 6.35419e-16 0)
(3 8.53053e-16 0)
(3 9.69898e-16 0)
(3 1.03713e-15 0)
(3 7.67038e-16 0)
(3 6.33554e-17 0)
(3 -6.41315e-16 0)
(3 -1.21589e-15 0)
(3 -8.95616e-16 0)
(3 -3.19733e-16 0)
(3 -6.06414e-16 0)
(3 -9.88272e-16 0)
(3 -9.34277e-16 0)
(3 1.79852e-15 0)
(3 8.32089e-16 0)
(3 7.46205e-16 0)
(3 2.27773e-12 0)
(3 7.37863e-08 0)
(2.99996 0.000138443 0)
(2.99661 0.0166955 0)
(2.79727 0.32504 0)
(3 -4.02426e-17 0)
(3 -8.12284e-18 0)
(3 3.2865e-16 0)
(3 3.66166e-16 0)
(3 2.76384e-16 0)
(3 2.94875e-16 0)
(3 -7.23045e-17 0)
(3 -3.23654e-16 0)
(3 -2.0206e-16 0)
(3 -3.46341e-16 0)
(3 -4.47924e-16 0)
(3 -6.02982e-16 0)
(3 -8.05715e-16 0)
(3 -6.65485e-16 0)
(3 -9.23172e-16 0)
(3 -1.76282e-15 0)
(3 -2.05504e-15 0)
(3 -2.65167e-15 0)
(3 -2.93714e-15 0)
(3 -3.42926e-16 0)
(3 8.11681e-16 0)
(3 1.47511e-15 0)
(3 1.33287e-15 0)
(3 1.30133e-15 0)
(3 1.31245e-15 0)
(3 9.04643e-16 0)
(3 7.20677e-12 0)
(3 8.96607e-08 0)
(2.99997 0.000163214 0)
(3.01647 0.00921209 0)
(3 4.83043e-17 0)
(3 -3.23482e-16 0)
(3 -4.42867e-16 0)
(3 -3.30797e-17 0)
(3 2.32352e-16 0)
(3 -1.43838e-16 0)
(3 -2.58602e-16 0)
(3 3.18108e-16 0)
(3 1.17655e-16 0)
(3 -2.61524e-16 0)
(3 -2.16439e-16 0)
(3 -5.48928e-16 0)
(3 -7.83815e-16 0)
(3 -1.10885e-15 0)
(3 -1.11586e-15 0)
(3 -1.15844e-15 0)
(3 -1.69071e-15 0)
(3 -2.05864e-15 0)
(3 -2.23303e-15 0)
(3 -3.66716e-16 0)
(3 1.65412e-15 0)
(3 2.28152e-15 0)
(3 1.99149e-15 0)
(3 2.02425e-15 0)
(3 2.1451e-15 0)
(3 1.4356e-15 0)
(3 9.56263e-16 0)
(3 8.99132e-12 0)
(3 1.79614e-07 0)
(3.00025 3.21066e-05 0)
(3 -3.57717e-17 0)
(3 -7.75791e-17 0)
(3 -2.71399e-16 0)
(3 -1.67599e-16 0)
(3 3.86511e-16 0)
(3 4.32575e-16 0)
(3 6.25118e-16 0)
(3 8.78416e-16 0)
(3 8.70334e-16 0)
(3 3.55609e-16 0)
(3 8.55437e-17 0)
(3 3.43533e-18 0)
(3 -2.20004e-16 0)
(3 -5.24065e-16 0)
(3 -1.80552e-16 0)
(3 -1.88781e-16 0)
(3 -8.98447e-16 0)
(3 -1.64285e-15 0)
(3 -1.18561e-15 0)
(3 -6.4267e-16 0)
(3 1.24241e-15 0)
(3 1.79176e-15 0)
(3 1.89264e-15 0)
(3 1.59415e-15 0)
(3 1.48255e-15 0)
(3 1.9062e-15 0)
(3 1.20876e-15 0)
(3 1.1257e-15 0)
(3 3.49806e-11 0)
(3 7.6611e-09 0)
(3 -1.18699e-16 0)
(3 1.00844e-16 0)
(3 2.5135e-17 0)
(3 -1.37253e-16 0)
(3 -1.51157e-16 0)
(3 -4.96433e-17 0)
(3 5.90451e-17 0)
(3 3.94893e-16 0)
(3 6.47737e-16 0)
(3 5.08992e-16 0)
(3 -2.52419e-16 0)
(3 -3.13187e-16 0)
(3 -5.64565e-16 0)
(3 -3.59899e-16 0)
(3 -5.0079e-16 0)
(3 -3.38826e-16 0)
(3 -3.84103e-16 0)
(3 -4.85235e-16 0)
(3 -5.85771e-16 0)
(3 6.63467e-18 0)
(3 6.90461e-16 0)
(3 6.87544e-16 0)
(3 5.96604e-16 0)
(3 4.13093e-16 0)
(3 -2.38564e-17 0)
(3 4.00353e-16 0)
(3 2.36812e-16 0)
(3 -4.95159e-16 0)
(3 2.46906e-15 0)
(3 -6.44698e-10 0)
(3 7.40877e-17 0)
(3 1.94011e-16 0)
(3 -1.31038e-17 0)
(3 -2.38764e-16 0)
(3 -8.81618e-16 0)
(3 -9.16064e-16 0)
(3 -7.86701e-16 0)
(3 -6.08017e-16 0)
(3 -4.75329e-16 0)
(3 2.4111e-16 0)
(3 -2.70489e-17 0)
(3 -5.74458e-16 0)
(3 -5.74278e-17 0)
(3 2.4728e-16 0)
(3 1.77036e-16 0)
(3 2.37682e-16 0)
(3 7.34858e-16 0)
(3 1.18668e-15 0)
(3 1.20658e-15 0)
(3 9.96159e-16 0)
(3 1.09077e-15 0)
(3 9.92413e-16 0)
(3 2.2937e-16 0)
(3 -3.66794e-16 0)
(3 -8.05208e-16 0)
(3 -9.6623e-16 0)
(3 -9.34998e-16 0)
(3 -1.00499e-15 0)
(3 -5.92653e-16 0)
(3 -6.375e-11 0)
(3 -4.06116e-17 0)
(3 6.76131e-17 0)
(3 6.15363e-17 0)
(3 -7.5648e-17 0)
(3 -1.90175e-16 0)
(3 -7.32351e-16 0)
(3 -9.76401e-16 0)
(3 -1.04334e-15 0)
(3 -8.1173e-16 0)
(3 -5.67291e-16 0)
(3 -6.16254e-16 0)
(3 -5.60897e-16 0)
(3 -6.06773e-17 0)
(3 -1.48822e-16 0)
(3 -6.09865e-17 0)
(3 4.86744e-16 0)
(3 1.1732e-15 0)
(3 1.82535e-15 0)
(3 2.33399e-15 0)
(3 1.85236e-15 0)
(3 1.09029e-15 0)
(3 -2.0109e-16 0)
(3 -1.4498e-15 0)
(3 -1.07803e-15 0)
(3 -9.81436e-16 0)
(3 -1.07888e-15 0)
(3 -5.51619e-16 0)
(3 -8.11434e-17 0)
(3 -2.52369e-16 0)
(3 -1.47806e-12 0)
(3 -3.76906e-17 0)
(3 -8.51687e-17 0)
(3 -8.77819e-17 0)
(3 -8.35668e-17 0)
(3 1.47897e-16 0)
(3 -1.61142e-16 0)
(3 -1.14967e-16 0)
(3 -4.64777e-16 0)
(3 -7.02055e-16 0)
(3 -7.66065e-16 0)
(3 -6.08521e-16 0)
(3 -1.05154e-16 0)
(3 -1.66379e-18 0)
(3 -9.65142e-17 0)
(3 -3.42201e-16 0)
(3 -2.83143e-17 0)
(3 6.92082e-16 0)
(3 1.50176e-15 0)
(3 2.37434e-15 0)
(3 2.35477e-15 0)
(3 1.08572e-15 0)
(3 -7.43671e-16 0)
(3 -8.90515e-16 0)
(3 -8.27678e-16 0)
(3 -6.53886e-16 0)
(3 -3.83324e-16 0)
(3 1.22389e-16 0)
(3 -1.95013e-16 0)
(3 -5.66465e-16 0)
(3 -5.5578e-15 0)
(3 4.30978e-17 0)
(3 2.23813e-17 0)
(3 -3.00059e-16 0)
(3 -5.16757e-16 0)
(3 -5.35524e-16 0)
(3 1.73317e-17 0)
(3 1.81511e-16 0)
(3 -1.98972e-16 0)
(3 -5.30135e-16 0)
(3 -7.03067e-16 0)
(3 -4.19741e-16 0)
(3 -1.36129e-16 0)
(3 5.96969e-16 0)
(3 1.07954e-15 0)
(3 1.01558e-15 0)
(3 8.73257e-16 0)
(3 1.33727e-15 0)
(3 1.88837e-15 0)
(3 2.49766e-15 0)
(3 1.08824e-15 0)
(3 1.51842e-16 0)
(3 -1.70233e-16 0)
(3 -3.9052e-16 0)
(3 -5.89078e-16 0)
(3 -5.33432e-16 0)
(3 -7.63487e-16 0)
(3 -1.31434e-15 0)
(3 -1.44234e-15 0)
(3 -1.48893e-15 0)
(3 -7.71887e-16 0)
(3 4.7688e-17 0)
(3 1.92464e-18 0)
(3 -1.62778e-16 0)
(3 -4.26097e-16 0)
(3 -2.51684e-16 0)
(3 2.01161e-16 0)
(3 1.96584e-16 0)
(3 8.06499e-17 0)
(3 -1.04451e-16 0)
(3 -8.15739e-16 0)
(3 -8.1396e-16 0)
(3 -3.14217e-16 0)
(3 3.31968e-16 0)
(3 1.09726e-15 0)
(3 1.46696e-15 0)
(3 1.56214e-15 0)
(3 1.66469e-15 0)
(3 1.56261e-15 0)
(3 1.30775e-15 0)
(3 8.872e-16 0)
(3 2.47256e-16 0)
(3 -2.3776e-16 0)
(3 -3.33247e-16 0)
(3 2.79424e-16 0)
(3 -9.14676e-17 0)
(3 -4.73868e-16 0)
(3 -1.41725e-15 0)
(3 -2.05448e-15 0)
(3 -1.8094e-15 0)
(3 -8.71488e-16 0)
(3 -1.12531e-16 0)
(3 -6.93529e-17 0)
(3 2.76236e-16 0)
(3 3.09936e-16 0)
(3 5.88124e-16 0)
(3 3.99525e-16 0)
(3 2.59004e-16 0)
(3 -5.46323e-16 0)
(3 -6.26997e-16 0)
(3 -6.59295e-16 0)
(3 -1.00684e-15 0)
(3 -9.63643e-16 0)
(3 -7.93755e-16 0)
(3 -6.21807e-16 0)
(3 8.50819e-17 0)
(3 5.90722e-16 0)
(3 6.64371e-16 0)
(3 2.75524e-17 0)
(3 -1.01931e-15 0)
(3 -8.60396e-16 0)
(3 -2.44969e-16 0)
(3 -2.01545e-16 0)
(3 3.86326e-16 0)
(3 6.63668e-16 0)
(3 1.26514e-16 0)
(3 -4.5122e-16 0)
(3 -1.43834e-15 0)
(3 -2.10946e-15 0)
(3 -1.81562e-15 0)
(3 -8.41041e-16 0)
(3 4.45484e-17 0)
(3 3.47323e-16 0)
(3 3.88412e-16 0)
(3 3.5094e-16 0)
(3 2.61664e-16 0)
(3 1.61436e-16 0)
(3 7.56587e-17 0)
(3 -3.97268e-16 0)
(3 -9.66342e-16 0)
(3 -8.88891e-16 0)
(3 -7.80608e-16 0)
(3 -1.11734e-15 0)
(3 -7.21527e-16 0)
(3 -3.83051e-16 0)
(3 -1.58948e-18 0)
(3 4.52324e-16 0)
(3 9.368e-16 0)
(3 -7.2558e-16 0)
(3 -1.15583e-15 0)
(3 -1.94816e-15 0)
(3 -1.84613e-15 0)
(3 -4.86379e-16 0)
(3 3.38853e-16 0)
(3 3.47647e-16 0)
(3 2.77005e-16 0)
(3 -7.35216e-16 0)
(3 -1.37649e-15 0)
(3 -1.45496e-15 0)
(3 -1.56692e-15 0)
(3 -1.25741e-15 0)
(3 3.25671e-17 0)
(3 2.79733e-16 0)
(3 2.2296e-16 0)
(3 2.466e-16 0)
(3 8.91251e-17 0)
(3 9.36529e-17 0)
(3 1.28789e-16 0)
(3 3.99798e-17 0)
(3 -3.73592e-16 0)
(3 -4.08311e-16 0)
(3 -5.56022e-16 0)
(3 -6.18023e-16 0)
(3 -1.6463e-16 0)
(3 1.82228e-16 0)
(3 1.29381e-16 0)
(3 1.1928e-16 0)
(3 2.56617e-16 0)
(3 1.7138e-16 0)
(3 7.15498e-17 0)
(3 -5.12932e-16 0)
(3 -9.20643e-16 0)
(3 -8.86056e-16 0)
(3 3.00626e-16 0)
(3 5.02321e-16 0)
(3 4.18758e-16 0)
(3 -1.48614e-16 0)
(3 -8.9337e-16 0)
(3 -1.07426e-15 0)
(3 -1.0616e-15 0)
(3 -9.53359e-16 0)
(1.67096 1.34876 0)
(2.40805 0.124603 0)
(2.44787 -0.065545 0)
(2.2694 -0.0732262 0)
(2.26928 -0.056376 0)
(2.36774 -0.0423422 0)
(2.39811 -0.0382006 0)
(2.41868 -0.0258175 0)
(2.43371 -0.0167134 0)
(2.47881 -0.0163329 0)
(2.54378 -0.00842177 0)
(2.58178 -0.00276302 0)
(2.63368 -0.000346384 0)
(2.68952 0.00217407 0)
(2.73896 -0.000536137 0)
(2.78017 -0.00487785 0)
(2.80714 -0.00585157 0)
(2.81821 -0.00574054 0)
(2.82848 -0.00254024 0)
(2.83155 0.00326401 0)
(2.82772 0.00784028 0)
(2.82499 0.00982939 0)
(2.82044 0.0103723 0)
(2.80989 0.00961092 0)
(2.80082 0.00568472 0)
(2.78775 0.00156007 0)
(2.77323 0.00244306 0)
(2.75766 0.00436208 0)
(2.74155 0.00697391 0)
(2.70813 0.00549215 0)
(1.90923 0.788595 0)
(2.49161 -0.183205 0)
(2.55242 -0.237099 0)
(2.47268 -0.126942 0)
(2.42626 -0.0657021 0)
(2.46864 -0.0624529 0)
(2.48149 -0.064259 0)
(2.48205 -0.0516766 0)
(2.49804 -0.0277633 0)
(2.53612 -0.0282857 0)
(2.58622 -0.0149579 0)
(2.62425 -0.00635005 0)
(2.67608 -0.00132814 0)
(2.72852 0.00551899 0)
(2.77552 0.0113056 0)
(2.81475 0.0073774 0)
(2.83814 -0.0001552 0)
(2.84583 -0.0058068 0)
(2.85182 -0.0117269 0)
(2.85586 -0.00524123 0)
(2.85438 0.00693617 0)
(2.84549 0.0195131 0)
(2.83993 0.0237209 0)
(2.82809 0.0275779 0)
(2.81341 0.0243682 0)
(2.79942 0.0143644 0)
(2.78392 0.00243574 0)
(2.76634 -0.00141567 0)
(2.74955 -0.00057376 0)
(2.71725 -0.00190091 0)
(1.88198 0.856482 0)
(2.40365 0.228382 0)
(2.6563 -0.0691628 0)
(2.67857 -0.118128 0)
(2.64202 -0.119711 0)
(2.60026 -0.0746535 0)
(2.58685 -0.0725189 0)
(2.57545 -0.0322858 0)
(2.60588 -0.0149221 0)
(2.63655 -0.0169566 0)
(2.67222 -0.00954693 0)
(2.70705 -0.00821572 0)
(2.7483 -0.00939037 0)
(2.78923 -0.013194 0)
(2.82991 -0.0151804 0)
(2.8647 -0.013054 0)
(2.88364 -0.0093517 0)
(2.89082 -0.0094697 0)
(2.89698 -0.00804456 0)
(2.9038 -0.00236613 0)
(2.90705 0.00141264 0)
(2.89238 0.00170895 0)
(2.88608 0.00271298 0)
(2.87538 0.00512606 0)
(2.8598 0.00430404 0)
(2.84272 -0.00132338 0)
(2.82104 -0.00449966 0)
(2.79763 -0.00241783 0)
(2.77807 0.00117401 0)
(2.74301 -0.0036895 0)
(1.83689 0.843861 0)
(2.35188 0.400872 0)
(2.66321 -0.0151892 0)
(2.75862 -0.197566 0)
(2.71402 -0.203682 0)
(2.6549 -0.181491 0)
(2.64844 -0.105253 0)
(2.66398 -0.0659694 0)
(2.69105 -0.0351148 0)
(2.72166 -0.0263017 0)
(2.74948 -0.00719711 0)
(2.77932 0.00625203 0)
(2.80756 0.0141109 0)
(2.83533 0.0098362 0)
(2.86682 -0.00244295 0)
(2.89702 -0.0101182 0)
(2.91914 -0.00862757 0)
(2.93353 -0.00841569 0)
(2.94431 -0.00603335 0)
(2.95467 0.00575785 0)
(2.96225 0.0250868 0)
(2.95272 0.0250128 0)
(2.9468 0.0211944 0)
(2.94115 0.0184481 0)
(2.93209 0.00686727 0)
(2.91178 0.00977477 0)
(2.87994 0.0144425 0)
(2.85074 0.024581 0)
(2.82803 0.0272159 0)
(2.78874 0.0196208 0)
(1.80751 0.803262 0)
(2.23789 0.560678 0)
(2.56454 0.104344 0)
(2.71537 0.00381463 0)
(2.69764 -0.153656 0)
(2.69143 -0.16821 0)
(2.69595 -0.121929 0)
(2.71568 -0.0199862 0)
(2.7249 0.00749101 0)
(2.75465 0.00237175 0)
(2.78255 -0.00681019 0)
(2.80909 -0.0100164 0)
(2.83093 -0.0080887 0)
(2.85079 -0.0133949 0)
(2.87644 -0.0231728 0)
(2.90755 -0.0291953 0)
(2.93529 -0.0279083 0)
(2.956 -0.0192899 0)
(2.9696 -0.0100549 0)
(2.98074 0.00319116 0)
(2.99234 0.0237887 0)
(2.99866 0.029722 0)
(2.99887 0.0213385 0)
(2.99781 0.016381 0)
(2.99306 0.0122333 0)
(2.97312 0.0165042 0)
(2.93865 0.0190105 0)
(2.90867 0.0286632 0)
(2.88547 0.0336345 0)
(2.84459 0.0227838 0)
(1.77389 0.808171 0)
(2.15837 0.612474 0)
(2.46206 0.254931 0)
(2.64434 0.0817101 0)
(2.70161 -0.132571 0)
(2.69599 -0.191289 0)
(2.71211 -0.1661 0)
(2.73191 -0.0746538 0)
(2.73759 -0.00576264 0)
(2.7594 0.00376554 0)
(2.77943 0.00673536 0)
(2.8072 0.00601111 0)
(2.82882 0.00817137 0)
(2.84619 0.0035893 0)
(2.8703 -0.0139033 0)
(2.90376 -0.0296127 0)
(2.93717 -0.03281 0)
(2.96053 -0.0268835 0)
(2.97367 -0.0166851 0)
(2.98306 -0.00107226 0)
(2.99504 0.0180634 0)
(3.01329 0.0285123 0)
(3.02952 0.0222304 0)
(3.02948 0.0193164 0)
(3.02562 0.0193194 0)
(3.00801 0.024777 0)
(2.97855 0.0281393 0)
(2.95179 0.0362325 0)
(2.92857 0.0381301 0)
(2.88659 0.0207571 0)
(1.73481 0.82951 0)
(2.0912 0.647041 0)
(2.36881 0.381501 0)
(2.57537 0.131647 0)
(2.63986 0.0308576 0)
(2.66876 -0.136891 0)
(2.72855 -0.167209 0)
(2.75188 -0.107634 0)
(2.75398 -0.0323868 0)
(2.75479 -0.0219884 0)
(2.7818 -0.0087816 0)
(2.80327 0.0123093 0)
(2.81876 0.0244429 0)
(2.83457 0.0271921 0)
(2.85884 0.00900696 0)
(2.89023 -0.0104697 0)
(2.92681 -0.0179252 0)
(2.95371 -0.0198637 0)
(2.96712 -0.0150052 0)
(2.97559 -0.00212421 0)
(2.98807 0.0140924 0)
(3.01228 0.0243384 0)
(3.03916 0.023812 0)
(3.03907 0.021275 0)
(3.03517 0.0122668 0)
(3.0222 0.00355895 0)
(3.00006 0.00926283 0)
(2.97717 0.026519 0)
(2.95741 0.0420604 0)
(2.91398 0.0355106 0)
(1.70971 0.838091 0)
(2.02945 0.687683 0)
(2.29587 0.459389 0)
(2.48608 0.258794 0)
(2.61302 0.0925207 0)
(2.67183 -0.151836 0)
(2.7159 -0.191923 0)
(2.76966 -0.117083 0)
(2.76712 -0.0433057 0)
(2.75783 -0.0336714 0)
(2.77885 -0.0335809 0)
(2.80466 -0.00492165 0)
(2.81567 0.0145101 0)
(2.82929 0.0240139 0)
(2.8535 0.00676523 0)
(2.88182 -0.018758 0)
(2.91689 -0.0281765 0)
(2.94416 -0.0241587 0)
(2.95865 -0.0118142 0)
(2.96861 0.00569563 0)
(2.98158 0.0229488 0)
(3.00767 0.028443 0)
(3.03121 0.0121824 0)
(3.03525 -0.0289799 0)
(3.02394 -0.0954266 0)
(3.01838 -0.164603 0)
(3.0066 -0.164611 0)
(2.99847 -0.138287 0)
(2.97789 -0.081686 0)
(2.95193 -0.0347751 0)
(1.68849 0.847647 0)
(1.97717 0.722849 0)
(2.23031 0.522738 0)
(2.43381 0.318405 0)
(2.57741 0.167927 0)
(2.64536 -0.0263483 0)
(2.67962 -0.141802 0)
(2.75634 -0.0955157 0)
(2.77697 -0.05577 0)
(2.77127 -0.058758 0)
(2.7809 -0.0606474 0)
(2.8072 -0.0233574 0)
(2.81445 0.00164681 0)
(2.82695 0.0108277 0)
(2.85137 -0.00685717 0)
(2.87778 -0.0347932 0)
(2.90872 -0.0458507 0)
(2.9396 -0.0327699 0)
(2.95469 -0.0121025 0)
(2.96501 0.0145385 0)
(2.97931 0.0142052 0)
(2.99384 -0.0317199 0)
(3.002 -0.148844 0)
(2.99663 -0.286725 0)
(2.98551 -0.400031 0)
(2.99777 -0.456295 0)
(2.99949 -0.435665 0)
(3.00224 -0.411297 0)
(2.99353 -0.367597 0)
(3.01643 -0.256182 0)
(1.68625 0.842667 0)
(1.94062 0.747906 0)
(2.18709 0.56364 0)
(2.37439 0.388918 0)
(2.52278 0.245814 0)
(2.62994 0.0551659 0)
(2.67363 -0.118274 0)
(2.75611 -0.086007 0)
(2.78815 -0.0608197 0)
(2.78464 -0.0818343 0)
(2.78908 -0.0949207 0)
(2.81498 -0.055076 0)
(2.82093 -0.0165356 0)
(2.82835 -0.00242145 0)
(2.85182 -0.02009 0)
(2.87861 -0.0487286 0)
(2.90945 -0.0524388 0)
(2.94155 -0.0349553 0)
(2.95447 -0.00922425 0)
(2.96077 -0.0140787 0)
(2.95721 -0.108149 0)
(2.94537 -0.305654 0)
(2.94417 -0.477628 0)
(2.94805 -0.557993 0)
(2.95184 -0.597437 0)
(2.9646 -0.587992 0)
(2.97414 -0.553311 0)
(2.98432 -0.51526 0)
(2.9911 -0.499312 0)
(3.05794 -0.441028 0)
(1.68557 0.862168 0)
(1.91781 0.772632 0)
(2.14398 0.611914 0)
(2.33825 0.422877 0)
(2.48067 0.299549 0)
(2.58334 0.164792 0)
(2.65242 -0.00573356 0)
(2.73224 -0.029794 0)
(2.79193 -0.0389445 0)
(2.79287 -0.0745814 0)
(2.80307 -0.117314 0)
(2.82287 -0.0977235 0)
(2.83743 -0.0479768 0)
(2.83989 -0.0267385 0)
(2.86107 -0.0342814 0)
(2.8846 -0.0442317 0)
(2.9145 -0.0461073 0)
(2.94766 -0.0280088 0)
(2.94925 -0.0458254 0)
(2.92739 -0.194957 0)
(2.89376 -0.425622 0)
(2.88711 -0.580942 0)
(2.90517 -0.64394 0)
(2.91742 -0.65176 0)
(2.92618 -0.641411 0)
(2.93392 -0.609907 0)
(2.95356 -0.564892 0)
(2.97831 -0.513426 0)
(2.9974 -0.503828 0)
(3.07235 -0.481682 0)
(1.69695 0.879929 0)
(1.90793 0.794512 0)
(2.11728 0.645183 0)
(2.29285 0.481391 0)
(2.43652 0.368868 0)
(2.55981 0.240989 0)
(2.6407 0.0750029 0)
(2.70628 0.00864599 0)
(2.79344 -0.0277457 0)
(2.81215 -0.0660165 0)
(2.80313 -0.126243 0)
(2.8263 -0.123646 0)
(2.84288 -0.0735724 0)
(2.84953 -0.0464725 0)
(2.87091 -0.0381043 0)
(2.89786 -0.0270546 0)
(2.92678 -0.0268323 0)
(2.93495 -0.0691669 0)
(2.89764 -0.269074 0)
(2.85097 -0.514413 0)
(2.84662 -0.623975 0)
(2.86483 -0.670443 0)
(2.88609 -0.670298 0)
(2.90702 -0.651634 0)
(2.92966 -0.619533 0)
(2.94481 -0.577369 0)
(2.96848 -0.532861 0)
(3.00113 -0.480769 0)
(3.02923 -0.47227 0)
(3.08939 -0.467614 0)
(1.71504 0.899419 0)
(1.90225 0.817167 0)
(2.08943 0.685978 0)
(2.26452 0.525873 0)
(2.40564 0.429458 0)
(2.51277 0.3452 0)
(2.61113 0.168015 0)
(2.68624 0.0348956 0)
(2.75712 0.0438344 0)
(2.80676 -0.017743 0)
(2.80244 -0.12318 0)
(2.82765 -0.130042 0)
(2.85285 -0.081194 0)
(2.86142 -0.0513263 0)
(2.8802 -0.0332078 0)
(2.90862 -0.0211306 0)
(2.92193 -0.084129 0)
(2.87748 -0.318148 0)
(2.80993 -0.571136 0)
(2.82579 -0.639221 0)
(2.83453 -0.675228 0)
(2.86425 -0.669627 0)
(2.89058 -0.645683 0)
(2.91552 -0.614575 0)
(2.9456 -0.576167 0)
(2.96681 -0.539523 0)
(2.99026 -0.497798 0)
(3.02482 -0.446443 0)
(3.05872 -0.423866 0)
(3.10791 -0.425229 0)
(1.72862 0.927543 0)
(1.89987 0.838288 0)
(2.07727 0.712001 0)
(2.23417 0.58291 0)
(2.37308 0.499191 0)
(2.49486 0.411318 0)
(2.59387 0.230204 0)
(2.65525 0.114973 0)
(2.72225 0.0974927 0)
(2.80319 0.0114345 0)
(2.81047 -0.129416 0)
(2.82225 -0.147657 0)
(2.86812 -0.092146 0)
(2.87882 -0.0557155 0)
(2.89178 -0.035146 0)
(2.8986 -0.0872134 0)
(2.85545 -0.349051 0)
(2.7853 -0.611013 0)
(2.80108 -0.66804 0)
(2.81204 -0.691642 0)
(2.83578 -0.682763 0)
(2.8735 -0.649294 0)
(2.91334 -0.608058 0)
(2.93511 -0.580706 0)
(2.96358 -0.540654 0)
(2.98958 -0.513107 0)
(3.02285 -0.47281 0)
(3.0606 -0.423427 0)
(3.09904 -0.392647 0)
(3.12362 -0.386856 0)
(1.74789 0.947117 0)
(1.90384 0.85218 0)
(2.05823 0.750457 0)
(2.21712 0.63238 0)
(2.35694 0.547206 0)
(2.46218 0.47925 0)
(2.56139 0.305492 0)
(2.63368 0.163253 0)
(2.70479 0.132527 0)
(2.78297 0.0670703 0)
(2.80777 -0.0635282 0)
(2.80657 -0.107387 0)
(2.87045 -0.0637734 0)
(2.88707 -0.0391607 0)
(2.89335 -0.068297 0)
(2.84232 -0.326412 0)
(2.76671 -0.630541 0)
(2.76386 -0.716614 0)
(2.7931 -0.714233 0)
(2.81914 -0.699366 0)
(2.84952 -0.658496 0)
(2.89826 -0.617421 0)
(2.93324 -0.592077 0)
(2.95816 -0.557028 0)
(2.98672 -0.514473 0)
(3.02785 -0.49526 0)
(3.0642 -0.461105 0)
(3.09603 -0.409146 0)
(3.12734 -0.355451 0)
(3.13572 -0.348717 0)
(1.74527 0.981378 0)
(1.91216 0.866432 0)
(2.06041 0.775912 0)
(2.2015 0.686238 0)
(2.33495 0.599754 0)
(2.43998 0.521959 0)
(2.5413 0.356437 0)
(2.6061 0.23195 0)
(2.67711 0.198673 0)
(2.75296 0.133132 0)
(2.81152 -0.0277651 0)
(2.82353 -0.0965222 0)
(2.87383 -0.0690377 0)
(2.88713 -0.0743287 0)
(2.86041 -0.26651 0)
(2.74945 -0.614878 0)
(2.70577 -0.790036 0)
(2.75561 -0.754618 0)
(2.78551 -0.73046 0)
(2.83215 -0.679252 0)
(2.86842 -0.641829 0)
(2.92235 -0.602837 0)
(2.95207 -0.568249 0)
(2.99123 -0.528282 0)
(3.03077 -0.495802 0)
(3.07397 -0.480969 0)
(3.1 -0.43742 0)
(3.12078 -0.382413 0)
(3.15243 -0.337201 0)
(3.1468 -0.322247 0)
(1.78201 0.958903 0)
(1.90794 0.897803 0)
(2.06439 0.822605 0)
(2.20393 0.732827 0)
(2.33313 0.622678 0)
(2.43267 0.543853 0)
(2.52517 0.406505 0)
(2.59732 0.274 0)
(2.66216 0.241404 0)
(2.73822 0.175863 0)
(2.79973 0.043763 0)
(2.82212 -0.00817526 0)
(2.87064 -0.0497903 0)
(2.85564 -0.196751 0)
(2.76572 -0.561225 0)
(2.65686 -0.81783 0)
(2.70144 -0.809662 0)
(2.73631 -0.776275 0)
(2.80084 -0.715158 0)
(2.85235 -0.669535 0)
(2.89204 -0.62323 0)
(2.94485 -0.57652 0)
(2.98822 -0.538194 0)
(3.03154 -0.512737 0)
(3.07456 -0.478627 0)
(3.10337 -0.440814 0)
(3.12841 -0.40896 0)
(3.14347 -0.365992 0)
(3.17017 -0.328543 0)
(3.16224 -0.292728 0)
(1.84 0.903911 0)
(1.89491 0.927252 0)
(2.07417 0.870446 0)
(2.2214 0.770086 0)
(2.33534 0.649514 0)
(2.42162 0.581416 0)
(2.51139 0.461527 0)
(2.58244 0.339789 0)
(2.6446 0.292816 0)
(2.7285 0.210713 0)
(2.80518 0.0872255 0)
(2.81687 0.0343714 0)
(2.8133 -0.110804 0)
(2.75704 -0.458773 0)
(2.65825 -0.752204 0)
(2.65767 -0.84214 0)
(2.69946 -0.81272 0)
(2.75561 -0.759645 0)
(2.83296 -0.701356 0)
(2.87555 -0.656875 0)
(2.93491 -0.596153 0)
(2.97866 -0.549679 0)
(3.02932 -0.524499 0)
(3.06727 -0.474028 0)
(3.10072 -0.436895 0)
(3.11959 -0.399614 0)
(3.14436 -0.38129 0)
(3.16156 -0.337987 0)
(3.18728 -0.292507 0)
(3.16413 -0.27328 0)
(1.86732 0.863277 0)
(1.88368 0.96282 0)
(2.00776 0.908304 0)
(2.16956 0.812973 0)
(2.32079 0.673453 0)
(2.42116 0.594705 0)
(2.51063 0.490776 0)
(2.57924 0.375788 0)
(2.63264 0.325919 0)
(2.71715 0.259191 0)
(2.77002 0.1937 0)
(2.78046 0.0180078 0)
(2.72236 -0.306214 0)
(2.60792 -0.670122 0)
(2.61582 -0.798166 0)
(2.67154 -0.793369 0)
(2.74443 -0.766478 0)
(2.79917 -0.726692 0)
(2.86288 -0.675982 0)
(2.90707 -0.626447 0)
(2.97445 -0.584574 0)
(3.00762 -0.527227 0)
(3.04959 -0.491752 0)
(3.09539 -0.437664 0)
(3.11353 -0.406803 0)
(3.14901 -0.367621 0)
(3.17129 -0.344492 0)
(3.19158 -0.310698 0)
(3.19169 -0.280316 0)
(3.17115 -0.269633 0)
(2.21119 0.745015 0)
(1.89717 0.946752 0)
(1.9791 0.907811 0)
(2.12494 0.82061 0)
(2.27083 0.707629 0)
(2.37386 0.646192 0)
(2.47203 0.553329 0)
(2.54973 0.436627 0)
(2.61315 0.368501 0)
(2.71102 0.308632 0)
(2.75818 0.165384 0)
(2.70358 -0.0932035 0)
(2.56357 -0.539039 0)
(2.55697 -0.722081 0)
(2.61387 -0.741392 0)
(2.70849 -0.727498 0)
(2.78741 -0.700365 0)
(2.86459 -0.663784 0)
(2.92809 -0.62944 0)
(2.95447 -0.607785 0)
(2.99744 -0.559319 0)
(3.04996 -0.509677 0)
(3.08821 -0.466862 0)
(3.12721 -0.416515 0)
(3.13435 -0.387285 0)
(3.16992 -0.351229 0)
(3.19813 -0.327431 0)
(3.20762 -0.29859 0)
(3.20135 -0.270609 0)
(3.18719 -0.252739 0)
(2.81327 0.493515 0)
(1.98332 0.950722 0)
(1.98167 0.928965 0)
(2.08654 0.851415 0)
(2.23664 0.741888 0)
(2.35041 0.667442 0)
(2.45549 0.571271 0)
(2.53073 0.461809 0)
(2.60524 0.403081 0)
(2.67871 0.355377 0)
(2.65736 0.119207 0)
(2.54218 -0.361989 0)
(2.50372 -0.630098 0)
(2.5462 -0.685584 0)
(2.64839 -0.682042 0)
(2.74549 -0.644683 0)
(2.83046 -0.635588 0)
(2.91508 -0.622033 0)
(2.9741 -0.599545 0)
(3.00908 -0.582255 0)
(3.04118 -0.554604 0)
(3.07667 -0.50634 0)
(3.11956 -0.456139 0)
(3.14637 -0.405447 0)
(3.15013 -0.3821 0)
(3.18231 -0.347272 0)
(3.21343 -0.322815 0)
(3.22012 -0.305411 0)
(3.22148 -0.274735 0)
(3.20176 -0.253002 0)
(3.15734 0.0983335 0)
(2.17487 0.906733 0)
(2.03957 0.916755 0)
(2.09863 0.867353 0)
(2.21639 0.778857 0)
(2.31414 0.70666 0)
(2.409 0.614837 0)
(2.49637 0.506461 0)
(2.55518 0.481057 0)
(2.60538 0.29392 0)
(2.5345 -0.131419 0)
(2.46574 -0.472205 0)
(2.49949 -0.622075 0)
(2.58594 -0.620844 0)
(2.6896 -0.5983 0)
(2.78782 -0.574614 0)
(2.86779 -0.57055 0)
(2.94047 -0.557262 0)
(3.00205 -0.550435 0)
(3.04711 -0.544969 0)
(3.07527 -0.523999 0)
(3.08373 -0.492163 0)
(3.12193 -0.442577 0)
(3.15276 -0.399859 0)
(3.16574 -0.380269 0)
(3.19442 -0.348625 0)
(3.21734 -0.330742 0)
(3.22644 -0.301972 0)
(3.23066 -0.259342 0)
(3.22603 -0.221923 0)
(3.03925 0.00838807 0)
(2.43347 0.765599 0)
(2.0844 0.951715 0)
(2.10606 0.919566 0)
(2.20295 0.823079 0)
(2.29717 0.732661 0)
(2.39305 0.629863 0)
(2.48026 0.55704 0)
(2.54555 0.434456 0)
(2.4961 0.121555 0)
(2.38604 -0.384967 0)
(2.44513 -0.573891 0)
(2.52666 -0.553446 0)
(2.63354 -0.543942 0)
(2.7353 -0.538185 0)
(2.81952 -0.513266 0)
(2.89017 -0.50323 0)
(2.95448 -0.486644 0)
(3.01412 -0.482225 0)
(3.0585 -0.478811 0)
(3.0788 -0.475358 0)
(3.09251 -0.449794 0)
(3.12218 -0.408321 0)
(3.15401 -0.381044 0)
(3.17936 -0.360244 0)
(3.1984 -0.334408 0)
(3.2147 -0.31616 0)
(3.22515 -0.288307 0)
(3.22806 -0.242547 0)
(3.23307 -0.1968 0)
(3.00074 0.000332943 0)
(2.80185 0.500661 0)
(2.18905 0.933866 0)
(2.15723 0.929008 0)
(2.22645 0.842372 0)
(2.29951 0.760705 0)
(2.40601 0.661992 0)
(2.47545 0.58493 0)
(2.4692 0.343739 0)
(2.32145 -0.216507 0)
(2.39277 -0.418735 0)
(2.47175 -0.447814 0)
(2.58644 -0.457072 0)
(2.6841 -0.459872 0)
(2.76294 -0.465778 0)
(2.83577 -0.460162 0)
(2.90549 -0.446882 0)
(2.96848 -0.433254 0)
(3.0257 -0.431172 0)
(3.0729 -0.431035 0)
(3.09113 -0.430023 0)
(3.10477 -0.403796 0)
(3.12688 -0.370185 0)
(3.14857 -0.352766 0)
(3.17816 -0.326812 0)
(3.1902 -0.306719 0)
(3.20528 -0.288989 0)
(3.22128 -0.263801 0)
(3.22882 -0.219217 0)
(3.23064 -0.177606 0)
(3 2.85307e-06 0)
(3.00644 0.187935 0)
(2.37032 0.822052 0)
(2.20347 0.931364 0)
(2.23023 0.896491 0)
(2.30612 0.801974 0)
(2.38032 0.755305 0)
(2.40934 0.502272 0)
(2.34116 -0.0350667 0)
(2.33195 -0.334262 0)
(2.38492 -0.434598 0)
(2.50952 -0.431425 0)
(2.62455 -0.402194 0)
(2.71435 -0.39251 0)
(2.78107 -0.393283 0)
(2.83818 -0.389127 0)
(2.89886 -0.381308 0)
(2.96129 -0.370061 0)
(3.01387 -0.364301 0)
(3.05499 -0.36157 0)
(3.08109 -0.364861 0)
(3.10258 -0.341299 0)
(3.12115 -0.321988 0)
(3.13639 -0.307718 0)
(3.1604 -0.28144 0)
(3.18539 -0.256527 0)
(3.20103 -0.250131 0)
(3.21235 -0.244459 0)
(3.22835 -0.20488 0)
(3.22106 -0.172999 0)
(3 7.48304e-09 0)
(3.0044 0.0370253 0)
(2.59637 0.656323 0)
(2.25841 0.934497 0)
(2.25056 0.926642 0)
(2.31614 0.857912 0)
(2.38225 0.697727 0)
(2.3364 0.239079 0)
(2.33733 -0.113994 0)
(2.36467 -0.325216 0)
(2.44157 -0.353983 0)
(2.52722 -0.344228 0)
(2.62091 -0.32854 0)
(2.71432 -0.31664 0)
(2.78392 -0.304973 0)
(2.82434 -0.301573 0)
(2.85963 -0.299477 0)
(2.91137 -0.295805 0)
(2.97397 -0.297027 0)
(3.02798 -0.297677 0)
(3.07193 -0.298747 0)
(3.10555 -0.278789 0)
(3.12814 -0.266207 0)
(3.1428 -0.257649 0)
(3.16314 -0.233534 0)
(3.18872 -0.215327 0)
(3.20861 -0.211233 0)
(3.22676 -0.196216 0)
(3.22635 -0.163354 0)
(3.2109 -0.144992 0)
(3 5.49662e-12 0)
(2.99944 0.00350957 0)
(2.87356 0.354324 0)
(2.37531 0.840782 0)
(2.32121 0.92385 0)
(2.33967 0.88633 0)
(2.3239 0.490763 0)
(2.2852 -0.0578111 0)
(2.28681 -0.292831 0)
(2.37028 -0.29514 0)
(2.46566 -0.286843 0)
(2.54856 -0.284359 0)
(2.63187 -0.258912 0)
(2.71107 -0.23957 0)
(2.78519 -0.239179 0)
(2.83492 -0.240902 0)
(2.87521 -0.240902 0)
(2.92125 -0.23706 0)
(2.97118 -0.234388 0)
(3.01923 -0.239364 0)
(3.07255 -0.232757 0)
(3.09659 -0.216638 0)
(3.10937 -0.207214 0)
(3.12285 -0.200241 0)
(3.1423 -0.183599 0)
(3.16364 -0.172873 0)
(3.18227 -0.173996 0)
(3.19349 -0.170448 0)
(3.20464 -0.146697 0)
(3.19369 -0.128516 0)
(3 2.08004e-15 0)
(2.99995 0.000144912 0)
(2.9869 0.100911 0)
(2.53484 0.688652 0)
(2.36523 0.956783 0)
(2.30915 0.770693 0)
(2.2437 0.213916 0)
(2.22833 -0.120968 0)
(2.27795 -0.197185 0)
(2.37234 -0.217104 0)
(2.45862 -0.197504 0)
(2.53155 -0.169764 0)
(2.60697 -0.156955 0)
(2.68128 -0.168032 0)
(2.73717 -0.166929 0)
(2.79169 -0.157752 0)
(2.84977 -0.154148 0)
(2.90662 -0.157895 0)
(2.95489 -0.164784 0)
(2.99504 -0.168904 0)
(3.02707 -0.15935 0)
(3.06624 -0.149531 0)
(3.09912 -0.140785 0)
(3.12307 -0.134882 0)
(3.14143 -0.124195 0)
(3.15895 -0.1148 0)
(3.17641 -0.11514 0)
(3.18628 -0.116255 0)
(3.20173 -0.102846 0)
(3.19069 -0.0918429 0)
(3 -4.75953e-16 0)
(3 2.8708e-06 0)
(2.99748 0.0151415 0)
(2.81079 0.438346 0)
(2.43748 0.859711 0)
(2.16814 0.253481 0)
(2.05206 -0.0979135 0)
(2.11987 -0.148043 0)
(2.24534 -0.129767 0)
(2.36807 -0.13696 0)
(2.47394 -0.128108 0)
(2.56397 -0.106485 0)
(2.63723 -0.100283 0)
(2.68964 -0.103773 0)
(2.74116 -0.0995128 0)
(2.80238 -0.0942865 0)
(2.8657 -0.0951577 0)
(2.91889 -0.0972124 0)
(2.96119 -0.100521 0)
(2.99822 -0.101104 0)
(3.03068 -0.0954976 0)
(3.06852 -0.0909319 0)
(3.10556 -0.087388 0)
(3.13335 -0.0840697 0)
(3.15271 -0.0774492 0)
(3.17059 -0.0712938 0)
(3.18905 -0.072117 0)
(3.19822 -0.0721312 0)
(3.21199 -0.0641305 0)
(3.19805 -0.0563381 0)
(3 -7.01344e-16 0)
(3 1.95609e-08 0)
(2.99963 0.000648008 0)
(2.93342 0.103336 0)
(2.44521 0.577993 0)
(2.19913 0.233259 0)
(2.05981 0.0515581 0)
(2.12137 -0.0415236 0)
(2.24386 -0.0382583 0)
(2.37087 -0.0416648 0)
(2.48973 -0.042125 0)
(2.58402 -0.036613 0)
(2.63117 -0.0404414 0)
(2.66629 -0.0490174 0)
(2.71642 -0.0487997 0)
(2.7784 -0.0495675 0)
(2.8373 -0.0520669 0)
(2.88477 -0.053071 0)
(2.92606 -0.0553633 0)
(2.96445 -0.0551403 0)
(3.00272 -0.0540351 0)
(3.04193 -0.0532569 0)
(3.07796 -0.0520713 0)
(3.1062 -0.050956 0)
(3.12766 -0.0467732 0)
(3.14792 -0.0440293 0)
(3.16703 -0.0456482 0)
(3.17624 -0.0456816 0)
(3.19185 -0.0406439 0)
(3.18122 -0.0366975 0)
)
;

boundaryField
{
    inlet
    {
        type            fixedValue;
        value           uniform (3 0 0);
    }
    outlet
    {
        type            inletOutlet;
        inletValue      uniform (3 0 0);
        value           nonuniform List<vector> 
30
(
(2.70813 0.00549215 0)
(2.71725 -0.00190091 0)
(2.74301 -0.0036895 0)
(2.78874 0.0196208 0)
(2.84459 0.0227838 0)
(2.88659 0.0207571 0)
(2.91398 0.0355106 0)
(2.95193 -0.0347751 0)
(3.01643 -0.256182 0)
(3.05794 -0.441028 0)
(3.07235 -0.481682 0)
(3.08939 -0.467614 0)
(3.10791 -0.425229 0)
(3.12362 -0.386856 0)
(3.13572 -0.348717 0)
(3.1468 -0.322247 0)
(3.16224 -0.292728 0)
(3.16413 -0.27328 0)
(3.17115 -0.269633 0)
(3.18719 -0.252739 0)
(3.20176 -0.253002 0)
(3.22603 -0.221923 0)
(3.23307 -0.1968 0)
(3.23064 -0.177606 0)
(3.22106 -0.172999 0)
(3.2109 -0.144992 0)
(3.19369 -0.128516 0)
(3.19069 -0.0918429 0)
(3.19805 -0.0563381 0)
(3.18122 -0.0366975 0)
)
;
    }
    top
    {
        type            symmetryPlane;
    }
    bottom
    {
        type            symmetryPlane;
    }
    step
    {
        type            slip;
    }
    defaultFaces
    {
        type            empty;
    }
}


// ************************************************************************* //
