/*--------------------------------*- C++ -*----------------------------------*\
  =========                 |
  \\      /  F ield         | OpenFOAM: The Open Source CFD Toolbox
   \\    /   O peration     | Website:  https://openfoam.org
    \\  /    A nd           | Version:  6.0
     \\/     M anipulation  |
\*---------------------------------------------------------------------------*/
FoamFile
{
    version     2.0;
    format      ascii;
    class       volScalarField;
    location    "2.0002372";
    object      rho;
}
// * * * * * * * * * * * * * * * * * * * * * * * * * * * * * * * * * * * * * //

dimensions      [1 -3 0 0 0 0 0];

internalField   nonuniform List<scalar> 
4800
(
1.39997
1.39997
1.39997
1.39997
1.39997
1.39997
1.39997
1.39997
1.39997
1.39997
1.39997
1.39997
1.39997
1.39997
1.39997
1.39997
1.39997
1.39997
1.39997
1.39997
1.45266
4.12317
5.4286
5.57143
5.64453
5.64388
5.48148
5.28147
5.33782
5.64376
6.04536
6.2831
6.23551
5.81147
5.3608
5.34303
5.64991
5.89921
5.63945
5.33124
1.39997
1.39997
1.39997
1.39997
1.39997
1.39997
1.39997
1.39997
1.39997
1.39997
1.39997
1.39997
1.39997
1.39997
1.39997
1.39997
1.39997
1.39997
1.39997
1.39997
1.4529
4.08963
5.40566
5.48136
5.58878
5.61374
5.6092
5.57539
5.65057
5.8062
5.87865
5.81673
5.7292
5.74486
5.88463
5.93538
5.95421
5.94477
5.95876
5.99283
1.39997
1.39997
1.39997
1.39997
1.39997
1.39997
1.39997
1.39997
1.39997
1.39997
1.39997
1.39997
1.39997
1.39997
1.39997
1.39997
1.39997
1.39997
1.39997
1.39997
1.43977
4.08064
5.41689
5.40422
5.4663
5.58305
5.70572
5.93093
5.94645
5.89705
5.71345
5.47765
5.34729
5.60539
6.09813
6.28139
6.17257
6.0429
6.22519
6.57483
1.39997
1.39997
1.39997
1.39997
1.39997
1.39997
1.39997
1.39997
1.39997
1.39997
1.39997
1.39997
1.39997
1.39997
1.39997
1.39997
1.39997
1.39997
1.39997
1.39997
1.42476
4.07258
5.44007
5.39488
5.3582
5.50539
5.85852
6.08785
6.17681
5.93098
5.5264
5.36903
5.4988
5.81715
6.10933
6.26729
6.13264
5.9795
6.22389
6.59457
1.39997
1.39997
1.39997
1.39997
1.39997
1.39997
1.39997
1.39997
1.39997
1.39997
1.39997
1.39997
1.39997
1.39997
1.39997
1.39997
1.39997
1.39997
1.39997
1.39997
1.4147
4.0712
5.45186
5.41909
5.42062
5.52639
5.77014
6.00574
5.97098
5.62202
5.52899
5.61443
5.92377
6.12647
6.06939
5.90698
5.77249
5.80876
5.94568
6.10172
1.39997
1.39997
1.39997
1.39997
1.39997
1.39997
1.39997
1.39997
1.39997
1.39997
1.39997
1.39997
1.39997
1.39997
1.39997
1.39997
1.39997
1.39997
1.39997
1.39997
1.40626
4.06515
5.44771
5.49019
5.56524
5.57916
5.62204
5.684
5.61077
5.55402
5.55211
5.88599
6.19601
6.30528
6.19083
5.74941
5.53466
5.51736
5.58621
5.58833
1.39997
1.39997
1.39997
1.39997
1.39997
1.39997
1.39997
1.39997
1.39997
1.39997
1.39997
1.39997
1.39997
1.39997
1.39997
1.39997
1.39997
1.39997
1.39997
1.39997
1.40089
4.0414
5.42365
5.56035
5.6488
5.65782
5.51465
5.35682
5.36637
5.57642
5.8512
6.04882
6.17755
6.09046
5.58917
5.58531
5.67748
5.68674
5.61966
5.44903
1.39997
1.39997
1.39997
1.39997
1.39997
1.39997
1.39997
1.39997
1.39997
1.39997
1.39997
1.39997
1.39997
1.39997
1.39997
1.39997
1.39997
1.39997
1.39997
1.39997
1.40001
3.98776
5.40881
5.56036
5.64385
5.67648
5.52139
5.27588
5.37034
5.83458
6.23199
6.15284
5.93038
5.4907
5.51711
5.75036
5.98731
6.13988
6.03924
5.89675
1.39997
1.39997
1.39997
1.39997
1.39997
1.39997
1.39997
1.39997
1.39997
1.39997
1.39997
1.39997
1.39997
1.39997
1.39997
1.39997
1.39997
1.39997
1.39997
1.39997
1.39997
3.93537
5.41441
5.47868
5.59275
5.60659
5.5436
5.48784
5.63869
5.99375
6.28911
6.33543
5.70041
5.25349
5.25791
5.67855
6.12743
6.57658
6.35153
6.39894
1.39997
1.39997
1.39997
1.39997
1.39997
1.39997
1.39997
1.39997
1.39997
1.39997
1.39997
1.39997
1.39997
1.39997
1.39997
1.39997
1.39997
1.39997
1.39997
1.39997
1.39997
3.89464
5.44542
5.43681
5.43129
5.47946
5.59145
5.8332
5.94238
5.88838
5.91346
5.64857
5.60457
5.63684
5.74342
5.89898
6.12476
6.09901
6.36196
6.58664
1.39997
1.39997
1.39997
1.39997
1.39997
1.39997
1.39997
1.39997
1.39997
1.39997
1.39997
1.39997
1.39997
1.39997
1.39997
1.39997
1.39997
1.39997
1.39997
1.39997
1.39997
3.84643
5.46285
5.42147
5.3391
5.34049
5.66069
5.97869
6.12594
5.9284
5.3166
5.20592
5.61114
6.18647
6.46348
6.28985
6.00043
5.6302
5.87899
6.31036
1.39997
1.39997
1.39997
1.39997
1.39997
1.39997
1.39997
1.39997
1.39997
1.39997
1.39997
1.39997
1.39997
1.39997
1.39997
1.39997
1.39997
1.39997
1.39997
1.39997
1.39997
3.78382
5.43584
5.40189
5.37556
5.46857
5.64977
5.85937
5.96788
5.72432
5.36361
5.23683
5.55565
6.30873
6.84558
6.82047
5.86545
5.37714
5.56338
5.90927
1.39997
1.39997
1.39997
1.39997
1.39997
1.39997
1.39997
1.39997
1.39997
1.39997
1.39997
1.39997
1.39997
1.39997
1.39997
1.39997
1.39997
1.39997
1.39997
1.39997
1.39997
3.70185
5.36772
5.42711
5.55752
5.62547
5.62465
5.65197
5.60534
5.55289
5.63443
5.60172
5.86099
6.06781
6.2675
5.89097
5.75313
5.6666
5.63754
5.63302
1.39997
1.39997
1.39997
1.39997
1.39997
1.39997
1.39997
1.39997
1.39997
1.39997
1.39997
1.39997
1.39997
1.39997
1.39997
1.39997
1.39997
1.39997
1.39997
1.39997
1.39997
3.6139
5.29155
5.509
5.65441
5.74259
5.67909
5.49315
5.29259
5.36359
5.67101
6.15077
6.10046
5.78658
5.18632
5.29291
5.80865
6.06277
5.87894
5.57417
1.39997
1.39997
1.39997
1.39997
1.39997
1.39997
1.39997
1.39997
1.39997
1.39997
1.39997
1.39997
1.39997
1.39997
1.39997
1.39997
1.39997
1.39997
1.39997
1.39997
1.39997
3.55912
5.32368
5.48557
5.61743
5.70867
5.73113
5.46592
5.22453
5.28483
5.79814
6.30574
6.3461
5.52005
4.80738
4.97609
5.6798
6.22259
5.93226
5.53746
1.39997
1.39997
1.39997
1.39997
1.39997
1.39997
1.39997
1.39997
1.39997
1.39997
1.39997
1.39997
1.39997
1.39997
1.39997
1.39997
1.39997
1.39997
1.39997
1.39997
1.39997
3.50263
5.37016
5.46652
5.52204
5.59842
5.54832
5.50837
5.4868
5.71008
5.98032
6.08519
5.97233
5.4098
5.12733
5.11262
5.56459
6.18904
6.14209
6.00944
1.39997
1.39997
1.39997
1.39997
1.39997
1.39997
1.39997
1.39997
1.39997
1.39997
1.39997
1.39997
1.39997
1.39997
1.39997
1.39997
1.39997
1.39997
1.39997
1.39997
1.39997
3.4341
5.40039
5.4531
5.43836
5.39707
5.38889
5.54127
5.93727
6.10763
6.00565
5.7641
5.42706
5.60965
5.87756
5.94049
5.95635
5.88567
6.15131
6.64024
1.39997
1.39997
1.39997
1.39997
1.39997
1.39997
1.39997
1.39997
1.39997
1.39997
1.39997
1.39997
1.39997
1.39997
1.39997
1.39997
1.39997
1.39997
1.39997
1.39997
1.39997
3.34207
5.38417
5.42973
5.34809
5.25869
5.32162
5.67662
6.09033
6.27564
6.09427
5.27711
5.23972
5.77225
6.58098
6.7206
6.27721
5.5905
6.05154
6.75572
1.39997
1.39997
1.39997
1.39997
1.39997
1.39997
1.39997
1.39997
1.39997
1.39997
1.39997
1.39997
1.39997
1.39997
1.39997
1.39997
1.39997
1.39997
1.39997
1.39997
1.39997
3.21715
5.33168
5.36406
5.34051
5.36439
5.56827
5.78837
5.9177
6.04377
5.6183
5.42815
5.34578
5.89398
6.53911
6.76853
6.32783
5.64295
5.7896
6.31575
1.39997
1.39997
1.39997
1.39997
1.39997
1.39997
1.39997
1.39997
1.39997
1.39997
1.39997
1.39997
1.39997
1.39997
1.39997
1.39997
1.39997
1.39997
1.39997
1.39997
1.39997
3.08889
5.23442
5.32333
5.42785
5.6429
5.71885
5.72771
5.7229
5.33399
5.36271
5.57703
5.8032
5.9967
6.24315
6.2378
5.81831
5.875
5.74484
5.58065
1.39997
1.39997
1.39997
1.39997
1.39997
1.39997
1.39997
1.39997
1.39997
1.39997
1.39997
1.39997
1.39997
1.39997
1.39997
1.39997
1.39997
1.39997
1.39997
1.39997
1.39997
2.96921
5.14274
5.35614
5.60157
5.71183
5.7816
5.7642
5.36929
5.0785
5.22342
5.6949
6.22045
6.13949
5.69332
5.12853
5.48543
5.84754
5.8428
5.59788
1.39997
1.39997
1.39997
1.39997
1.39997
1.39997
1.39997
1.39997
1.39997
1.39997
1.39997
1.39997
1.39997
1.39997
1.39997
1.39997
1.39997
1.39997
1.39997
1.39997
1.39997
2.89115
5.15231
5.45747
5.57435
5.67407
5.72931
5.50252
5.26126
5.21361
5.32027
5.89717
6.22576
6.11738
5.21662
5.07709
5.37967
5.69997
5.74081
5.64125
1.39997
1.39997
1.39997
1.39997
1.39997
1.39997
1.39997
1.39997
1.39997
1.39997
1.39997
1.39997
1.39997
1.39997
1.39997
1.39997
1.39997
1.39997
1.39997
1.39997
1.39997
2.82084
5.23032
5.49989
5.5287
5.55512
5.44056
5.37713
5.35377
5.50184
5.94637
6.0329
6.03004
5.55905
5.22844
5.25288
5.51758
5.61568
5.59661
5.50498
1.39997
1.39997
1.39997
1.39997
1.39997
1.39997
1.39997
1.39997
1.39997
1.39997
1.39997
1.39997
1.39997
1.39997
1.39997
1.39997
1.39997
1.39997
1.39997
1.39997
1.39997
2.70879
5.24644
5.49412
5.49454
5.39039
5.27766
5.22852
5.44685
5.99189
6.22347
6.20875
5.78469
5.23319
5.1143
5.37242
5.70621
5.99051
5.57874
5.33642
1.39997
1.39997
1.39997
1.39997
1.39997
1.39997
1.39997
1.39997
1.39997
1.39997
1.39997
1.39997
1.39997
1.39997
1.39997
1.39997
1.39997
1.39997
1.39997
1.39997
1.39997
2.57613
5.1751
5.49272
5.37099
5.2997
5.27029
5.40165
5.86225
6.04989
6.10205
5.89772
5.31252
5.29453
5.5559
5.97274
6.15251
6.07801
6.08136
6.16615
1.39997
1.39997
1.39997
1.39997
1.39997
1.39997
1.39997
1.39997
1.39997
1.39997
1.39997
1.39997
1.39997
1.39997
1.39997
1.39997
1.39997
1.39997
1.39997
1.39997
1.39997
2.43792
5.07695
5.34184
5.31243
5.33424
5.51912
5.7963
5.89563
5.90387
5.80621
5.19848
5.31809
5.55513
6.31396
6.4317
6.278
5.93526
6.4308
7.04903
1.39997
1.39997
1.39997
1.39997
1.39997
1.39997
1.39997
1.39997
1.39997
1.39997
1.39997
1.39997
1.39997
1.39997
1.39997
1.39997
1.39997
1.39997
1.39997
1.39997
1.39997
2.28722
4.93742
5.23447
5.27045
5.50956
5.75371
5.87937
5.94415
5.89021
5.16908
4.99675
5.16414
5.9703
6.57598
6.54132
6.24994
5.75013
6.34301
7.13076
1.39997
1.39997
1.39997
1.39997
1.39997
1.39997
1.39997
1.39997
1.39997
1.39997
1.39997
1.39997
1.39997
1.39997
1.39997
1.39997
1.39997
1.39997
1.39997
1.39997
1.39997
2.14116
4.81266
5.22266
5.44541
5.63282
5.7218
5.79967
5.74575
5.17446
5.17688
5.19276
5.5887
6.16401
6.44241
6.40176
5.76613
5.64157
5.6996
5.72584
1.39997
1.39997
1.39997
1.39997
1.39997
1.39997
1.39997
1.39997
1.39997
1.39997
1.39997
1.39997
1.39997
1.39997
1.39997
1.39997
1.39997
1.39997
1.39997
1.39997
1.39997
2.03623
4.71604
5.42996
5.58425
5.62782
5.61947
5.55154
5.20714
5.14703
5.28798
5.80835
6.18499
6.0479
5.83931
5.10847
5.26158
5.42528
5.26366
5.13705
1.39997
1.39997
1.39997
1.39997
1.39997
1.39997
1.39997
1.39997
1.39997
1.39997
1.39997
1.39997
1.39997
1.39997
1.39997
1.39997
1.39997
1.39997
1.39997
1.39997
1.39997
1.95292
4.75842
5.59801
5.6107
5.61507
5.55727
5.23471
5.03676
5.06817
5.52736
6.18532
6.28497
6.06267
5.02476
4.90224
5.13431
5.33524
5.18612
5.11133
1.39997
1.39997
1.39997
1.39997
1.39997
1.39997
1.39997
1.39997
1.39997
1.39997
1.39997
1.39997
1.39997
1.39997
1.39997
1.39997
1.39997
1.39997
1.39997
1.39997
1.39997
1.83475
4.8299
5.65329
5.61214
5.60027
5.30227
5.1593
5.13471
5.50178
5.97694
6.06033
6.13726
5.4131
4.84586
4.83432
5.03622
5.1934
5.25338
5.07383
1.39997
1.39997
1.39997
1.39997
1.39997
1.39997
1.39997
1.39997
1.39997
1.39997
1.39997
1.39997
1.39997
1.39997
1.39997
1.39997
1.39997
1.39997
1.39997
1.39997
1.39997
1.6549
4.73608
5.63407
5.56434
5.34144
5.24213
5.25847
5.64377
5.97146
5.96448
5.95825
5.46041
5.09717
5.00679
4.99749
5.3729
5.63757
5.27195
4.96263
1.39997
1.39997
1.39997
1.39997
1.39997
1.39997
1.39997
1.39997
1.39997
1.39997
1.39997
1.39997
1.39997
1.39997
1.39997
1.39997
1.39997
1.39997
1.39997
1.39997
1.39997
1.49903
4.54892
5.56658
5.33095
5.17611
5.22553
5.58273
5.95614
6.02891
5.99896
5.5125
4.99165
5.09541
5.35248
6.11964
6.29217
6.11886
5.21028
4.94157
1.39997
1.39997
1.39997
1.39997
1.39997
1.39997
1.39997
1.39997
1.39997
1.39997
1.39997
1.39997
1.39997
1.39997
1.39997
1.39997
1.39997
1.39997
1.39997
1.39997
1.39997
1.43457
4.26785
5.3448
5.18774
5.1759
5.52568
5.84696
5.88522
5.93381
5.6216
5.01907
5.0004
5.23667
6.2653
6.50936
6.35965
6.02827
6.06649
6.16948
1.39997
1.39997
1.39997
1.39997
1.39997
1.39997
1.39997
1.39997
1.39997
1.39997
1.39997
1.39997
1.39997
1.39997
1.39997
1.39997
1.39997
1.39997
1.39997
1.39997
1.39997
1.41056
4.05147
5.23591
5.21904
5.57601
5.7755
5.79471
5.79733
5.45899
5.04662
4.97717
5.07708
5.96497
6.30977
6.30474
6.30783
5.79147
6.30289
7.22415
1.39997
1.39997
1.39997
1.39997
1.39997
1.39997
1.39997
1.39997
1.39997
1.39997
1.39997
1.39997
1.39997
1.39997
1.39997
1.39997
1.39997
1.39997
1.39997
1.39997
1.39997
1.40191
3.91944
5.20856
5.57086
5.72037
5.77847
5.75328
5.44893
4.95437
5.01077
5.17643
5.96461
6.1452
6.24935
6.10663
5.06632
5.12152
6.19831
7.22556
1.39997
1.39997
1.39997
1.39997
1.39997
1.39997
1.39997
1.39997
1.39997
1.39997
1.39997
1.39997
1.39997
1.39997
1.39997
1.39997
1.39997
1.39997
1.39997
1.39997
1.39997
1.40002
3.77792
5.41161
5.5909
5.69874
5.71258
5.60747
5.05404
4.92468
5.03946
5.8757
6.17125
6.15691
5.93922
4.83005
4.84077
4.90021
4.9429
5.33463
1.39997
1.39997
1.39997
1.39997
1.39997
1.39997
1.39997
1.39997
1.39997
1.39997
1.39997
1.39997
1.39997
1.39997
1.39997
1.39997
1.39997
1.39997
1.39997
1.39997
1.39997
1.39993
3.63129
5.41249
5.56214
5.61209
5.55242
5.14284
5.02168
5.05726
5.74142
6.0202
6.00024
5.91171
4.9179
4.78033
4.81996
4.83329
4.60593
4.66111
1.39997
1.39997
1.39997
1.39997
1.39997
1.39997
1.39997
1.39997
1.39997
1.39997
1.39997
1.39997
1.39997
1.39997
1.39997
1.39997
1.39997
1.39997
1.39997
1.39997
1.39997
1.39994
3.43766
5.32528
5.4189
5.31543
5.12613
5.05633
5.06876
5.74234
5.99068
6.03908
5.95482
5.14307
4.66684
4.62058
4.69608
4.69792
4.72579
4.35443
1.39997
1.39997
1.39997
1.39997
1.39997
1.39997
1.39997
1.39997
1.39997
1.39997
1.39997
1.39997
1.39997
1.39997
1.39997
1.39997
1.39997
1.39997
1.39997
1.39997
1.39997
1.39996
3.15212
5.05692
5.11596
5.12511
5.08332
5.11706
5.64768
5.8634
5.87681
5.79584
5.22321
4.70698
4.66581
4.85487
5.08813
5.3153
4.85139
3.78974
1.39997
1.39997
1.39997
1.39997
1.39997
1.39997
1.39997
1.39997
1.39997
1.39997
1.39997
1.39997
1.39997
1.39997
1.39997
1.39997
1.39997
1.39997
1.39997
1.39997
1.39997
1.39997
2.65246
4.95984
5.20087
5.27585
5.38402
5.50448
5.55564
5.48856
5.34885
5.16497
5.13861
5.33878
5.50404
5.61723
5.65995
5.38124
4.66162
3.42119
1.39997
1.39997
1.39997
1.39997
1.39997
1.39997
1.39997
1.39997
1.39997
1.39997
1.39997
1.39997
1.39997
1.39997
1.39997
1.39997
1.39997
1.39997
1.39997
1.39997
1.39997
1.39997
1.8758
4.72868
5.39188
5.37127
5.36871
5.35914
5.30926
5.27208
5.24991
5.29743
5.37579
5.37735
5.31031
5.14354
4.91616
4.72198
4.43051
3.77374
1.39997
1.39997
1.39997
1.39997
1.39997
1.39997
1.39997
1.39997
1.39997
1.39997
1.39997
1.39997
1.39997
1.39997
1.39997
1.39997
1.39997
1.39997
1.39997
1.39997
1.39997
1.39997
1.4359
3.93837
5.29887
5.28847
5.26944
5.26484
5.26343
5.26592
5.26687
5.24432
5.19267
5.1049
4.98715
4.86717
4.73577
4.55308
4.09994
3.59427
1.39997
1.39997
1.39997
1.39997
1.39997
1.39997
1.39997
1.39997
1.39997
1.39997
1.39997
1.39997
1.39997
1.39997
1.39997
1.39997
1.39997
1.39997
1.39997
1.39997
1.39997
1.39997
1.4
2.80578
5.08502
5.2629
5.26638
5.28295
5.27496
5.2396
5.18697
5.12138
5.04414
4.96468
4.87711
4.77659
4.62484
4.3792
3.93751
3.51215
1.39997
1.39997
1.39997
1.39997
1.39997
1.39997
1.39997
1.39997
1.39997
1.39997
1.39997
1.39997
1.39997
1.39997
1.39997
1.39997
1.39997
1.39997
1.39997
1.39997
1.39997
1.39997
1.39996
1.77592
4.65811
5.30495
5.26999
5.24208
5.21655
5.16983
5.11882
5.05952
4.98083
4.88239
4.75958
4.62097
4.45333
4.24018
3.8773
3.53108
1.39997
1.39997
1.39997
1.39997
1.39997
1.39997
1.39997
1.39997
1.39997
1.39997
1.39997
1.39997
1.39997
1.39997
1.39997
1.39997
1.39997
1.39997
1.39997
1.39997
1.39997
1.39997
1.39997
1.41611
3.65132
5.15689
5.1479
5.1454
5.14555
5.12829
5.09383
5.02975
4.92768
4.80494
4.66158
4.49648
4.32411
4.12256
3.83014
3.53817
1.39997
1.39997
1.39997
1.39997
1.39997
1.39997
1.39997
1.39997
1.39997
1.39997
1.39997
1.39997
1.39997
1.39997
1.39997
1.39997
1.39997
1.39997
1.39997
1.39997
1.39997
1.39997
1.39997
1.39995
2.29993
4.82749
5.10769
5.0874
5.09122
5.08234
5.04489
4.97395
4.88032
4.76594
4.6281
4.45451
4.25741
4.03912
3.79266
3.52869
1.39997
1.39997
1.39997
1.39997
1.39997
1.39997
1.39997
1.39997
1.39997
1.39997
1.39997
1.39997
1.39997
1.39997
1.39997
1.39997
1.39997
1.39997
1.39997
1.39997
1.39997
1.39997
1.39997
1.39997
1.49449
3.89838
5.07432
5.05778
5.04051
5.01631
4.9705
4.91151
4.84223
4.74102
4.60775
4.43906
4.24223
4.02859
3.80456
3.56997
1.39997
1.39997
1.39997
1.39997
1.39997
1.39997
1.39997
1.39997
1.39997
1.39997
1.39997
1.39997
1.39997
1.39997
1.39997
1.39997
1.39997
1.39997
1.39997
1.39997
1.39997
1.39997
1.39997
1.39997
1.4005
2.39866
4.80077
5.02945
4.99332
4.96303
4.90769
4.85945
4.79707
4.7005
4.571
4.42017
4.2448
4.05194
3.85226
3.63099
1.39997
1.39997
1.39997
1.39997
1.39997
1.39997
1.39997
1.39997
1.39997
1.39997
1.39997
1.39997
1.39997
1.39997
1.39997
1.39997
1.39997
1.39997
1.39997
1.39997
1.39997
1.39997
1.39997
1.39997
1.39997
1.5069
3.82929
5.03285
5.00744
4.93836
4.8683
4.80801
4.73889
4.64164
4.52187
4.3926
4.24745
4.08381
3.90301
3.69058
1.39997
1.39997
1.39997
1.39997
1.39997
1.39997
1.39997
1.39997
1.39997
1.39997
1.39997
1.39997
1.39997
1.39997
1.39997
1.39997
1.39997
1.39997
1.39997
1.39997
1.39997
1.39997
1.39997
1.39997
1.39997
1.40078
2.16772
4.6903
5.00417
4.91961
4.85479
4.77926
4.69733
4.5937
4.47424
4.35572
4.23146
4.08881
3.92459
3.73273
1.39997
1.39997
1.39997
1.39997
1.39997
1.39997
1.39997
1.39997
1.39997
1.39997
1.39997
1.39997
1.39997
1.39997
1.39997
1.39997
1.39997
1.39997
1.39997
1.39997
1.39997
1.39997
1.39997
1.39997
1.39997
1.39997
1.45796
3.47871
4.92083
4.91799
4.84508
4.76299
4.66856
4.56171
4.44719
4.32727
4.20591
4.07502
3.92231
3.75886
1.39997
1.39997
1.39997
1.39997
1.39997
1.39997
1.39997
1.39997
1.39997
1.39997
1.39997
1.39997
1.39997
1.39997
1.39997
1.39997
1.39997
1.39997
1.39997
1.39997
1.39997
1.39997
1.39997
1.39997
1.39997
1.39997
1.40025
1.84538
4.34318
4.95298
4.85436
4.7738
4.67341
4.56741
4.45553
4.33165
4.20284
4.06697
3.9172
3.77479
1.39997
1.39997
1.39997
1.39997
1.39997
1.39997
1.39997
1.39997
1.39997
1.39997
1.39997
1.39997
1.39997
1.39997
1.39997
1.39997
1.39997
1.39997
1.39997
1.39997
1.39997
1.39997
1.39997
1.39997
1.39997
1.39997
1.39997
1.4177
2.71318
4.75497
4.85678
4.77205
4.67861
4.57569
4.46228
4.33457
4.20446
4.06883
3.92458
3.79656
1.39997
1.39997
1.39997
1.39997
1.39997
1.39997
1.39997
1.39997
1.39997
1.39997
1.39997
1.39997
1.39997
1.39997
1.39997
1.39997
1.39997
1.39997
1.39997
1.39997
1.39997
1.39997
1.39997
1.39997
1.39997
1.39997
1.39997
1.40004
1.56526
3.64841
4.82756
4.78571
4.69459
4.59452
4.4828
4.35825
4.23262
4.0996
3.96172
3.8373
1.39997
1.39997
1.39997
1.39997
1.39997
1.39997
1.39997
1.39997
1.39997
1.39997
1.39997
1.39997
1.39997
1.39997
1.39997
1.39997
1.39997
1.39997
1.39997
1.39997
1.39997
1.39997
1.39997
1.39997
1.39997
1.39997
1.39997
1.39997
1.40237
1.94452
4.19026
4.80289
4.71365
4.61454
4.50489
4.39106
4.27489
4.14658
4.01341
3.88969
1.39997
1.39997
1.39997
1.39997
1.39997
1.39997
1.39997
1.39997
1.39997
1.39997
1.39997
1.39997
1.39997
1.39997
1.39997
1.39997
1.39997
1.39997
1.39997
1.39997
1.39997
1.39997
1.39997
1.39997
1.39997
1.39997
1.39997
1.39997
1.39997
1.42625
2.4373
4.51673
4.75612
4.65428
4.55032
4.44049
4.32712
4.20079
4.07318
3.95142
1.39997
1.39997
1.39997
1.39997
1.39997
1.39997
1.39997
1.39997
1.39997
1.39997
1.39997
1.39997
1.39997
1.39997
1.39997
1.39997
1.39997
1.39997
1.39997
1.39997
1.39997
1.39997
1.39997
1.39997
1.39997
1.39997
1.39997
1.39997
1.39997
1.40014
1.49978
3.00984
4.63116
4.71454
4.60158
4.49476
4.37663
4.25059
4.12746
4.00681
1.39997
1.39997
1.39997
1.39997
1.39997
1.39997
1.39997
1.39997
1.39997
1.39997
1.39997
1.39997
1.39997
1.39997
1.39997
1.39997
1.39997
1.39997
1.39997
1.39997
1.39997
1.39997
1.39997
1.39997
1.39997
1.39997
1.39997
1.39997
1.39997
1.39997
1.40118
1.65317
3.52005
4.66069
4.63849
4.5316
4.41875
4.29781
4.18018
4.05956
1.39997
1.39997
1.39997
1.39997
1.39997
1.39997
1.39997
1.39997
1.39997
1.39997
1.39997
1.39997
1.39997
1.39997
1.39997
1.39997
1.39997
1.39997
1.39997
1.39997
1.39997
1.39997
1.39997
1.39997
1.39997
1.39997
1.39997
1.39997
1.39997
1.39997
1.39997
1.40588
1.88979
3.83704
4.62391
4.57467
4.46349
4.3495
4.23507
4.11485
1.39997
1.39997
1.39997
1.39997
1.39997
1.39997
1.39997
1.39997
1.39997
1.39997
1.39997
1.39997
1.39997
1.39997
1.39997
1.39997
1.39997
1.39997
1.39997
1.39997
1.39997
1.39997
1.39997
1.39997
1.39997
1.39997
1.39997
1.39997
1.39997
1.39997
1.39997
1.39999
1.42115
2.1296
4.02728
4.56934
4.51273
4.40374
4.29355
4.1768
1.39997
1.39997
1.39997
1.39997
1.39997
1.39997
1.39997
1.39997
1.39997
1.39997
1.39997
1.39997
1.39997
1.39997
1.39997
1.39997
1.39997
1.39997
1.39997
1.39997
1.39997
1.39997
1.39997
1.39997
1.39997
1.39997
1.39997
1.39997
1.39997
1.39997
1.39997
1.39997
1.40011
1.44726
2.35048
4.13266
4.51929
4.45794
4.34876
4.23935
1.39997
1.39997
1.39997
1.39997
1.39997
1.39997
1.39997
1.39997
1.39997
1.39997
1.39997
1.39997
1.39997
1.39997
1.39997
1.39997
1.39997
1.39997
1.39997
1.39997
1.39997
1.39997
1.39997
1.39997
1.39997
1.39997
1.39997
1.39997
1.39997
1.39997
1.39997
1.39997
1.39997
1.40042
1.48265
2.53485
4.18549
4.4686
4.40142
4.29444
1.39997
1.39997
1.39997
1.39997
1.39997
1.39997
1.39997
1.39997
1.39997
1.39997
1.39997
1.39997
1.39997
1.39997
1.39997
1.39997
1.39997
1.39997
1.39997
1.39997
1.39997
1.39997
1.39997
1.39997
1.39997
1.39997
1.39997
1.39997
1.39997
1.39997
1.39997
1.39997
1.39997
1.39997
1.40104
1.52182
2.67688
4.1995
4.41196
4.34694
1.39997
1.39997
1.39997
1.39997
1.39997
1.39997
1.39997
1.39997
1.39997
1.39997
1.39997
1.39997
1.39997
1.39997
1.39997
1.39997
1.39997
1.39997
1.39997
1.39997
1.39997
1.39997
1.39997
1.39997
1.39997
1.39997
1.39997
1.39997
1.39997
1.39997
1.39997
1.39997
1.39997
1.39997
1.39997
1.40197
1.55979
2.77441
4.18169
4.3509
1.39997
1.39997
1.39997
1.39997
1.39997
1.39997
1.39997
1.39997
1.39997
1.39997
1.39997
1.39997
1.39997
1.39997
1.39997
1.39997
1.39997
1.39997
1.39997
1.39997
1.39997
1.39997
1.39997
1.39997
1.39997
1.39997
1.39997
1.39997
1.39997
1.39997
1.39997
1.39997
1.39997
1.39997
1.39997
1.39997
1.40312
1.5918
2.83287
4.14262
1.39997
1.39997
1.39997
1.39997
1.39997
1.39997
1.39997
1.39997
1.39997
1.39997
1.39997
1.39997
1.39997
1.39997
1.39997
1.39997
1.39997
1.39997
1.39997
1.39997
1.39997
1.39997
1.39997
1.39997
1.39997
1.39997
1.39997
1.39997
1.39997
1.39997
1.39997
1.39997
1.39997
1.39997
1.39997
1.39997
1.39998
1.4046
1.61002
2.96193
1.39997
1.39997
1.39997
1.39997
1.39997
1.39997
1.39997
1.39997
1.39997
1.39997
1.39997
1.39997
1.39997
1.39997
1.39997
1.39997
1.39997
1.39997
1.39997
1.39997
1.39997
1.39997
1.39997
1.39997
1.39997
1.39997
1.39997
1.39997
1.39997
1.39997
1.39997
1.39997
1.39997
1.39997
1.39997
1.39997
1.39997
1.39999
1.40462
1.69255
1.39997
1.39997
1.39997
1.39997
1.39997
1.39997
1.39997
1.39997
1.39997
1.39997
1.39997
1.39997
1.39997
1.39997
1.39997
1.39997
1.39997
1.39997
1.39997
1.39997
1.39997
1.39997
1.39997
1.39997
1.39997
1.39997
1.39997
1.39997
1.39997
1.39997
1.39997
1.39997
1.39997
1.39997
1.39997
1.39997
1.39997
1.39997
1.39999
1.40874
1.39997
1.39997
1.39997
1.39997
1.39997
1.39997
1.39997
1.39997
1.39997
1.39997
1.39997
1.39997
1.39997
1.39997
1.39997
1.39997
1.39997
1.39997
1.39997
1.39997
1.39997
1.39997
1.39997
1.39997
1.39997
1.39997
1.39997
1.39997
1.39997
1.39997
1.39997
1.39997
1.39997
1.39997
1.39997
1.39997
1.39997
1.39997
1.39997
1.39998
1.39997
1.39997
1.39997
1.39997
1.39997
1.39997
1.39997
1.39997
1.39997
1.39997
1.39997
1.39997
1.39997
1.39997
1.39997
1.39997
1.39997
1.39997
1.39997
1.39997
1.39997
1.39997
1.39997
1.39997
1.39997
1.39997
1.39997
1.39997
1.39997
1.39997
1.39997
1.39997
1.39997
1.39997
1.39997
1.39997
1.39997
1.39997
1.39997
1.39997
1.39997
1.39997
1.39997
1.39997
1.39997
1.39997
1.39997
1.39997
1.39997
1.39997
1.39997
1.39997
1.39997
1.39997
1.39997
1.39997
1.39997
1.39997
1.39997
1.39997
1.39997
1.39997
1.39997
1.39997
1.39997
1.39997
1.39997
1.39997
1.39997
1.39997
1.39997
1.39997
1.39997
1.39997
1.39997
1.39997
1.39997
1.39997
1.39997
1.39997
1.39997
1.39997
1.39997
1.39997
1.39997
1.39997
1.39997
1.39997
1.39997
1.39997
1.39997
1.39997
1.39997
1.39997
1.39997
1.39997
1.39997
1.39997
1.39997
1.39997
1.39997
1.39997
1.39997
1.39997
1.39997
1.39997
1.39997
1.39997
1.39997
1.39997
1.39997
1.39997
1.39997
1.39997
1.39997
1.39997
1.39997
1.39997
1.39997
1.39997
1.39997
1.39997
1.39997
1.39997
1.39997
1.39997
1.39997
1.39997
1.39997
1.39997
1.39997
1.39997
1.39997
1.39997
1.39997
1.39997
1.39997
1.39997
1.39997
1.39997
1.39997
1.39997
1.39997
1.39997
1.39997
1.39997
1.39997
1.39997
1.39997
1.39997
1.39997
1.39997
1.39997
1.39997
1.39997
1.39997
1.39997
1.39997
1.39997
1.39997
1.39997
1.39997
1.39997
1.39997
1.39997
1.39997
1.39997
1.39997
1.39997
1.39997
1.39997
1.39997
1.39997
1.39997
1.39997
1.39997
1.39997
1.39997
1.39997
1.39997
1.39997
1.39997
1.39997
1.39997
1.39997
1.39997
1.39997
1.39997
1.39997
1.39997
1.39997
1.39997
1.39997
1.39997
1.39997
1.39997
1.39997
1.39997
1.39997
1.39997
1.39997
1.39997
1.39997
1.39997
1.39997
1.39997
1.39997
1.39997
1.39997
1.39997
1.39997
1.39997
1.39997
1.39997
1.39997
1.39997
1.39997
1.39997
1.39997
1.39997
1.39997
1.39997
1.39997
1.39997
1.39997
1.39997
1.39997
1.39997
1.39997
1.39997
1.39997
1.39997
1.39997
1.39997
1.39997
1.39997
1.39997
1.39997
1.39997
1.39997
1.39997
1.39997
1.39997
1.39997
1.39997
1.39997
1.39997
1.39997
1.39997
1.39997
1.39997
1.39997
1.39997
1.39997
1.39997
1.39997
1.39997
1.39997
1.39997
1.39997
1.39997
1.39997
1.39997
1.39997
1.39997
1.39997
1.39997
1.39997
1.39997
1.39997
1.39997
1.39997
1.39997
1.39997
1.39997
1.39997
1.39997
1.39997
1.39997
1.39997
1.39997
1.39997
1.39997
1.39997
1.39997
1.39997
1.39997
1.39997
1.39997
1.39997
1.39997
1.39997
1.39997
1.39997
1.39997
1.39997
1.39997
1.39997
1.39997
1.39997
1.39997
1.39997
1.39997
1.39997
1.39997
1.39997
1.39997
1.39997
1.39997
1.39997
1.39997
1.39997
1.39997
1.39997
1.39997
1.39997
1.39997
1.39997
1.39997
1.39997
1.39997
1.39997
1.39997
1.39997
1.39997
1.39997
1.39997
1.39997
1.39997
1.39997
1.39997
1.39997
1.39997
1.39997
1.39997
1.39997
1.39997
1.39997
1.39997
1.39997
1.39997
1.39997
1.39997
1.39997
1.39997
1.39997
1.39997
1.39997
1.39997
1.39997
1.39997
1.39997
1.39997
1.39997
1.39997
1.39997
1.39997
1.39997
1.39997
1.39997
1.39997
1.39997
1.39997
1.39997
1.39997
1.39997
1.39997
1.39997
1.39997
1.39997
1.39997
1.39997
1.39997
1.39997
1.39997
1.39997
1.39997
1.39997
1.39997
1.39997
1.39997
1.39997
1.39997
1.39997
1.39997
1.39997
1.39997
1.39997
1.39997
1.39997
1.39997
1.39997
1.39997
1.39997
1.39997
1.39997
1.39997
1.39997
1.39997
1.39997
0.724654
0.507905
0.565791
0.650138
0.771382
0.882234
0.928042
0.926609
0.914573
0.915474
0.933001
0.955042
0.972143
0.98684
0.995543
0.993115
1.02075
1.58355
2.60817
2.91975
2.86893
2.79093
2.70766
2.60542
2.50544
2.42802
2.36686
2.30461
2.23425
2.15869
2.08258
2.01336
1.9484
1.88227
1.81542
1.75314
1.69795
1.64685
1.60474
1.53256
1.53649
0.757632
0.614314
0.659591
0.753852
0.854889
0.94
0.965496
0.964161
0.953785
0.952601
0.956298
0.972143
0.996065
1.00747
1.01409
1.09334
1.62709
2.46481
2.89759
2.90328
2.83484
2.74923
2.64159
2.53215
2.44922
2.3846
2.32137
2.2522
2.1781
2.09807
2.01946
1.94931
1.88548
1.82456
1.7671
1.71307
1.66099
1.61559
1.53749
1.99952
1.06544
0.696445
0.715961
0.792904
0.879045
0.988211
1.03229
1.03373
1.03156
1.02312
1.02167
1.02582
1.03431
1.04366
1.06136
1.26228
1.70552
2.31912
3.00709
3.08461
2.96075
2.84792
2.7353
2.62022
2.51865
2.44204
2.36986
2.29763
2.22429
2.14574
2.06127
1.97683
1.90095
1.83725
1.78396
1.73489
1.68739
1.6447
1.56083
2.37571
1.41377
0.955093
0.797476
0.808117
0.87697
0.999193
1.09867
1.10881
1.09809
1.07933
1.07964
1.08767
1.09677
1.10288
1.13802
1.53382
1.8745
2.10486
2.80018
3.16556
3.08223
2.95391
2.83857
2.72194
2.60637
2.51887
2.44184
2.36685
2.2899
2.20767
2.12167
2.0364
1.95817
1.89168
1.83428
1.78031
1.72589
1.67757
1.592
2.62277
1.68848
1.18934
0.930666
0.847385
0.88499
0.97366
1.08045
1.1307
1.14377
1.12536
1.12392
1.13362
1.1425
1.15546
1.26188
1.82047
2.06673
2.04999
2.39989
3.04204
3.15508
3.04856
2.92383
2.79821
2.68022
2.58449
2.50349
2.42778
2.35131
2.26762
2.17617
2.08646
2.01036
1.94942
1.89642
1.84392
1.78514
1.72403
1.62578
2.77683
1.91981
1.39067
1.12411
0.925888
0.929873
0.947345
1.02897
1.11042
1.14353
1.14175
1.15509
1.16334
1.16756
1.18552
1.45431
2.02079
2.15141
2.08834
2.11321
2.65259
3.08205
3.06614
2.96905
2.83108
2.71571
2.62281
2.54081
2.46438
2.38962
2.31
2.22237
2.13342
2.05527
1.99234
1.93955
1.88751
1.82779
1.76499
1.66471
2.90036
2.11598
1.61776
1.27564
1.02529
0.985369
0.962771
0.981895
1.05226
1.11458
1.14163
1.17337
1.1859
1.18697
1.23431
1.72844
2.11366
2.16104
2.1144
2.06064
2.2426
2.81216
3.03413
2.96659
2.83625
2.72517
2.6365
2.55657
2.47919
2.40395
2.3292
2.25045
2.1675
2.08759
2.01764
1.95903
1.9054
1.84696
1.7887
1.69442
3.00882
2.29209
1.80989
1.4396
1.18821
1.06044
0.97694
0.986309
1.00502
1.05807
1.12404
1.17318
1.18343
1.19393
1.36424
1.99447
2.16015
2.1519
2.1121
2.04675
2.04355
2.40497
2.89726
2.92185
2.83396
2.73387
2.64496
2.56416
2.48453
2.40704
2.33567
2.26634
2.19097
2.10984
2.03063
1.96307
1.90868
1.8555
1.80631
1.71943
3.11765
2.44552
1.96758
1.59135
1.33661
1.14833
1.01409
0.998658
0.990508
1.01448
1.08958
1.15803
1.16889
1.20335
1.58313
2.16693
2.18146
2.14712
2.10075
2.04103
1.98925
2.074
2.55414
2.84213
2.83486
2.74392
2.65139
2.56979
2.48906
2.40928
2.33719
2.27248
2.20492
2.12939
2.04698
1.96964
1.90703
1.85546
1.81703
1.74072
3.2149
2.57863
2.1114
1.71768
1.46681
1.26278
1.11152
1.02804
0.985457
0.996743
1.04712
1.11325
1.15036
1.27139
1.83406
2.20928
2.18143
2.1306
2.07943
2.04176
1.98697
1.94815
2.13888
2.62399
2.80335
2.74458
2.6547
2.57333
2.49376
2.41284
2.33688
2.26902
2.2064
2.13948
2.06419
1.98516
1.91508
1.86171
1.82825
1.75528
3.30134
2.69751
2.23312
1.83426
1.59072
1.35982
1.20685
1.08322
0.995802
1.01096
1.0243
1.05931
1.12656
1.40892
2.04772
2.18737
2.15256
2.10748
2.07151
2.04195
1.98891
1.92527
1.92212
2.23197
2.64962
2.73799
2.67413
2.59457
2.51247
2.4265
2.34479
2.271
2.20168
2.13626
2.07134
2.00248
1.93589
1.879
1.83639
1.76006
3.36656
2.80144
2.33629
1.95631
1.69829
1.45265
1.30196
1.16405
1.04866
1.04456
1.02508
1.02912
1.08242
1.58058
2.11975
2.16866
2.12077
2.09472
2.06946
2.04573
2.00007
1.93179
1.87968
1.94432
2.35421
2.68254
2.69662
2.62482
2.54649
2.45803
2.36812
2.28662
2.20991
2.13784
2.07149
2.01193
1.95669
1.89848
1.84597
1.75906
3.41345
2.88946
2.43134
2.07464
1.78616
1.55044
1.39212
1.23612
1.13307
1.07957
1.02354
1.02088
1.15519
1.74535
2.0485
2.13078
2.10307
2.09207
2.07654
2.04975
2.00619
1.94399
1.88026
1.85165
2.00925
2.45084
2.66292
2.6426
2.57916
2.49546
2.39696
2.30531
2.22542
2.153
2.08583
2.02257
1.96619
1.91017
1.85679
1.76091
3.44967
2.96555
2.51707
2.17705
1.87243
1.64161
1.47744
1.32417
1.2279
1.12482
1.03516
1.04146
1.30101
1.86676
1.97433
2.06078
2.08799
2.0951
2.07736
2.04683
2.00227
1.94016
1.88981
1.84653
1.83964
2.10099
2.50118
2.62114
2.58907
2.5143
2.41083
2.31016
2.23366
2.17279
2.11196
2.04528
1.97706
1.91304
1.86151
1.76605
3.49381
3.0351
2.59608
2.2675
1.95361
1.74014
1.56348
1.4144
1.31007
1.17267
1.07748
1.09653
1.51948
1.94284
1.97071
1.99582
2.04476
2.06258
2.06666
2.03424
1.98559
1.92292
1.88302
1.84338
1.7964
1.83248
2.16297
2.52693
2.57444
2.51921
2.41961
2.30996
2.23091
2.18006
2.12984
2.0695
1.99954
1.92596
1.86471
1.76918
3.54762
3.1039
2.67558
2.35372
2.03904
1.84337
1.64569
1.50093
1.37959
1.22726
1.13288
1.22211
1.75443
2.00904
1.99023
1.96335
1.97762
2.00425
2.02789
1.99941
1.95336
1.89423
1.86098
1.83893
1.79838
1.75466
1.83826
2.20421
2.50669
2.51063
2.43664
2.32801
2.23731
2.18129
2.13485
2.08147
2.02075
1.94803
1.87944
1.78002
3.615
3.17554
2.76378
2.43785
2.13784
1.94469
1.72854
1.58139
1.43752
1.28264
1.19196
1.4582
2.01141
2.0553
2.01026
1.95549
1.91844
1.913
1.92771
1.93452
1.90602
1.86791
1.84263
1.8348
1.80435
1.75451
1.72354
1.85127
2.22265
2.46152
2.44418
2.36656
2.26699
2.19235
2.13697
2.08497
2.03127
1.96709
1.90216
1.79863
3.68147
3.24397
2.85651
2.52375
2.24637
2.03308
1.80829
1.65486
1.48094
1.34442
1.29416
1.78297
2.18015
2.12903
2.04171
1.96937
1.91954
1.859
1.83308
1.83804
1.84188
1.83657
1.83708
1.8278
1.80929
1.76397
1.70005
1.68484
1.86288
2.22289
2.40501
2.37919
2.30434
2.2246
2.15691
2.09382
2.03544
1.97788
1.91979
1.81856
3.74869
3.30769
2.94594
2.60508
2.34785
2.10693
1.88427
1.71921
1.51803
1.40722
1.51055
2.11994
2.26343
2.19711
2.09965
2.00887
1.92856
1.85734
1.80586
1.77532
1.77982
1.78843
1.80753
1.82298
1.80739
1.76907
1.70154
1.63403
1.64694
1.87265
2.21563
2.33756
2.31326
2.25354
2.184
2.11492
2.04716
1.98582
1.93444
1.83294
3.81291
3.3687
3.01946
2.6788
2.43476
2.16752
1.95725
1.7737
1.57035
1.47684
1.84816
2.43417
2.35319
2.25458
2.15455
2.05505
1.95906
1.87332
1.81032
1.76533
1.73377
1.73672
1.7531
1.77826
1.76813
1.74818
1.69212
1.61946
1.57771
1.61532
1.88369
2.20732
2.2691
2.24427
2.20308
2.13316
2.06021
1.99287
1.92799
1.83284
3.87661
3.43345
3.07943
2.7514
2.50796
2.22579
2.02688
1.81405
1.64153
1.60828
2.24785
2.60898
2.48644
2.3444
2.22891
2.12027
2.0136
1.91644
1.83667
1.77148
1.72015
1.68053
1.67542
1.68871
1.70057
1.68933
1.65282
1.60359
1.56681
1.53736
1.60264
1.90434
2.17735
2.19663
2.16793
2.13337
2.07244
1.99649
1.92994
1.8369
3.94155
3.5068
3.14131
2.83147
2.57144
2.2896
2.09395
1.85504
1.71056
1.89602
2.63034
2.68503
2.57176
2.42517
2.29427
2.17441
2.06014
1.96224
1.8759
1.79636
1.72255
1.66488
1.60934
1.58877
1.59274
1.60473
1.5953
1.5837
1.55539
1.52688
1.50814
1.60011
1.90613
2.14651
2.13514
2.09773
2.05172
1.99117
1.93086
1.84217
4.00677
3.59122
3.2171
2.92023
2.62644
2.36397
2.15142
1.90857
1.79272
2.32991
2.92647
2.7766
2.64012
2.50297
2.36529
2.23721
2.12037
2.01684
1.92302
1.82858
1.73971
1.66032
1.59599
1.5425
1.52109
1.52769
1.54013
1.54902
1.5529
1.52752
1.48703
1.47777
1.59136
1.8863
2.09052
2.06553
2.03324
1.97742
1.92391
1.84628
4.07299
3.68449
3.31076
3.01339
2.67722
2.44647
2.19618
1.98558
1.99737
2.78731
3.06348
2.90631
2.72934
2.5749
2.42874
2.29216
2.17075
2.06491
1.96743
1.8688
1.771
1.67751
1.59567
1.5348
1.49183
1.4716
1.48031
1.50228
1.52762
1.52177
1.48914
1.43256
1.42962
1.55727
1.86293
2.00936
2.01539
1.97869
1.9233
1.84348
4.14527
3.77637
3.41188
3.08103
2.73385
2.51586
2.24043
2.06168
2.42497
3.21397
3.13703
2.99409
2.81452
2.64721
2.49263
2.34765
2.21774
2.10446
2.00162
1.90235
1.80426
1.70843
1.62146
1.54513
1.48672
1.44337
1.42504
1.43588
1.46966
1.48793
1.47584
1.42413
1.37791
1.38692
1.53333
1.82155
1.98004
1.96959
1.92881
1.85489
4.20754
3.88295
3.49994
3.11897
2.80059
2.56845
2.30216
2.16641
2.98436
3.48722
3.26436
3.08039
2.90369
2.72868
2.56136
2.4048
2.26437
2.14118
2.02832
1.92077
1.82107
1.7282
1.64344
1.56607
1.49651
1.43725
1.38832
1.36885
1.37668
1.40698
1.41786
1.40002
1.36511
1.34439
1.36505
1.53674
1.7946
1.92402
1.92715
1.87833
4.21688
3.98747
3.56407
3.14381
2.87661
2.61126
2.35919
2.51042
3.49401
3.61762
3.40443
3.18075
2.98436
2.79593
2.61601
2.45195
2.30417
2.1705
2.05085
1.94301
1.84771
1.76119
1.6776
1.59458
1.51541
1.44022
1.38044
1.33809
1.31746
1.32118
1.34571
1.35462
1.34593
1.33647
1.32211
1.35379
1.53914
1.77921
1.90104
1.87391
3.98211
3.91292
3.57771
3.1929
2.96531
2.65603
2.43911
3.1085
3.92308
3.71972
3.50111
3.27651
3.06478
2.86362
2.67774
2.50955
2.35374
2.20617
2.07455
1.96658
1.87575
1.79006
1.70749
1.62469
1.54074
1.45687
1.38352
1.33248
1.29992
1.2773
1.28008
1.30598
1.31554
1.31923
1.30872
1.29845
1.33819
1.53009
1.79187
1.83105
3.39943
3.8201
3.58755
3.28044
3.03421
2.73231
2.62622
3.76821
4.14338
3.85449
3.6021
3.36737
3.13655
2.92106
2.73167
2.56146
2.4001
2.24398
2.10046
1.97802
1.87859
1.7968
1.72084
1.64301
1.56264
1.4808
1.40399
1.3429
1.29695
1.27063
1.24959
1.25704
1.27325
1.28864
1.28963
1.27853
1.26811
1.31286
1.51858
1.74168
2.60471
3.69275
3.58391
3.36394
3.08437
2.79281
3.17623
4.36269
4.2464
3.96762
3.6895
3.42969
3.18365
2.96577
2.78029
2.61421
2.45348
2.29368
2.13971
2.00274
1.89253
1.80772
1.73763
1.66707
1.58975
1.50674
1.42662
1.36061
1.30934
1.26923
1.24454
1.22599
1.22909
1.24006
1.25555
1.25205
1.24066
1.22698
1.27268
1.53833
2.31363
3.64476
3.62591
3.43793
3.10247
2.86353
3.9869
4.74521
4.35861
4.04746
3.74808
3.46838
3.21749
3.00801
2.83041
2.66717
2.50576
2.34368
2.18518
2.04001
1.91856
1.82129
1.74222
1.67477
1.60947
1.53672
1.45894
1.38164
1.31866
1.27383
1.24327
1.21723
1.19469
1.19179
1.19647
1.21004
1.20923
1.19383
1.1892
1.32119
1.87281
3.54017
3.70224
3.48784
3.13467
3.19968
4.75825
4.91073
4.4905
4.12658
3.79692
3.49976
3.24565
3.03547
2.85628
2.69355
2.53758
2.38377
2.23283
2.08886
1.95867
1.85105
1.76707
1.69757
1.63313
1.56715
1.49727
1.42129
1.3483
1.28591
1.24204
1.2096
1.18032
1.15762
1.15177
1.15231
1.16832
1.169
1.16251
1.189
1.48728
3.21656
3.66357
3.48633
3.19965
3.96495
5.34482
5.0073
4.57099
4.17379
3.8292
3.53218
3.28211
3.06903
2.87894
2.70607
2.55207
2.41212
2.27598
2.1419
2.00846
1.88663
1.79141
1.71943
1.65732
1.59283
1.5214
1.44474
1.37185
1.30775
1.25398
1.20985
1.17225
1.14312
1.12235
1.1131
1.12377
1.13318
1.13357
1.13438
1.40108
2.74113
3.60862
3.51624
3.31333
4.83839
5.6714
5.10521
4.63699
4.22169
3.86684
3.57364
3.32999
3.11485
2.91513
2.73046
2.56511
2.42603
2.30382
2.18141
2.05362
1.92892
1.82204
1.7386
1.67172
1.61024
1.54328
1.46802
1.39082
1.32602
1.27172
1.21999
1.17485
1.1387
1.11047
1.08725
1.08564
1.09072
1.0953
1.10147
1.39991
2.20562
3.60003
3.58906
3.79782
5.58618
5.79835
5.17577
4.69961
4.28523
3.93313
3.64421
3.40136
3.18241
2.97353
2.77714
2.60255
2.45716
2.33401
2.21437
2.094
1.97724
1.86926
1.77427
1.69382
1.62451
1.55826
1.48849
1.41565
1.34745
1.28687
1.23049
1.17979
1.13723
1.10507
1.079
1.05658
1.05186
1.04992
1.06417
1.39992
1.70922
3.39976
3.5043
4.6031
6.30307
5.8951
5.2445
4.76342
4.36052
4.02384
3.74299
3.49566
3.2657
3.04593
2.8394
2.65633
2.49994
2.36898
2.24505
2.12597
2.01426
1.90832
1.80856
1.71654
1.6345
1.55978
1.48959
1.43401
1.38028
1.31837
1.2583
1.20443
1.15667
1.11816
1.08383
1.04586
1.01765
1.00897
1.02184
1.39993
1.45188
2.93815
3.35426
5.63734
6.70564
6.00407
5.35219
4.86634
4.46922
4.13457
3.84584
3.58455
3.34052
3.11465
2.90449
2.71143
2.5396
2.39436
2.26749
2.15021
2.0395
1.93194
1.8299
1.73432
1.64755
1.56971
1.50117
1.43853
1.37379
1.30953
1.24863
1.19511
1.14716
1.10687
1.06905
1.0377
1.00269
0.978527
0.979451
1.39995
1.40436
2.29548
3.5344
6.64386
6.9777
6.17451
5.50535
4.9984
4.58942
4.23938
3.92901
3.65106
3.3984
3.16484
2.95202
2.75339
2.57559
2.41311
2.27759
2.162
2.05675
1.95309
1.84876
1.74553
1.65404
1.57509
1.50798
1.44312
1.37789
1.3133
1.25229
1.19832
1.14984
1.10756
1.06788
1.03512
0.998944
0.972943
0.945124
1.39996
1.4002
1.78103
3.91293
7.40914
7.09397
6.25432
5.6168
5.10769
4.67949
4.30358
3.96857
3.6791
3.42475
3.1874
2.98463
2.81708
2.63778
2.4613
2.31667
2.2013
2.1001
1.99844
1.88839
1.7747
1.67624
1.59776
1.53263
1.46836
1.40303
1.33576
1.27184
1.21545
1.16652
1.12141
1.08116
1.04375
1.00778
0.974125
0.933171
1.39996
1.39997
1.51549
4.25564
8.29888
7.25637
6.28827
5.63775
5.13137
4.69552
4.30741
3.96359
3.66134
3.40797
3.20298
3.00902
2.79984
2.60685
2.43206
2.28582
2.16923
2.07027
1.97046
1.86081
1.74583
1.64585
1.56835
1.50554
1.44314
1.37992
1.31361
1.25132
1.19405
1.14651
1.09978
1.06261
1.023
0.990617
0.954116
0.916871
)
;

boundaryField
{
    inlet
    {
        type            calculated;
        value           uniform 1.39997;
    }
    outlet
    {
        type            calculated;
        value           nonuniform List<scalar> 
40
(
1.53221
1.53741
1.56107
1.59216
1.62631
1.66524
1.69467
1.71941
1.7403
1.75478
1.75987
1.75963
1.76174
1.76676
1.76963
1.78054
1.79929
1.81917
1.83352
1.83319
1.83726
1.84242
1.84614
1.84327
1.85461
1.87804
1.87483
1.83236
1.74486
1.5433
1.32524
1.1904
1.13456
1.10141
1.06415
1.02205
0.979817
0.945411
0.933379
0.917035
)
;
    }
    top
    {
        type            symmetryPlane;
    }
    bottom
    {
        type            symmetryPlane;
    }
    step
    {
        type            calculated;
        value           nonuniform List<scalar> 
80
(
5.33124
5.99283
6.57483
6.59457
6.10172
5.58833
5.44903
5.89675
6.39894
6.58664
6.31036
5.90927
5.63302
5.57417
5.53746
6.00944
6.64024
6.75572
6.31575
5.58065
5.59788
5.64125
5.50498
5.33642
6.16615
7.04903
7.13076
5.72584
5.13705
5.11133
5.07383
4.96263
4.94157
6.16948
7.22415
7.22556
5.33463
4.66111
4.35443
3.78974
0.724654
0.507905
0.565791
0.650138
0.771382
0.882234
0.928042
0.926609
0.914573
0.915474
0.933001
0.955042
0.972143
0.98684
0.995543
0.993115
1.02075
1.58355
2.60817
2.91975
2.86893
2.79093
2.70766
2.60542
2.50544
2.42802
2.36686
2.30461
2.23425
2.15869
2.08258
2.01336
1.9484
1.88227
1.81542
1.75314
1.69795
1.64685
1.60474
1.53256
)
;
    }
    defaultFaces
    {
        type            empty;
    }
}


// ************************************************************************* //
