/*--------------------------------*- C++ -*----------------------------------*\
  =========                 |
  \\      /  F ield         | OpenFOAM: The Open Source CFD Toolbox
   \\    /   O peration     | Website:  https://openfoam.org
    \\  /    A nd           | Version:  6.0
     \\/     M anipulation  |
\*---------------------------------------------------------------------------*/
FoamFile
{
    version     2.0;
    format      ascii;
    class       volVectorField;
    location    "2.0002372";
    object      U;
}
// * * * * * * * * * * * * * * * * * * * * * * * * * * * * * * * * * * * * * //

dimensions      [0 1 -1 0 0 0 0];

internalField   nonuniform List<vector> 
4800
(
(3 -5.23101e-17 0)
(3 -1.1211e-16 0)
(3 -2.82013e-16 0)
(3 -7.39659e-16 0)
(3 -9.71588e-17 0)
(3 -2.10669e-16 0)
(3 -5.05183e-16 0)
(3 -2.39665e-16 0)
(3 -1.50298e-16 0)
(3 -4.32044e-16 0)
(3 -3.38631e-16 0)
(3 -1.32641e-15 0)
(3 -9.25154e-16 0)
(3 -3.85692e-16 0)
(3 -5.14969e-16 0)
(3 -1.64318e-16 0)
(3 1.63721e-16 0)
(3 -4.2489e-16 0)
(3 -2.84147e-16 0)
(3 4.06512e-16 0)
(2.95543 -0.00740359 0)
(1.05794 0.00820774 0)
(0.726623 0.0155177 0)
(0.700659 -0.00311818 0)
(0.672242 -0.0106045 0)
(0.6362 -0.0196162 0)
(0.579 -0.0103264 0)
(0.500029 0.0334866 0)
(0.446681 0.0579889 0)
(0.434623 0.0692427 0)
(0.427266 0.0491721 0)
(0.402304 -0.000222994 0)
(0.376108 -0.0591441 0)
(0.31347 -0.0761341 0)
(0.232063 -0.0440223 0)
(0.156338 0.00294022 0)
(0.102137 0.0419351 0)
(0.105826 0.0612724 0)
(0.10081 0.0494466 0)
(0.0352956 0.0527211 0)
(3 -1.81447e-16 0)
(3 4.68289e-17 0)
(3 -1.42933e-16 0)
(3 -8.30709e-17 0)
(3 -2.743e-17 0)
(3 2.02602e-16 0)
(3 -3.43321e-16 0)
(3 3.48748e-16 0)
(3 2.37599e-16 0)
(3 -9.11119e-16 0)
(3 -5.28833e-16 0)
(3 -5.70822e-16 0)
(3 -3.92008e-16 0)
(3 -7.88495e-16 0)
(3 -5.70818e-16 0)
(3 3.71733e-17 0)
(3 3.77117e-17 0)
(3 -7.87588e-17 0)
(3 -1.14857e-16 0)
(3 1.30716e-16 0)
(2.96202 -0.00772112 0)
(1.05402 0.0276546 0)
(0.720529 0.0336596 0)
(0.694604 0.0214867 0)
(0.659574 -0.00712837 0)
(0.621616 -0.041037 0)
(0.57245 -0.0620858 0)
(0.530702 -0.0253544 0)
(0.490685 0.0936341 0)
(0.466039 0.162911 0)
(0.433357 0.163465 0)
(0.381912 0.114895 0)
(0.325629 0.00948926 0)
(0.277021 -0.138614 0)
(0.238271 -0.192624 0)
(0.18935 -0.134402 0)
(0.162704 0.0449771 0)
(0.107222 0.158281 0)
(0.0523584 0.0627495 0)
(0.0316751 -0.0622831 0)
(3 1.4793e-17 0)
(3 1.0036e-15 0)
(3 6.85057e-16 0)
(3 8.12241e-16 0)
(3 8.05303e-16 0)
(3 2.72142e-16 0)
(3 1.85847e-16 0)
(3 -6.07357e-17 0)
(3 -4.56608e-16 0)
(3 -1.24337e-15 0)
(3 -1.86653e-15 0)
(3 -4.55626e-16 0)
(3 -1.27219e-16 0)
(3 1.04943e-17 0)
(3 1.22808e-15 0)
(3 6.58049e-16 0)
(3 4.89134e-16 0)
(3 1.0525e-15 0)
(3 7.93574e-16 0)
(3 -2.69711e-17 0)
(2.96998 0.000617116 0)
(1.0619 0.0398937 0)
(0.726804 0.0356987 0)
(0.688244 0.0392654 0)
(0.643426 0.0126553 0)
(0.601886 -0.0298995 0)
(0.573879 -0.0359487 0)
(0.558282 0.0220822 0)
(0.528387 0.104807 0)
(0.477034 0.15081 0)
(0.431628 0.116452 0)
(0.358634 0.0257132 0)
(0.289692 -0.011727 0)
(0.243615 -0.0241832 0)
(0.24553 -0.00794916 0)
(0.220767 0.0172093 0)
(0.204363 0.0633157 0)
(0.10961 0.0828884 0)
(0.0131134 0.0662251 0)
(0.0284426 0.0416575 0)
(3 4.06754e-16 0)
(3 6.8061e-16 0)
(3 4.01661e-16 0)
(3 5.47567e-16 0)
(3 5.71551e-16 0)
(3 2.84884e-16 0)
(3 6.61183e-16 0)
(3 -6.34685e-16 0)
(3 -1.2368e-15 0)
(3 -9.35937e-16 0)
(3 -2.51352e-16 0)
(3 -9.58529e-16 0)
(3 -6.17556e-16 0)
(3 -3.80784e-16 0)
(3 4.03475e-16 0)
(3 1.02558e-15 0)
(3 1.61938e-15 0)
(3 1.6936e-15 0)
(3 1.17662e-15 0)
(3 4.26858e-16 0)
(2.97906 0.00278197 0)
(1.07549 0.0432067 0)
(0.73168 0.0316364 0)
(0.687502 0.034266 0)
(0.634721 0.0349352 0)
(0.600676 0.0274408 0)
(0.588175 0.0372932 0)
(0.568733 0.0555113 0)
(0.53875 0.0632271 0)
(0.474474 0.0443957 0)
(0.38748 -0.0103764 0)
(0.340657 -0.0206325 0)
(0.294882 -0.00328291 0)
(0.266998 0.108926 0)
(0.251122 0.174317 0)
(0.208977 0.162204 0)
(0.19403 0.0573793 0)
(0.10843 -0.0244825 0)
(0.0220916 0.0201121 0)
(0.0295519 0.0707596 0)
(3 -1.44862e-16 0)
(3 -4.47207e-16 0)
(3 1.16574e-16 0)
(3 4.61249e-16 0)
(3 1.45787e-16 0)
(3 2.87064e-16 0)
(3 6.65563e-16 0)
(3 4.49413e-16 0)
(3 -7.00129e-16 0)
(3 -1.18978e-15 0)
(3 3.70834e-16 0)
(3 2.29951e-16 0)
(3 -3.13725e-17 0)
(3 4.0847e-16 0)
(3 3.8691e-16 0)
(3 1.23579e-15 0)
(3 1.8258e-16 0)
(3 6.64021e-16 0)
(3 4.35808e-16 0)
(3 4.06134e-16 0)
(2.98784 0.00518977 0)
(1.08251 0.0491772 0)
(0.7319 0.0275254 0)
(0.689562 0.0259832 0)
(0.64192 0.0595421 0)
(0.602277 0.104758 0)
(0.583266 0.108822 0)
(0.565491 0.0762618 0)
(0.52473 0.00986216 0)
(0.444278 -0.0588791 0)
(0.390094 -0.0850237 0)
(0.357457 -0.0746442 0)
(0.349942 0.0153828 0)
(0.327599 0.161604 0)
(0.268276 0.275098 0)
(0.184623 0.281473 0)
(0.122652 0.0909462 0)
(0.102233 -0.0389468 0)
(0.0732513 0.0228972 0)
(0.0394444 0.147116 0)
(3 -2.7666e-16 0)
(3 -7.89943e-16 0)
(3 4.45413e-16 0)
(3 1.36007e-16 0)
(3 3.72771e-16 0)
(3 4.79495e-16 0)
(3 7.45543e-16 0)
(3 1.13394e-15 0)
(3 3.36314e-16 0)
(3 -4.34883e-16 0)
(3 -3.27538e-16 0)
(3 6.09808e-16 0)
(3 5.68221e-16 0)
(3 8.77063e-16 0)
(3 1.21411e-15 0)
(3 8.92999e-16 0)
(3 8.99174e-16 0)
(3 4.99699e-16 0)
(3 5.11528e-16 0)
(3 1.2003e-15 0)
(2.99642 0.00308062 0)
(1.09005 0.0548327 0)
(0.730498 0.0289765 0)
(0.697465 0.038317 0)
(0.659186 0.0734289 0)
(0.6178 0.127125 0)
(0.578037 0.147031 0)
(0.539619 0.088053 0)
(0.494511 -0.0145463 0)
(0.450053 -0.0640295 0)
(0.397622 -0.0197824 0)
(0.376345 0.0610607 0)
(0.371907 0.128645 0)
(0.358987 0.137917 0)
(0.291462 0.140701 0)
(0.163867 0.0976874 0)
(0.0739947 0.079108 0)
(0.0977365 0.0557794 0)
(0.10274 0.0589041 0)
(0.047476 0.0607645 0)
(3 -2.6034e-17 0)
(3 2.15472e-16 0)
(3 1.59078e-16 0)
(3 2.38519e-16 0)
(3 5.97651e-16 0)
(3 1.1438e-15 0)
(3 7.76495e-16 0)
(3 1.49161e-15 0)
(3 8.79599e-16 0)
(3 4.1568e-16 0)
(3 -4.12596e-16 0)
(3 -4.13258e-16 0)
(3 1.89053e-16 0)
(3 5.3776e-17 0)
(3 7.25027e-16 0)
(3 1.14158e-15 0)
(3 1.79816e-15 0)
(3 1.15369e-15 0)
(3 1.51041e-15 0)
(3 9.86477e-16 0)
(3.00026 0.000391443 0)
(1.09664 0.0696039 0)
(0.732344 0.0509207 0)
(0.702697 0.0634453 0)
(0.669163 0.0746639 0)
(0.62987 0.098439 0)
(0.574372 0.109322 0)
(0.508266 0.064445 0)
(0.462941 0.00617567 0)
(0.44175 0.00336091 0)
(0.426951 0.103481 0)
(0.401961 0.193449 0)
(0.36584 0.197605 0)
(0.344828 0.101226 0)
(0.246151 -0.0657869 0)
(0.172731 -0.0805065 0)
(0.102948 0.0698444 0)
(0.100424 0.165052 0)
(0.0941278 0.135901 0)
(0.0415132 0.039236 0)
(3 1.07202e-16 0)
(3 8.03688e-16 0)
(3 4.10993e-16 0)
(3 5.48645e-16 0)
(3 3.79262e-16 0)
(3 -6.79575e-17 0)
(3 7.20219e-17 0)
(3 8.29078e-16 0)
(3 1.64851e-15 0)
(3 8.56821e-16 0)
(3 4.52196e-17 0)
(3 -4.40827e-16 0)
(3 -6.13768e-16 0)
(3 -4.05437e-16 0)
(3 1.96502e-16 0)
(3 4.68432e-16 0)
(3 1.2381e-15 0)
(3 7.58029e-16 0)
(3 1.0563e-15 0)
(3 8.22606e-16 0)
(3.00003 2.00812e-05 0)
(1.11457 0.0920383 0)
(0.732534 0.0859443 0)
(0.701998 0.0723226 0)
(0.671159 0.0670619 0)
(0.633697 0.0551881 0)
(0.574919 0.0547727 0)
(0.500606 0.0703102 0)
(0.458166 0.0772084 0)
(0.474418 0.120464 0)
(0.460381 0.174102 0)
(0.413568 0.232008 0)
(0.346448 0.240304 0)
(0.257999 0.067263 0)
(0.231036 -0.0857292 0)
(0.205209 -0.0688277 0)
(0.173505 0.0631099 0)
(0.114312 0.191386 0)
(0.0425451 0.130659 0)
(0.03168 0.00931647 0)
(3 1.94841e-16 0)
(3 9.10609e-17 0)
(3 3.63934e-16 0)
(3 4.23162e-16 0)
(3 2.5834e-16 0)
(3 -5.40549e-16 0)
(3 -1.74701e-16 0)
(3 9.00285e-16 0)
(3 1.53096e-15 0)
(3 5.28103e-16 0)
(3 9.41007e-16 0)
(3 9.76371e-16 0)
(3 -3.83791e-16 0)
(3 -7.92336e-16 0)
(3 6.59235e-17 0)
(3 5.1629e-16 0)
(3 8.32431e-16 0)
(3 1.00469e-15 0)
(3 4.28563e-16 0)
(3 1.66593e-15 0)
(3 7.16254e-08 0)
(1.13463 0.106646 0)
(0.730842 0.0984403 0)
(0.696619 0.0995015 0)
(0.664007 0.0732809 0)
(0.622415 0.0389183 0)
(0.569019 0.00838703 0)
(0.523545 0.0447711 0)
(0.486943 0.162957 0)
(0.477695 0.21142 0)
(0.460942 0.180675 0)
(0.422804 0.141584 0)
(0.316326 0.0707759 0)
(0.225789 0.0701429 0)
(0.203387 0.058847 0)
(0.210767 0.0599921 0)
(0.213531 0.132397 0)
(0.127034 0.171413 0)
(0.0255046 0.176171 0)
(0.0251788 0.16816 0)
(3 3.80397e-16 0)
(3 -2.61574e-16 0)
(3 7.39056e-17 0)
(3 1.88874e-16 0)
(3 -7.30327e-16 0)
(3 -4.71624e-16 0)
(3 -2.20651e-16 0)
(3 -1.3161e-16 0)
(3 3.2985e-17 0)
(3 -2.10495e-16 0)
(3 3.42917e-16 0)
(3 1.50364e-16 0)
(3 -4.47527e-16 0)
(3 -1.199e-15 0)
(3 -3.77023e-16 0)
(3 -7.08377e-17 0)
(3 1.35104e-16 0)
(3 7.2842e-16 0)
(3 4.92556e-16 0)
(3 6.43566e-16 0)
(3 -1.2611e-07 0)
(1.15767 0.113059 0)
(0.739696 0.0995701 0)
(0.694875 0.114283 0)
(0.651102 0.104199 0)
(0.607166 0.0539606 0)
(0.569635 0.0303905 0)
(0.553865 0.097731 0)
(0.518274 0.190738 0)
(0.47618 0.266009 0)
(0.437306 0.242666 0)
(0.369778 0.06311 0)
(0.309169 -0.0318132 0)
(0.258384 0.0509961 0)
(0.2341 0.224797 0)
(0.224635 0.27327 0)
(0.211094 0.207402 0)
(0.130774 0.155755 0)
(0.0319917 0.178487 0)
(0.0339215 0.241297 0)
(3 -2.05689e-17 0)
(3 1.00719e-16 0)
(3 3.5838e-16 0)
(3 -1.66894e-16 0)
(3 -8.37917e-16 0)
(3 -3.18501e-16 0)
(3 -3.6346e-16 0)
(3 -5.58297e-16 0)
(3 -1.35491e-15 0)
(3 -1.13194e-16 0)
(3 -4.39771e-16 0)
(3 -5.47537e-16 0)
(3 -6.52956e-16 0)
(3 -6.76763e-16 0)
(3 -9.09854e-16 0)
(3 -9.88072e-16 0)
(3 -1.22962e-16 0)
(3 -1.15988e-16 0)
(3 -2.26783e-16 0)
(3 -4.24593e-16 0)
(3 -9.54527e-08 0)
(1.18453 0.116435 0)
(0.742298 0.101034 0)
(0.697011 0.106189 0)
(0.642936 0.106595 0)
(0.597228 0.106832 0)
(0.58229 0.12111 0)
(0.568997 0.138428 0)
(0.537972 0.155905 0)
(0.495479 0.17435 0)
(0.397878 0.104273 0)
(0.336238 0.0222242 0)
(0.317551 0.0209863 0)
(0.325011 0.157851 0)
(0.282827 0.305691 0)
(0.205595 0.390473 0)
(0.166325 0.295153 0)
(0.1193 0.121683 0)
(0.0834422 0.189234 0)
(0.0504846 0.30374 0)
(3 5.99271e-17 0)
(3 7.27165e-16 0)
(3 6.60876e-16 0)
(3 -6.90224e-16 0)
(3 -1.24394e-15 0)
(3 -1.01899e-15 0)
(3 -8.46305e-16 0)
(3 -4.00183e-16 0)
(3 -1.11311e-15 0)
(3 -2.28839e-17 0)
(3 -7.52741e-16 0)
(3 -3.96503e-16 0)
(3 3.02462e-16 0)
(3 1.03102e-15 0)
(3 6.6641e-16 0)
(3 -1.57999e-16 0)
(3 -2.7325e-16 0)
(3 -1.58598e-16 0)
(3 -6.2433e-16 0)
(3 -5.89534e-16 0)
(3 -1.28685e-08 0)
(1.21076 0.117905 0)
(0.743628 0.101325 0)
(0.694189 0.0984704 0)
(0.646234 0.111076 0)
(0.604696 0.161983 0)
(0.577606 0.198916 0)
(0.564354 0.174888 0)
(0.536302 0.128534 0)
(0.474942 0.0434773 0)
(0.39665 0.0422425 0)
(0.326842 0.101199 0)
(0.326412 0.129368 0)
(0.344332 0.20694 0)
(0.309466 0.264299 0)
(0.225036 0.28071 0)
(0.118884 0.214051 0)
(0.104863 0.149892 0)
(0.115791 0.134461 0)
(0.0593384 0.122932 0)
(3 1.17652e-16 0)
(3 5.85042e-16 0)
(3 3.82948e-16 0)
(3 -5.54575e-16 0)
(3 -1.03574e-15 0)
(3 -1.1001e-15 0)
(3 -6.90913e-16 0)
(3 -5.63253e-16 0)
(3 -7.32384e-16 0)
(3 9.69313e-17 0)
(3 3.6002e-16 0)
(3 5.63294e-16 0)
(3 1.10564e-15 0)
(3 1.90473e-15 0)
(3 9.51331e-16 0)
(3 1.42244e-16 0)
(3 -2.74399e-16 0)
(3 2.34406e-16 0)
(3 1.82583e-17 0)
(3 -1.40323e-16 0)
(3 -1.39968e-10 0)
(1.23944 0.127034 0)
(0.739034 0.104227 0)
(0.697532 0.095867 0)
(0.663788 0.132099 0)
(0.624183 0.182083 0)
(0.586162 0.216146 0)
(0.55007 0.210368 0)
(0.502773 0.118486 0)
(0.449348 0.0170509 0)
(0.404435 0.0080714 0)
(0.36843 0.115393 0)
(0.366099 0.263869 0)
(0.3604 0.286325 0)
(0.302015 0.237228 0)
(0.18779 0.103963 0)
(0.111689 0.099681 0)
(0.103769 0.166618 0)
(0.0987724 0.124296 0)
(0.0496059 0.0286237 0)
(3 -7.6839e-17 0)
(3 -3.37149e-16 0)
(3 -1.14424e-16 0)
(3 3.44212e-16 0)
(3 -2.87981e-16 0)
(3 -1.19965e-15 0)
(3 -1.00362e-15 0)
(3 -8.72522e-16 0)
(3 -4.41084e-16 0)
(3 -1.4965e-16 0)
(3 1.13021e-15 0)
(3 1.06551e-15 0)
(3 5.50617e-16 0)
(3 8.58789e-16 0)
(3 7.86592e-16 0)
(3 1.0379e-15 0)
(3 8.23819e-16 0)
(3 3.7165e-16 0)
(3 3.9081e-18 0)
(3 -2.52742e-16 0)
(3 2.49816e-11 0)
(1.27374 0.145521 0)
(0.736945 0.117404 0)
(0.704519 0.137211 0)
(0.671893 0.153405 0)
(0.635377 0.166856 0)
(0.593719 0.194593 0)
(0.532218 0.18893 0)
(0.46779 0.116618 0)
(0.419256 0.0686381 0)
(0.418152 0.0697457 0)
(0.422569 0.191196 0)
(0.384724 0.303294 0)
(0.335752 0.309331 0)
(0.246465 0.0995421 0)
(0.184837 0.0260907 0)
(0.144628 0.103774 0)
(0.118759 0.152707 0)
(0.0641735 0.142353 0)
(0.0360783 0.0582502 0)
(3 1.97572e-16 0)
(3 -8.48801e-16 0)
(3 -9.26777e-16 0)
(3 -3.96249e-16 0)
(3 1.36084e-16 0)
(3 -1.27199e-15 0)
(3 -8.83414e-16 0)
(3 -6.04855e-16 0)
(3 1.33926e-17 0)
(3 -2.32803e-17 0)
(3 1.30928e-16 0)
(3 6.41839e-16 0)
(3 5.51161e-16 0)
(3 5.55814e-16 0)
(3 1.05448e-17 0)
(3 4.66776e-16 0)
(3 1.63711e-15 0)
(3 1.45584e-15 0)
(3 3.21077e-16 0)
(3 -3.66922e-16 0)
(3 2.82645e-11 0)
(1.3061 0.169613 0)
(0.743546 0.14214 0)
(0.69998 0.167036 0)
(0.668244 0.165428 0)
(0.636343 0.157259 0)
(0.598315 0.146846 0)
(0.528129 0.135216 0)
(0.454894 0.144402 0)
(0.421163 0.171696 0)
(0.433057 0.237293 0)
(0.430499 0.257274 0)
(0.401174 0.252767 0)
(0.289223 0.154662 0)
(0.209438 0.0670369 0)
(0.173178 0.0922905 0)
(0.169024 0.173235 0)
(0.126343 0.25055 0)
(0.0582835 0.222503 0)
(0.0298091 0.148535 0)
(3 -2.39054e-16 0)
(3 -3.88712e-16 0)
(3 -2.89545e-16 0)
(3 -4.77905e-16 0)
(3 2.97685e-16 0)
(3 2.59973e-16 0)
(3 2.07086e-16 0)
(3 -8.27846e-16 0)
(3 -3.08181e-16 0)
(3 1.22669e-16 0)
(3 1.58541e-16 0)
(3 1.06735e-16 0)
(3 2.93784e-16 0)
(3 1.75463e-16 0)
(3 -1.88476e-18 0)
(3 -4.02855e-16 0)
(3 8.83039e-17 0)
(3 3.67921e-16 0)
(3 1.26452e-15 0)
(3 9.53188e-16 0)
(3 -2.35829e-15 0)
(1.34908 0.186741 0)
(0.757347 0.162759 0)
(0.704769 0.185145 0)
(0.669555 0.189003 0)
(0.625573 0.178805 0)
(0.580081 0.123544 0)
(0.525978 0.0856638 0)
(0.484132 0.120283 0)
(0.467527 0.257825 0)
(0.454124 0.350924 0)
(0.421397 0.339186 0)
(0.358657 0.190779 0)
(0.250851 0.0343387 0)
(0.229736 0.0444311 0)
(0.219631 0.156825 0)
(0.210587 0.272261 0)
(0.132086 0.361093 0)
(0.0206549 0.304175 0)
(0.0266029 0.241813 0)
(3 -5.70575e-16 0)
(3 -2.08347e-16 0)
(3 4.04619e-16 0)
(3 6.27749e-16 0)
(3 1.04414e-16 0)
(3 1.1479e-15 0)
(3 4.15529e-16 0)
(3 -4.9848e-16 0)
(3 -8.53108e-16 0)
(3 -2.38641e-16 0)
(3 -5.78619e-16 0)
(3 -5.79917e-16 0)
(3 -1.21885e-16 0)
(3 6.05031e-16 0)
(3 4.16822e-16 0)
(3 -6.11402e-16 0)
(3 -1.73912e-15 0)
(3 -8.60204e-17 0)
(3 5.24614e-16 0)
(3 1.4069e-15 0)
(3 -2.46392e-15 0)
(1.39854 0.197094 0)
(0.769353 0.174194 0)
(0.706412 0.19322 0)
(0.662057 0.195643 0)
(0.612838 0.163531 0)
(0.559509 0.123352 0)
(0.523047 0.114443 0)
(0.525125 0.210453 0)
(0.502921 0.293894 0)
(0.469173 0.337498 0)
(0.404497 0.285051 0)
(0.298949 0.12365 0)
(0.237322 0.0785328 0)
(0.257155 0.153632 0)
(0.238655 0.243704 0)
(0.246055 0.308415 0)
(0.145784 0.32434 0)
(0.0184055 0.326436 0)
(0.0436383 0.359219 0)
(3 1.61848e-16 0)
(3 -1.05709e-16 0)
(3 3.28076e-16 0)
(3 1.46529e-16 0)
(3 1.48003e-16 0)
(3 8.06309e-16 0)
(3 7.04524e-16 0)
(3 1.6944e-16 0)
(3 -3.53156e-16 0)
(3 -8.61392e-16 0)
(3 -9.06559e-16 0)
(3 3.26761e-16 0)
(3 7.30298e-16 0)
(3 1.18584e-15 0)
(3 1.31646e-15 0)
(3 8.5201e-18 0)
(3 -1.82575e-15 0)
(3 -9.77457e-16 0)
(3 -1.94456e-16 0)
(3 3.56109e-16 0)
(3 1.0972e-15 0)
(1.45507 0.20293 0)
(0.778105 0.182528 0)
(0.707948 0.183977 0)
(0.65567 0.171199 0)
(0.603215 0.164186 0)
(0.557531 0.175838 0)
(0.548449 0.231763 0)
(0.53906 0.267096 0)
(0.511989 0.269087 0)
(0.466525 0.243178 0)
(0.349533 0.140376 0)
(0.282294 0.15472 0)
(0.258359 0.249599 0)
(0.299696 0.377185 0)
(0.251105 0.414246 0)
(0.229086 0.348335 0)
(0.137466 0.231718 0)
(0.0432854 0.303392 0)
(0.0498533 0.383837 0)
(3 3.17843e-16 0)
(3 3.37597e-16 0)
(3 1.55813e-16 0)
(3 -1.95782e-17 0)
(3 8.35885e-16 0)
(3 1.47187e-16 0)
(3 7.99989e-16 0)
(3 8.89317e-16 0)
(3 6.31958e-16 0)
(3 -9.29263e-16 0)
(3 -6.56693e-16 0)
(3 9.32128e-16 0)
(3 9.17727e-16 0)
(3 5.26897e-16 0)
(3 8.48684e-16 0)
(3 6.2312e-16 0)
(3 -8.04929e-17 0)
(3 -1.09905e-15 0)
(3 6.40736e-16 0)
(3 6.47096e-16 0)
(3 -1.40947e-15 0)
(1.52295 0.206349 0)
(0.776136 0.1921 0)
(0.701156 0.166288 0)
(0.655264 0.158585 0)
(0.611274 0.174751 0)
(0.586123 0.252531 0)
(0.56392 0.316154 0)
(0.541496 0.328432 0)
(0.494394 0.29279 0)
(0.411855 0.115157 0)
(0.351911 0.076663 0)
(0.330571 0.172656 0)
(0.311935 0.379321 0)
(0.304786 0.484649 0)
(0.245167 0.443897 0)
(0.18348 0.337206 0)
(0.126957 0.20443 0)
(0.114976 0.284595 0)
(0.0645087 0.431913 0)
(3 -2.94872e-16 0)
(3 4.96168e-16 0)
(3 1.20039e-16 0)
(3 2.21468e-16 0)
(3 1.20487e-16 0)
(3 7.13922e-16 0)
(3 4.89244e-16 0)
(3 2.99153e-16 0)
(3 6.24853e-16 0)
(3 2.79039e-16 0)
(3 1.86175e-16 0)
(3 4.10144e-16 0)
(3 8.12417e-16 0)
(3 9.7491e-16 0)
(3 2.06067e-16 0)
(3 3.33276e-16 0)
(3 5.99448e-16 0)
(3 8.9042e-16 0)
(3 4.68322e-16 0)
(3 6.33899e-16 0)
(3 -2.17071e-15 0)
(1.59603 0.208033 0)
(0.77378 0.18578 0)
(0.695075 0.171136 0)
(0.65795 0.181132 0)
(0.632218 0.240712 0)
(0.602405 0.28152 0)
(0.574226 0.315227 0)
(0.540534 0.332258 0)
(0.449299 0.213115 0)
(0.389126 0.143526 0)
(0.370738 0.13161 0)
(0.378534 0.241075 0)
(0.382223 0.399481 0)
(0.315519 0.514548 0)
(0.220874 0.47139 0)
(0.125731 0.303329 0)
(0.129161 0.287568 0)
(0.139198 0.290931 0)
(0.0718613 0.236531 0)
(3 -1.34203e-16 0)
(3 -1.98803e-16 0)
(3 -5.64158e-17 0)
(3 -3.79577e-16 0)
(3 -9.14716e-16 0)
(3 7.483e-16 0)
(3 6.65484e-16 0)
(3 4.41672e-16 0)
(3 6.08517e-16 0)
(3 6.9248e-16 0)
(3 4.15783e-16 0)
(3 -6.40547e-16 0)
(3 1.75059e-16 0)
(3 6.61275e-16 0)
(3 5.97136e-16 0)
(3 1.21746e-16 0)
(3 1.43855e-15 0)
(3 1.72935e-15 0)
(3 5.37506e-16 0)
(3 1.84704e-16 0)
(3 -4.29727e-17 0)
(1.66803 0.216152 0)
(0.767719 0.186715 0)
(0.70764 0.20766 0)
(0.673128 0.246274 0)
(0.639427 0.256181 0)
(0.611638 0.263076 0)
(0.590245 0.264882 0)
(0.507678 0.185061 0)
(0.43627 0.167118 0)
(0.372866 0.218537 0)
(0.393552 0.273883 0)
(0.398861 0.357875 0)
(0.408731 0.347592 0)
(0.317184 0.30913 0)
(0.184689 0.238707 0)
(0.126054 0.311763 0)
(0.135185 0.348758 0)
(0.120524 0.287293 0)
(0.0534358 0.168927 0)
(3 -1.01337e-16 0)
(3 -3.88351e-16 0)
(3 -2.95935e-16 0)
(3 -1.55547e-17 0)
(3 6.61193e-16 0)
(3 2.476e-16 0)
(3 9.20361e-16 0)
(3 7.96842e-16 0)
(3 8.17356e-16 0)
(3 7.59388e-16 0)
(3 -1.47321e-16 0)
(3 8.84156e-17 0)
(3 1.09094e-15 0)
(3 7.08846e-16 0)
(3 9.9799e-16 0)
(3 4.06515e-16 0)
(3 7.9384e-16 0)
(3 3.8719e-16 0)
(3 -4.56645e-16 0)
(3 2.75427e-16 0)
(3 -1.39163e-15 0)
(1.7344 0.238662 0)
(0.785464 0.208881 0)
(0.711564 0.267594 0)
(0.671415 0.274688 0)
(0.638958 0.268343 0)
(0.607349 0.248603 0)
(0.559434 0.173332 0)
(0.4996 0.113144 0)
(0.456036 0.126688 0)
(0.420871 0.225968 0)
(0.42302 0.394329 0)
(0.39952 0.382749 0)
(0.379279 0.310087 0)
(0.271822 0.126248 0)
(0.214264 0.181278 0)
(0.146747 0.2968 0)
(0.131533 0.334018 0)
(0.0840584 0.278861 0)
(0.0486232 0.166175 0)
(3 1.1727e-16 0)
(3 1.04396e-16 0)
(3 -3.37841e-16 0)
(3 1.43852e-17 0)
(3 9.20233e-16 0)
(3 1.33628e-16 0)
(3 -9.77257e-17 0)
(3 1.13192e-15 0)
(3 9.84565e-16 0)
(3 2.66709e-16 0)
(3 2.08949e-16 0)
(3 1.02093e-15 0)
(3 1.19756e-15 0)
(3 1.34538e-15 0)
(3 1.04792e-15 0)
(3 1.13943e-15 0)
(3 9.19536e-16 0)
(3 -6.39805e-17 0)
(3 -2.44655e-16 0)
(3 2.74889e-16 0)
(3 -1.92454e-15 0)
(1.81153 0.263464 0)
(0.808986 0.254128 0)
(0.717076 0.288091 0)
(0.673877 0.291849 0)
(0.630873 0.287727 0)
(0.586112 0.232307 0)
(0.537622 0.150683 0)
(0.499825 0.109431 0)
(0.478628 0.14569 0)
(0.48476 0.310633 0)
(0.447083 0.429144 0)
(0.377585 0.437996 0)
(0.296634 0.258918 0)
(0.265392 0.0729931 0)
(0.248117 0.0981722 0)
(0.192009 0.244624 0)
(0.137215 0.326189 0)
(0.0578854 0.288561 0)
(0.0397858 0.192607 0)
(3 1.04789e-16 0)
(3 5.04528e-17 0)
(3 -6.72301e-16 0)
(3 7.74376e-17 0)
(3 4.78981e-16 0)
(3 4.37683e-16 0)
(3 -1.90338e-16 0)
(3 3.61876e-18 0)
(3 2.0294e-16 0)
(3 8.11212e-17 0)
(3 6.7142e-16 0)
(3 6.697e-16 0)
(3 5.08987e-16 0)
(3 1.09526e-15 0)
(3 9.95102e-16 0)
(3 7.30546e-16 0)
(3 7.66789e-16 0)
(3 -2.76917e-16 0)
(3 -4.38199e-16 0)
(3 1.05092e-16 0)
(3 -4.81126e-16 0)
(1.90993 0.272167 0)
(0.827225 0.284575 0)
(0.718837 0.293768 0)
(0.67968 0.281755 0)
(0.626606 0.240668 0)
(0.572989 0.211201 0)
(0.519562 0.205749 0)
(0.499251 0.22932 0)
(0.515879 0.334561 0)
(0.506445 0.363624 0)
(0.47688 0.376298 0)
(0.370603 0.345305 0)
(0.233197 0.239244 0)
(0.231804 0.171387 0)
(0.245996 0.164487 0)
(0.24813 0.279479 0)
(0.149107 0.414715 0)
(0.0313259 0.331243 0)
(0.0372727 0.271902 0)
(3 -2.88173e-16 0)
(3 -4.18534e-16 0)
(3 -7.64798e-17 0)
(3 8.19132e-17 0)
(3 3.53962e-16 0)
(3 4.99645e-16 0)
(3 -3.84115e-16 0)
(3 -1.10176e-15 0)
(3 -3.74086e-17 0)
(3 -1.42509e-16 0)
(3 7.20393e-16 0)
(3 1.16704e-15 0)
(3 3.94718e-16 0)
(3 1.66281e-16 0)
(3 -6.21555e-17 0)
(3 -2.3735e-16 0)
(3 -1.08984e-16 0)
(3 -7.20717e-16 0)
(3 -1.01883e-15 0)
(3 -1.62386e-16 0)
(3 5.49255e-16 0)
(2.01978 0.27592 0)
(0.844451 0.29799 0)
(0.717683 0.280225 0)
(0.667168 0.237577 0)
(0.619943 0.214349 0)
(0.576048 0.212566 0)
(0.544674 0.27499 0)
(0.541605 0.40323 0)
(0.518711 0.429403 0)
(0.501825 0.405023 0)
(0.456602 0.314081 0)
(0.344897 0.187386 0)
(0.237939 0.28791 0)
(0.247191 0.375449 0)
(0.279445 0.468588 0)
(0.269251 0.480407 0)
(0.164502 0.476687 0)
(0.0133404 0.490636 0)
(0.044603 0.483783 0)
(3 -1.74611e-16 0)
(3 -2.10932e-16 0)
(3 6.04941e-16 0)
(3 -1.09528e-16 0)
(3 -6.87542e-16 0)
(3 -4.43209e-16 0)
(3 3.55192e-16 0)
(3 2.68526e-16 0)
(3 2.33427e-16 0)
(3 3.09081e-16 0)
(3 2.51121e-16 0)
(3 3.26661e-16 0)
(3 2.26769e-16 0)
(3 -5.61687e-16 0)
(3 -9.62621e-16 0)
(3 7.83089e-17 0)
(3 1.04669e-17 0)
(3 -6.27698e-16 0)
(3 -1.09483e-15 0)
(3 -1.5218e-16 0)
(3 -1.03883e-17 0)
(2.13973 0.275263 0)
(0.856052 0.305014 0)
(0.705171 0.263619 0)
(0.66287 0.219752 0)
(0.623513 0.206583 0)
(0.599274 0.270249 0)
(0.587428 0.372309 0)
(0.557373 0.438387 0)
(0.52073 0.473594 0)
(0.478114 0.43122 0)
(0.391234 0.201673 0)
(0.359408 0.162076 0)
(0.318214 0.263333 0)
(0.325872 0.557065 0)
(0.273167 0.648086 0)
(0.237994 0.599829 0)
(0.167342 0.493251 0)
(0.0740006 0.588337 0)
(0.0640828 0.695293 0)
(3 1.2511e-16 0)
(3 2.27652e-16 0)
(3 4.42563e-16 0)
(3 6.41032e-16 0)
(3 -9.83663e-16 0)
(3 -9.67153e-16 0)
(3 6.11236e-16 0)
(3 5.37106e-16 0)
(3 2.99784e-16 0)
(3 1.32396e-15 0)
(3 -8.82428e-17 0)
(3 -6.33127e-16 0)
(3 -1.93972e-16 0)
(3 -4.44915e-16 0)
(3 -5.13724e-16 0)
(3 4.40958e-16 0)
(3 -1.18018e-16 0)
(3 -4.42597e-16 0)
(3 -1.39346e-15 0)
(3 -8.74028e-16 0)
(3 -8.37921e-16 0)
(2.26974 0.261878 0)
(0.864469 0.306364 0)
(0.695213 0.259362 0)
(0.662825 0.243888 0)
(0.646155 0.290087 0)
(0.62755 0.337813 0)
(0.60475 0.366957 0)
(0.585217 0.392353 0)
(0.541191 0.396253 0)
(0.41916 0.250592 0)
(0.364817 0.225366 0)
(0.350648 0.229769 0)
(0.380093 0.388247 0)
(0.372057 0.565499 0)
(0.291475 0.633898 0)
(0.215822 0.6159 0)
(0.160429 0.497569 0)
(0.128541 0.607207 0)
(0.0754903 0.714325 0)
(3 2.28897e-16 0)
(3 -6.29039e-17 0)
(3 -1.75861e-16 0)
(3 -6.35027e-17 0)
(3 -7.48657e-17 0)
(3 -5.69159e-16 0)
(3 -3.08448e-16 0)
(3 6.16306e-16 0)
(3 9.24526e-16 0)
(3 9.0136e-16 0)
(3 5.09474e-16 0)
(3 -3.26722e-16 0)
(3 -3.4771e-16 0)
(3 -5.51168e-16 0)
(3 6.1686e-16 0)
(3 6.50374e-16 0)
(3 8.09736e-17 0)
(3 -2.01181e-16 0)
(3 -6.13229e-16 0)
(3 -1.20326e-15 0)
(3 -3.53697e-16 0)
(2.39873 0.246538 0)
(0.869422 0.291937 0)
(0.700414 0.269942 0)
(0.688763 0.315935 0)
(0.665458 0.356299 0)
(0.635466 0.355778 0)
(0.616065 0.355322 0)
(0.583566 0.319876 0)
(0.490736 0.186323 0)
(0.422128 0.192942 0)
(0.385381 0.24041 0)
(0.404788 0.374791 0)
(0.421545 0.477192 0)
(0.404731 0.527787 0)
(0.30427 0.539195 0)
(0.171176 0.433944 0)
(0.163471 0.45032 0)
(0.164152 0.467299 0)
(0.0711557 0.432434 0)
(3 -8.61534e-17 0)
(3 -2.076e-16 0)
(3 -4.06412e-16 0)
(3 -4.46041e-16 0)
(3 -2.17596e-16 0)
(3 -1.58959e-16 0)
(3 2.40896e-16 0)
(3 8.45996e-16 0)
(3 1.15319e-15 0)
(3 6.47689e-16 0)
(3 2.63812e-16 0)
(3 3.11075e-16 0)
(3 4.00743e-16 0)
(3 4.81722e-17 0)
(3 2.20513e-16 0)
(3 -4.56145e-17 0)
(3 1.68811e-16 0)
(3 -3.03106e-16 0)
(3 -5.28005e-16 0)
(3 -3.56029e-17 0)
(3 -1.36172e-15 0)
(2.51791 0.252776 0)
(0.880697 0.313089 0)
(0.727728 0.327689 0)
(0.711869 0.36205 0)
(0.675501 0.37009 0)
(0.64013 0.373574 0)
(0.607826 0.340119 0)
(0.539537 0.211408 0)
(0.494473 0.162357 0)
(0.446867 0.191551 0)
(0.449973 0.37601 0)
(0.439622 0.522691 0)
(0.424228 0.529528 0)
(0.376464 0.470552 0)
(0.25423 0.254524 0)
(0.206478 0.296607 0)
(0.179631 0.384496 0)
(0.146272 0.355034 0)
(0.0696416 0.293458 0)
(3 1.74936e-16 0)
(3 1.37132e-16 0)
(3 4.70048e-16 0)
(3 -1.6328e-16 0)
(3 -1.84431e-16 0)
(3 -6.9143e-16 0)
(3 7.50949e-16 0)
(3 1.1191e-15 0)
(3 -6.3821e-17 0)
(3 3.12195e-16 0)
(3 7.96282e-16 0)
(3 4.06721e-16 0)
(3 5.70574e-17 0)
(3 2.25824e-16 0)
(3 -4.49071e-16 0)
(3 -7.08326e-16 0)
(3 -2.59752e-16 0)
(3 3.18291e-16 0)
(3 3.15818e-16 0)
(3 -1.19332e-16 0)
(3 -1.15004e-15 0)
(2.65619 0.268637 0)
(0.939681 0.385921 0)
(0.765407 0.359288 0)
(0.738491 0.363022 0)
(0.692289 0.367064 0)
(0.654607 0.35176 0)
(0.580089 0.260733 0)
(0.523094 0.23033 0)
(0.481924 0.227696 0)
(0.486721 0.34054 0)
(0.499464 0.488545 0)
(0.456885 0.515361 0)
(0.429848 0.525009 0)
(0.305688 0.280413 0)
(0.239483 0.257087 0)
(0.216878 0.305256 0)
(0.192883 0.368361 0)
(0.141714 0.368592 0)
(0.0704039 0.308703 0)
(3 2.50334e-16 0)
(3 4.69836e-16 0)
(3 5.7127e-16 0)
(3 1.27086e-17 0)
(3 1.69498e-16 0)
(3 -3.16188e-16 0)
(3 -2.51868e-16 0)
(3 1.05603e-15 0)
(3 1.47414e-15 0)
(3 1.52675e-15 0)
(3 1.11279e-15 0)
(3 -6.49841e-18 0)
(3 -2.68439e-16 0)
(3 -5.71557e-16 0)
(3 -7.25782e-16 0)
(3 -4.76909e-16 0)
(3 -6.72541e-16 0)
(3 3.23717e-16 0)
(3 1.73791e-15 0)
(3 1.36945e-15 0)
(3 -4.82132e-16 0)
(2.86998 0.22194 0)
(1.02536 0.443967 0)
(0.808472 0.382226 0)
(0.775346 0.368852 0)
(0.713191 0.359358 0)
(0.641359 0.281127 0)
(0.580074 0.261907 0)
(0.538091 0.257281 0)
(0.53123 0.376377 0)
(0.538633 0.502302 0)
(0.506022 0.532591 0)
(0.456897 0.542359 0)
(0.369586 0.359635 0)
(0.282617 0.264451 0)
(0.256928 0.292493 0)
(0.240939 0.359938 0)
(0.200561 0.404621 0)
(0.134881 0.421102 0)
(0.0645214 0.315947 0)
(3 -4.38174e-16 0)
(3 5.1308e-16 0)
(3 6.60409e-16 0)
(3 8.54329e-16 0)
(3 5.03172e-16 0)
(3 -2.32542e-16 0)
(3 -3.22551e-17 0)
(3 1.63694e-16 0)
(3 9.16139e-16 0)
(3 1.23172e-15 0)
(3 7.0284e-16 0)
(3 2.11121e-16 0)
(3 3.41553e-16 0)
(3 -5.02681e-18 0)
(3 -5.22044e-16 0)
(3 -5.48889e-16 0)
(3 -4.89559e-16 0)
(3 3.47658e-16 0)
(3 1.7352e-15 0)
(3 2.23542e-15 0)
(3 3.12224e-16 0)
(3.03123 0.101591 0)
(1.11985 0.433464 0)
(0.850399 0.400434 0)
(0.806329 0.379636 0)
(0.720823 0.30873 0)
(0.652417 0.26568 0)
(0.603812 0.262216 0)
(0.586238 0.396897 0)
(0.583122 0.506253 0)
(0.547958 0.52305 0)
(0.522446 0.523705 0)
(0.429099 0.380493 0)
(0.318292 0.270685 0)
(0.30383 0.256765 0)
(0.27039 0.309047 0)
(0.286091 0.473964 0)
(0.215391 0.563845 0)
(0.0958729 0.468501 0)
(0.0572197 0.333662 0)
(3 1.3927e-16 0)
(3 -3.4349e-16 0)
(3 -1.51119e-16 0)
(3 1.26734e-15 0)
(3 1.21205e-15 0)
(3 2.51968e-16 0)
(3 1.99689e-16 0)
(3 -5.79898e-16 0)
(3 -1.60434e-16 0)
(3 6.35043e-16 0)
(3 2.88598e-16 0)
(3 1.24885e-15 0)
(3 9.22146e-16 0)
(3 6.28948e-16 0)
(3 -8.52291e-16 0)
(3 -8.81632e-16 0)
(3 -9.49563e-17 0)
(3 1.32712e-16 0)
(3 6.00789e-16 0)
(3 4.96657e-16 0)
(3 3.32783e-16 0)
(3.03903 0.0271121 0)
(1.17264 0.382516 0)
(0.870275 0.3786 0)
(0.824151 0.333331 0)
(0.735438 0.296717 0)
(0.677769 0.29117 0)
(0.658142 0.391633 0)
(0.64244 0.477951 0)
(0.599156 0.50114 0)
(0.560743 0.485522 0)
(0.491216 0.388212 0)
(0.386795 0.261069 0)
(0.317567 0.284483 0)
(0.31709 0.378479 0)
(0.346678 0.64831 0)
(0.31098 0.728811 0)
(0.186718 0.727608 0)
(0.0307723 0.491331 0)
(0.0547811 0.355298 0)
(3 9.40757e-17 0)
(3 2.13792e-17 0)
(3 -4.17805e-16 0)
(3 -5.66386e-16 0)
(3 1.12239e-16 0)
(3 3.01556e-17 0)
(3 -6.93548e-16 0)
(3 -4.48438e-16 0)
(3 8.32667e-19 0)
(3 5.49984e-16 0)
(3 6.25078e-16 0)
(3 4.24252e-16 0)
(3 3.67493e-16 0)
(3 -1.82748e-16 0)
(3 -5.4932e-16 0)
(3 -1.76371e-15 0)
(3 -1.45263e-15 0)
(3 -5.18568e-16 0)
(3 6.84715e-16 0)
(3 7.73384e-16 0)
(3 1.0075e-15 0)
(3.01042 0.0127666 0)
(1.18242 0.315995 0)
(0.851626 0.3326 0)
(0.822914 0.311782 0)
(0.761035 0.313912 0)
(0.740174 0.412602 0)
(0.71719 0.485749 0)
(0.667689 0.502914 0)
(0.609854 0.50413 0)
(0.54101 0.43217 0)
(0.441236 0.253876 0)
(0.405629 0.26703 0)
(0.363126 0.371639 0)
(0.429546 0.665846 0)
(0.382677 0.746981 0)
(0.308814 0.75792 0)
(0.193537 0.751939 0)
(0.0142824 0.792134 0)
(0.0689349 0.767725 0)
(3 -4.16207e-17 0)
(3 2.46383e-16 0)
(3 -4.10403e-17 0)
(3 -1.33723e-15 0)
(3 -1.06334e-15 0)
(3 -5.05115e-16 0)
(3 -5.94517e-16 0)
(3 -2.66009e-16 0)
(3 -3.82495e-16 0)
(3 -9.72327e-17 0)
(3 8.17333e-16 0)
(3 9.93517e-16 0)
(3 5.13688e-16 0)
(3 1.3635e-16 0)
(3 2.76742e-16 0)
(3 -1.51811e-15 0)
(3 -1.81258e-15 0)
(3 3.7454e-17 0)
(3 1.33837e-15 0)
(3 1.89442e-15 0)
(3 1.17766e-15 0)
(3.00377 0.00485127 0)
(1.19461 0.294984 0)
(0.813923 0.325876 0)
(0.819555 0.321973 0)
(0.803534 0.436036 0)
(0.77967 0.495532 0)
(0.732168 0.509113 0)
(0.690777 0.497801 0)
(0.61037 0.410482 0)
(0.491736 0.282931 0)
(0.445224 0.276682 0)
(0.431062 0.325349 0)
(0.468243 0.617172 0)
(0.44976 0.752511 0)
(0.390352 0.79389 0)
(0.311253 0.812065 0)
(0.196347 0.743704 0)
(0.0916258 0.915449 0)
(0.102623 1.08059 0)
(3 1.20596e-17 0)
(3 -2.94565e-16 0)
(3 -3.08458e-16 0)
(3 -3.23843e-16 0)
(3 -6.33629e-17 0)
(3 1.22455e-16 0)
(3 -3.08083e-16 0)
(3 -2.24021e-16 0)
(3 -2.28049e-16 0)
(3 -1.24447e-16 0)
(3 1.07373e-15 0)
(3 9.06677e-16 0)
(3 -4.25217e-16 0)
(3 2.47265e-16 0)
(3 -1.77721e-16 0)
(3 -9.56178e-18 0)
(3 -1.04137e-15 0)
(3 5.53587e-16 0)
(3 1.10752e-15 0)
(3 1.37453e-15 0)
(3 1.25689e-15 0)
(3.00107 0.000849105 0)
(1.2182 0.313259 0)
(0.799127 0.34922 0)
(0.829522 0.441882 0)
(0.818123 0.480143 0)
(0.792526 0.495696 0)
(0.755191 0.491099 0)
(0.693119 0.421994 0)
(0.57861 0.284828 0)
(0.506575 0.291949 0)
(0.476378 0.330048 0)
(0.523198 0.570691 0)
(0.506147 0.655299 0)
(0.473843 0.737719 0)
(0.405848 0.74146 0)
(0.270391 0.527416 0)
(0.250711 0.588257 0)
(0.183115 0.96285 0)
(0.119696 1.16309 0)
(3 -4.8571e-17 0)
(3 1.25735e-16 0)
(3 4.50139e-16 0)
(3 3.19616e-16 0)
(3 3.99302e-16 0)
(3 2.63301e-16 0)
(3 3.64316e-16 0)
(3 4.70041e-16 0)
(3 3.24528e-16 0)
(3 -3.09275e-16 0)
(3 6.97876e-16 0)
(3 4.04331e-16 0)
(3 -1.63061e-18 0)
(3 1.94978e-16 0)
(3 -4.59579e-16 0)
(3 2.12231e-16 0)
(3 1.43962e-16 0)
(3 5.74727e-16 0)
(3 6.53185e-16 0)
(3 6.8151e-16 0)
(3 9.44658e-16 0)
(3.00006 4.427e-05 0)
(1.2711 0.345944 0)
(0.795541 0.420249 0)
(0.817737 0.468684 0)
(0.811698 0.487141 0)
(0.79685 0.484625 0)
(0.764343 0.453695 0)
(0.651026 0.32256 0)
(0.596088 0.29673 0)
(0.54295 0.333027 0)
(0.567726 0.57384 0)
(0.541206 0.626263 0)
(0.533246 0.612763 0)
(0.482874 0.607091 0)
(0.331309 0.38085 0)
(0.288142 0.452055 0)
(0.299254 0.55596 0)
(0.285063 0.658711 0)
(0.145412 0.779556 0)
(3 -2.09907e-16 0)
(3 4.08662e-16 0)
(3 8.17476e-16 0)
(3 2.38528e-16 0)
(3 -5.80382e-16 0)
(3 7.39814e-16 0)
(3 9.7458e-16 0)
(3 1.07189e-15 0)
(3 3.21466e-17 0)
(3 -2.22382e-16 0)
(3 -6.2718e-16 0)
(3 -4.46549e-16 0)
(3 2.868e-16 0)
(3 -3.51966e-16 0)
(3 5.10598e-16 0)
(3 3.98343e-16 0)
(3 9.36123e-16 0)
(3 4.09219e-16 0)
(3 9.84408e-16 0)
(3 1.21274e-15 0)
(3 3.57906e-16 0)
(3.00002 -2.24371e-05 0)
(1.35744 0.379714 0)
(0.806942 0.4335 0)
(0.796485 0.480666 0)
(0.790342 0.495441 0)
(0.781588 0.465649 0)
(0.71162 0.34816 0)
(0.662738 0.321057 0)
(0.615709 0.338726 0)
(0.644171 0.547232 0)
(0.613113 0.644744 0)
(0.553294 0.68172 0)
(0.507697 0.668767 0)
(0.39821 0.396444 0)
(0.344345 0.361473 0)
(0.32574 0.440222 0)
(0.319756 0.55973 0)
(0.311003 0.645515 0)
(0.162808 0.671185 0)
(3 1.13671e-16 0)
(3 4.09277e-16 0)
(3 5.34282e-16 0)
(3 5.34162e-16 0)
(3 7.94153e-16 0)
(3 1.49573e-15 0)
(3 1.32828e-15 0)
(3 4.30669e-16 0)
(3 2.47672e-17 0)
(3 9.02465e-17 0)
(3 -2.26601e-16 0)
(3 -6.63547e-16 0)
(3 -3.61921e-16 0)
(3 -3.87358e-16 0)
(3 3.22063e-16 0)
(3 6.88544e-16 0)
(3 2.46352e-16 0)
(3 4.25388e-16 0)
(3 4.47632e-17 0)
(3 -5.71935e-16 0)
(3 -1.22308e-15 0)
(3.00001 -1.79442e-05 0)
(1.46281 0.400112 0)
(0.8264 0.447298 0)
(0.785739 0.437492 0)
(0.760724 0.408571 0)
(0.730812 0.357771 0)
(0.705177 0.355426 0)
(0.670214 0.363385 0)
(0.706885 0.5582 0)
(0.692826 0.618282 0)
(0.650963 0.633205 0)
(0.602282 0.645082 0)
(0.477177 0.473783 0)
(0.371241 0.375327 0)
(0.355393 0.416259 0)
(0.356953 0.484824 0)
(0.361656 0.570054 0)
(0.362384 0.760732 0)
(0.190913 0.765913 0)
(3 5.56831e-17 0)
(3 -5.9445e-17 0)
(3 4.95194e-16 0)
(3 1.06954e-15 0)
(3 1.49472e-15 0)
(3 6.77551e-16 0)
(3 8.81152e-16 0)
(3 3.87008e-18 0)
(3 5.10513e-16 0)
(3 2.43521e-16 0)
(3 7.97073e-17 0)
(3 -1.29993e-16 0)
(3 -5.34529e-16 0)
(3 -2.36178e-16 0)
(3 -5.90937e-16 0)
(3 5.17354e-16 0)
(3 3.22492e-16 0)
(3 -7.50346e-18 0)
(3 -7.9277e-16 0)
(3 -2.08026e-15 0)
(3 -1.98478e-15 0)
(3 -3.20641e-06 0)
(1.59424 0.384849 0)
(0.843271 0.380534 0)
(0.763441 0.352492 0)
(0.741204 0.350245 0)
(0.724879 0.358678 0)
(0.704507 0.382504 0)
(0.728126 0.545003 0)
(0.727216 0.626123 0)
(0.712662 0.64677 0)
(0.689478 0.602322 0)
(0.594977 0.435398 0)
(0.48883 0.334689 0)
(0.438229 0.383101 0)
(0.415212 0.504377 0)
(0.424944 0.631946 0)
(0.443774 0.784571 0)
(0.484419 0.873179 0)
(0.231902 0.787644 0)
(3 4.32168e-17 0)
(3 -2.00989e-16 0)
(3 2.83576e-17 0)
(3 4.55724e-16 0)
(3 6.35134e-16 0)
(3 2.41075e-16 0)
(3 -6.83153e-17 0)
(3 -2.82503e-16 0)
(3 -7.97123e-17 0)
(3 -3.35394e-16 0)
(3 -6.35904e-16 0)
(3 -3.51893e-16 0)
(3 -2.62734e-16 0)
(3 -2.70036e-16 0)
(3 -4.67303e-16 0)
(3 -2.19252e-16 0)
(3 -3.45354e-16 0)
(3 -8.01972e-16 0)
(3 -8.0481e-16 0)
(3 -9.26333e-16 0)
(3 -3.31384e-16 0)
(3 -3.14466e-07 0)
(1.9765 0.420559 0)
(0.865196 0.434014 0)
(0.766683 0.413947 0)
(0.756469 0.42794 0)
(0.751367 0.465021 0)
(0.754788 0.513387 0)
(0.75848 0.539648 0)
(0.742704 0.532634 0)
(0.705755 0.509903 0)
(0.655483 0.484172 0)
(0.604991 0.500157 0)
(0.600976 0.591334 0)
(0.594623 0.691033 0)
(0.595923 0.790167 0)
(0.559452 0.878862 0)
(0.480914 0.941667 0)
(0.504686 0.994396 0)
(0.704616 1.16454 0)
(3 5.24317e-17 0)
(3 2.71468e-17 0)
(3 -3.44429e-16 0)
(3 -4.70174e-16 0)
(3 -2.59824e-16 0)
(3 -4.48092e-16 0)
(3 -7.67862e-16 0)
(3 -5.28818e-16 0)
(3 -8.28336e-16 0)
(3 -9.46907e-16 0)
(3 -2.84794e-16 0)
(3 -8.95725e-17 0)
(3 -2.1132e-16 0)
(3 -3.91854e-16 0)
(3 -4.92071e-16 0)
(3 -9.34964e-16 0)
(3 -6.94464e-16 0)
(3 -6.16488e-16 0)
(3 -1.84578e-16 0)
(3 2.2046e-16 0)
(3 1.1905e-15 0)
(3 -1.10113e-07 0)
(2.80239 0.230014 0)
(1.05515 0.512997 0)
(0.856334 0.468359 0)
(0.825597 0.470983 0)
(0.793466 0.486638 0)
(0.771728 0.497363 0)
(0.754029 0.501457 0)
(0.737549 0.514602 0)
(0.724067 0.533594 0)
(0.721173 0.571328 0)
(0.717265 0.629094 0)
(0.700391 0.684047 0)
(0.683396 0.73528 0)
(0.674102 0.757648 0)
(0.666394 0.788356 0)
(0.682638 0.896639 0)
(0.772129 1.08482 0)
(1.03274 1.25615 0)
(3 -6.80682e-17 0)
(3 -2.83975e-17 0)
(3 -2.33469e-16 0)
(3 -4.90245e-16 0)
(3 -5.12794e-16 0)
(3 -3.92886e-16 0)
(3 -3.63693e-16 0)
(3 -7.77661e-16 0)
(3 -1.16938e-15 0)
(3 -8.64271e-16 0)
(3 1.58468e-16 0)
(3 3.75057e-16 0)
(3 4.15451e-16 0)
(3 2.24848e-16 0)
(3 1.39193e-16 0)
(3 4.96128e-16 0)
(3 3.39176e-16 0)
(3 -6.844e-17 0)
(3 2.62803e-16 0)
(3 1.14264e-15 0)
(3 1.5918e-15 0)
(3 -6.13503e-09 0)
(3.04286 0.0121099 0)
(1.36821 0.497728 0)
(0.905535 0.516359 0)
(0.852334 0.510354 0)
(0.813358 0.516523 0)
(0.785479 0.525355 0)
(0.767978 0.539316 0)
(0.760326 0.55899 0)
(0.759246 0.586194 0)
(0.757367 0.61539 0)
(0.751278 0.643324 0)
(0.7463 0.67705 0)
(0.744989 0.721414 0)
(0.750631 0.776846 0)
(0.774 0.8594 0)
(0.864195 0.953254 0)
(0.998598 1.04438 0)
(1.19783 1.14851 0)
(3 1.27313e-17 0)
(3 -5.92936e-20 0)
(3 2.00926e-16 0)
(3 1.75446e-16 0)
(3 -7.16268e-16 0)
(3 -7.41642e-16 0)
(3 -7.10026e-16 0)
(3 -8.32869e-16 0)
(3 -8.93785e-16 0)
(3 -2.79966e-16 0)
(3 -1.89542e-16 0)
(3 2.51473e-16 0)
(3 5.82568e-16 0)
(3 7.98691e-16 0)
(3 1.4588e-15 0)
(3 1.74623e-15 0)
(3 9.19719e-16 0)
(3 6.82996e-16 0)
(3 4.42312e-16 0)
(3 4.99389e-16 0)
(3 5.32925e-16 0)
(3 -2.5743e-11 0)
(3.00088 3.85771e-05 0)
(1.98701 0.479399 0)
(0.948506 0.561634 0)
(0.879322 0.555378 0)
(0.85828 0.559942 0)
(0.833864 0.568671 0)
(0.812938 0.579522 0)
(0.796708 0.591887 0)
(0.787675 0.606185 0)
(0.785514 0.625306 0)
(0.786138 0.655186 0)
(0.796401 0.700111 0)
(0.814839 0.759527 0)
(0.849121 0.823374 0)
(0.886447 0.891868 0)
(0.973703 0.953455 0)
(1.11546 1.00399 0)
(1.31113 1.05291 0)
(3 1.32116e-16 0)
(3 2.582e-16 0)
(3 -3.14866e-17 0)
(3 -2.22936e-16 0)
(3 -3.39411e-16 0)
(3 -4.21483e-16 0)
(3 -3.64577e-16 0)
(3 -3.22108e-16 0)
(3 -2.45757e-16 0)
(3 1.42214e-16 0)
(3 2.70811e-16 0)
(3 1.18012e-16 0)
(3 -2.35958e-17 0)
(3 5.06064e-16 0)
(3 4.63038e-16 0)
(3 1.69451e-16 0)
(3 5.87355e-16 0)
(3 1.1629e-15 0)
(3 -1.00319e-16 0)
(3 -9.3571e-16 0)
(3 -7.24455e-16 0)
(3 -3.68203e-14 0)
(3 -1.2092e-06 0)
(2.9059 0.169362 0)
(1.15764 0.577001 0)
(0.942805 0.568548 0)
(0.923645 0.583688 0)
(0.901689 0.597534 0)
(0.874205 0.608061 0)
(0.84967 0.617614 0)
(0.834339 0.631263 0)
(0.83059 0.651558 0)
(0.838093 0.681077 0)
(0.857801 0.719058 0)
(0.880914 0.764215 0)
(0.919895 0.810665 0)
(0.969779 0.865379 0)
(1.0611 0.923879 0)
(1.18921 0.967058 0)
(1.34858 1.0053 0)
(3 -3.04378e-17 0)
(3 -2.62834e-17 0)
(3 -2.02282e-17 0)
(3 1.02e-16 0)
(3 4.38567e-16 0)
(3 2.75773e-16 0)
(3 2.36733e-16 0)
(3 3.82008e-16 0)
(3 6.37579e-16 0)
(3 1.2273e-15 0)
(3 1.23268e-15 0)
(3 4.66267e-16 0)
(3 -2.32712e-16 0)
(3 -2.22244e-16 0)
(3 -1.05995e-16 0)
(3 5.73473e-17 0)
(3 5.23044e-16 0)
(3 3.27742e-16 0)
(3 -7.36392e-16 0)
(3 -1.1987e-15 0)
(3 -7.29058e-16 0)
(3 -1.14585e-15 0)
(3 -5.55946e-07 0)
(3.02532 0.00465697 0)
(1.5192 0.55318 0)
(0.972782 0.620709 0)
(0.937024 0.621525 0)
(0.92244 0.638924 0)
(0.906093 0.654631 0)
(0.892295 0.668715 0)
(0.883911 0.680157 0)
(0.881261 0.6937 0)
(0.886307 0.711347 0)
(0.904678 0.736334 0)
(0.937373 0.76634 0)
(0.986152 0.797838 0)
(1.04368 0.836973 0)
(1.12688 0.88863 0)
(1.23321 0.923126 0)
(1.36698 0.954086 0)
(3 -1.73584e-16 0)
(3 -3.80727e-16 0)
(3 -5.29434e-18 0)
(3 4.64715e-17 0)
(3 1.57777e-16 0)
(3 2.82348e-17 0)
(3 8.31304e-17 0)
(3 4.43032e-16 0)
(3 1.22549e-15 0)
(3 1.15271e-15 0)
(3 5.49349e-16 0)
(3 -1.46984e-16 0)
(3 1.3893e-17 0)
(3 3.68307e-16 0)
(3 9.51778e-16 0)
(3 7.50811e-16 0)
(3 3.79037e-16 0)
(3 -3.43341e-17 0)
(3 -8.34125e-17 0)
(3 3.74978e-17 0)
(3 -6.93531e-16 0)
(3 -7.57313e-16 0)
(3 -3.02047e-08 0)
(3.00025 2.09846e-05 0)
(2.44771 0.405805 0)
(1.09121 0.668268 0)
(0.967492 0.65763 0)
(0.955681 0.65746 0)
(0.946988 0.667056 0)
(0.940919 0.683936 0)
(0.935116 0.696444 0)
(0.932846 0.709515 0)
(0.938066 0.726642 0)
(0.956319 0.748013 0)
(0.989808 0.773343 0)
(1.03763 0.799414 0)
(1.09399 0.823666 0)
(1.17101 0.854932 0)
(1.26395 0.879389 0)
(1.37542 0.90228 0)
(3 1.68324e-17 0)
(3 -2.20341e-18 0)
(3 -5.17607e-17 0)
(3 -1.38817e-16 0)
(3 -4.81964e-16 0)
(3 -4.53158e-16 0)
(3 -3.58397e-16 0)
(3 -2.52601e-16 0)
(3 -4.37657e-16 0)
(3 -5.94539e-16 0)
(3 -5.49911e-16 0)
(3 -3.52599e-16 0)
(3 1.15223e-16 0)
(3 1.94647e-16 0)
(3 -1.13064e-16 0)
(3 -1.69721e-16 0)
(3 1.04707e-16 0)
(3 7.4782e-16 0)
(3 1.03617e-15 0)
(3 6.25308e-16 0)
(3 3.42929e-16 0)
(3 4.34719e-16 0)
(3 -2.98105e-10 0)
(3 -1.4529e-06 0)
(3.05002 0.0359129 0)
(1.49819 0.669167 0)
(1.03705 0.686438 0)
(1.01035 0.677408 0)
(0.994803 0.688395 0)
(0.985468 0.701818 0)
(0.979101 0.716782 0)
(0.980119 0.733878 0)
(0.991699 0.753926 0)
(1.01083 0.773561 0)
(1.03952 0.794325 0)
(1.07937 0.813836 0)
(1.13056 0.829646 0)
(1.20054 0.847955 0)
(1.28689 0.86292 0)
(1.38483 0.876667 0)
(3 -2.62761e-17 0)
(3 -7.9507e-17 0)
(3 3.64948e-16 0)
(3 3.38055e-16 0)
(3 -7.69365e-17 0)
(3 -3.18371e-16 0)
(3 -6.01697e-16 0)
(3 -6.84287e-16 0)
(3 -7.68632e-16 0)
(3 -7.93386e-16 0)
(3 -5.56674e-16 0)
(3 3.88087e-16 0)
(3 4.15443e-16 0)
(3 -2.92533e-16 0)
(3 -6.1979e-16 0)
(3 -9.05011e-16 0)
(3 -6.7625e-16 0)
(3 -2.50539e-16 0)
(3 1.01729e-16 0)
(3 1.02736e-15 0)
(3 1.09484e-15 0)
(3 8.97348e-16 0)
(3 -7.42187e-13 0)
(3 -3.01938e-07 0)
(3.00251 0.000435459 0)
(2.43195 0.472551 0)
(1.16608 0.749892 0)
(1.04527 0.72826 0)
(1.04184 0.714642 0)
(1.03271 0.717578 0)
(1.0276 0.723958 0)
(1.03156 0.737983 0)
(1.04504 0.758055 0)
(1.06233 0.778062 0)
(1.08493 0.797701 0)
(1.12004 0.81606 0)
(1.16761 0.830958 0)
(1.23124 0.844272 0)
(1.30897 0.855509 0)
(1.3892 0.865171 0)
(3 -4.1561e-17 0)
(3 -1.76961e-16 0)
(3 -2.37313e-16 0)
(3 -2.20827e-16 0)
(3 2.45581e-17 0)
(3 9.63403e-17 0)
(3 -2.20207e-16 0)
(3 -2.07025e-16 0)
(3 1.30858e-16 0)
(3 -3.91144e-17 0)
(3 -6.11202e-16 0)
(3 -7.18959e-16 0)
(3 -6.26785e-17 0)
(3 2.14267e-16 0)
(3 2.45256e-16 0)
(3 -5.30628e-16 0)
(3 -1.19327e-15 0)
(3 -8.35711e-16 0)
(3 -2.3917e-16 0)
(3 7.56126e-17 0)
(3 -1.733e-16 0)
(3 -2.97565e-16 0)
(3 -9.53621e-16 0)
(3 -1.22414e-08 0)
(3 7.32216e-07 0)
(3.04429 0.0410759 0)
(1.58583 0.71797 0)
(1.10277 0.755814 0)
(1.08736 0.750725 0)
(1.08371 0.749412 0)
(1.07952 0.748311 0)
(1.08307 0.756731 0)
(1.09569 0.769493 0)
(1.11185 0.786366 0)
(1.13251 0.804935 0)
(1.16518 0.823163 0)
(1.209 0.837844 0)
(1.2655 0.850099 0)
(1.33288 0.858117 0)
(1.39956 0.861827 0)
(3 1.87618e-16 0)
(3 2.85732e-16 0)
(3 -1.15277e-16 0)
(3 -4.34994e-16 0)
(3 -1.76492e-16 0)
(3 1.00466e-16 0)
(3 -7.91699e-17 0)
(3 -4.63488e-16 0)
(3 -5.86188e-16 0)
(3 -5.16166e-16 0)
(3 -4.98923e-16 0)
(3 -1.24321e-15 0)
(3 -1.21916e-15 0)
(3 -6.85239e-16 0)
(3 -7.53871e-16 0)
(3 -5.61592e-16 0)
(3 -3.5591e-16 0)
(3 -3.22021e-16 0)
(3 -5.87242e-16 0)
(3 -4.64835e-16 0)
(3 1.34754e-16 0)
(3 -2.89214e-17 0)
(3 -1.80398e-16 0)
(3 -3.02255e-11 0)
(3 -3.05067e-08 0)
(3.0021 0.000768309 0)
(2.64622 0.400502 0)
(1.26805 0.801058 0)
(1.12422 0.776147 0)
(1.13972 0.770139 0)
(1.13631 0.77131 0)
(1.14131 0.771674 0)
(1.15075 0.775358 0)
(1.16341 0.784543 0)
(1.18283 0.798627 0)
(1.21325 0.815588 0)
(1.25158 0.832128 0)
(1.29997 0.844978 0)
(1.35553 0.853436 0)
(1.41223 0.85425 0)
(3 3.89943e-17 0)
(3 6.85414e-17 0)
(3 1.12062e-17 0)
(3 1.25258e-16 0)
(3 2.58738e-16 0)
(3 1.56042e-16 0)
(3 2.29599e-16 0)
(3 -4.46538e-18 0)
(3 -5.34144e-16 0)
(3 -5.75453e-16 0)
(3 -3.49554e-16 0)
(3 -5.55973e-16 0)
(3 -1.03166e-15 0)
(3 -1.05301e-15 0)
(3 -8.47482e-16 0)
(3 -6.71187e-16 0)
(3 -6.32643e-16 0)
(3 -7.5184e-16 0)
(3 -8.6556e-16 0)
(3 -8.82787e-16 0)
(3 -5.28392e-16 0)
(3 -6.00777e-16 0)
(3 -1.85776e-16 0)
(3 -1.6932e-14 0)
(3 -4.02533e-09 0)
(3 1.4754e-06 0)
(3.03301 0.0201806 0)
(1.78615 0.714361 0)
(1.17782 0.813185 0)
(1.15979 0.808782 0)
(1.17132 0.804447 0)
(1.17843 0.804557 0)
(1.18755 0.804259 0)
(1.20114 0.805686 0)
(1.22325 0.812471 0)
(1.25366 0.823606 0)
(1.29071 0.834733 0)
(1.33174 0.844156 0)
(1.37732 0.849245 0)
(1.42849 0.848622 0)
(3 -1.75251e-17 0)
(3 5.90568e-17 0)
(3 1.07821e-16 0)
(3 3.39032e-16 0)
(3 4.11552e-16 0)
(3 3.19124e-16 0)
(3 6.75011e-16 0)
(3 1.15135e-15 0)
(3 1.13351e-15 0)
(3 4.05121e-16 0)
(3 2.79708e-16 0)
(3 -1.27808e-16 0)
(3 -3.80008e-16 0)
(3 -6.26093e-17 0)
(3 1.21067e-16 0)
(3 -8.6659e-19 0)
(3 -5.31453e-16 0)
(3 -6.12019e-16 0)
(3 -4.61217e-16 0)
(3 -5.03784e-16 0)
(3 -7.45676e-16 0)
(3 -8.23561e-16 0)
(3 -6.43618e-16 0)
(3 1.757e-16 0)
(3 -1.39437e-10 0)
(3 -2.00762e-11 0)
(3.00063 0.00037587 0)
(2.87289 0.238778 0)
(1.45482 0.818031 0)
(1.18878 0.823895 0)
(1.21081 0.819947 0)
(1.21518 0.821398 0)
(1.22666 0.817587 0)
(1.24095 0.816345 0)
(1.26247 0.819464 0)
(1.28913 0.825601 0)
(1.3235 0.831311 0)
(1.36092 0.837009 0)
(1.40092 0.839 0)
(1.44945 0.837746 0)
(3 4.3646e-17 0)
(3 -2.81096e-17 0)
(3 -1.22883e-16 0)
(3 1.97266e-17 0)
(3 -1.33017e-16 0)
(3 2.2791e-16 0)
(3 2.52404e-16 0)
(3 5.44832e-16 0)
(3 7.29437e-16 0)
(3 5.90097e-16 0)
(3 2.43842e-16 0)
(3 1.51878e-16 0)
(3 5.29227e-17 0)
(3 -1.85351e-16 0)
(3 -5.49204e-16 0)
(3 -8.57121e-16 0)
(3 -1.04195e-15 0)
(3 -9.79035e-16 0)
(3 -6.85801e-16 0)
(3 -3.42134e-16 0)
(3 -1.27378e-16 0)
(3 4.07832e-17 0)
(3 -3.59028e-16 0)
(3 6.33018e-16 0)
(3 -4.28699e-13 0)
(3 -6.03325e-12 0)
(3 3.48271e-07 0)
(3.01054 0.00807092 0)
(2.28103 0.599876 0)
(1.29288 0.860643 0)
(1.22498 0.849831 0)
(1.24251 0.846152 0)
(1.25383 0.845178 0)
(1.26872 0.845778 0)
(1.28895 0.847036 0)
(1.31409 0.846442 0)
(1.34736 0.844814 0)
(1.38238 0.845407 0)
(1.42066 0.843183 0)
(1.46622 0.840734 0)
(3 -1.63812e-16 0)
(3 -2.21398e-16 0)
(3 -2.00443e-16 0)
(3 -2.77399e-16 0)
(3 -1.53419e-16 0)
(3 2.0175e-16 0)
(3 5.15709e-16 0)
(3 5.16414e-16 0)
(3 4.60093e-18 0)
(3 5.03625e-16 0)
(3 8.56178e-16 0)
(3 5.66345e-16 0)
(3 9.61099e-17 0)
(3 -9.18404e-16 0)
(3 -1.11269e-15 0)
(3 -1.25257e-15 0)
(3 -1.01531e-15 0)
(3 -7.49742e-16 0)
(3 -6.05677e-16 0)
(3 -1.04879e-16 0)
(3 6.6397e-16 0)
(3 1.03431e-15 0)
(3 8.17442e-16 0)
(3 4.82011e-16 0)
(3 1.83455e-15 0)
(3 -3.78051e-13 0)
(3 1.75783e-11 0)
(3.00006 9.16352e-05 0)
(3.00804 0.0728132 0)
(1.77839 0.777742 0)
(1.27752 0.867233 0)
(1.27651 0.865702 0)
(1.2888 0.863702 0)
(1.30315 0.862676 0)
(1.32117 0.860631 0)
(1.34349 0.857006 0)
(1.37366 0.853919 0)
(1.4059 0.852099 0)
(1.44215 0.846941 0)
(1.48358 0.843201 0)
(3 2.35034e-17 0)
(3 4.0277e-17 0)
(3 8.11429e-17 0)
(3 -3.36686e-16 0)
(3 -2.32887e-16 0)
(3 3.35249e-16 0)
(3 6.92882e-16 0)
(3 8.89144e-16 0)
(3 4.81873e-16 0)
(3 5.17293e-16 0)
(3 4.85018e-16 0)
(3 -5.38549e-16 0)
(3 -6.91205e-16 0)
(3 -5.39951e-16 0)
(3 -7.79456e-16 0)
(3 -4.17092e-16 0)
(3 2.68863e-16 0)
(3 6.12783e-16 0)
(3 4.98838e-16 0)
(3 5.09007e-16 0)
(3 6.09943e-16 0)
(3 6.58507e-16 0)
(3 7.3125e-16 0)
(3 2.14226e-16 0)
(3 3.65455e-15 0)
(3 -1.32665e-14 0)
(3 -1.22056e-14 0)
(3 3.92937e-08 0)
(3.00166 0.00220213 0)
(2.81005 0.290259 0)
(1.57026 0.861095 0)
(1.30613 0.895158 0)
(1.32387 0.887693 0)
(1.33572 0.884456 0)
(1.3511 0.879117 0)
(1.37075 0.874562 0)
(1.39725 0.871705 0)
(1.42626 0.868142 0)
(1.45911 0.861744 0)
(1.49592 0.857304 0)
(3 2.33527e-17 0)
(3 3.2671e-17 0)
(3 7.31054e-17 0)
(3 1.42654e-16 0)
(3 3.09178e-16 0)
(3 3.76035e-16 0)
(3 4.26002e-16 0)
(3 6.66408e-16 0)
(3 1.15358e-15 0)
(3 7.6335e-16 0)
(3 -1.71734e-16 0)
(3 -3.17769e-16 0)
(3 -1.39129e-16 0)
(3 2.47484e-17 0)
(3 -2.39957e-16 0)
(3 -3.64361e-16 0)
(3 9.63801e-16 0)
(3 1.20094e-15 0)
(3 9.80892e-16 0)
(3 2.91558e-16 0)
(3 -2.00827e-16 0)
(3 -1.80347e-16 0)
(3 -1.1063e-16 0)
(3 4.24519e-16 0)
(3 2.9887e-15 0)
(3 2.92098e-15 0)
(3 -1.24113e-15 0)
(3 3.25547e-12 0)
(3 5.42796e-06 0)
(3.00559 0.0147276 0)
(2.49669 0.525357 0)
(1.47445 0.910908 0)
(1.33982 0.911817 0)
(1.36339 0.903712 0)
(1.37865 0.897033 0)
(1.40069 0.889002 0)
(1.42534 0.883075 0)
(1.45069 0.877446 0)
(1.48014 0.871324 0)
(1.51252 0.867675 0)
(3 -1.45578e-16 0)
(3 -9.01763e-17 0)
(3 -4.03183e-17 0)
(3 7.5217e-17 0)
(3 2.3121e-16 0)
(3 -1.36732e-16 0)
(3 -4.15737e-16 0)
(3 -2.66447e-16 0)
(3 3.42953e-16 0)
(3 3.32791e-16 0)
(3 2.6692e-16 0)
(3 1.23035e-15 0)
(3 1.61773e-15 0)
(3 1.06369e-15 0)
(3 4.15422e-16 0)
(3 3.69276e-16 0)
(3 3.26285e-16 0)
(3 3.28408e-16 0)
(3 2.70187e-16 0)
(3 -1.37576e-16 0)
(3 -3.24748e-16 0)
(3 3.48572e-16 0)
(3 1.0003e-15 0)
(3 1.13762e-15 0)
(3 1.2529e-15 0)
(3 1.71401e-15 0)
(3 1.97614e-15 0)
(3 1.93239e-15 0)
(3 9.57326e-10 0)
(3.00003 0.000176979 0)
(3.00165 0.0464439 0)
(2.17845 0.709484 0)
(1.42064 0.935066 0)
(1.38383 0.918608 0)
(1.41184 0.909273 0)
(1.43 0.903669 0)
(1.4529 0.896928 0)
(1.47548 0.890699 0)
(1.50174 0.885869 0)
(1.53115 0.881637 0)
(3 3.32985e-18 0)
(3 9.41215e-18 0)
(3 6.92612e-17 0)
(3 3.2042e-16 0)
(3 1.40603e-16 0)
(3 -1.61748e-16 0)
(3 -5.37096e-16 0)
(3 -6.28775e-16 0)
(3 -8.06041e-16 0)
(3 -6.07439e-16 0)
(3 -4.54969e-16 0)
(3 1.4019e-16 0)
(3 5.4618e-16 0)
(3 4.73726e-16 0)
(3 8.22846e-16 0)
(3 7.09967e-16 0)
(3 -7.33071e-17 0)
(3 -1.40221e-16 0)
(3 -4.63337e-17 0)
(3 1.12071e-16 0)
(3 4.29137e-16 0)
(3 8.00955e-16 0)
(3 8.61832e-16 0)
(3 6.17025e-16 0)
(3 1.99051e-16 0)
(3 -5.7678e-17 0)
(3 3.8322e-16 0)
(3 -6.32239e-16 0)
(3 9.52159e-14 0)
(3 9.83654e-08 0)
(3.00026 0.00123311 0)
(2.95636 0.12724 0)
(1.92866 0.80809 0)
(1.43398 0.935078 0)
(1.43038 0.933913 0)
(1.45567 0.924212 0)
(1.47658 0.915659 0)
(1.49837 0.908246 0)
(1.52422 0.901381 0)
(1.55097 0.894936 0)
(3 1.5938e-16 0)
(3 9.223e-17 0)
(3 1.63522e-16 0)
(3 3.41657e-16 0)
(3 3.08006e-16 0)
(3 1.82482e-16 0)
(3 -7.01443e-17 0)
(3 -5.2279e-16 0)
(3 -4.10438e-16 0)
(3 -5.41646e-16 0)
(3 -4.38585e-16 0)
(3 -3.22212e-16 0)
(3 -3.41055e-17 0)
(3 1.18137e-16 0)
(3 3.9809e-16 0)
(3 4.68986e-16 0)
(3 8.84251e-16 0)
(3 6.967e-16 0)
(3 5.40259e-16 0)
(3 1.01218e-15 0)
(3 1.18382e-15 0)
(3 8.5037e-16 0)
(3 2.29607e-16 0)
(3 -2.89128e-16 0)
(3 -5.01296e-16 0)
(3 -7.77981e-16 0)
(3 -1.36765e-15 0)
(3 -1.11239e-15 0)
(3 -1.54177e-15 0)
(3 1.86566e-11 0)
(3 1.68616e-06 0)
(3.00077 0.00495709 0)
(2.83062 0.259545 0)
(1.79971 0.867234 0)
(1.47033 0.94507 0)
(1.47503 0.943681 0)
(1.49911 0.934023 0)
(1.51932 0.927007 0)
(1.54344 0.918881 0)
(1.56912 0.909121 0)
(3 2.01491e-17 0)
(3 9.68421e-17 0)
(3 -1.01646e-16 0)
(3 -5.6053e-17 0)
(3 -1.85847e-16 0)
(3 -3.69662e-16 0)
(3 -3.40924e-16 0)
(3 -1.52267e-17 0)
(3 -8.77047e-18 0)
(3 -3.07534e-16 0)
(3 -7.07903e-16 0)
(3 -9.27031e-16 0)
(3 -6.5397e-16 0)
(3 1.70386e-16 0)
(3 5.25165e-16 0)
(3 6.58882e-16 0)
(3 7.08385e-16 0)
(3 5.62794e-16 0)
(3 3.3449e-16 0)
(3 3.73857e-16 0)
(3 6.58548e-16 0)
(3 7.223e-16 0)
(3 -6.34423e-17 0)
(3 -1.14854e-15 0)
(3 -1.18836e-15 0)
(3 -1.40485e-15 0)
(3 -1.54011e-15 0)
(3 -1.96614e-15 0)
(3 -3.10108e-15 0)
(3 8.22556e-16 0)
(3 4.80881e-10 0)
(3 1.64474e-05 0)
(2.99948 0.0145509 0)
(2.691 0.382638 0)
(1.7398 0.899802 0)
(1.51023 0.954383 0)
(1.51826 0.951514 0)
(1.54133 0.941863 0)
(1.56319 0.932528 0)
(1.58626 0.922617 0)
(3 -6.05284e-17 0)
(3 -4.42635e-17 0)
(3 -7.75763e-18 0)
(3 -3.77596e-17 0)
(3 -3.60752e-16 0)
(3 -5.96197e-16 0)
(3 -2.74794e-16 0)
(3 -2.66116e-16 0)
(3 -5.35804e-16 0)
(3 -6.76273e-16 0)
(3 -7.78502e-16 0)
(3 -6.10664e-16 0)
(3 -3.68742e-16 0)
(3 -2.81131e-16 0)
(3 2.95515e-16 0)
(3 2.51923e-16 0)
(3 7.05248e-17 0)
(3 9.8551e-17 0)
(3 1.15618e-17 0)
(3 -3.56179e-16 0)
(3 -3.03371e-16 0)
(3 -3.53555e-17 0)
(3 -1.80166e-16 0)
(3 -5.3953e-16 0)
(3 -1.18764e-15 0)
(3 -1.74088e-15 0)
(3 -1.98145e-15 0)
(3 -2.68489e-15 0)
(3 -2.22127e-15 0)
(3 -1.12679e-15 0)
(3 3.87536e-14 0)
(3 6.64093e-09 0)
(2.99999 0.00011419 0)
(2.99507 0.0279426 0)
(2.5589 0.48209 0)
(1.71716 0.917527 0)
(1.54925 0.959432 0)
(1.55956 0.955552 0)
(1.5844 0.944004 0)
(1.60426 0.93559 0)
(3 -3.31405e-17 0)
(3 -5.50117e-17 0)
(3 1.77375e-16 0)
(3 1.45667e-16 0)
(3 1.75739e-16 0)
(3 2.46371e-16 0)
(3 1.0697e-16 0)
(3 -5.29634e-16 0)
(3 -4.75481e-16 0)
(3 1.27398e-16 0)
(3 4.84287e-16 0)
(3 3.2636e-16 0)
(3 -7.45888e-17 0)
(3 -7.2995e-16 0)
(3 -6.27803e-16 0)
(3 -6.51596e-16 0)
(3 -1.02358e-15 0)
(3 -1.16823e-15 0)
(3 -9.46638e-16 0)
(3 -7.82358e-16 0)
(3 -3.13584e-16 0)
(3 -4.89342e-16 0)
(3 -4.94639e-16 0)
(3 -7.21835e-16 0)
(3 -9.47477e-16 0)
(3 -1.31029e-15 0)
(3 -1.67794e-15 0)
(3 -1.60119e-15 0)
(3 -8.91481e-16 0)
(3 -4.6545e-16 0)
(3 1.6661e-16 0)
(3 6.29603e-13 0)
(3 7.43497e-08 0)
(2.99996 0.000391237 0)
(2.98541 0.0449508 0)
(2.45198 0.55373 0)
(1.71726 0.926658 0)
(1.58519 0.961398 0)
(1.5984 0.957219 0)
(1.62188 0.947434 0)
(3 3.92418e-17 0)
(3 4.30806e-16 0)
(3 6.15271e-16 0)
(3 4.58113e-16 0)
(3 3.53343e-16 0)
(3 3.41325e-16 0)
(3 3.85499e-16 0)
(3 4.06482e-16 0)
(3 1.31327e-16 0)
(3 3.35826e-16 0)
(3 4.53217e-16 0)
(3 1.73592e-16 0)
(3 1.7669e-16 0)
(3 8.41673e-17 0)
(3 -3.31218e-16 0)
(3 -4.57094e-16 0)
(3 -1.26029e-15 0)
(3 -1.36399e-15 0)
(3 -5.54975e-16 0)
(3 1.48662e-16 0)
(3 1.24318e-17 0)
(3 -4.19906e-16 0)
(3 -6.28315e-16 0)
(3 7.59033e-17 0)
(3 1.17296e-16 0)
(3 -3.67467e-16 0)
(3 -3.93418e-16 0)
(3 -7.59586e-16 0)
(3 -1.15373e-15 0)
(3 -8.33183e-16 0)
(3 -5.11191e-16 0)
(3 -2.21696e-16 0)
(3 1.42697e-11 0)
(3 3.63534e-07 0)
(2.99988 0.000943229 0)
(2.97135 0.0638196 0)
(2.37621 0.603042 0)
(1.73021 0.931681 0)
(1.61948 0.963272 0)
(1.63293 0.960532 0)
(3 4.89526e-17 0)
(3 8.91966e-17 0)
(3 -4.09237e-17 0)
(3 -7.59728e-17 0)
(3 9.91478e-17 0)
(3 3.4464e-17 0)
(3 1.09831e-16 0)
(3 6.67716e-16 0)
(3 4.79292e-16 0)
(3 4.34635e-17 0)
(3 6.35463e-17 0)
(3 4.61698e-16 0)
(3 6.50492e-16 0)
(3 3.7257e-16 0)
(3 -2.49419e-17 0)
(3 -2.17366e-16 0)
(3 -3.47327e-17 0)
(3 2.56451e-16 0)
(3 3.6058e-16 0)
(3 5.16948e-16 0)
(3 1.46302e-16 0)
(3 2.12404e-16 0)
(3 4.28298e-16 0)
(3 8.76249e-16 0)
(3 4.54012e-16 0)
(3 -4.50983e-16 0)
(3 -4.68639e-16 0)
(3 -1.31306e-15 0)
(3 -1.59445e-15 0)
(3 -1.70124e-15 0)
(3 -1.79653e-15 0)
(3 -1.8464e-15 0)
(3 -1.57044e-16 0)
(3 1.15099e-10 0)
(3 1.21629e-06 0)
(2.99973 0.00175879 0)
(2.95569 0.082471 0)
(2.32865 0.634811 0)
(1.7521 0.937937 0)
(1.65343 0.964964 0)
(3 -1.17664e-16 0)
(3 -2.86815e-16 0)
(3 -1.62146e-16 0)
(3 -1.90523e-16 0)
(3 3.492e-17 0)
(3 9.16273e-16 0)
(3 9.54208e-16 0)
(3 6.79969e-16 0)
(3 7.90372e-16 0)
(3 6.57141e-16 0)
(3 3.46918e-16 0)
(3 1.231e-15 0)
(3 1.02284e-15 0)
(3 1.06274e-16 0)
(3 1.27e-16 0)
(3 1.67805e-16 0)
(3 8.76218e-16 0)
(3 1.06719e-15 0)
(3 9.62875e-16 0)
(3 5.7121e-16 0)
(3 3.15231e-16 0)
(3 3.55125e-16 0)
(3 1.13502e-16 0)
(3 -4.42746e-17 0)
(3 -1.70732e-16 0)
(3 -1.03372e-15 0)
(3 -1.08642e-15 0)
(3 -5.08235e-16 0)
(3 -3.65829e-16 0)
(3 -6.2761e-16 0)
(3 -9.11229e-16 0)
(3 -9.56083e-16 0)
(3 -1.16094e-15 0)
(3 5.51189e-15 0)
(3 5.32553e-10 0)
(3 3.19241e-06 0)
(2.99954 0.00260518 0)
(2.93362 0.103896 0)
(2.34143 0.648771 0)
(1.75237 0.949361 0)
(3 8.40813e-17 0)
(3 -9.91645e-19 0)
(3 -1.11046e-16 0)
(3 -1.81838e-16 0)
(3 -4.38579e-16 0)
(3 -1.92289e-16 0)
(3 1.78753e-16 0)
(3 5.64955e-17 0)
(3 1.75128e-16 0)
(3 3.06346e-16 0)
(3 -8.96224e-17 0)
(3 3.86834e-16 0)
(3 1.57169e-15 0)
(3 2.21875e-15 0)
(3 1.89977e-15 0)
(3 1.0968e-15 0)
(3 4.1648e-16 0)
(3 5.48586e-16 0)
(3 3.67003e-16 0)
(3 1.36446e-16 0)
(3 -3.01471e-16 0)
(3 -8.52292e-16 0)
(3 -9.96742e-16 0)
(3 -8.79745e-16 0)
(3 -4.66178e-16 0)
(3 1.0029e-16 0)
(3 -1.06962e-16 0)
(3 -1.26756e-16 0)
(3 8.15553e-16 0)
(3 1.02486e-15 0)
(3 9.49078e-16 0)
(3 2.80194e-16 0)
(3 -8.10071e-16 0)
(3 -1.39163e-15 0)
(3 2.7831e-14 0)
(3 1.97253e-09 0)
(3 5.11521e-06 0)
(2.99885 0.00418413 0)
(2.9569 0.0986622 0)
(2.22216 0.735484 0)
(3 6.40898e-18 0)
(3 8.06208e-17 0)
(3 1.03121e-16 0)
(3 3.02681e-16 0)
(3 1.73389e-16 0)
(3 -5.23343e-16 0)
(3 -6.33183e-16 0)
(3 -4.07754e-16 0)
(3 -3.62431e-16 0)
(3 8.27063e-17 0)
(3 2.93258e-16 0)
(3 -5.73145e-18 0)
(3 3.59561e-16 0)
(3 6.50702e-16 0)
(3 -2.89098e-17 0)
(3 -2.79239e-16 0)
(3 -1.87814e-16 0)
(3 -2.03255e-16 0)
(3 -1.16922e-15 0)
(3 -1.21776e-15 0)
(3 -1.78023e-15 0)
(3 -1.84669e-15 0)
(3 -9.57172e-16 0)
(3 -2.7154e-16 0)
(3 -5.74039e-17 0)
(3 6.56662e-16 0)
(3 7.26103e-16 0)
(3 8.63254e-16 0)
(3 1.67781e-15 0)
(3 1.63782e-15 0)
(3 1.12331e-15 0)
(3 2.62686e-16 0)
(3 -7.21238e-16 0)
(3 -1.44084e-15 0)
(3 -1.09676e-15 0)
(3 1.09178e-13 0)
(3 3.83004e-09 0)
(3 1.10546e-05 0)
(2.99966 0.00406867 0)
(2.92296 0.15573 0)
(3 -3.65082e-17 0)
(3 9.29018e-17 0)
(3 1.53462e-16 0)
(3 4.42713e-16 0)
(3 3.2921e-16 0)
(3 1.55804e-16 0)
(3 1.88507e-16 0)
(3 2.96429e-16 0)
(3 2.46589e-16 0)
(3 3.30303e-16 0)
(3 3.67313e-16 0)
(3 -1.78728e-16 0)
(3 -5.17925e-16 0)
(3 -4.91654e-16 0)
(3 -5.46415e-16 0)
(3 -6.23226e-16 0)
(3 -2.88769e-16 0)
(3 -4.99848e-16 0)
(3 -1.52914e-15 0)
(3 -1.61341e-15 0)
(3 -1.59241e-15 0)
(3 -8.92229e-16 0)
(3 -5.61581e-16 0)
(3 -5.28122e-16 0)
(3 -5.80642e-16 0)
(3 -8.51899e-17 0)
(3 3.79568e-16 0)
(3 1.15294e-15 0)
(3 1.26171e-15 0)
(3 1.36878e-15 0)
(3 9.13782e-16 0)
(3 6.34587e-16 0)
(3 -1.58421e-16 0)
(3 -5.50505e-16 0)
(3 -7.40925e-16 0)
(3 -6.81842e-16 0)
(3 3.71804e-13 0)
(3 5.09505e-09 0)
(3 2.21416e-05 0)
(3.00526 0.00216485 0)
(3 -1.29315e-17 0)
(3 -3.63895e-16 0)
(3 -6.95157e-16 0)
(3 -1.05606e-15 0)
(3 -8.06979e-16 0)
(3 -4.55127e-16 0)
(3 -4.58404e-16 0)
(3 -9.71629e-17 0)
(3 1.09962e-16 0)
(3 -6.61804e-16 0)
(3 -7.79051e-16 0)
(3 -1.40589e-15 0)
(3 -1.549e-15 0)
(3 -1.30258e-15 0)
(3 -1.20158e-15 0)
(3 -8.17142e-16 0)
(3 -4.16578e-16 0)
(3 -3.928e-16 0)
(3 1.22346e-16 0)
(3 2.25177e-16 0)
(3 -3.20046e-17 0)
(3 -1.89154e-16 0)
(3 -6.96251e-16 0)
(3 -1.11922e-15 0)
(3 -1.22741e-15 0)
(3 -1.02857e-15 0)
(3 -4.66244e-16 0)
(3 2.20006e-16 0)
(3 5.23051e-16 0)
(3 8.31219e-16 0)
(3 1.08521e-15 0)
(3 1.73678e-16 0)
(3 4.20099e-16 0)
(3 2.90299e-16 0)
(3 7.54517e-17 0)
(3 -3.46428e-16 0)
(3 -1.07213e-15 0)
(3 3.80488e-13 0)
(3 2.22191e-08 0)
(3.00005 2.16351e-06 0)
(3 -4.76776e-17 0)
(3 -5.7231e-17 0)
(3 6.68147e-17 0)
(3 2.64122e-17 0)
(3 -2.69766e-16 0)
(3 -3.75604e-16 0)
(3 -5.8975e-17 0)
(3 -1.88664e-16 0)
(3 -3.46814e-16 0)
(3 -5.60504e-16 0)
(3 -4.64284e-16 0)
(3 -3.96214e-16 0)
(3 -1.23335e-15 0)
(3 -1.54112e-15 0)
(3 -1.28673e-15 0)
(3 -9.27037e-16 0)
(3 -4.51646e-16 0)
(3 -2.99289e-16 0)
(3 1.023e-16 0)
(3 1.28934e-15 0)
(3 1.67348e-15 0)
(3 1.21531e-15 0)
(3 -1.76328e-16 0)
(3 -9.97047e-16 0)
(3 -1.36076e-15 0)
(3 -9.05327e-16 0)
(3 -4.25317e-16 0)
(3 3.31312e-16 0)
(3 1.20405e-15 0)
(3 1.38739e-15 0)
(3 1.66755e-15 0)
(3 1.34396e-15 0)
(3 1.351e-15 0)
(3 1.28361e-15 0)
(3 7.52203e-16 0)
(3 5.54626e-17 0)
(3 -3.30005e-16 0)
(3 -6.38812e-16 0)
(3 7.10315e-12 0)
(3 -3.70637e-10 0)
(3 2.3288e-17 0)
(3 1.94791e-16 0)
(3 2.58219e-16 0)
(3 1.48042e-16 0)
(3 -5.14647e-18 0)
(3 -1.55168e-16 0)
(3 2.19338e-16 0)
(3 2.63784e-17 0)
(3 -1.57137e-17 0)
(3 7.50704e-16 0)
(3 8.343e-16 0)
(3 8.87992e-16 0)
(3 5.97867e-16 0)
(3 -2.71231e-16 0)
(3 -7.85752e-16 0)
(3 -3.88697e-16 0)
(3 1.12678e-16 0)
(3 3.64897e-16 0)
(3 5.27742e-16 0)
(3 5.69109e-16 0)
(3 1.01904e-15 0)
(3 1.03474e-15 0)
(3 9.29515e-16 0)
(3 6.59164e-16 0)
(3 -1.45768e-16 0)
(3 -6.14696e-16 0)
(3 4.08944e-16 0)
(3 9.60195e-16 0)
(3 1.13462e-15 0)
(3 1.70865e-15 0)
(3 1.56607e-15 0)
(3 1.62399e-15 0)
(3 1.92763e-15 0)
(3 2.34167e-15 0)
(3 1.6243e-15 0)
(3 1.45783e-15 0)
(3 1.10091e-15 0)
(3 2.1831e-16 0)
(3 1.10881e-15 0)
(3 -7.52593e-10 0)
(3 -4.72005e-18 0)
(3 9.21985e-17 0)
(3 -2.3884e-16 0)
(3 -2.07601e-16 0)
(3 7.22962e-17 0)
(3 2.443e-16 0)
(3 -3.11372e-16 0)
(3 -1.79155e-17 0)
(3 1.71283e-16 0)
(3 6.93676e-17 0)
(3 1.12686e-16 0)
(3 4.83134e-16 0)
(3 5.34226e-16 0)
(3 2.86991e-16 0)
(3 3.7085e-16 0)
(3 5.21772e-16 0)
(3 5.08887e-16 0)
(3 3.32896e-17 0)
(3 -5.44871e-16 0)
(3 -2.49976e-16 0)
(3 9.19049e-17 0)
(3 3.37462e-16 0)
(3 9.08686e-16 0)
(3 1.21317e-15 0)
(3 1.57517e-15 0)
(3 9.22506e-16 0)
(3 6.14002e-16 0)
(3 2.87555e-16 0)
(3 1.21768e-16 0)
(3 2.33553e-16 0)
(3 5.29134e-16 0)
(3 1.24546e-15 0)
(3 1.46104e-15 0)
(3 1.53816e-15 0)
(3 1.09806e-15 0)
(3 1.02748e-15 0)
(3 4.5655e-16 0)
(3 8.61321e-17 0)
(3 4.04107e-16 0)
(3 -1.1778e-10 0)
(3 -4.40504e-17 0)
(3 -1.40353e-18 0)
(3 -1.38101e-17 0)
(3 1.57668e-17 0)
(3 1.40385e-16 0)
(3 1.2133e-16 0)
(3 -1.32331e-16 0)
(3 -1.05947e-16 0)
(3 -2.59884e-16 0)
(3 -5.79012e-16 0)
(3 -1.5332e-16 0)
(3 1.74012e-16 0)
(3 3.742e-16 0)
(3 6.94379e-16 0)
(3 1.38081e-15 0)
(3 1.60368e-15 0)
(3 8.22619e-16 0)
(3 3.24851e-16 0)
(3 -6.20728e-17 0)
(3 2.10856e-16 0)
(3 1.42723e-16 0)
(3 5.77118e-16 0)
(3 8.55853e-16 0)
(3 1.19804e-15 0)
(3 1.97149e-15 0)
(3 1.61604e-15 0)
(3 1.32464e-15 0)
(3 9.3633e-16 0)
(3 5.19556e-16 0)
(3 1.73389e-18 0)
(3 1.48817e-16 0)
(3 1.46772e-15 0)
(3 6.88911e-16 0)
(3 -5.67575e-16 0)
(3 -9.47486e-16 0)
(3 -1.29383e-15 0)
(3 -5.28614e-17 0)
(3 7.92261e-16 0)
(3 1.30765e-15 0)
(3 -5.9614e-12 0)
(3 5.41238e-17 0)
(3 -1.89045e-16 0)
(3 -2.49947e-16 0)
(3 -6.18809e-17 0)
(3 1.72101e-16 0)
(3 1.32118e-16 0)
(3 9.08331e-17 0)
(3 -1.3435e-16 0)
(3 -1.59779e-16 0)
(3 -1.70738e-16 0)
(3 -4.38132e-17 0)
(3 -1.12179e-16 0)
(3 -1.5515e-16 0)
(3 2.77296e-16 0)
(3 6.90299e-16 0)
(3 4.49668e-16 0)
(3 3.68891e-16 0)
(3 8.20667e-16 0)
(3 1.34533e-15 0)
(3 9.10461e-16 0)
(3 4.76571e-16 0)
(3 8.41652e-16 0)
(3 1.59206e-15 0)
(3 1.90904e-15 0)
(3 1.2948e-15 0)
(3 4.92308e-16 0)
(3 -4.13726e-16 0)
(3 -5.50962e-16 0)
(3 4.60353e-17 0)
(3 1.08874e-15 0)
(3 1.5679e-15 0)
(3 5.22692e-16 0)
(3 4.46844e-18 0)
(3 4.41083e-16 0)
(3 4.34248e-16 0)
(3 3.50082e-16 0)
(3 8.85885e-16 0)
(3 5.9197e-16 0)
(3 3.47859e-16 0)
(3 -4.20605e-14 0)
(3 -3.72162e-17 0)
(3 -1.39562e-16 0)
(3 -1.63004e-16 0)
(3 -1.67984e-16 0)
(3 -2.04212e-16 0)
(3 -2.02794e-16 0)
(3 -1.00061e-16 0)
(3 -3.20291e-16 0)
(3 -9.72155e-17 0)
(3 -4.58324e-16 0)
(3 -1.14482e-15 0)
(3 -1.10849e-15 0)
(3 -1.22227e-15 0)
(3 -7.36433e-16 0)
(3 -2.82036e-16 0)
(3 -4.20588e-16 0)
(3 -1.23138e-15 0)
(3 -2.66082e-16 0)
(3 8.1527e-16 0)
(3 1.10351e-15 0)
(3 7.66338e-16 0)
(3 6.29897e-16 0)
(3 5.48325e-16 0)
(3 5.02043e-16 0)
(3 2.40798e-16 0)
(3 -5.30285e-16 0)
(3 -1.9989e-16 0)
(3 -4.19577e-16 0)
(3 2.85648e-16 0)
(3 1.13419e-15 0)
(3 6.46935e-16 0)
(3 -9.45841e-16 0)
(3 -1.38472e-15 0)
(3 2.86154e-16 0)
(3 9.03851e-16 0)
(3 1.09868e-15 0)
(3 9.80825e-16 0)
(3 3.90017e-16 0)
(3 -2.20934e-16 0)
(3 -1.49235e-16 0)
(3 -5.34776e-17 0)
(3 6.85129e-17 0)
(3 4.52966e-16 0)
(3 2.43642e-16 0)
(3 1.25505e-16 0)
(3 -1.01028e-16 0)
(3 -3.2818e-16 0)
(3 -5.21706e-16 0)
(3 -1.64867e-16 0)
(3 -1.3787e-16 0)
(3 -7.0898e-16 0)
(3 -6.9998e-16 0)
(3 -7.08905e-16 0)
(3 -1.02383e-15 0)
(3 -4.22714e-16 0)
(3 -4.53824e-17 0)
(3 2.82903e-16 0)
(3 5.67408e-16 0)
(3 7.70524e-16 0)
(3 4.27571e-16 0)
(3 7.76406e-17 0)
(3 -1.43171e-16 0)
(3 -6.17441e-16 0)
(3 -7.21933e-16 0)
(3 -4.11257e-16 0)
(3 -9.26015e-17 0)
(3 -5.4281e-17 0)
(3 -3.72215e-16 0)
(3 -4.00857e-16 0)
(3 2.10955e-16 0)
(3 2.73215e-16 0)
(3 -8.36795e-16 0)
(3 -1.85049e-15 0)
(3 -1.29313e-15 0)
(3 8.24912e-17 0)
(3 9.30318e-16 0)
(3 1.95713e-16 0)
(3 -1.98987e-17 0)
(3 -6.17254e-17 0)
(3 -7.21225e-18 0)
(3 8.99162e-17 0)
(3 4.02906e-16 0)
(3 4.28172e-16 0)
(3 6.05342e-16 0)
(3 7.35281e-16 0)
(3 4.53736e-16 0)
(3 3.41821e-17 0)
(3 2.44863e-16 0)
(3 1.71977e-16 0)
(3 2.23364e-17 0)
(3 -2.40296e-16 0)
(3 -5.08869e-16 0)
(3 -4.02661e-16 0)
(3 -4.66551e-16 0)
(3 -1.42057e-16 0)
(3 3.91328e-16 0)
(3 1.18955e-15 0)
(3 1.23785e-15 0)
(3 2.70584e-16 0)
(3 -4.97181e-16 0)
(3 1.94556e-16 0)
(3 5.7071e-16 0)
(3 2.11812e-16 0)
(3 -1.35707e-16 0)
(3 -6.77597e-16 0)
(3 -6.17413e-16 0)
(3 -7.84001e-16 0)
(3 -8.50463e-16 0)
(3 -2.50178e-16 0)
(3 -3.1647e-16 0)
(3 -3.04299e-16 0)
(3 -5.12388e-16 0)
(3 -6.97653e-16 0)
(3 -1.23083e-15 0)
(3 -1.59941e-15 0)
(3 -1.10911e-15 0)
(3 -1.14914e-15 0)
(3 -1.13298e-15 0)
(3 -3.68843e-16 0)
(3 2.90836e-16 0)
(3 -1.78628e-17 0)
(3 -1.80435e-16 0)
(3 -3.22689e-17 0)
(3 3.88533e-16 0)
(3 3.59503e-16 0)
(3 2.0612e-16 0)
(3 4.49628e-16 0)
(3 3.06965e-16 0)
(3 1.83971e-17 0)
(3 -3.25815e-16 0)
(3 -5.25045e-16 0)
(3 -6.01227e-16 0)
(3 -3.33141e-16 0)
(3 -1.43904e-16 0)
(3 2.80036e-17 0)
(3 3.73473e-16 0)
(3 3.93809e-16 0)
(3 -4.10579e-17 0)
(3 -4.32509e-16 0)
(3 3.3274e-16 0)
(3 3.5387e-16 0)
(3 -1.80758e-16 0)
(3 -4.42106e-16 0)
(3 -8.28398e-16 0)
(3 -1.13369e-15 0)
(3 -3.47945e-16 0)
(3 -1.59382e-16 0)
(3 -1.94391e-16 0)
(3 -3.15598e-16 0)
(3 -2.56642e-16 0)
(3 -1.10135e-15 0)
(3 -1.13592e-15 0)
(3 -8.77021e-16 0)
(3 -6.50263e-16 0)
(3 -8.71373e-16 0)
(3 -1.24961e-15 0)
(3 -1.0976e-15 0)
(3 -7.62385e-16 0)
(3 -4.97698e-16 0)
(3 7.5836e-17 0)
(3 -3.89711e-17 0)
(3 -2.86092e-16 0)
(3 -1.45237e-16 0)
(3 6.42253e-17 0)
(3 2.88386e-17 0)
(3 9.79625e-17 0)
(3 1.58996e-16 0)
(3 -5.03944e-17 0)
(3 -1.44033e-16 0)
(3 -1.74507e-16 0)
(3 -3.1984e-16 0)
(3 -1.73648e-16 0)
(3 -1.72182e-16 0)
(3 -1.40871e-16 0)
(3 -1.3346e-16 0)
(3 2.16709e-16 0)
(3 1.67789e-16 0)
(3 -7.8488e-16 0)
(3 -6.43527e-16 0)
(3 -3.39187e-16 0)
(3 8.66572e-17 0)
(3 -4.30053e-16 0)
(3 -3.93076e-16 0)
(3 -1.17011e-15 0)
(3 -6.54895e-16 0)
(3 -1.53824e-16 0)
(3 2.04323e-18 0)
(3 -2.17668e-16 0)
(3 -4.35261e-16 0)
(3 -6.29618e-16 0)
(3 -2.90516e-16 0)
(3 -1.00434e-16 0)
(3 1.42005e-16 0)
(3 2.16803e-16 0)
(3 -4.10674e-16 0)
(3 -6.37457e-16 0)
(3 -7.24363e-16 0)
(3 -8.37019e-16 0)
(3 -6.53041e-16 0)
(3 -1.98378e-16 0)
(1.46595 1.54531 0)
(2.04337 0.0880969 0)
(2.2812 -0.0831234 0)
(2.30035 -0.0499708 0)
(2.31594 -0.0381092 0)
(2.31036 -0.0471662 0)
(2.29276 -0.0352547 0)
(2.27895 -0.0221469 0)
(2.25648 -0.000367626 0)
(2.24752 0.00924643 0)
(2.23579 0.00829337 0)
(2.24995 -0.00137015 0)
(2.27182 -0.0085617 0)
(2.28208 -0.0153908 0)
(2.28427 -0.0102209 0)
(2.29781 0.00166045 0)
(2.29107 -0.0135273 0)
(1.96457 -0.141448 0)
(1.45678 -0.135953 0)
(1.42969 -0.0631597 0)
(1.53224 -0.012885 0)
(1.63983 -0.00155731 0)
(1.69848 -0.000674748 0)
(1.75702 0.00166394 0)
(1.81405 0.00396962 0)
(1.87366 0.00266653 0)
(1.93483 0.00100414 0)
(1.9936 0.000512119 0)
(2.05094 0.00156069 0)
(2.10291 0.00467952 0)
(2.14581 0.0068619 0)
(2.18479 0.00589814 0)
(2.22401 0.00470281 0)
(2.26242 0.00467321 0)
(2.29843 0.00541686 0)
(2.3351 0.00696187 0)
(2.37505 0.00881372 0)
(2.41744 0.00966466 0)
(2.454 0.00908151 0)
(2.51009 0.00861605 0)
(1.84357 0.89326 0)
(2.33073 -0.175791 0)
(2.47236 -0.183347 0)
(2.43254 -0.109018 0)
(2.38575 -0.0691435 0)
(2.36618 -0.0697637 0)
(2.36632 -0.0889963 0)
(2.3426 -0.060007 0)
(2.3255 -0.0290652 0)
(2.31088 0.0059825 0)
(2.30632 0.0330342 0)
(2.30984 0.0368067 0)
(2.31672 0.0143168 0)
(2.32836 -0.0225067 0)
(2.32527 -0.0122608 0)
(2.33365 -0.00287768 0)
(2.31696 -0.0814243 0)
(2.04576 -0.452218 0)
(1.69042 -0.144035 0)
(1.53698 -0.0170041 0)
(1.58093 0.0173367 0)
(1.66654 0.00395729 0)
(1.72931 0.00134389 0)
(1.7886 0.00684344 0)
(1.83962 0.0162769 0)
(1.89176 0.0126598 0)
(1.94864 0.00795073 0)
(2.00631 0.00280314 0)
(2.06335 0.00220797 0)
(2.11595 0.00611958 0)
(2.16006 0.0147146 0)
(2.19716 0.0207903 0)
(2.2339 0.0175516 0)
(2.27125 0.00962581 0)
(2.30667 0.0040066 0)
(2.34318 0.00326256 0)
(2.38341 0.00756631 0)
(2.42587 0.0150074 0)
(2.46136 0.0245084 0)
(2.51585 0.0281264 0)
(1.89351 0.858019 0)
(2.37082 0.291533 0)
(2.59409 -0.0286364 0)
(2.60142 -0.118699 0)
(2.56139 -0.163724 0)
(2.51059 -0.113715 0)
(2.47111 -0.0307173 0)
(2.45378 -0.0473943 0)
(2.44204 -0.0451027 0)
(2.43157 -0.0283964 0)
(2.43307 -0.0103872 0)
(2.43313 -0.0134554 0)
(2.42995 -0.0216132 0)
(2.42361 -0.0220671 0)
(2.41782 -0.0191722 0)
(2.41392 -0.0215787 0)
(2.36022 -0.193315 0)
(2.08224 -0.646682 0)
(1.97876 -0.39401 0)
(1.69779 -0.0862025 0)
(1.69022 0.00440391 0)
(1.74413 -0.00307085 0)
(1.80115 -0.00615272 0)
(1.85504 0.00289137 0)
(1.89752 0.00572181 0)
(1.93693 0.00798819 0)
(1.98662 0.00976633 0)
(2.04019 0.00841129 0)
(2.0926 0.00836291 0)
(2.14045 0.0101873 0)
(2.18266 0.0155059 0)
(2.21858 0.0248193 0)
(2.24985 0.0330572 0)
(2.28115 0.0352135 0)
(2.31684 0.0323052 0)
(2.35606 0.0274591 0)
(2.39658 0.0259076 0)
(2.43714 0.0268747 0)
(2.47136 0.0311211 0)
(2.52462 0.0368023 0)
(1.81967 0.947244 0)
(2.35792 0.414304 0)
(2.61931 0.0363498 0)
(2.68724 -0.271114 0)
(2.67135 -0.279248 0)
(2.61156 -0.227073 0)
(2.56194 -0.128326 0)
(2.53628 -0.0292661 0)
(2.5264 0.00242202 0)
(2.53141 -0.0116245 0)
(2.54275 -0.0108885 0)
(2.54074 -0.0132969 0)
(2.52932 -0.0215948 0)
(2.51567 -0.0244607 0)
(2.51076 -0.00556155 0)
(2.4982 -0.0227999 0)
(2.33185 -0.307934 0)
(2.10034 -0.70738 0)
(2.08903 -0.629011 0)
(1.87348 -0.236855 0)
(1.77605 -0.00451404 0)
(1.81446 0.0219437 0)
(1.87259 0.00518769 0)
(1.92096 0.0124072 0)
(1.95637 0.0253278 0)
(1.98943 0.0276576 0)
(2.03331 0.0205788 0)
(2.08158 0.0165796 0)
(2.12817 0.0180824 0)
(2.17059 0.021873 0)
(2.20917 0.0244522 0)
(2.24257 0.0239407 0)
(2.27245 0.023375 0)
(2.30518 0.0265703 0)
(2.34155 0.0335569 0)
(2.37817 0.0397267 0)
(2.41444 0.0464838 0)
(2.4507 0.0520764 0)
(2.48206 0.0503973 0)
(2.53039 0.0453023 0)
(1.78707 0.911533 0)
(2.23461 0.585907 0)
(2.56389 0.10847 0)
(2.64704 -0.0659762 0)
(2.69972 -0.245738 0)
(2.6798 -0.267271 0)
(2.6357 -0.204878 0)
(2.60584 -0.101921 0)
(2.56871 -0.0367091 0)
(2.58024 -0.0144061 0)
(2.59069 -0.022667 0)
(2.58388 -0.0413424 0)
(2.57538 -0.0435972 0)
(2.56449 -0.0289568 0)
(2.5644 -0.0101488 0)
(2.53822 -0.0952363 0)
(2.2122 -0.479019 0)
(2.09338 -0.670823 0)
(2.11421 -0.681957 0)
(2.04938 -0.462393 0)
(1.86047 -0.0976651 0)
(1.86804 0.0229596 0)
(1.91202 0.0310518 0)
(1.95883 0.0202839 0)
(1.99567 0.0259861 0)
(2.0307 0.031489 0)
(2.07243 0.0274388 0)
(2.11646 0.0242683 0)
(2.15896 0.0264821 0)
(2.19855 0.0306422 0)
(2.23526 0.0351833 0)
(2.2675 0.0388253 0)
(2.297 0.0401411 0)
(2.32913 0.0422551 0)
(2.36442 0.0460024 0)
(2.40057 0.0492093 0)
(2.43623 0.0545232 0)
(2.4703 0.0608755 0)
(2.4964 0.0651533 0)
(2.53743 0.063888 0)
(1.73729 0.885459 0)
(2.18229 0.599581 0)
(2.43525 0.312361 0)
(2.61157 -0.0497083 0)
(2.68732 -0.225685 0)
(2.69441 -0.298165 0)
(2.68092 -0.260894 0)
(2.65353 -0.174097 0)
(2.60822 -0.0967879 0)
(2.59947 -0.0656994 0)
(2.59747 -0.0345856 0)
(2.58595 -0.044759 0)
(2.5858 -0.0494146 0)
(2.58583 -0.0314234 0)
(2.58336 -0.0326933 0)
(2.5019 -0.230246 0)
(2.14108 -0.583663 0)
(2.07827 -0.651948 0)
(2.10997 -0.673073 0)
(2.12875 -0.604741 0)
(2.00692 -0.261967 0)
(1.9229 -0.0198263 0)
(1.93569 0.0345485 0)
(1.97558 0.0342215 0)
(2.0173 0.0337231 0)
(2.05719 0.0418411 0)
(2.09898 0.0420095 0)
(2.14052 0.0410489 0)
(2.18103 0.0442595 0)
(2.21999 0.0461797 0)
(2.25658 0.0455994 0)
(2.28929 0.0459514 0)
(2.31863 0.0507881 0)
(2.34914 0.0599822 0)
(2.38326 0.067802 0)
(2.4194 0.0687508 0)
(2.45488 0.0671692 0)
(2.48769 0.0633601 0)
(2.51198 0.0626653 0)
(2.55058 0.0681147 0)
(1.70283 0.838691 0)
(2.0829 0.653499 0)
(2.3581 0.378175 0)
(2.53799 0.122138 0)
(2.60837 -0.0439357 0)
(2.67162 -0.256384 0)
(2.70086 -0.259672 0)
(2.68604 -0.23956 0)
(2.64111 -0.160582 0)
(2.61433 -0.104709 0)
(2.59531 -0.0540047 0)
(2.5879 -0.0529403 0)
(2.58544 -0.0344246 0)
(2.59431 -0.0160535 0)
(2.58221 -0.052211 0)
(2.35928 -0.401901 0)
(2.0763 -0.663973 0)
(2.07503 -0.661099 0)
(2.11043 -0.655138 0)
(2.16117 -0.630819 0)
(2.14475 -0.466711 0)
(2.01316 -0.105503 0)
(1.96384 0.0240972 0)
(1.98735 0.0333503 0)
(2.03072 0.0370644 0)
(2.0744 0.0421236 0)
(2.11659 0.0474926 0)
(2.15669 0.0514974 0)
(2.19692 0.0557225 0)
(2.23617 0.0567203 0)
(2.27167 0.055481 0)
(2.30411 0.0566089 0)
(2.33476 0.0633013 0)
(2.36582 0.0750144 0)
(2.39977 0.0849569 0)
(2.43557 0.0850647 0)
(2.46931 0.079697 0)
(2.50057 0.072108 0)
(2.52459 0.071332 0)
(2.56286 0.0799886 0)
(1.65919 0.830952 0)
(2.01922 0.670779 0)
(2.28232 0.450293 0)
(2.46758 0.232298 0)
(2.56886 0.0332295 0)
(2.6561 -0.195666 0)
(2.70166 -0.244533 0)
(2.69171 -0.255224 0)
(2.67458 -0.225316 0)
(2.64566 -0.156688 0)
(2.60047 -0.0785464 0)
(2.59876 -0.0773096 0)
(2.58801 -0.0335721 0)
(2.59741 -0.00997222 0)
(2.5384 -0.143677 0)
(2.20167 -0.519192 0)
(2.09229 -0.671993 0)
(2.09718 -0.66867 0)
(2.12808 -0.64723 0)
(2.17296 -0.630113 0)
(2.20281 -0.566789 0)
(2.14349 -0.303105 0)
(2.03886 -0.0302785 0)
(2.00592 0.0467831 0)
(2.03751 0.048105 0)
(2.08146 0.0526218 0)
(2.12359 0.0593672 0)
(2.1624 0.064692 0)
(2.20194 0.0697183 0)
(2.24199 0.0716406 0)
(2.2797 0.0700638 0)
(2.31378 0.0691072 0)
(2.34593 0.0743394 0)
(2.37775 0.0862005 0)
(2.41076 0.0986333 0)
(2.44632 0.10053 0)
(2.48079 0.0945009 0)
(2.51151 0.084404 0)
(2.53451 0.0843165 0)
(2.57199 0.0970355 0)
(1.63547 0.816526 0)
(1.94564 0.703567 0)
(2.20513 0.513553 0)
(2.39436 0.315026 0)
(2.52757 0.109326 0)
(2.60377 -0.0574571 0)
(2.64968 -0.148754 0)
(2.67753 -0.245655 0)
(2.69322 -0.235385 0)
(2.67653 -0.20546 0)
(2.63213 -0.142667 0)
(2.61548 -0.104946 0)
(2.60539 -0.0252851 0)
(2.5989 -0.0246868 0)
(2.40128 -0.329072 0)
(2.1422 -0.57183 0)
(2.1005 -0.666776 0)
(2.11364 -0.666394 0)
(2.14939 -0.63964 0)
(2.19056 -0.619088 0)
(2.22838 -0.598643 0)
(2.22692 -0.483211 0)
(2.14807 -0.174497 0)
(2.02653 0.0267202 0)
(2.0552 0.048916 0)
(2.09547 0.0569031 0)
(2.13664 0.0645177 0)
(2.17438 0.0706703 0)
(2.21394 0.0767175 0)
(2.25439 0.0814767 0)
(2.29159 0.0843983 0)
(2.32468 0.0842929 0)
(2.35509 0.0858214 0)
(2.38613 0.0935871 0)
(2.419 0.106962 0)
(2.45157 0.114862 0)
(2.48368 0.113168 0)
(2.51483 0.106287 0)
(2.54037 0.106449 0)
(2.58197 0.116942 0)
(1.61216 0.819993 0)
(1.90106 0.719528 0)
(2.13982 0.553369 0)
(2.33308 0.378598 0)
(2.4657 0.196553 0)
(2.56951 0.0260094 0)
(2.63594 -0.122908 0)
(2.67995 -0.229342 0)
(2.69664 -0.219863 0)
(2.68559 -0.221222 0)
(2.6569 -0.196629 0)
(2.63354 -0.138318 0)
(2.62395 -0.0363738 0)
(2.59558 -0.0900159 0)
(2.25231 -0.496347 0)
(2.09348 -0.654231 0)
(2.09796 -0.679469 0)
(2.12572 -0.668156 0)
(2.15851 -0.639231 0)
(2.19889 -0.610573 0)
(2.23097 -0.599553 0)
(2.26337 -0.558731 0)
(2.23641 -0.385689 0)
(2.13644 -0.102287 0)
(2.08316 0.031777 0)
(2.10885 0.0745133 0)
(2.14738 0.0825726 0)
(2.18611 0.0844119 0)
(2.22601 0.090015 0)
(2.26474 0.0994446 0)
(2.29928 0.106724 0)
(2.33226 0.106079 0)
(2.36505 0.102699 0)
(2.39584 0.101745 0)
(2.42839 0.108693 0)
(2.46154 0.119725 0)
(2.49094 0.128186 0)
(2.52167 0.128912 0)
(2.54993 0.13239 0)
(2.59526 0.139501 0)
(1.60323 0.815336 0)
(1.85141 0.737321 0)
(2.09217 0.576694 0)
(2.26167 0.446352 0)
(2.41215 0.257554 0)
(2.53367 0.0995387 0)
(2.59816 -0.0273151 0)
(2.65079 -0.121659 0)
(2.68829 -0.177697 0)
(2.67569 -0.219077 0)
(2.67162 -0.228775 0)
(2.65041 -0.181748 0)
(2.65054 -0.0894875 0)
(2.53718 -0.242135 0)
(2.20325 -0.560326 0)
(2.08358 -0.697782 0)
(2.09839 -0.695283 0)
(2.1295 -0.669933 0)
(2.16274 -0.635999 0)
(2.20383 -0.605535 0)
(2.23956 -0.590135 0)
(2.27032 -0.573968 0)
(2.29311 -0.514817 0)
(2.25037 -0.293081 0)
(2.11461 0.00157858 0)
(2.13067 0.0770964 0)
(2.16427 0.0951364 0)
(2.19866 0.101582 0)
(2.23758 0.106711 0)
(2.27798 0.116559 0)
(2.31347 0.124964 0)
(2.34342 0.127627 0)
(2.37294 0.123762 0)
(2.40513 0.119188 0)
(2.43895 0.120153 0)
(2.47179 0.126296 0)
(2.49971 0.140256 0)
(2.5251 0.153442 0)
(2.55078 0.158903 0)
(2.60026 0.162485 0)
(1.5954 0.820905 0)
(1.82132 0.741557 0)
(2.04382 0.607271 0)
(2.20564 0.490615 0)
(2.36734 0.307643 0)
(2.46469 0.197748 0)
(2.56281 0.0349478 0)
(2.64066 -0.0710397 0)
(2.68266 -0.136037 0)
(2.66387 -0.236615 0)
(2.67104 -0.228173 0)
(2.66743 -0.210693 0)
(2.66694 -0.173283 0)
(2.36058 -0.477059 0)
(2.14225 -0.6935 0)
(2.07649 -0.73038 0)
(2.09459 -0.704112 0)
(2.13501 -0.66517 0)
(2.1761 -0.626007 0)
(2.21481 -0.601705 0)
(2.25099 -0.587829 0)
(2.2855 -0.570832 0)
(2.31862 -0.542437 0)
(2.32509 -0.450441 0)
(2.2521 -0.181634 0)
(2.1751 0.0309217 0)
(2.1867 0.1076 0)
(2.22031 0.116748 0)
(2.2564 0.116733 0)
(2.29336 0.129303 0)
(2.32441 0.141795 0)
(2.35215 0.144266 0)
(2.38002 0.142692 0)
(2.41086 0.140126 0)
(2.44608 0.141034 0)
(2.48135 0.14626 0)
(2.5109 0.15779 0)
(2.53679 0.168493 0)
(2.5602 0.173798 0)
(2.60059 0.176617 0)
(1.59759 0.817066 0)
(1.79945 0.745762 0)
(2.00803 0.632624 0)
(2.16201 0.523064 0)
(2.31966 0.363701 0)
(2.42785 0.238212 0)
(2.52765 0.0988657 0)
(2.59652 0.0385755 0)
(2.64753 -0.0852098 0)
(2.65937 -0.211738 0)
(2.67055 -0.20514 0)
(2.67368 -0.217917 0)
(2.64667 -0.287287 0)
(2.23417 -0.666203 0)
(2.15 -0.804697 0)
(2.06838 -0.750269 0)
(2.09372 -0.69863 0)
(2.15055 -0.654824 0)
(2.19519 -0.611395 0)
(2.23134 -0.591362 0)
(2.26657 -0.581918 0)
(2.30287 -0.563084 0)
(2.33365 -0.541577 0)
(2.36614 -0.509434 0)
(2.35605 -0.363239 0)
(2.24572 -0.0465615 0)
(2.21822 0.0945132 0)
(2.24312 0.140232 0)
(2.27726 0.140799 0)
(2.31107 0.143784 0)
(2.33995 0.154409 0)
(2.36494 0.154694 0)
(2.3922 0.149779 0)
(2.42335 0.149459 0)
(2.45701 0.15833 0)
(2.49179 0.168651 0)
(2.52461 0.176876 0)
(2.55192 0.180994 0)
(2.57229 0.185302 0)
(2.60728 0.189501 0)
(1.59733 0.823365 0)
(1.78755 0.747546 0)
(1.97761 0.655546 0)
(2.129 0.544298 0)
(2.27475 0.411226 0)
(2.38465 0.296638 0)
(2.49612 0.161168 0)
(2.55456 0.106819 0)
(2.6115 -0.0377401 0)
(2.64711 -0.160912 0)
(2.6787 -0.176373 0)
(2.66306 -0.223558 0)
(2.56624 -0.435183 0)
(2.15617 -0.79145 0)
(2.14085 -0.872302 0)
(2.09464 -0.789537 0)
(2.10946 -0.702662 0)
(2.16341 -0.647006 0)
(2.21465 -0.597311 0)
(2.25146 -0.582346 0)
(2.28445 -0.580142 0)
(2.31512 -0.562223 0)
(2.35871 -0.536165 0)
(2.38529 -0.520599 0)
(2.41174 -0.464892 0)
(2.38076 -0.264369 0)
(2.27765 0.037317 0)
(2.27748 0.138098 0)
(2.29494 0.153641 0)
(2.32662 0.15957 0)
(2.35821 0.167149 0)
(2.38279 0.171706 0)
(2.40779 0.166193 0)
(2.43651 0.160265 0)
(2.47051 0.166627 0)
(2.50577 0.182621 0)
(2.53493 0.198762 0)
(2.5628 0.200686 0)
(2.58543 0.196406 0)
(2.61932 0.197393 0)
(1.60418 0.821873 0)
(1.78074 0.75121 0)
(1.95346 0.674384 0)
(2.09818 0.565886 0)
(2.24512 0.447545 0)
(2.35497 0.340587 0)
(2.46412 0.228215 0)
(2.51105 0.160962 0)
(2.57523 -0.00373765 0)
(2.62157 -0.0833856 0)
(2.66772 -0.137914 0)
(2.63864 -0.23212 0)
(2.3978 -0.599255 0)
(2.1135 -0.861075 0)
(2.126 -0.881107 0)
(2.13362 -0.821214 0)
(2.15682 -0.727334 0)
(2.19509 -0.646037 0)
(2.24747 -0.596814 0)
(2.27732 -0.581952 0)
(2.30855 -0.582554 0)
(2.33466 -0.567653 0)
(2.37934 -0.54025 0)
(2.40978 -0.519263 0)
(2.43712 -0.495998 0)
(2.45051 -0.405619 0)
(2.40125 -0.1603 0)
(2.34431 0.0704042 0)
(2.32023 0.156786 0)
(2.3417 0.169724 0)
(2.37005 0.182146 0)
(2.39424 0.195076 0)
(2.42118 0.192891 0)
(2.4515 0.18483 0)
(2.48467 0.183082 0)
(2.52025 0.190403 0)
(2.55098 0.20591 0)
(2.57437 0.217943 0)
(2.592 0.216956 0)
(2.62413 0.215795 0)
(1.60527 0.832364 0)
(1.77531 0.761529 0)
(1.93096 0.692778 0)
(2.07857 0.583254 0)
(2.20933 0.497002 0)
(2.32665 0.387612 0)
(2.43521 0.286296 0)
(2.4795 0.194192 0)
(2.53649 0.0382361 0)
(2.58706 -0.00237227 0)
(2.65314 -0.115771 0)
(2.60602 -0.253727 0)
(2.22062 -0.734957 0)
(2.10372 -0.870138 0)
(2.11838 -0.863304 0)
(2.16028 -0.833054 0)
(2.1977 -0.763182 0)
(2.22776 -0.681517 0)
(2.27505 -0.624646 0)
(2.30588 -0.591672 0)
(2.32793 -0.589862 0)
(2.35312 -0.575608 0)
(2.39986 -0.550154 0)
(2.43387 -0.518583 0)
(2.45728 -0.499048 0)
(2.49012 -0.458725 0)
(2.49027 -0.341254 0)
(2.42292 -0.057485 0)
(2.38428 0.102133 0)
(2.37346 0.166036 0)
(2.38493 0.189827 0)
(2.4087 0.207197 0)
(2.43412 0.218155 0)
(2.46583 0.21233 0)
(2.49817 0.20884 0)
(2.53364 0.210463 0)
(2.56491 0.217689 0)
(2.589 0.226138 0)
(2.60422 0.230036 0)
(2.6309 0.233804 0)
(1.6118 0.839446 0)
(1.77036 0.778292 0)
(1.91282 0.71073 0)
(2.05762 0.616286 0)
(2.18546 0.537057 0)
(2.30674 0.421496 0)
(2.39221 0.342491 0)
(2.45101 0.219865 0)
(2.51214 0.0792562 0)
(2.5603 0.0643711 0)
(2.62507 -0.0734868 0)
(2.49418 -0.355076 0)
(2.15604 -0.744349 0)
(2.09905 -0.858592 0)
(2.1311 -0.851648 0)
(2.18088 -0.830135 0)
(2.22036 -0.802171 0)
(2.26108 -0.749322 0)
(2.29523 -0.680555 0)
(2.33489 -0.629375 0)
(2.34895 -0.603853 0)
(2.3724 -0.583756 0)
(2.41754 -0.555355 0)
(2.45495 -0.511849 0)
(2.47929 -0.48584 0)
(2.50764 -0.46479 0)
(2.53645 -0.408186 0)
(2.52262 -0.267858 0)
(2.45359 0.0087517 0)
(2.41302 0.132051 0)
(2.41362 0.188199 0)
(2.43108 0.212083 0)
(2.44988 0.231658 0)
(2.47363 0.238859 0)
(2.50862 0.2361 0)
(2.54635 0.235817 0)
(2.57725 0.239694 0)
(2.60129 0.242982 0)
(2.61525 0.245113 0)
(2.63975 0.250263 0)
(1.61597 0.855424 0)
(1.76436 0.800082 0)
(1.89743 0.732285 0)
(2.0438 0.650225 0)
(2.15949 0.575445 0)
(2.28127 0.456066 0)
(2.3549 0.371751 0)
(2.42692 0.236131 0)
(2.49759 0.13897 0)
(2.53413 0.130701 0)
(2.55786 -0.0474553 0)
(2.31719 -0.49482 0)
(2.08381 -0.767554 0)
(2.09698 -0.8017 0)
(2.1453 -0.81377 0)
(2.20658 -0.811227 0)
(2.24879 -0.804453 0)
(2.28291 -0.784051 0)
(2.32474 -0.742783 0)
(2.35619 -0.686377 0)
(2.37988 -0.632279 0)
(2.40039 -0.589652 0)
(2.43372 -0.551597 0)
(2.47431 -0.498382 0)
(2.5001 -0.469322 0)
(2.53029 -0.449195 0)
(2.55397 -0.425585 0)
(2.57244 -0.356953 0)
(2.54789 -0.200181 0)
(2.46454 0.0676481 0)
(2.44778 0.17207 0)
(2.45624 0.217881 0)
(2.46925 0.247589 0)
(2.48857 0.254062 0)
(2.51605 0.259283 0)
(2.54723 0.264207 0)
(2.58245 0.269293 0)
(2.61248 0.266494 0)
(2.62823 0.263639 0)
(2.65011 0.267126 0)
(1.6268 0.866423 0)
(1.75942 0.819597 0)
(1.88892 0.752442 0)
(2.0233 0.686089 0)
(2.13756 0.596239 0)
(2.25409 0.479427 0)
(2.31833 0.392844 0)
(2.39841 0.265258 0)
(2.48148 0.214163 0)
(2.53407 0.143751 0)
(2.48255 -0.0708511 0)
(2.13384 -0.614718 0)
(2.049 -0.769174 0)
(2.09256 -0.775999 0)
(2.15439 -0.792538 0)
(2.21458 -0.801406 0)
(2.2665 -0.795616 0)
(2.30495 -0.785598 0)
(2.33812 -0.760252 0)
(2.38415 -0.724436 0)
(2.41191 -0.668217 0)
(2.42932 -0.601001 0)
(2.46158 -0.544173 0)
(2.50471 -0.489469 0)
(2.52107 -0.461967 0)
(2.54424 -0.442578 0)
(2.57061 -0.420378 0)
(2.5953 -0.38535 0)
(2.6001 -0.321523 0)
(2.56574 -0.141949 0)
(2.49239 0.121435 0)
(2.48324 0.224617 0)
(2.49122 0.261415 0)
(2.50651 0.27456 0)
(2.53101 0.272822 0)
(2.55641 0.281828 0)
(2.58256 0.294307 0)
(2.61268 0.29454 0)
(2.63612 0.290282 0)
(2.66346 0.288424 0)
(1.63919 0.879589 0)
(1.75886 0.834231 0)
(1.88443 0.767408 0)
(2.00613 0.706818 0)
(2.11818 0.60419 0)
(2.22306 0.502593 0)
(2.29225 0.406098 0)
(2.37871 0.301647 0)
(2.44603 0.290219 0)
(2.50818 0.168565 0)
(2.36306 -0.197772 0)
(2.05997 -0.60888 0)
(2.04495 -0.7168 0)
(2.09893 -0.732998 0)
(2.15947 -0.743316 0)
(2.2176 -0.754756 0)
(2.27249 -0.766582 0)
(2.32117 -0.775194 0)
(2.36851 -0.756501 0)
(2.39788 -0.730812 0)
(2.44145 -0.693743 0)
(2.45832 -0.629326 0)
(2.48638 -0.560434 0)
(2.52744 -0.491221 0)
(2.5499 -0.450948 0)
(2.56042 -0.444156 0)
(2.57985 -0.424489 0)
(2.60759 -0.397948 0)
(2.62984 -0.36175 0)
(2.62823 -0.289832 0)
(2.58724 -0.0765187 0)
(2.5273 0.169404 0)
(2.51536 0.280371 0)
(2.52362 0.295664 0)
(2.5442 0.293954 0)
(2.56955 0.297341 0)
(2.59038 0.308296 0)
(2.6124 0.311221 0)
(2.63516 0.308064 0)
(2.66997 0.310687 0)
(1.65415 0.892391 0)
(1.76324 0.844064 0)
(1.88166 0.780667 0)
(1.98939 0.716866 0)
(2.10271 0.603141 0)
(2.19371 0.524382 0)
(2.2726 0.428657 0)
(2.36696 0.357746 0)
(2.42615 0.341904 0)
(2.44504 0.159854 0)
(2.18253 -0.353352 0)
(2.00202 -0.61753 0)
(2.04232 -0.672244 0)
(2.10846 -0.699561 0)
(2.17162 -0.711824 0)
(2.22999 -0.726903 0)
(2.28461 -0.743613 0)
(2.3363 -0.743849 0)
(2.38581 -0.740733 0)
(2.42782 -0.722409 0)
(2.45559 -0.699156 0)
(2.49144 -0.661249 0)
(2.51021 -0.600503 0)
(2.54221 -0.542241 0)
(2.57472 -0.485726 0)
(2.58198 -0.462181 0)
(2.58561 -0.442023 0)
(2.61974 -0.403859 0)
(2.63893 -0.369414 0)
(2.66016 -0.327696 0)
(2.65643 -0.232849 0)
(2.61981 -0.00525859 0)
(2.56135 0.226967 0)
(2.54834 0.314168 0)
(2.55702 0.321555 0)
(2.57546 0.319266 0)
(2.59758 0.323618 0)
(2.61828 0.322913 0)
(2.63881 0.323069 0)
(2.67315 0.32954 0)
(1.66761 0.90874 0)
(1.77024 0.854566 0)
(1.87956 0.793692 0)
(1.97811 0.715074 0)
(2.08576 0.613644 0)
(2.16942 0.54933 0)
(2.26087 0.460068 0)
(2.3539 0.429578 0)
(2.41973 0.356128 0)
(2.36182 0.0812586 0)
(2.02312 -0.452125 0)
(1.98287 -0.617714 0)
(2.03711 -0.625934 0)
(2.1115 -0.647442 0)
(2.18073 -0.672436 0)
(2.2409 -0.689095 0)
(2.29503 -0.702688 0)
(2.34736 -0.712129 0)
(2.3984 -0.709553 0)
(2.44602 -0.704533 0)
(2.48138 -0.685651 0)
(2.51087 -0.662242 0)
(2.53621 -0.637014 0)
(2.56097 -0.587992 0)
(2.58372 -0.533217 0)
(2.60623 -0.481193 0)
(2.59925 -0.446882 0)
(2.6323 -0.407227 0)
(2.65424 -0.358522 0)
(2.6679 -0.326719 0)
(2.69191 -0.281659 0)
(2.68604 -0.161286 0)
(2.64168 0.0688559 0)
(2.60818 0.243869 0)
(2.58114 0.332984 0)
(2.58235 0.345274 0)
(2.5998 0.346383 0)
(2.62818 0.337098 0)
(2.65116 0.33512 0)
(2.68256 0.34284 0)
(1.68153 0.922835 0)
(1.77832 0.865524 0)
(1.8791 0.803926 0)
(1.96855 0.720044 0)
(2.07919 0.633502 0)
(2.15653 0.576216 0)
(2.25751 0.502356 0)
(2.33819 0.497662 0)
(2.39296 0.359616 0)
(2.20967 -0.0838237 0)
(1.9618 -0.460768 0)
(1.97646 -0.560753 0)
(2.04546 -0.585501 0)
(2.12102 -0.607241 0)
(2.19066 -0.630556 0)
(2.25106 -0.651011 0)
(2.30545 -0.665644 0)
(2.35747 -0.669922 0)
(2.40823 -0.67194 0)
(2.45654 -0.67518 0)
(2.4992 -0.671837 0)
(2.52867 -0.650909 0)
(2.54858 -0.63153 0)
(2.57588 -0.608338 0)
(2.59876 -0.560607 0)
(2.62231 -0.511025 0)
(2.62598 -0.45616 0)
(2.64483 -0.4035 0)
(2.67486 -0.344444 0)
(2.68435 -0.308656 0)
(2.70235 -0.288114 0)
(2.71948 -0.233525 0)
(2.70819 -0.0992681 0)
(2.6646 0.12999 0)
(2.61509 0.284066 0)
(2.59628 0.363306 0)
(2.60523 0.36783 0)
(2.63228 0.35858 0)
(2.66384 0.35743 0)
(2.69668 0.361026 0)
(1.693 0.934586 0)
(1.78523 0.876333 0)
(1.87547 0.815814 0)
(1.97089 0.727865 0)
(2.06816 0.67383 0)
(2.14911 0.613828 0)
(2.24954 0.558988 0)
(2.32762 0.542311 0)
(2.31143 0.304906 0)
(1.99961 -0.266791 0)
(1.92198 -0.476341 0)
(1.98391 -0.518571 0)
(2.06123 -0.549973 0)
(2.135 -0.569995 0)
(2.20201 -0.592199 0)
(2.26154 -0.612398 0)
(2.31559 -0.627966 0)
(2.36748 -0.636382 0)
(2.41731 -0.639217 0)
(2.46363 -0.640021 0)
(2.50455 -0.637197 0)
(2.53957 -0.631206 0)
(2.5683 -0.611205 0)
(2.58603 -0.591955 0)
(2.60995 -0.567116 0)
(2.63359 -0.521653 0)
(2.6504 -0.467047 0)
(2.66095 -0.406357 0)
(2.69201 -0.341349 0)
(2.70627 -0.29737 0)
(2.71876 -0.278747 0)
(2.73733 -0.258493 0)
(2.74612 -0.203215 0)
(2.72696 -0.0558487 0)
(2.6904 0.147867 0)
(2.613 0.332429 0)
(2.62379 0.373635 0)
(2.6448 0.377499 0)
(2.66641 0.38636 0)
(2.69586 0.388292 0)
(1.70064 0.93976 0)
(1.79164 0.881864 0)
(1.87603 0.822693 0)
(1.97989 0.750762 0)
(2.06547 0.715349 0)
(2.15696 0.642543 0)
(2.2386 0.617071 0)
(2.30341 0.519448 0)
(2.21146 0.155615 0)
(1.89541 -0.329381 0)
(1.92218 -0.461981 0)
(1.98998 -0.475628 0)
(2.06873 -0.49955 0)
(2.14339 -0.524526 0)
(2.20862 -0.54538 0)
(2.26645 -0.562297 0)
(2.31991 -0.575496 0)
(2.37145 -0.584793 0)
(2.42218 -0.595162 0)
(2.47032 -0.605377 0)
(2.51219 -0.610871 0)
(2.54906 -0.608836 0)
(2.58002 -0.594892 0)
(2.60136 -0.568072 0)
(2.62 -0.545848 0)
(2.6412 -0.524666 0)
(2.66556 -0.481095 0)
(2.68264 -0.424478 0)
(2.70797 -0.373984 0)
(2.73464 -0.31004 0)
(2.73977 -0.290305 0)
(2.75469 -0.258564 0)
(2.77146 -0.228304 0)
(2.77166 -0.171495 0)
(2.75181 -0.0156009 0)
(2.67995 0.215466 0)
(2.67539 0.321554 0)
(2.68088 0.378467 0)
(2.68138 0.40707 0)
(2.70308 0.410818 0)
(1.70859 0.942493 0)
(1.7952 0.88925 0)
(1.88397 0.834248 0)
(1.98041 0.790645 0)
(2.05931 0.75218 0)
(2.15122 0.680575 0)
(2.22543 0.657007 0)
(2.2689 0.494481 0)
(2.02027 -0.0415915 0)
(1.85725 -0.352734 0)
(1.91821 -0.414527 0)
(2.00037 -0.436051 0)
(2.08232 -0.464138 0)
(2.15641 -0.490834 0)
(2.2202 -0.51289 0)
(2.27777 -0.528322 0)
(2.33121 -0.538659 0)
(2.38119 -0.546243 0)
(2.42705 -0.553587 0)
(2.4684 -0.55977 0)
(2.50677 -0.562941 0)
(2.54564 -0.562337 0)
(2.58195 -0.558285 0)
(2.61276 -0.543719 0)
(2.63425 -0.520711 0)
(2.65096 -0.505484 0)
(2.67467 -0.488114 0)
(2.70609 -0.450499 0)
(2.72748 -0.396901 0)
(2.75411 -0.340378 0)
(2.76328 -0.294466 0)
(2.76223 -0.271337 0)
(2.78679 -0.22859 0)
(2.80046 -0.189929 0)
(2.7992 -0.130487 0)
(2.77139 0.027245 0)
(2.71643 0.282153 0)
(2.71189 0.372101 0)
(2.69827 0.426263 0)
(2.71779 0.430617 0)
(1.74603 0.907232 0)
(1.80148 0.896052 0)
(1.9045 0.85875 0)
(1.99298 0.833415 0)
(2.06216 0.770662 0)
(2.15524 0.703007 0)
(2.21862 0.652876 0)
(2.20506 0.38576 0)
(1.82585 -0.209257 0)
(1.84002 -0.357483 0)
(1.92468 -0.38529 0)
(2.01943 -0.416388 0)
(2.09949 -0.439861 0)
(2.16719 -0.46064 0)
(2.22615 -0.476888 0)
(2.28029 -0.485667 0)
(2.33066 -0.490796 0)
(2.37747 -0.496122 0)
(2.42146 -0.505087 0)
(2.46323 -0.514038 0)
(2.50452 -0.522119 0)
(2.54621 -0.522955 0)
(2.58349 -0.517727 0)
(2.616 -0.507036 0)
(2.6442 -0.493084 0)
(2.66763 -0.479273 0)
(2.68623 -0.470945 0)
(2.71654 -0.454944 0)
(2.75016 -0.424512 0)
(2.77003 -0.376981 0)
(2.79138 -0.33093 0)
(2.78004 -0.280742 0)
(2.79588 -0.231571 0)
(2.82036 -0.188376 0)
(2.82896 -0.148757 0)
(2.82853 -0.0867384 0)
(2.80803 0.0740648 0)
(2.74183 0.316576 0)
(2.72212 0.42537 0)
(2.7373 0.447399 0)
(1.82465 0.819262 0)
(1.79804 0.910329 0)
(1.90612 0.894128 0)
(1.9929 0.867646 0)
(2.06914 0.77917 0)
(2.13954 0.735755 0)
(2.2046 0.620375 0)
(2.06424 0.185701 0)
(1.78856 -0.230495 0)
(1.84243 -0.333151 0)
(1.93516 -0.349196 0)
(2.02744 -0.374248 0)
(2.10549 -0.401908 0)
(2.17102 -0.42654 0)
(2.23061 -0.44457 0)
(2.28755 -0.455182 0)
(2.34072 -0.460697 0)
(2.38938 -0.463685 0)
(2.43326 -0.469112 0)
(2.47305 -0.473471 0)
(2.51056 -0.47876 0)
(2.54927 -0.482929 0)
(2.5875 -0.48479 0)
(2.62349 -0.481462 0)
(2.65499 -0.474075 0)
(2.68292 -0.460951 0)
(2.70553 -0.446546 0)
(2.72836 -0.435184 0)
(2.75548 -0.422794 0)
(2.78983 -0.395901 0)
(2.80849 -0.353072 0)
(2.81248 -0.302294 0)
(2.80986 -0.244445 0)
(2.83834 -0.187205 0)
(2.85105 -0.143845 0)
(2.86303 -0.113137 0)
(2.85961 -0.0465309 0)
(2.82116 0.131685 0)
(2.77111 0.34609 0)
(2.76645 0.462475 0)
(1.89353 0.777716 0)
(1.78438 0.945943 0)
(1.87746 0.920633 0)
(1.98242 0.870284 0)
(2.07784 0.777841 0)
(2.13259 0.754065 0)
(2.1682 0.572852 0)
(1.8347 -0.0256236 0)
(1.77629 -0.24473 0)
(1.85917 -0.293312 0)
(1.94988 -0.316599 0)
(2.03495 -0.343551 0)
(2.10958 -0.376034 0)
(2.17507 -0.403933 0)
(2.23645 -0.422176 0)
(2.29468 -0.429286 0)
(2.3468 -0.429747 0)
(2.39075 -0.425403 0)
(2.42546 -0.422427 0)
(2.45813 -0.423806 0)
(2.49327 -0.429481 0)
(2.53112 -0.433282 0)
(2.57346 -0.435811 0)
(2.61919 -0.438308 0)
(2.65962 -0.441152 0)
(2.69219 -0.436534 0)
(2.71896 -0.427461 0)
(2.74238 -0.411654 0)
(2.76702 -0.400374 0)
(2.79302 -0.387132 0)
(2.82518 -0.361217 0)
(2.83732 -0.319541 0)
(2.83201 -0.256796 0)
(2.84314 -0.200839 0)
(2.87252 -0.139022 0)
(2.87952 -0.117807 0)
(2.89188 -0.0886128 0)
(2.88297 -0.0118248 0)
(2.84352 0.178 0)
(2.81303 0.406281 0)
(2.085 0.673424 0)
(1.76752 0.927005 0)
(1.84455 0.913343 0)
(1.95717 0.854015 0)
(2.06545 0.799649 0)
(2.14121 0.734779 0)
(2.09769 0.421522 0)
(1.73068 -0.111582 0)
(1.77577 -0.233023 0)
(1.86635 -0.252615 0)
(1.95822 -0.278003 0)
(2.03847 -0.308568 0)
(2.1061 -0.340808 0)
(2.16888 -0.366251 0)
(2.23198 -0.382938 0)
(2.29283 -0.39123 0)
(2.34713 -0.394018 0)
(2.39301 -0.391855 0)
(2.43114 -0.387813 0)
(2.46695 -0.384238 0)
(2.50508 -0.387273 0)
(2.54769 -0.394028 0)
(2.59116 -0.4026 0)
(2.6332 -0.407257 0)
(2.67064 -0.408886 0)
(2.70317 -0.403598 0)
(2.73027 -0.396347 0)
(2.75793 -0.389447 0)
(2.78612 -0.382399 0)
(2.80933 -0.365954 0)
(2.83174 -0.347573 0)
(2.85585 -0.325617 0)
(2.85659 -0.28408 0)
(2.8614 -0.224034 0)
(2.8785 -0.167244 0)
(2.89874 -0.114849 0)
(2.90443 -0.105191 0)
(2.91635 -0.0661063 0)
(2.90744 0.0098479 0)
(2.8724 0.278902 0)
(2.5756 0.537596 0)
(1.80981 0.919473 0)
(1.83768 0.901027 0)
(1.92743 0.847466 0)
(2.03248 0.819386 0)
(2.11796 0.7411 0)
(1.89808 0.189532 0)
(1.68751 -0.134184 0)
(1.76957 -0.191457 0)
(1.85945 -0.207307 0)
(1.95049 -0.235635 0)
(2.03004 -0.271194 0)
(2.10258 -0.306296 0)
(2.17209 -0.333423 0)
(2.23781 -0.350596 0)
(2.29831 -0.360993 0)
(2.35271 -0.366708 0)
(2.40068 -0.365648 0)
(2.44128 -0.359648 0)
(2.47673 -0.35048 0)
(2.51162 -0.346062 0)
(2.54889 -0.345391 0)
(2.59084 -0.351306 0)
(2.63655 -0.359121 0)
(2.67909 -0.368633 0)
(2.71428 -0.367497 0)
(2.73978 -0.357388 0)
(2.76169 -0.345444 0)
(2.78971 -0.34148 0)
(2.8246 -0.340677 0)
(2.85047 -0.327104 0)
(2.87041 -0.310758 0)
(2.88258 -0.292558 0)
(2.88906 -0.25449 0)
(2.89042 -0.191281 0)
(2.91626 -0.146821 0)
(2.92191 -0.110168 0)
(2.9268 -0.0865309 0)
(2.93635 -0.0428381 0)
(2.93798 0.118366 0)
(3.08468 0.194283 0)
(1.96813 0.911472 0)
(1.84916 0.886284 0)
(1.91996 0.858657 0)
(2.0141 0.84527 0)
(2.05761 0.646719 0)
(1.64724 0.00158093 0)
(1.65574 -0.125252 0)
(1.76943 -0.15799 0)
(1.86909 -0.183303 0)
(1.95788 -0.213108 0)
(2.03517 -0.246166 0)
(2.10599 -0.272823 0)
(2.17494 -0.290375 0)
(2.24128 -0.303902 0)
(2.30148 -0.316193 0)
(2.35411 -0.327705 0)
(2.40263 -0.33297 0)
(2.44634 -0.329514 0)
(2.48271 -0.31788 0)
(2.5155 -0.308242 0)
(2.55299 -0.304959 0)
(2.59553 -0.30872 0)
(2.63965 -0.313252 0)
(2.68346 -0.323462 0)
(2.72375 -0.330069 0)
(2.75381 -0.330943 0)
(2.77821 -0.322093 0)
(2.80131 -0.309231 0)
(2.82542 -0.299122 0)
(2.85849 -0.296412 0)
(2.88813 -0.288527 0)
(2.90867 -0.277123 0)
(2.91179 -0.261451 0)
(2.91752 -0.220081 0)
(2.92855 -0.171358 0)
(2.93888 -0.132039 0)
(2.94934 -0.0876229 0)
(2.95071 -0.0531231 0)
(2.96922 0.0228373 0)
(3.10797 0.00999989 0)
(2.21275 0.820805 0)
(1.86711 0.908439 0)
(1.90919 0.894045 0)
(2.00298 0.839215 0)
(1.96037 0.439974 0)
(1.55554 -0.0542316 0)
(1.64254 -0.104338 0)
(1.75643 -0.12653 0)
(1.85988 -0.15541 0)
(1.94701 -0.186664 0)
(2.02394 -0.214408 0)
(2.09704 -0.23336 0)
(2.16801 -0.245179 0)
(2.23557 -0.255839 0)
(2.29907 -0.26811 0)
(2.3575 -0.283811 0)
(2.40949 -0.297232 0)
(2.4564 -0.300943 0)
(2.49771 -0.294407 0)
(2.53427 -0.284628 0)
(2.5722 -0.276709 0)
(2.61569 -0.278765 0)
(2.66102 -0.284101 0)
(2.70195 -0.291842 0)
(2.73687 -0.293457 0)
(2.76522 -0.293733 0)
(2.79125 -0.29166 0)
(2.81673 -0.287434 0)
(2.84239 -0.276089 0)
(2.86688 -0.264283 0)
(2.89289 -0.259073 0)
(2.91583 -0.256417 0)
(2.9304 -0.245015 0)
(2.93631 -0.228095 0)
(2.94835 -0.180904 0)
(2.96113 -0.150289 0)
(2.95367 -0.0975737 0)
(2.97002 -0.0573708 0)
(2.98433 0.00601762 0)
(3.00817 8.00401e-05 0)
(2.45636 0.708927 0)
(1.91532 0.927682 0)
(1.9203 0.915259 0)
(1.98416 0.835527 0)
(1.69881 0.193624 0)
(1.51863 -0.0458239 0)
(1.6472 -0.0858963 0)
(1.76005 -0.112719 0)
(1.86125 -0.14193 0)
(1.94956 -0.169959 0)
(2.03005 -0.192988 0)
(2.10626 -0.206031 0)
(2.17794 -0.212128 0)
(2.24324 -0.217562 0)
(2.30227 -0.224786 0)
(2.35812 -0.235802 0)
(2.41357 -0.248643 0)
(2.46788 -0.258145 0)
(2.51667 -0.261914 0)
(2.55706 -0.259993 0)
(2.59282 -0.247788 0)
(2.62801 -0.236488 0)
(2.66615 -0.233355 0)
(2.70633 -0.241262 0)
(2.74388 -0.248288 0)
(2.77391 -0.252715 0)
(2.79702 -0.248765 0)
(2.81987 -0.242673 0)
(2.84904 -0.237758 0)
(2.87883 -0.23647 0)
(2.90461 -0.231611 0)
(2.92336 -0.226527 0)
(2.93723 -0.221177 0)
(2.95147 -0.210824 0)
(2.9719 -0.189959 0)
(2.97231 -0.155002 0)
(2.96865 -0.101273 0)
(2.98682 -0.0606714 0)
(2.99889 0.00713609 0)
(3.00013 -1.14432e-05 0)
(2.87752 0.429865 0)
(2.03072 0.910369 0)
(1.96501 0.922277 0)
(1.96515 0.728783 0)
(1.44153 0.0674103 0)
(1.48751 -0.0504245 0)
(1.64913 -0.0783126 0)
(1.77014 -0.108032 0)
(1.87051 -0.135622 0)
(1.95814 -0.154942 0)
(2.03944 -0.166895 0)
(2.11784 -0.174712 0)
(2.19152 -0.180123 0)
(2.25726 -0.184395 0)
(2.31513 -0.188801 0)
(2.3698 -0.194461 0)
(2.42463 -0.202447 0)
(2.48061 -0.213737 0)
(2.53429 -0.220878 0)
(2.57886 -0.224074 0)
(2.61594 -0.219717 0)
(2.65177 -0.212065 0)
(2.68914 -0.204321 0)
(2.72663 -0.206518 0)
(2.76307 -0.212484 0)
(2.79508 -0.220224 0)
(2.81998 -0.224165 0)
(2.83947 -0.220471 0)
(2.8632 -0.206072 0)
(2.88714 -0.198168 0)
(2.9118 -0.194819 0)
(2.93549 -0.196509 0)
(2.95647 -0.191531 0)
(2.97263 -0.185566 0)
(2.9883 -0.172289 0)
(2.99098 -0.158698 0)
(2.99609 -0.117455 0)
(3.00046 -0.0709816 0)
(3.01744 -0.00498486 0)
(3.00003 -2.75882e-05 0)
(3.05748 0.136761 0)
(2.21207 0.818356 0)
(2.00114 0.97233 0)
(1.83407 0.513721 0)
(1.32958 0.0371186 0)
(1.48412 -0.048027 0)
(1.65295 -0.0680547 0)
(1.78254 -0.0909861 0)
(1.88802 -0.115721 0)
(1.97913 -0.134717 0)
(2.06337 -0.14513 0)
(2.14328 -0.151365 0)
(2.21767 -0.157466 0)
(2.28468 -0.163123 0)
(2.34396 -0.166001 0)
(2.3986 -0.167232 0)
(2.452 -0.16848 0)
(2.50346 -0.176274 0)
(2.55529 -0.181579 0)
(2.60267 -0.18565 0)
(2.6427 -0.183926 0)
(2.67903 -0.179121 0)
(2.71422 -0.171811 0)
(2.74589 -0.169555 0)
(2.77281 -0.169959 0)
(2.8007 -0.176374 0)
(2.82835 -0.179161 0)
(2.85182 -0.176986 0)
(2.87198 -0.166262 0)
(2.89483 -0.160486 0)
(2.9182 -0.156555 0)
(2.94122 -0.158674 0)
(2.96637 -0.159679 0)
(2.98621 -0.159412 0)
(3.00095 -0.150364 0)
(3.01659 -0.132167 0)
(3.01556 -0.124071 0)
(3.01537 -0.0766201 0)
(3.02559 -0.0164789 0)
(3.00001 -2.26243e-05 0)
(3.01498 0.0271097 0)
(2.42193 0.692673 0)
(2.10678 1.02384 0)
(1.49292 0.302971 0)
(1.26391 -0.0112219 0)
(1.49605 -0.0490265 0)
(1.67214 -0.0672439 0)
(1.81041 -0.0791847 0)
(1.92042 -0.0914397 0)
(2.0139 -0.101533 0)
(2.09853 -0.111342 0)
(2.17668 -0.121093 0)
(2.24896 -0.129415 0)
(2.3162 -0.134665 0)
(2.37729 -0.133835 0)
(2.43183 -0.131724 0)
(2.4817 -0.130515 0)
(2.52933 -0.135905 0)
(2.57837 -0.140537 0)
(2.62535 -0.143958 0)
(2.66638 -0.143475 0)
(2.70177 -0.14196 0)
(2.7333 -0.13728 0)
(2.76142 -0.135068 0)
(2.78552 -0.134447 0)
(2.80748 -0.138836 0)
(2.82836 -0.136554 0)
(2.84739 -0.133559 0)
(2.86731 -0.130442 0)
(2.88663 -0.126364 0)
(2.90608 -0.121704 0)
(2.92698 -0.122785 0)
(2.95118 -0.124866 0)
(2.97326 -0.128437 0)
(2.99168 -0.123187 0)
(3.00672 -0.111768 0)
(3.01902 -0.103483 0)
(3.02553 -0.0891933 0)
(3.02906 -0.0396895 0)
(3 -1.57329e-05 0)
(3.00013 0.0026813 0)
(2.70648 0.496042 0)
(2.21814 0.976351 0)
(1.32734 0.187767 0)
(1.31933 -0.0112293 0)
(1.55716 -0.0434151 0)
(1.72856 -0.0599038 0)
(1.86185 -0.0677045 0)
(1.96781 -0.0705374 0)
(2.05855 -0.0749692 0)
(2.13987 -0.0810407 0)
(2.21374 -0.0903867 0)
(2.28076 -0.100609 0)
(2.34607 -0.108904 0)
(2.40699 -0.111274 0)
(2.46312 -0.103813 0)
(2.5083 -0.0947114 0)
(2.54796 -0.0910207 0)
(2.59056 -0.0952784 0)
(2.63725 -0.100925 0)
(2.68023 -0.101992 0)
(2.71272 -0.098314 0)
(2.73409 -0.0916409 0)
(2.75223 -0.0905974 0)
(2.77485 -0.0918702 0)
(2.80248 -0.0965606 0)
(2.83212 -0.0978767 0)
(2.85942 -0.0981534 0)
(2.87866 -0.0926147 0)
(2.89239 -0.0869414 0)
(2.90736 -0.0809912 0)
(2.92726 -0.0817879 0)
(2.95102 -0.0830754 0)
(2.97391 -0.0889161 0)
(2.99459 -0.0826139 0)
(3.01025 -0.0806567 0)
(3.02532 -0.0682565 0)
(3.03019 -0.076688 0)
(3.03841 -0.0450509 0)
(3 -7.72356e-06 0)
(2.99995 0.000145655 0)
(2.89838 0.255027 0)
(2.35103 0.628872 0)
(1.30761 0.0353533 0)
(1.45463 -0.0662751 0)
(1.64959 -0.0564964 0)
(1.80246 -0.0475855 0)
(1.91951 -0.0432614 0)
(2.01556 -0.0407285 0)
(2.1002 -0.0417879 0)
(2.17777 -0.0478804 0)
(2.2493 -0.0579902 0)
(2.31149 -0.0679527 0)
(2.36435 -0.0723416 0)
(2.42056 -0.0680698 0)
(2.47491 -0.0571941 0)
(2.52289 -0.0520313 0)
(2.56569 -0.0529761 0)
(2.60574 -0.0573968 0)
(2.64832 -0.0603881 0)
(2.69 -0.0598805 0)
(2.72412 -0.0578246 0)
(2.74668 -0.0550924 0)
(2.76304 -0.0552596 0)
(2.783 -0.0569541 0)
(2.80981 -0.0604754 0)
(2.83922 -0.0606917 0)
(2.86781 -0.0614668 0)
(2.88868 -0.0579821 0)
(2.90261 -0.0544131 0)
(2.91637 -0.0497078 0)
(2.93565 -0.0506607 0)
(2.95878 -0.0513342 0)
(2.98278 -0.0576222 0)
(3.00428 -0.0527064 0)
(3.02144 -0.0536517 0)
(3.03583 -0.0416942 0)
(3.04021 -0.0524923 0)
(3.05084 -0.0189509 0)
(3 -1.58291e-06 0)
(3 2.82659e-06 0)
(2.96443 0.0387718 0)
(2.63248 0.438983 0)
(1.36761 0.109216 0)
(1.54537 -0.00700714 0)
(1.72006 -0.025909 0)
(1.85228 -0.0260631 0)
(1.95729 -0.0237199 0)
(2.04782 -0.0215315 0)
(2.12976 -0.0212341 0)
(2.20332 -0.020615 0)
(2.2669 -0.0219637 0)
(2.32661 -0.026258 0)
(2.38275 -0.0268998 0)
(2.42999 -0.0209777 0)
(2.46962 -0.0238407 0)
(2.50952 -0.0260344 0)
(2.55052 -0.0244686 0)
(2.59081 -0.0262571 0)
(2.6329 -0.0286442 0)
(2.67427 -0.0287378 0)
(2.70941 -0.0285118 0)
(2.73332 -0.0286592 0)
(2.74877 -0.0308252 0)
(2.76572 -0.0325831 0)
(2.78999 -0.0337033 0)
(2.81906 -0.0328867 0)
(2.84795 -0.0332712 0)
(2.87026 -0.0314809 0)
(2.88599 -0.0309072 0)
(2.90084 -0.0284269 0)
(2.91993 -0.0307281 0)
(2.94179 -0.0293483 0)
(2.96447 -0.0343688 0)
(2.98587 -0.0291486 0)
(3.00628 -0.033095 0)
(3.02262 -0.0251994 0)
(3.02921 -0.0318485 0)
(3.04396 -0.0199259 0)
)
;

boundaryField
{
    inlet
    {
        type            fixedValue;
        value           uniform (3 0 0);
    }
    outlet
    {
        type            inletOutlet;
        inletValue      uniform (3 0 0);
        value           nonuniform List<vector> 
40
(
(2.51009 0.00861605 0)
(2.51585 0.0281264 0)
(2.52462 0.0368023 0)
(2.53039 0.0453023 0)
(2.53743 0.063888 0)
(2.55058 0.0681147 0)
(2.56286 0.0799886 0)
(2.57199 0.0970355 0)
(2.58197 0.116942 0)
(2.59526 0.139501 0)
(2.60026 0.162485 0)
(2.60059 0.176617 0)
(2.60728 0.189501 0)
(2.61932 0.197393 0)
(2.62413 0.215795 0)
(2.6309 0.233804 0)
(2.63975 0.250263 0)
(2.65011 0.267126 0)
(2.66346 0.288424 0)
(2.66997 0.310687 0)
(2.67315 0.32954 0)
(2.68256 0.34284 0)
(2.69668 0.361026 0)
(2.69586 0.388292 0)
(2.70308 0.410818 0)
(2.71779 0.430617 0)
(2.7373 0.447399 0)
(2.76645 0.462475 0)
(2.81303 0.406281 0)
(2.8724 0.278902 0)
(2.93798 0.118366 0)
(2.96922 0.0228373 0)
(2.98433 0.00601762 0)
(2.99889 0.00713609 0)
(3.01744 -0.00498486 0)
(3.02559 -0.0164789 0)
(3.02906 -0.0396895 0)
(3.03841 -0.0450509 0)
(3.05084 -0.0189509 0)
(3.04396 -0.0199259 0)
)
;
    }
    top
    {
        type            symmetryPlane;
    }
    bottom
    {
        type            symmetryPlane;
    }
    step
    {
        type            slip;
    }
    defaultFaces
    {
        type            empty;
    }
}


// ************************************************************************* //
