/*--------------------------------*- C++ -*----------------------------------*\
  =========                 |
  \\      /  F ield         | OpenFOAM: The Open Source CFD Toolbox
   \\    /   O peration     | Website:  https://openfoam.org
    \\  /    A nd           | Version:  6.0
     \\/     M anipulation  |
\*---------------------------------------------------------------------------*/
FoamFile
{
    version     2.0;
    format      ascii;
    class       volScalarField;
    location    "0.499462";
    object      rho;
}
// * * * * * * * * * * * * * * * * * * * * * * * * * * * * * * * * * * * * * //

dimensions      [1 -3 0 0 0 0 0];

internalField   nonuniform List<scalar> 
4800
(
1.39997
1.39997
1.39997
1.39997
1.39997
1.39997
1.39997
1.39997
1.39997
1.39997
1.39997
1.39997
1.39997
1.39997
1.39997
1.39997
1.39997
1.39997
1.39997
1.39997
1.39997
1.39997
1.39997
1.39997
1.39997
2.47016
5.17489
5.60218
5.66188
5.71133
5.68524
5.64301
5.62888
5.63241
5.61573
5.56738
5.4581
5.17487
4.90515
4.80774
1.39997
1.39997
1.39997
1.39997
1.39997
1.39997
1.39997
1.39997
1.39997
1.39997
1.39997
1.39997
1.39997
1.39997
1.39997
1.39997
1.39997
1.39997
1.39997
1.39997
1.39997
1.39997
1.39997
1.39997
1.39997
2.46541
5.16829
5.60384
5.6578
5.70099
5.67651
5.65583
5.66124
5.68673
5.67904
5.59908
5.3859
5.17514
5.06356
5.02526
1.39997
1.39997
1.39997
1.39997
1.39997
1.39997
1.39997
1.39997
1.39997
1.39997
1.39997
1.39997
1.39997
1.39997
1.39997
1.39997
1.39997
1.39997
1.39997
1.39997
1.39997
1.39997
1.39997
1.39997
1.39997
2.4557
5.16099
5.60333
5.65083
5.6896
5.66858
5.66897
5.69261
5.72898
5.74766
5.58132
5.31237
5.20429
5.17012
5.1453
1.39997
1.39997
1.39997
1.39997
1.39997
1.39997
1.39997
1.39997
1.39997
1.39997
1.39997
1.39997
1.39997
1.39997
1.39997
1.39997
1.39997
1.39997
1.39997
1.39997
1.39997
1.39997
1.39997
1.39997
1.39997
2.44182
5.15464
5.60321
5.64381
5.68286
5.66971
5.68842
5.71064
5.72495
5.74228
5.61018
5.34421
5.16807
5.04607
4.97182
1.39997
1.39997
1.39997
1.39997
1.39997
1.39997
1.39997
1.39997
1.39997
1.39997
1.39997
1.39997
1.39997
1.39997
1.39997
1.39997
1.39997
1.39997
1.39997
1.39997
1.39997
1.39997
1.39997
1.39997
1.39997
2.4238
5.1483
5.60073
5.63942
5.68395
5.68333
5.6972
5.7099
5.68569
5.66374
5.62044
5.3791
5.0695
4.872
4.79738
1.39997
1.39997
1.39997
1.39997
1.39997
1.39997
1.39997
1.39997
1.39997
1.39997
1.39997
1.39997
1.39997
1.39997
1.39997
1.39997
1.39997
1.39997
1.39997
1.39997
1.39997
1.39997
1.39997
1.39997
1.39997
2.40134
5.13785
5.59633
5.63975
5.69415
5.70021
5.69826
5.69353
5.64139
5.57297
5.56687
5.44133
5.13781
4.91231
4.79022
1.39997
1.39997
1.39997
1.39997
1.39997
1.39997
1.39997
1.39997
1.39997
1.39997
1.39997
1.39997
1.39997
1.39997
1.39997
1.39997
1.39997
1.39997
1.39997
1.39997
1.39997
1.39997
1.39997
1.39997
1.39997
2.37349
5.12148
5.59384
5.64079
5.70497
5.70698
5.69169
5.68052
5.64074
5.53744
5.47134
5.40671
5.22455
5.04278
4.96317
1.39997
1.39997
1.39997
1.39997
1.39997
1.39997
1.39997
1.39997
1.39997
1.39997
1.39997
1.39997
1.39997
1.39997
1.39997
1.39997
1.39997
1.39997
1.39997
1.39997
1.39997
1.39997
1.39997
1.39997
1.39997
2.34007
5.09719
5.59595
5.64129
5.70827
5.70133
5.67509
5.66448
5.66977
5.58093
5.41306
5.30345
5.19894
5.05141
5.02093
1.39997
1.39997
1.39997
1.39997
1.39997
1.39997
1.39997
1.39997
1.39997
1.39997
1.39997
1.39997
1.39997
1.39997
1.39997
1.39997
1.39997
1.39997
1.39997
1.39997
1.39997
1.39997
1.39997
1.39997
1.39997
2.3036
5.06726
5.59954
5.64031
5.7051
5.69304
5.65752
5.64424
5.6848
5.6562
5.42772
5.16958
5.06928
5.04536
5.04936
1.39997
1.39997
1.39997
1.39997
1.39997
1.39997
1.39997
1.39997
1.39997
1.39997
1.39997
1.39997
1.39997
1.39997
1.39997
1.39997
1.39997
1.39997
1.39997
1.39997
1.39997
1.39997
1.39997
1.39997
1.39997
2.2653
5.03405
5.60076
5.63273
5.69623
5.68966
5.65833
5.63185
5.66197
5.71409
5.47943
5.18021
5.04467
5.07695
5.08034
1.39997
1.39997
1.39997
1.39997
1.39997
1.39997
1.39997
1.39997
1.39997
1.39997
1.39997
1.39997
1.39997
1.39997
1.39997
1.39997
1.39997
1.39997
1.39997
1.39997
1.39997
1.39997
1.39997
1.39997
1.39997
2.22448
4.99638
5.59299
5.61982
5.6866
5.69362
5.68001
5.63704
5.61111
5.6856
5.63128
5.33016
5.10754
4.99087
4.98457
1.39997
1.39997
1.39997
1.39997
1.39997
1.39997
1.39997
1.39997
1.39997
1.39997
1.39997
1.39997
1.39997
1.39997
1.39997
1.39997
1.39997
1.39997
1.39997
1.39997
1.39997
1.39997
1.39997
1.39997
1.39997
2.17787
4.95123
5.57393
5.6063
5.6837
5.70154
5.69428
5.65528
5.58314
5.61473
5.71169
5.55398
5.09846
4.79405
4.69264
1.39997
1.39997
1.39997
1.39997
1.39997
1.39997
1.39997
1.39997
1.39997
1.39997
1.39997
1.39997
1.39997
1.39997
1.39997
1.39997
1.39997
1.39997
1.39997
1.39997
1.39997
1.39997
1.39997
1.39997
1.39997
2.12567
4.90074
5.55858
5.59964
5.68465
5.70241
5.69211
5.6676
5.59372
5.55911
5.64597
5.61681
5.39451
5.08536
5.00395
1.39997
1.39997
1.39997
1.39997
1.39997
1.39997
1.39997
1.39997
1.39997
1.39997
1.39997
1.39997
1.39997
1.39997
1.39997
1.39997
1.39997
1.39997
1.39997
1.39997
1.39997
1.39997
1.39997
1.39997
1.39997
2.07093
4.85175
5.55774
5.60589
5.68317
5.69224
5.67257
5.64559
5.62328
5.58314
5.53624
5.47593
5.38473
5.31199
5.32701
1.39997
1.39997
1.39997
1.39997
1.39997
1.39997
1.39997
1.39997
1.39997
1.39997
1.39997
1.39997
1.39997
1.39997
1.39997
1.39997
1.39997
1.39997
1.39997
1.39997
1.39997
1.39997
1.39997
1.39997
1.39997
2.01446
4.80838
5.56385
5.59045
5.67091
5.65973
5.64323
5.6153
5.62923
5.63641
5.49333
5.31551
5.30958
5.3844
5.41205
1.39997
1.39997
1.39997
1.39997
1.39997
1.39997
1.39997
1.39997
1.39997
1.39997
1.39997
1.39997
1.39997
1.39997
1.39997
1.39997
1.39997
1.39997
1.39997
1.39997
1.39997
1.39997
1.39997
1.39997
1.39997
1.9511
4.76241
5.56472
5.55807
5.64048
5.63022
5.61381
5.59429
5.6187
5.68524
5.50905
5.16927
4.94812
4.84879
4.79173
1.39997
1.39997
1.39997
1.39997
1.39997
1.39997
1.39997
1.39997
1.39997
1.39997
1.39997
1.39997
1.39997
1.39997
1.39997
1.39997
1.39997
1.39997
1.39997
1.39997
1.39997
1.39997
1.39997
1.39997
1.39997
1.87948
4.71369
5.56568
5.52027
5.60303
5.62036
5.63654
5.63781
5.64733
5.64481
5.48612
5.1566
4.85246
4.62533
4.52492
1.39997
1.39997
1.39997
1.39997
1.39997
1.39997
1.39997
1.39997
1.39997
1.39997
1.39997
1.39997
1.39997
1.39997
1.39997
1.39997
1.39997
1.39997
1.39997
1.39997
1.39997
1.39997
1.39997
1.39997
1.39997
1.80121
4.65575
5.5715
5.49165
5.572
5.65722
5.75795
5.7788
5.65045
5.53773
5.4489
5.14255
4.78133
4.49729
4.35532
1.39997
1.39997
1.39997
1.39997
1.39997
1.39997
1.39997
1.39997
1.39997
1.39997
1.39997
1.39997
1.39997
1.39997
1.39997
1.39997
1.39997
1.39997
1.39997
1.39997
1.39997
1.39997
1.39997
1.39997
1.39997
1.71945
4.58383
5.57762
5.47225
5.56253
5.74077
5.81095
5.7868
5.62723
5.42796
5.38143
5.2245
4.83336
4.52054
4.35826
1.39997
1.39997
1.39997
1.39997
1.39997
1.39997
1.39997
1.39997
1.39997
1.39997
1.39997
1.39997
1.39997
1.39997
1.39997
1.39997
1.39997
1.39997
1.39997
1.39997
1.39997
1.39997
1.39997
1.39997
1.39997
1.64005
4.49212
5.57719
5.47602
5.56164
5.71754
5.79262
5.73257
5.60072
5.45413
5.45336
5.53908
5.34577
4.866
4.71964
1.39997
1.39997
1.39997
1.39997
1.39997
1.39997
1.39997
1.39997
1.39997
1.39997
1.39997
1.39997
1.39997
1.39997
1.39997
1.39997
1.39997
1.39997
1.39997
1.39997
1.39997
1.39997
1.39997
1.39997
1.39997
1.56289
4.38408
5.5627
5.50546
5.5523
5.64649
5.6861
5.66959
5.62475
5.64726
5.64635
5.57988
5.53112
5.56212
5.59801
1.39997
1.39997
1.39997
1.39997
1.39997
1.39997
1.39997
1.39997
1.39997
1.39997
1.39997
1.39997
1.39997
1.39997
1.39997
1.39997
1.39997
1.39997
1.39997
1.39997
1.39997
1.39997
1.39997
1.39997
1.39997
1.48102
4.25187
5.54043
5.52213
5.53847
5.55807
5.5685
5.64912
5.72989
5.71065
5.61631
5.53698
5.55423
5.60411
5.71688
1.39997
1.39997
1.39997
1.39997
1.39997
1.39997
1.39997
1.39997
1.39997
1.39997
1.39997
1.39997
1.39997
1.39997
1.39997
1.39997
1.39997
1.39997
1.39997
1.39997
1.39997
1.39997
1.39997
1.39997
1.39997
1.4112
4.07058
5.49397
5.53649
5.53601
5.49938
5.50968
5.67178
5.74757
5.66411
5.54022
5.40777
5.30607
5.40403
5.50373
1.39997
1.39997
1.39997
1.39997
1.39997
1.39997
1.39997
1.39997
1.39997
1.39997
1.39997
1.39997
1.39997
1.39997
1.39997
1.39997
1.39997
1.39997
1.39997
1.39997
1.39997
1.39997
1.39997
1.39997
1.39997
1.40018
3.87118
5.4239
5.49522
5.55956
5.51411
5.51248
5.63234
5.70301
5.60711
5.33521
5.10842
4.8995
4.69328
4.58002
1.39997
1.39997
1.39997
1.39997
1.39997
1.39997
1.39997
1.39997
1.39997
1.39997
1.39997
1.39997
1.39997
1.39997
1.39997
1.39997
1.39997
1.39997
1.39997
1.39997
1.39997
1.39997
1.39997
1.39997
1.39997
1.39997
3.69751
5.35838
5.42878
5.57079
5.63039
5.58253
5.57668
5.64736
5.53628
5.25608
5.00101
4.82652
4.6048
4.46985
1.39997
1.39997
1.39997
1.39997
1.39997
1.39997
1.39997
1.39997
1.39997
1.39997
1.39997
1.39997
1.39997
1.39997
1.39997
1.39997
1.39997
1.39997
1.39997
1.39997
1.39997
1.39997
1.39997
1.39997
1.39997
1.39997
3.53634
5.31025
5.37598
5.55583
5.71465
5.68252
5.57298
5.58604
5.45418
5.20682
4.93508
4.79057
4.65261
4.55945
1.39997
1.39997
1.39997
1.39997
1.39997
1.39997
1.39997
1.39997
1.39997
1.39997
1.39997
1.39997
1.39997
1.39997
1.39997
1.39997
1.39997
1.39997
1.39997
1.39997
1.39997
1.39997
1.39997
1.39997
1.39997
1.39997
3.35944
5.27288
5.38139
5.5369
5.71576
5.75554
5.59262
5.48701
5.52218
5.24066
4.92546
4.75026
4.70036
4.70965
1.39997
1.39997
1.39997
1.39997
1.39997
1.39997
1.39997
1.39997
1.39997
1.39997
1.39997
1.39997
1.39997
1.39997
1.39997
1.39997
1.39997
1.39997
1.39997
1.39997
1.39997
1.39997
1.39997
1.39997
1.39997
1.39997
3.17725
5.2276
5.47804
5.57274
5.69692
5.77954
5.59884
5.42379
5.61357
5.53823
5.0118
4.73871
4.6805
4.69032
1.39997
1.39997
1.39997
1.39997
1.39997
1.39997
1.39997
1.39997
1.39997
1.39997
1.39997
1.39997
1.39997
1.39997
1.39997
1.39997
1.39997
1.39997
1.39997
1.39997
1.39997
1.39997
1.39997
1.39997
1.39997
1.39997
3.02974
5.1959
5.55115
5.65719
5.70121
5.74062
5.63869
5.41373
5.50097
5.7288
5.52633
4.88291
4.64543
4.58004
1.39997
1.39997
1.39997
1.39997
1.39997
1.39997
1.39997
1.39997
1.39997
1.39997
1.39997
1.39997
1.39997
1.39997
1.39997
1.39997
1.39997
1.39997
1.39997
1.39997
1.39997
1.39997
1.39997
1.39997
1.39997
1.39997
2.90307
5.23916
5.54019
5.66504
5.69439
5.66193
5.65986
5.45944
5.34159
5.67369
5.72078
5.30106
4.64642
4.44295
1.39997
1.39997
1.39997
1.39997
1.39997
1.39997
1.39997
1.39997
1.39997
1.39997
1.39997
1.39997
1.39997
1.39997
1.39997
1.39997
1.39997
1.39997
1.39997
1.39997
1.39997
1.39997
1.39997
1.39997
1.39997
1.39997
2.72627
5.22856
5.47237
5.58985
5.67324
5.58656
5.5732
5.47453
5.26391
5.33609
5.66995
5.54537
5.01503
4.56414
1.39997
1.39997
1.39997
1.39997
1.39997
1.39997
1.39997
1.39997
1.39997
1.39997
1.39997
1.39997
1.39997
1.39997
1.39997
1.39997
1.39997
1.39997
1.39997
1.39997
1.39997
1.39997
1.39997
1.39997
1.39997
1.39997
2.51358
5.14542
5.43426
5.51387
5.65062
5.56959
5.47579
5.49721
5.34968
5.10204
5.35295
5.49066
5.29421
5.23917
1.39997
1.39997
1.39997
1.39997
1.39997
1.39997
1.39997
1.39997
1.39997
1.39997
1.39997
1.39997
1.39997
1.39997
1.39997
1.39997
1.39997
1.39997
1.39997
1.39997
1.39997
1.39997
1.39997
1.39997
1.39997
1.39997
2.32135
5.07787
5.45776
5.48165
5.66067
5.66736
5.48577
5.50446
5.36103
5.04049
4.84425
5.33523
5.26916
5.23477
1.39997
1.39997
1.39997
1.39997
1.39997
1.39997
1.39997
1.39997
1.39997
1.39997
1.39997
1.39997
1.39997
1.39997
1.39997
1.39997
1.39997
1.39997
1.39997
1.39997
1.39997
1.39997
1.39997
1.39997
1.39997
1.39997
2.16091
5.0691
5.58522
5.59482
5.61769
5.71041
5.65568
5.48155
5.2884
5.0297
4.77312
4.77036
4.86413
4.88943
1.39997
1.39997
1.39997
1.39997
1.39997
1.39997
1.39997
1.39997
1.39997
1.39997
1.39997
1.39997
1.39997
1.39997
1.39997
1.39997
1.39997
1.39997
1.39997
1.39997
1.39997
1.39997
1.39997
1.39997
1.39997
1.39997
2.01246
5.05368
5.65208
5.57944
5.53329
5.66546
5.64586
5.44827
5.22096
5.06679
4.93117
4.59961
4.40223
4.55743
1.39997
1.39997
1.39997
1.39997
1.39997
1.39997
1.39997
1.39997
1.39997
1.39997
1.39997
1.39997
1.39997
1.39997
1.39997
1.39997
1.39997
1.39997
1.39997
1.39997
1.39997
1.39997
1.39997
1.39997
1.39997
1.39997
1.8745
4.91589
5.61889
5.47888
5.42727
5.43452
5.56612
5.47367
5.26474
5.15772
4.92549
4.48096
4.3034
4.44178
1.39997
1.39997
1.39997
1.39997
1.39997
1.39997
1.39997
1.39997
1.39997
1.39997
1.39997
1.39997
1.39997
1.39997
1.39997
1.39997
1.39997
1.39997
1.39997
1.39997
1.39997
1.39997
1.39997
1.39997
1.39997
1.39997
1.68449
4.75561
5.46695
5.33857
5.35222
5.32765
5.44161
5.66376
5.54858
5.19125
4.77049
4.47455
4.70906
4.92451
1.39997
1.39997
1.39997
1.39997
1.39997
1.39997
1.39997
1.39997
1.39997
1.39997
1.39997
1.39997
1.39997
1.39997
1.39997
1.39997
1.39997
1.39997
1.39997
1.39997
1.39997
1.39997
1.39997
1.39997
1.39997
1.39997
1.5286
4.32716
5.30484
5.25276
5.2693
5.30789
5.49975
5.64948
5.56591
5.19821
4.71594
4.55525
4.65525
4.88641
1.39997
1.39997
1.39997
1.39997
1.39997
1.39997
1.39997
1.39997
1.39997
1.39997
1.39997
1.39997
1.39997
1.39997
1.39997
1.39997
1.39997
1.39997
1.39997
1.39997
1.39997
1.39997
1.39997
1.39997
1.39997
1.39997
1.4734
4.07635
5.18192
5.31311
5.48413
5.57012
5.50651
5.46249
5.54653
5.24715
4.70693
4.55705
4.3928
4.26963
1.39997
1.39997
1.39997
1.39997
1.39997
1.39997
1.39997
1.39997
1.39997
1.39997
1.39997
1.39997
1.39997
1.39997
1.39997
1.39997
1.39997
1.39997
1.39997
1.39997
1.39997
1.39997
1.39997
1.39997
1.39997
1.39997
1.43923
3.93491
5.19108
5.43533
5.54492
5.59787
5.4747
5.22738
5.27062
5.37878
5.11335
4.59074
3.99052
3.64586
1.39997
1.39997
1.39997
1.39997
1.39997
1.39997
1.39997
1.39997
1.39997
1.39997
1.39997
1.39997
1.39997
1.39997
1.39997
1.39997
1.39997
1.39997
1.39997
1.39997
1.39997
1.39997
1.39997
1.39997
1.39997
1.39997
1.40414
3.33421
5.14869
5.34295
5.42301
5.47219
5.45953
5.35545
5.17391
5.13985
5.06637
4.66578
3.9381
2.86402
1.39997
1.39997
1.39997
1.39997
1.39997
1.39997
1.39997
1.39997
1.39997
1.39997
1.39997
1.39997
1.39997
1.39997
1.39997
1.39997
1.39997
1.39997
1.39997
1.39997
1.39997
1.39997
1.39997
1.39997
1.39997
1.39997
1.39998
2.17574
4.8541
5.31226
5.32407
5.36253
5.37586
5.3518
5.2577
4.99841
4.70332
4.40227
3.92521
3.06593
1.39997
1.39997
1.39997
1.39997
1.39997
1.39997
1.39997
1.39997
1.39997
1.39997
1.39997
1.39997
1.39997
1.39997
1.39997
1.39997
1.39997
1.39997
1.39997
1.39997
1.39997
1.39997
1.39997
1.39997
1.39997
1.39997
1.39997
1.46728
3.95054
5.30994
5.27398
5.28322
5.28295
5.22111
5.11005
4.92024
4.64937
4.28356
3.79359
3.16118
1.39997
1.39997
1.39997
1.39997
1.39997
1.39997
1.39997
1.39997
1.39997
1.39997
1.39997
1.39997
1.39997
1.39997
1.39997
1.39997
1.39997
1.39997
1.39997
1.39997
1.39997
1.39997
1.39997
1.39997
1.39997
1.39997
1.39997
1.40033
2.49248
5.01578
5.23796
5.21892
5.1991
5.0922
4.93506
4.77969
4.582
4.26069
3.79458
3.278
1.39997
1.39997
1.39997
1.39997
1.39997
1.39997
1.39997
1.39997
1.39997
1.39997
1.39997
1.39997
1.39997
1.39997
1.39997
1.39997
1.39997
1.39997
1.39997
1.39997
1.39997
1.39997
1.39997
1.39997
1.39997
1.39997
1.39997
1.39997
1.52043
3.97135
5.17028
5.12987
5.06978
4.96778
4.85327
4.69008
4.48211
4.19825
3.82521
3.40581
1.39997
1.39997
1.39997
1.39997
1.39997
1.39997
1.39997
1.39997
1.39997
1.39997
1.39997
1.39997
1.39997
1.39997
1.39997
1.39997
1.39997
1.39997
1.39997
1.39997
1.39997
1.39997
1.39997
1.39997
1.39997
1.39997
1.39997
1.39997
1.40119
2.26705
4.81795
5.08124
4.95524
4.89432
4.79229
4.64815
4.44207
4.17234
3.85103
3.50399
1.39997
1.39997
1.39997
1.39997
1.39997
1.39997
1.39997
1.39997
1.39997
1.39997
1.39997
1.39997
1.39997
1.39997
1.39997
1.39997
1.39997
1.39997
1.39997
1.39997
1.39997
1.39997
1.39997
1.39997
1.39997
1.39997
1.39997
1.39997
1.39997
1.46686
3.46336
4.96466
4.92031
4.81076
4.71685
4.58447
4.40039
4.1685
3.89369
3.59176
1.39997
1.39997
1.39997
1.39997
1.39997
1.39997
1.39997
1.39997
1.39997
1.39997
1.39997
1.39997
1.39997
1.39997
1.39997
1.39997
1.39997
1.39997
1.39997
1.39997
1.39997
1.39997
1.39997
1.39997
1.39997
1.39997
1.39997
1.39997
1.39997
1.40038
1.79788
4.28414
4.96965
4.82552
4.69585
4.53163
4.3539
4.15826
3.92649
3.66235
1.39997
1.39997
1.39997
1.39997
1.39997
1.39997
1.39997
1.39997
1.39997
1.39997
1.39997
1.39997
1.39997
1.39997
1.39997
1.39997
1.39997
1.39997
1.39997
1.39997
1.39997
1.39997
1.39997
1.39997
1.39997
1.39997
1.39997
1.39997
1.39997
1.39997
1.4129
2.3987
4.70491
4.88462
4.70276
4.53037
4.35245
4.16412
3.94911
3.71652
1.39997
1.39997
1.39997
1.39997
1.39997
1.39997
1.39997
1.39997
1.39997
1.39997
1.39997
1.39997
1.39997
1.39997
1.39997
1.39997
1.39997
1.39997
1.39997
1.39997
1.39997
1.39997
1.39997
1.39997
1.39997
1.39997
1.39997
1.39997
1.39997
1.39997
1.40001
1.48221
3.08475
4.79425
4.74699
4.5581
4.38456
4.19395
3.98562
3.77394
1.39997
1.39997
1.39997
1.39997
1.39997
1.39997
1.39997
1.39997
1.39997
1.39997
1.39997
1.39997
1.39997
1.39997
1.39997
1.39997
1.39997
1.39997
1.39997
1.39997
1.39997
1.39997
1.39997
1.39997
1.39997
1.39997
1.39997
1.39997
1.39997
1.39997
1.39997
1.40066
1.64482
3.5209
4.7017
4.66576
4.46249
4.25587
4.05435
3.86255
1.39997
1.39997
1.39997
1.39997
1.39997
1.39997
1.39997
1.39997
1.39997
1.39997
1.39997
1.39997
1.39997
1.39997
1.39997
1.39997
1.39997
1.39997
1.39997
1.39997
1.39997
1.39997
1.39997
1.39997
1.39997
1.39997
1.39997
1.39997
1.39997
1.39997
1.39997
1.39997
1.40466
1.82718
3.74898
4.62603
4.55995
4.35257
4.14998
3.97068
1.39997
1.39997
1.39997
1.39997
1.39997
1.39997
1.39997
1.39997
1.39997
1.39997
1.39997
1.39997
1.39997
1.39997
1.39997
1.39997
1.39997
1.39997
1.39997
1.39997
1.39997
1.39997
1.39997
1.39997
1.39997
1.39997
1.39997
1.39997
1.39997
1.39997
1.39997
1.39997
1.39998
1.41388
1.98511
3.82195
4.53263
4.47373
4.26856
4.07794
1.39997
1.39997
1.39997
1.39997
1.39997
1.39997
1.39997
1.39997
1.39997
1.39997
1.39997
1.39997
1.39997
1.39997
1.39997
1.39997
1.39997
1.39997
1.39997
1.39997
1.39997
1.39997
1.39997
1.39997
1.39997
1.39997
1.39997
1.39997
1.39997
1.39997
1.39997
1.39997
1.39997
1.40002
1.42581
2.06137
3.76872
4.42896
4.39101
4.21339
1.39997
1.39997
1.39997
1.39997
1.39997
1.39997
1.39997
1.39997
1.39997
1.39997
1.39997
1.39997
1.39997
1.39997
1.39997
1.39997
1.39997
1.39997
1.39997
1.39997
1.39997
1.39997
1.39997
1.39997
1.39997
1.39997
1.39997
1.39997
1.39997
1.39997
1.39997
1.39997
1.39997
1.39997
1.40011
1.43346
2.05249
3.60823
4.32686
4.30698
1.39997
1.39997
1.39997
1.39997
1.39997
1.39997
1.39997
1.39997
1.39997
1.39997
1.39997
1.39997
1.39997
1.39997
1.39997
1.39997
1.39997
1.39997
1.39997
1.39997
1.39997
1.39997
1.39997
1.39997
1.39997
1.39997
1.39997
1.39997
1.39997
1.39997
1.39997
1.39997
1.39997
1.39997
1.39997
1.40018
1.43297
1.96315
3.38962
4.208
1.39997
1.39997
1.39997
1.39997
1.39997
1.39997
1.39997
1.39997
1.39997
1.39997
1.39997
1.39997
1.39997
1.39997
1.39997
1.39997
1.39997
1.39997
1.39997
1.39997
1.39997
1.39997
1.39997
1.39997
1.39997
1.39997
1.39997
1.39997
1.39997
1.39997
1.39997
1.39997
1.39997
1.39997
1.39997
1.39997
1.40017
1.4258
1.83209
3.22512
1.39997
1.39997
1.39997
1.39997
1.39997
1.39997
1.39997
1.39997
1.39997
1.39997
1.39997
1.39997
1.39997
1.39997
1.39997
1.39997
1.39997
1.39997
1.39997
1.39997
1.39997
1.39997
1.39997
1.39997
1.39997
1.39997
1.39997
1.39997
1.39997
1.39997
1.39997
1.39997
1.39997
1.39997
1.39997
1.39997
1.39997
1.40012
1.41465
1.79078
1.39997
1.39997
1.39997
1.39997
1.39997
1.39997
1.39997
1.39997
1.39997
1.39997
1.39997
1.39997
1.39997
1.39997
1.39997
1.39997
1.39997
1.39997
1.39997
1.39997
1.39997
1.39997
1.39997
1.39997
1.39997
1.39997
1.39997
1.39997
1.39997
1.39997
1.39997
1.39997
1.39997
1.39997
1.39997
1.39997
1.39997
1.39997
1.40004
1.4126
1.39997
1.39997
1.39997
1.39997
1.39997
1.39997
1.39997
1.39997
1.39997
1.39997
1.39997
1.39997
1.39997
1.39997
1.39997
1.39997
1.39997
1.39997
1.39997
1.39997
1.39997
1.39997
1.39997
1.39997
1.39997
1.39997
1.39997
1.39997
1.39997
1.39997
1.39997
1.39997
1.39997
1.39997
1.39997
1.39997
1.39997
1.39997
1.39997
1.39999
1.39997
1.39997
1.39997
1.39997
1.39997
1.39997
1.39997
1.39997
1.39997
1.39997
1.39997
1.39997
1.39997
1.39997
1.39997
1.39997
1.39997
1.39997
1.39997
1.39997
1.39997
1.39997
1.39997
1.39997
1.39997
1.39997
1.39997
1.39997
1.39997
1.39997
1.39997
1.39997
1.39997
1.39997
1.39997
1.39997
1.39997
1.39997
1.39997
1.39997
1.39997
1.39997
1.39997
1.39997
1.39997
1.39997
1.39997
1.39997
1.39997
1.39997
1.39997
1.39997
1.39997
1.39997
1.39997
1.39997
1.39997
1.39997
1.39997
1.39997
1.39997
1.39997
1.39997
1.39997
1.39997
1.39997
1.39997
1.39997
1.39997
1.39997
1.39997
1.39997
1.39997
1.39997
1.39997
1.39997
1.39997
1.39997
1.39997
1.39997
1.39997
1.39997
1.39997
1.39997
1.39997
1.39997
1.39997
1.39997
1.39997
1.39997
1.39997
1.39997
1.39997
1.39997
1.39997
1.39997
1.39997
1.39997
1.39997
1.39997
1.39997
1.39997
1.39997
1.39997
1.39997
1.39997
1.39997
1.39997
1.39997
1.39997
1.39997
1.39997
1.39997
1.39997
1.39997
1.39997
1.39997
1.39997
1.39997
1.39997
1.39997
1.39997
1.39997
1.39997
1.39997
1.39997
1.39997
1.39997
1.39997
1.39997
1.39997
1.39997
1.39997
1.39997
1.39997
1.39997
1.39997
1.39997
1.39997
1.39997
1.39997
1.39997
1.39997
1.39997
1.39997
1.39997
1.39997
1.39997
1.39997
1.39997
1.39997
1.39997
1.39997
1.39997
1.39997
1.39997
1.39997
1.39997
1.39997
1.39997
1.39997
1.39997
1.39997
1.39997
1.39997
1.39997
1.39997
1.39997
1.39997
1.39997
1.39997
1.39997
1.39997
1.39997
1.39997
1.39997
1.39997
1.39997
1.39997
1.39997
1.39997
1.39997
1.39997
1.39997
1.39997
1.39997
1.39997
1.39997
1.39997
1.39997
1.39997
1.39997
1.39997
1.39997
1.39997
1.39997
1.39997
1.39997
1.39997
1.39997
1.39997
1.39997
1.39997
1.39997
1.39997
1.39997
1.39997
1.39997
1.39997
1.39997
1.39997
1.39997
1.39997
1.39997
1.39997
1.39997
1.39997
1.39997
1.39997
1.39997
1.39997
1.39997
1.39997
1.39997
1.39997
1.39997
1.39997
1.39997
1.39997
1.39997
1.39997
1.39997
1.39997
1.39997
1.39997
1.39997
1.39997
1.39997
1.39997
1.39997
1.39997
1.39997
1.39997
1.39997
1.39997
1.39997
1.39997
1.39997
1.39997
1.39997
1.39997
1.39997
1.39997
1.39997
1.39997
1.39997
1.39997
1.39997
1.39997
1.39997
1.39997
1.39997
1.39997
1.39997
1.39997
1.39997
1.39997
1.39997
1.39997
1.39997
1.39997
1.39997
1.39997
1.39997
1.39997
1.39997
1.39997
1.39997
1.39997
1.39997
1.39997
1.39997
1.39997
1.39997
1.39997
1.39997
1.39997
1.39997
1.39997
1.39997
1.39997
1.39997
1.39997
1.39997
1.39997
1.39997
1.39997
1.39997
1.39997
1.39997
1.39997
1.39997
1.39997
1.39997
1.39997
1.39997
1.39997
1.39997
1.39997
1.39997
1.39997
1.39997
1.39997
1.39997
1.39997
1.39997
1.39997
1.39997
1.39997
1.39997
1.39997
1.39997
1.39997
1.39997
1.39997
1.39997
1.39997
1.39997
1.39997
1.39997
1.39997
1.39997
1.39997
1.39997
1.39997
1.39997
1.39997
1.39997
1.39997
1.39997
1.39997
1.39997
1.39997
1.39997
1.39997
1.39997
1.39997
1.39997
1.39997
1.39997
1.39997
1.39997
1.39997
1.39997
1.39997
1.39997
1.39997
1.39997
1.39997
1.39997
1.39997
1.39997
1.39997
1.39997
1.39997
1.39997
1.39997
1.39997
1.39997
1.39997
1.39997
1.39997
1.39997
1.39997
1.39997
1.39997
1.39997
1.39997
1.39997
1.39997
1.39997
1.39997
1.39997
1.39997
1.39997
1.39997
1.39997
1.39997
1.39997
1.39997
1.39997
1.39997
1.39997
1.39997
1.39997
1.39997
1.39997
1.39997
1.39997
1.39997
1.39997
1.39997
1.39997
1.39997
1.39997
1.39997
1.39997
1.39997
1.39997
1.39997
1.39997
1.39997
1.39997
1.39997
1.39997
1.39997
1.39997
1.39997
1.39997
1.39997
1.39997
1.39997
1.39997
1.39997
1.39997
1.39997
1.39997
1.39997
1.39997
1.39997
1.39997
1.39997
1.39997
1.39997
1.39997
1.39997
1.39997
1.39997
1.39997
1.39997
1.39997
1.39997
1.39997
1.39997
1.39997
1.39997
1.39997
1.39997
1.39997
1.39997
1.39997
1.39997
1.39997
1.39997
1.39997
1.39997
1.39997
1.39997
1.39997
1.39997
1.39997
1.39997
1.39997
1.39997
1.39997
1.39997
1.39997
1.39997
1.39997
1.39997
1.39997
1.39997
1.39997
1.39997
1.39997
1.39997
1.39997
1.39997
1.39997
1.39997
1.39997
1.39997
1.39997
1.39997
1.39997
1.39997
1.39997
1.39997
1.39997
1.39997
1.39997
1.39997
1.39997
1.39997
1.39997
1.39997
1.39997
1.39997
1.39997
1.39997
1.39997
1.39997
1.39997
1.39997
1.39997
1.39997
1.39997
1.39997
1.39997
1.39997
1.39997
1.39997
1.39997
1.39997
1.39997
1.39997
1.39997
1.39997
1.39997
1.39997
1.39997
1.39997
1.39997
1.39997
1.39997
1.39997
1.39997
1.39997
1.39997
1.39997
1.39997
1.39997
1.39997
1.39997
1.39997
1.39997
1.39997
1.39997
1.39997
1.39997
1.39997
1.39997
1.39997
1.39997
1.39997
1.39997
1.39997
1.39997
1.39997
1.39997
1.39997
1.39997
1.39997
1.39997
1.39997
1.39997
1.39997
1.39997
1.39997
1.39997
1.39997
1.39997
1.39997
1.39997
1.39997
1.39997
1.39997
1.39997
1.39997
1.39997
1.39997
1.39997
1.39997
1.39997
1.39997
1.39997
1.39997
1.39997
1.39997
1.39997
1.39997
1.39997
1.39997
1.39997
1.39997
1.39997
1.39997
1.39997
1.39997
1.39997
1.39997
1.39997
1.39997
1.39997
1.39997
1.39997
1.39997
1.39997
1.39997
1.39997
1.39997
1.39997
1.39997
1.39997
1.39997
1.39997
1.39997
1.39997
1.39997
1.39997
1.39997
1.39997
1.39997
1.39997
1.39997
1.39997
1.39997
1.39997
1.39997
1.39997
1.39997
1.39997
1.39997
1.39997
1.39997
1.39997
1.39997
1.39997
1.39997
1.39997
1.39997
1.39997
1.39997
1.39997
1.39997
1.39997
1.39997
1.39997
1.39997
1.39997
1.39997
1.39997
1.39997
1.39997
1.39997
1.39997
1.39997
1.39997
1.39997
1.39997
1.39997
1.39997
1.39997
1.39997
1.39997
1.39997
1.39997
1.39997
1.39997
1.39997
1.39997
1.39997
1.39997
1.39997
1.39997
1.39997
1.39997
1.39997
1.39997
1.39997
1.39997
1.39997
1.39997
1.39997
1.39997
1.39997
1.39997
1.39997
1.39997
1.39997
1.39997
1.39997
1.39997
1.39997
1.39997
1.39997
1.39997
1.39997
1.39997
1.39997
1.39997
1.39997
1.39997
1.39997
1.39997
1.39997
1.39997
1.39997
1.39997
1.39997
1.39997
1.39997
1.39997
1.39997
1.39997
1.39997
1.39997
1.39997
1.39997
1.39997
1.39997
1.39997
1.39997
1.39997
1.39997
1.39997
1.39997
1.39997
1.39997
1.39997
1.39997
1.39997
1.39997
1.39997
1.39997
1.39997
1.39997
1.39997
1.39997
1.39997
1.39997
1.39997
1.39997
1.39997
1.39997
1.39997
1.39997
1.39997
1.39997
1.39997
1.39997
1.39997
1.39997
1.39997
1.39997
1.39997
1.39997
1.39997
1.39997
1.39997
1.39997
1.39997
1.39997
1.39997
1.39997
1.39997
1.39997
1.39997
1.39997
1.39997
1.39997
1.39997
1.39997
1.39997
1.39997
1.39997
1.39997
1.39997
1.39997
1.39997
1.39997
1.39997
1.39997
1.39997
1.39997
1.39997
1.39997
1.39997
1.39997
1.39997
1.39997
1.39997
1.39997
1.39997
1.39997
1.39997
1.39997
1.39997
1.39997
1.39997
1.39997
1.39997
1.39997
1.39997
1.39997
1.39997
1.39997
1.39997
1.39997
1.39997
0.506504
0.408854
0.475477
0.545996
0.594341
0.631267
0.634928
0.613799
0.575312
0.561018
0.560768
0.573783
0.600869
0.621256
0.618326
0.613261
0.613456
0.623172
0.650178
0.699224
0.780629
0.909887
1.09012
1.26183
1.34612
1.37466
1.39362
1.4151
1.42954
1.43053
1.42836
1.4248
1.41971
1.41241
1.4047
1.40064
1.39999
1.39997
1.39997
1.39997
1.215
0.549515
0.518702
0.542373
0.58194
0.621825
0.629754
0.618876
0.588363
0.569052
0.56848
0.580614
0.607403
0.626909
0.624846
0.617357
0.613959
0.62309
0.649353
0.697408
0.777281
0.906373
1.08433
1.25469
1.34069
1.37165
1.39184
1.41335
1.42815
1.42983
1.42797
1.42466
1.41982
1.41257
1.40462
1.4006
1.39999
1.39997
1.39997
1.39997
1.75756
0.740682
0.598779
0.593518
0.624403
0.667104
0.66961
0.659435
0.627949
0.599259
0.594643
0.600397
0.629352
0.652634
0.652243
0.646933
0.642945
0.648989
0.6687
0.712117
0.793834
0.926316
1.11047
1.27591
1.35262
1.3791
1.3966
1.41562
1.42905
1.43058
1.42878
1.42524
1.41991
1.41225
1.40436
1.40054
1.39998
1.39997
1.39997
1.39997
2.15453
1.10937
0.781122
0.634258
0.641885
0.676092
0.697956
0.692488
0.675294
0.650198
0.643307
0.645555
0.667618
0.685102
0.685275
0.679851
0.675262
0.68202
0.703904
0.747436
0.828573
0.965283
1.14804
1.29725
1.36009
1.38251
1.39853
1.41626
1.42863
1.43017
1.42884
1.42567
1.42014
1.41203
1.40403
1.40044
1.39998
1.39997
1.39997
1.39997
2.45295
1.45644
0.967635
0.708689
0.672553
0.697483
0.72239
0.723902
0.714332
0.696201
0.688593
0.691932
0.712322
0.727021
0.728047
0.721904
0.716205
0.722551
0.744994
0.794111
0.885322
1.02914
1.20411
1.32572
1.36936
1.38651
1.40102
1.41732
1.42823
1.42973
1.42892
1.42612
1.42036
1.41171
1.40362
1.40034
1.39998
1.39997
1.39997
1.39997
2.66311
1.74416
1.17439
0.892196
0.742439
0.74172
0.738625
0.742322
0.750275
0.746116
0.737462
0.739309
0.752916
0.760795
0.761377
0.756548
0.756984
0.767343
0.796419
0.855376
0.955875
1.10024
1.25474
1.3447
1.37491
1.38942
1.40347
1.41882
1.42823
1.42948
1.42904
1.42656
1.42044
1.41124
1.40316
1.40025
1.39997
1.39997
1.39997
1.39997
2.84268
1.97932
1.40134
1.05962
0.838331
0.791208
0.762768
0.76007
0.775544
0.787451
0.787321
0.784478
0.789649
0.79113
0.790353
0.788869
0.79351
0.810162
0.847647
0.917057
1.02747
1.17396
1.30509
1.36252
1.381
1.39233
1.40555
1.42053
1.42883
1.42976
1.42955
1.42712
1.42042
1.41063
1.40269
1.40017
1.39997
1.39997
1.39997
1.39997
2.99525
2.18523
1.60367
1.22844
0.97276
0.873675
0.804133
0.778046
0.78885
0.799999
0.80734
0.810378
0.814333
0.814632
0.812955
0.814428
0.824056
0.848864
0.896284
0.977774
1.10087
1.24867
1.34835
1.3748
1.38385
1.39282
1.40654
1.42223
1.42989
1.43069
1.43061
1.42791
1.42041
1.40995
1.40223
1.40011
1.39997
1.39997
1.39997
1.39997
3.10365
2.3673
1.78861
1.39469
1.09943
0.947359
0.864896
0.794901
0.795336
0.801408
0.808827
0.815815
0.826385
0.833845
0.832211
0.834957
0.848913
0.882197
0.941229
1.03415
1.16224
1.29547
1.36157
1.37613
1.38345
1.39288
1.40814
1.42411
1.43061
1.43143
1.43144
1.42855
1.42037
1.40926
1.40181
1.40006
1.39997
1.39997
1.39997
1.39997
3.19987
2.50219
1.9594
1.55527
1.2271
1.02915
0.936511
0.829051
0.800383
0.803633
0.806402
0.810273
0.829743
0.849175
0.848834
0.852479
0.868673
0.908193
0.976034
1.07404
1.20199
1.31593
1.36261
1.37439
1.38208
1.39347
1.41084
1.42642
1.43145
1.43218
1.4321
1.42896
1.42012
1.4085
1.40142
1.40002
1.39997
1.39997
1.39997
1.39997
3.30591
2.61565
2.10507
1.7015
1.34973
1.1241
1.00863
0.877601
0.805109
0.808454
0.81183
0.816765
0.828663
0.851732
0.862702
0.869983
0.888339
0.930283
1.00446
1.11348
1.24527
1.33628
1.36371
1.37349
1.38144
1.3943
1.41389
1.4294
1.43325
1.43386
1.43356
1.42961
1.41966
1.40761
1.40107
1.4
1.39997
1.39997
1.39997
1.39997
3.42741
2.72582
2.23955
1.84875
1.46759
1.20425
1.08681
0.958796
0.845277
0.832267
0.821811
0.821051
0.827746
0.849233
0.872371
0.889683
0.914952
0.964185
1.05317
1.17753
1.30147
1.36034
1.37244
1.37812
1.38467
1.39703
1.4167
1.43145
1.43474
1.43548
1.43518
1.43049
1.4193
1.40667
1.40076
1.39999
1.39997
1.39997
1.39997
1.39997
3.56627
2.86148
2.36402
1.97689
1.58448
1.29383
1.16843
1.04121
0.901032
0.871092
0.845776
0.834706
0.837984
0.853547
0.882321
0.910465
0.947105
1.01444
1.12294
1.23487
1.32125
1.37076
1.38115
1.38498
1.3905
1.40148
1.4189
1.43233
1.43554
1.43639
1.43617
1.43128
1.41873
1.40566
1.4005
1.39998
1.39997
1.39997
1.39997
1.39997
3.69959
3.01715
2.4917
2.09181
1.69477
1.38098
1.25683
1.13889
0.971966
0.924405
0.891223
0.865074
0.865087
0.876175
0.903924
0.941392
0.991754
1.06422
1.15557
1.24737
1.32008
1.36812
1.38295
1.38857
1.39439
1.40432
1.42097
1.43466
1.43787
1.43869
1.43814
1.43165
1.41753
1.40456
1.4003
1.39997
1.39997
1.39997
1.39997
1.39997
3.84541
3.19051
2.61568
2.19588
1.82135
1.49345
1.35041
1.23131
1.05252
0.983144
0.948966
0.901695
0.89699
0.904377
0.930642
0.971341
1.02194
1.08232
1.15685
1.24419
1.31103
1.35494
1.37977
1.38784
1.39489
1.40523
1.42266
1.43712
1.44041
1.44146
1.44057
1.43253
1.41627
1.40346
1.40015
1.39997
1.39997
1.39997
1.39997
1.39997
3.98584
3.36267
2.74264
2.30225
1.94727
1.61216
1.44908
1.33131
1.14954
1.04636
1.01052
0.948404
0.936017
0.941568
0.962956
1.00018
1.04269
1.08868
1.14902
1.22332
1.28177
1.32884
1.36627
1.38378
1.39343
1.4062
1.42539
1.43961
1.44262
1.44377
1.44265
1.43255
1.41446
1.40242
1.40006
1.39997
1.39997
1.39997
1.39997
1.39997
3.97505
3.53466
2.86279
2.4152
2.08925
1.74259
1.53696
1.41863
1.24556
1.1166
1.08399
1.01519
0.980499
0.982011
0.999027
1.0302
1.06063
1.09989
1.16185
1.2161
1.25796
1.30016
1.34496
1.37365
1.38908
1.4072
1.43182
1.44586
1.44834
1.44905
1.44561
1.43145
1.41198
1.40155
1.40001
1.39997
1.39997
1.39997
1.39997
1.39997
3.71172
3.47608
2.98209
2.53384
2.21821
1.88064
1.64107
1.51381
1.34154
1.1759
1.14685
1.09147
1.03838
1.03857
1.05306
1.07305
1.09216
1.12873
1.1826
1.22452
1.25371
1.28425
1.32302
1.35972
1.38511
1.40854
1.43571
1.44925
1.45194
1.45291
1.44813
1.43038
1.40945
1.40085
1.39998
1.39997
1.39997
1.39997
1.39997
1.39997
3.14553
3.41789
3.12409
2.68741
2.35209
2.00973
1.73623
1.60557
1.44387
1.25783
1.21843
1.17092
1.09951
1.0952
1.10496
1.12065
1.14213
1.17861
1.21377
1.23688
1.25699
1.28253
1.3164
1.35308
1.38579
1.4165
1.44441
1.45313
1.455
1.45543
1.44904
1.4283
1.40682
1.40036
1.39997
1.39997
1.39997
1.39997
1.39997
1.39997
2.53491
3.4478
3.2496
2.83105
2.47492
2.14603
1.84436
1.69314
1.53846
1.34586
1.29809
1.26194
1.1842
1.16671
1.16906
1.17903
1.20543
1.2402
1.26045
1.26789
1.27553
1.28761
1.31311
1.34874
1.38233
1.41892
1.45313
1.46316
1.46471
1.46368
1.45227
1.42437
1.40388
1.40008
1.39997
1.39997
1.39997
1.39997
1.39997
1.39997
1.87978
3.33151
3.3052
2.98094
2.60312
2.28532
1.95662
1.78195
1.6415
1.44377
1.38279
1.35389
1.27935
1.24264
1.2416
1.25412
1.27789
1.30055
1.30853
1.30869
1.30826
1.31365
1.32866
1.35835
1.39169
1.42381
1.457
1.4717
1.4747
1.47363
1.45296
1.41763
1.40147
1.39999
1.39997
1.39997
1.39997
1.39997
1.39997
1.39997
1.46206
2.95568
3.34586
3.13559
2.75621
2.41921
2.07811
1.87361
1.74979
1.5587
1.48272
1.45403
1.37872
1.33001
1.3336
1.34008
1.34531
1.35058
1.35508
1.35252
1.34308
1.33967
1.34687
1.37057
1.40644
1.44529
1.48028
1.49182
1.49371
1.48541
1.44646
1.40886
1.40027
1.39997
1.39997
1.39997
1.39997
1.39997
1.39997
1.39997
1.40176
2.30998
3.31777
3.24763
2.9291
2.56931
2.2297
1.98277
1.86629
1.68912
1.58668
1.55923
1.48342
1.42697
1.43008
1.42885
1.41899
1.41366
1.40858
1.40012
1.38217
1.36336
1.36566
1.3809
1.41234
1.46368
1.50803
1.51757
1.51719
1.48621
1.42988
1.40244
1.39999
1.39997
1.39997
1.39997
1.39997
1.39997
1.39997
1.39997
1.39998
1.68427
3.0239
3.26341
3.10481
2.75764
2.39348
2.12082
1.98802
1.83744
1.69683
1.6586
1.58876
1.53471
1.52838
1.51489
1.48816
1.47145
1.46136
1.44812
1.42581
1.41044
1.4148
1.43192
1.46613
1.51755
1.54761
1.55142
1.53249
1.46863
1.41132
1.40025
1.39997
1.39997
1.39997
1.39997
1.39997
1.39997
1.39997
1.39997
1.39997
1.43063
2.3523
3.2293
3.2021
2.96694
2.60028
2.29636
2.11175
1.96847
1.81033
1.75791
1.69609
1.63672
1.62211
1.60136
1.56393
1.53245
1.51182
1.48919
1.46042
1.45175
1.45871
1.48108
1.52643
1.57758
1.59185
1.58375
1.52242
1.43427
1.40182
1.39998
1.39997
1.39997
1.39997
1.39997
1.39997
1.39997
1.39997
1.39997
1.39997
1.40093
1.68572
2.86301
3.213
3.14266
2.83672
2.4958
2.26179
2.0897
1.92895
1.85416
1.80259
1.73711
1.70854
1.67841
1.63462
1.59555
1.56696
1.5372
1.51374
1.51397
1.52586
1.5569
1.60864
1.63987
1.6392
1.58568
1.47689
1.40791
1.40006
1.39997
1.39997
1.39997
1.39997
1.39997
1.39997
1.39997
1.39997
1.39997
1.39997
1.39998
1.43036
2.17519
3.08972
3.14808
3.03711
2.72909
2.44092
2.222
2.05883
1.95507
1.90089
1.8308
1.79172
1.75271
1.70037
1.65602
1.62022
1.58562
1.5733
1.57809
1.59883
1.64521
1.69261
1.69963
1.65583
1.53876
1.42405
1.40054
1.39997
1.39997
1.39997
1.39997
1.39997
1.39997
1.39997
1.39997
1.39997
1.39997
1.39997
1.39997
1.40089
1.59096
2.59856
3.13199
3.06424
2.93166
2.64907
2.38574
2.19282
2.07139
1.99872
1.92213
1.86744
1.82551
1.76982
1.71915
1.67543
1.64584
1.64432
1.65589
1.69372
1.74946
1.76762
1.73122
1.61427
1.45548
1.40243
1.39998
1.39997
1.39997
1.39997
1.39997
1.39997
1.39997
1.39997
1.39997
1.39997
1.39997
1.39997
1.39997
1.39997
1.41469
1.88069
2.82205
3.0538
2.97196
2.82319
2.58394
2.36524
2.21062
2.1063
2.02201
1.94893
1.90082
1.84139
1.78434
1.7384
1.72402
1.72967
1.75963
1.81569
1.84288
1.8091
1.69513
1.50313
1.40753
1.40002
1.39997
1.39997
1.39997
1.39997
1.39997
1.39997
1.39997
1.39997
1.39997
1.39997
1.39997
1.39997
1.39997
1.39997
1.40023
1.46946
2.13015
2.87565
2.9625
2.88911
2.78362
2.59119
2.4016
2.25544
2.14147
2.05025
1.99123
1.92634
1.85898
1.82713
1.82839
1.85113
1.90025
1.92288
1.88467
1.77399
1.56139
1.4174
1.40017
1.39997
1.39997
1.39997
1.39997
1.39997
1.39997
1.39997
1.39997
1.39997
1.39997
1.39997
1.39997
1.39997
1.39997
1.39997
1.39997
1.40235
1.55208
2.26268
2.81769
2.88752
2.84214
2.77602
2.63073
2.46465
2.31441
2.19737
2.11749
2.04584
1.97442
1.96386
1.97632
2.00334
2.00266
1.95227
1.84425
1.61909
1.43118
1.40051
1.39997
1.39997
1.39997
1.39997
1.39997
1.39997
1.39997
1.39997
1.39997
1.39997
1.39997
1.39997
1.39997
1.39997
1.39997
1.39997
1.39997
1.39998
1.40767
1.61135
2.27662
2.76031
2.83531
2.79717
2.74577
2.6511
2.52141
2.39832
2.30129
2.21885
2.15412
2.13091
2.11008
2.07059
2.0101
1.89951
1.6623
1.44409
1.40098
1.39997
1.39997
1.39997
1.39997
1.39997
1.39997
1.39997
1.39997
1.39997
1.39997
1.39997
1.39997
1.39997
1.39997
1.39997
1.39997
1.39997
1.39997
1.39997
1.40003
1.41286
1.63123
2.22092
2.65684
2.76362
2.74862
2.68785
2.60296
2.51445
2.4282
2.34331
2.26463
2.19562
2.13056
2.05984
1.93062
1.67659
1.44903
1.40128
1.39997
1.39997
1.39997
1.39997
1.39997
1.39997
1.39997
1.39997
1.39997
1.39997
1.39997
1.39997
1.39997
1.39997
1.39997
1.39997
1.39997
1.39997
1.39997
1.39997
1.39997
1.4001
1.41417
1.58803
2.04672
2.45905
2.63434
2.64614
2.59389
2.52002
2.43808
2.35276
2.26842
2.18527
2.08625
1.91885
1.6487
1.44164
1.40111
1.39997
1.39997
1.39997
1.39997
1.39997
1.39997
1.39997
1.39997
1.39997
1.39997
1.39997
1.39997
1.39997
1.39997
1.39997
1.39997
1.39997
1.39997
1.39997
1.39997
1.39997
1.39997
1.39997
1.40009
1.40828
1.49952
1.77531
2.10977
2.32897
2.40363
2.39251
2.34072
2.25875
2.15705
2.02108
1.8198
1.57235
1.42496
1.4006
1.39997
1.39997
1.39997
1.39997
1.39997
1.39997
1.39997
1.39997
1.39997
1.39997
1.39997
1.39997
1.39997
1.39997
1.39997
1.39997
1.39997
1.39997
1.39997
1.39997
1.39997
1.39997
1.39997
1.39997
1.39997
1.40001
1.4022
1.42714
1.52034
1.67805
1.83108
1.9031
1.89347
1.84566
1.75017
1.61094
1.47325
1.40892
1.40017
1.39997
1.39997
1.39997
1.39997
1.39997
1.39997
1.39997
1.39997
1.39997
1.39997
1.39997
1.39997
1.39997
1.39997
1.39997
1.39997
1.39997
1.39997
1.39997
1.39997
1.39997
1.39997
1.39997
1.39997
1.39997
1.39997
1.39997
1.39997
1.40017
1.40258
1.4137
1.4388
1.46179
1.46428
1.45622
1.43523
1.41194
1.40136
1.4
1.39997
1.39997
1.39997
1.39997
1.39997
1.39997
1.39997
1.39997
1.39997
1.39997
1.39997
1.39997
1.39997
1.39997
1.39997
1.39997
1.39997
1.39997
1.39997
1.39997
1.39997
1.39997
1.39997
1.39997
1.39997
1.39997
1.39997
1.39997
1.39997
1.39997
1.39997
1.40002
1.40029
1.40073
1.40083
1.40068
1.40029
1.40002
1.39997
1.39997
1.39997
1.39997
1.39997
1.39997
1.39997
1.39997
1.39997
1.39997
1.39997
1.39997
1.39997
1.39997
1.39997
1.39997
1.39997
1.39997
1.39997
1.39997
1.39997
1.39997
1.39997
1.39997
1.39997
1.39997
1.39997
1.39997
1.39997
1.39997
1.39997
1.39997
1.39997
1.39997
1.39997
1.39997
1.39997
1.39997
1.39997
1.39997
1.39997
1.39997
1.39997
1.39997
1.39997
1.39997
1.39997
1.39997
1.39997
1.39997
1.39997
1.39997
1.39997
1.39997
1.39997
1.39997
1.39997
1.39997
1.39997
1.39997
1.39997
1.39997
1.39997
1.39997
1.39997
1.39997
1.39997
1.39997
1.39997
1.39997
1.39997
1.39997
1.39997
1.39997
1.39997
1.39997
1.39997
1.39997
1.39997
1.39997
1.39997
1.39997
1.39997
1.39997
1.39997
1.39997
1.39997
1.39997
1.39997
1.39997
1.39997
1.39997
1.39997
1.39997
1.39997
1.39997
1.39997
1.39997
1.39997
1.39997
1.39997
)
;

boundaryField
{
    inlet
    {
        type            calculated;
        value           uniform 1.39997;
    }
    outlet
    {
        type            calculated;
        value           nonuniform List<scalar> 
40
(
1.39997
1.39997
1.39997
1.39997
1.39997
1.39997
1.39997
1.39997
1.39997
1.39997
1.39997
1.39997
1.39997
1.39997
1.39997
1.39997
1.39997
1.39997
1.39997
1.39997
1.39997
1.39997
1.39997
1.39997
1.39997
1.39997
1.39997
1.39997
1.39997
1.39997
1.39997
1.39997
1.39997
1.39997
1.39997
1.39997
1.39997
1.39997
1.39997
1.39997
)
;
    }
    top
    {
        type            symmetryPlane;
    }
    bottom
    {
        type            symmetryPlane;
    }
    step
    {
        type            calculated;
        value           nonuniform List<scalar> 
80
(
4.80774
5.02526
5.1453
4.97182
4.79738
4.79022
4.96317
5.02093
5.04936
5.08034
4.98457
4.69264
5.00395
5.32701
5.41205
4.79173
4.52492
4.35532
4.35826
4.71964
5.59801
5.71688
5.50373
4.58002
4.46985
4.55945
4.70965
4.69032
4.58004
4.44295
4.56414
5.23917
5.23477
4.88943
4.55743
4.44178
4.92451
4.88641
4.26963
3.64586
0.506504
0.408854
0.475477
0.545996
0.594341
0.631267
0.634928
0.613799
0.575312
0.561018
0.560768
0.573783
0.600869
0.621256
0.618326
0.613261
0.613456
0.623172
0.650178
0.699224
0.780629
0.909887
1.09012
1.26183
1.34612
1.37466
1.39362
1.4151
1.42954
1.43053
1.42836
1.4248
1.41971
1.41241
1.4047
1.40064
1.39999
1.39997
1.39997
1.39997
)
;
    }
    defaultFaces
    {
        type            empty;
    }
}


// ************************************************************************* //
