/*--------------------------------*- C++ -*----------------------------------*\
  =========                 |
  \\      /  F ield         | OpenFOAM: The Open Source CFD Toolbox
   \\    /   O peration     | Website:  https://openfoam.org
    \\  /    A nd           | Version:  6.0
     \\/     M anipulation  |
\*---------------------------------------------------------------------------*/
FoamFile
{
    version     2.0;
    format      ascii;
    class       volVectorField;
    location    "0.499462";
    object      U;
}
// * * * * * * * * * * * * * * * * * * * * * * * * * * * * * * * * * * * * * //

dimensions      [0 1 -1 0 0 0 0];

internalField   nonuniform List<vector> 
4800
(
(3 2.40623e-16 0)
(3 -1.65261e-16 0)
(3 -5.2205e-16 0)
(3 8.58192e-16 0)
(3 5.12113e-16 0)
(3 2.68898e-16 0)
(3 2.7975e-16 0)
(3 3.4161e-16 0)
(3 1.57949e-16 0)
(3 4.50008e-16 0)
(3 6.3946e-16 0)
(3 6.90724e-16 0)
(3 -2.95296e-17 0)
(3 -1.30062e-15 0)
(3 -3.96398e-16 0)
(3 -1.04335e-16 0)
(3 -2.32257e-16 0)
(3 2.0665e-16 0)
(3 -6.76764e-17 0)
(3 -2.21281e-16 0)
(3 5.31717e-17 0)
(3 4.55771e-16 0)
(3 2.95698e-16 0)
(3 -5.77518e-16 0)
(3 -8.34996e-16 0)
(2.0356 0.00434742 0)
(0.747291 0.00692833 0)
(0.613136 0.00742416 0)
(0.549278 0.00663466 0)
(0.478575 0.00649902 0)
(0.42524 0.00512518 0)
(0.387413 0.00620158 0)
(0.360204 0.00982029 0)
(0.332019 0.0137541 0)
(0.296875 0.0118743 0)
(0.24466 -0.000609305 0)
(0.175023 -0.0107303 0)
(0.12003 0.01229 0)
(0.0736578 0.0348815 0)
(0.0218941 0.0414169 0)
(3 1.63964e-16 0)
(3 9.28915e-17 0)
(3 -1.69929e-16 0)
(3 1.31805e-15 0)
(3 1.8746e-15 0)
(3 1.26801e-15 0)
(3 2.14961e-16 0)
(3 -3.55944e-16 0)
(3 -3.40594e-16 0)
(3 4.3711e-17 0)
(3 1.00753e-15 0)
(3 8.8144e-16 0)
(3 8.07293e-16 0)
(3 -9.81825e-16 0)
(3 -1.36515e-15 0)
(3 -2.92056e-16 0)
(3 -5.65973e-17 0)
(3 2.06593e-16 0)
(3 4.42865e-16 0)
(3 9.08737e-17 0)
(3 -2.05326e-16 0)
(3 -3.00571e-16 0)
(3 3.29294e-16 0)
(3 -3.85674e-16 0)
(3 2.44947e-17 0)
(2.03106 0.0139171 0)
(0.740642 0.0211185 0)
(0.607476 0.0199339 0)
(0.544581 0.0190265 0)
(0.473795 0.0202859 0)
(0.420556 0.0172909 0)
(0.385816 0.0147262 0)
(0.360127 0.0194299 0)
(0.331398 0.0287001 0)
(0.286134 0.0215698 0)
(0.239853 -0.00680424 0)
(0.185517 -0.00588712 0)
(0.128866 0.0207989 0)
(0.0755904 0.0230602 0)
(0.0236024 0.0197072 0)
(3 -1.87971e-16 0)
(3 -6.56609e-17 0)
(3 7.70748e-16 0)
(3 1.6668e-15 0)
(3 1.43311e-15 0)
(3 1.52343e-15 0)
(3 1.00674e-15 0)
(3 -4.86639e-16 0)
(3 -1.00402e-15 0)
(3 -4.95772e-16 0)
(3 2.34902e-16 0)
(3 4.16976e-16 0)
(3 3.9848e-16 0)
(3 -1.18663e-15 0)
(3 -1.16843e-15 0)
(3 -1.00816e-15 0)
(3 1.88848e-16 0)
(3 6.3459e-16 0)
(3 -1.19195e-16 0)
(3 -1.16658e-16 0)
(3 -1.75444e-16 0)
(3 6.60844e-17 0)
(3 1.49227e-17 0)
(3 2.43293e-16 0)
(3 -5.66916e-16 0)
(2.03502 0.0278649 0)
(0.737714 0.0368185 0)
(0.603688 0.0336996 0)
(0.540851 0.0308074 0)
(0.46862 0.0310872 0)
(0.414722 0.029412 0)
(0.380773 0.0301575 0)
(0.358237 0.0340791 0)
(0.329083 0.0406339 0)
(0.279231 0.041721 0)
(0.229832 0.0155038 0)
(0.190909 0.00469226 0)
(0.131963 0.00455034 0)
(0.0762298 0.0195663 0)
(0.0239736 0.0334719 0)
(3 -1.24109e-16 0)
(3 -2.8011e-16 0)
(3 1.13689e-15 0)
(3 1.93753e-15 0)
(3 1.17369e-15 0)
(3 3.67958e-16 0)
(3 4.98366e-16 0)
(3 6.63505e-16 0)
(3 1.67236e-16 0)
(3 -8.35194e-17 0)
(3 -4.48377e-17 0)
(3 4.1716e-16 0)
(3 -8.40591e-16 0)
(3 -1.20213e-15 0)
(3 -1.15417e-15 0)
(3 -9.99012e-16 0)
(3 2.53954e-16 0)
(3 8.87193e-16 0)
(3 1.47208e-16 0)
(3 -5.35352e-16 0)
(3 -3.80447e-16 0)
(3 -2.42288e-16 0)
(3 -1.01918e-17 0)
(3 4.55823e-16 0)
(3 -7.58119e-16 0)
(2.04951 0.0419961 0)
(0.739572 0.0536645 0)
(0.602678 0.0474966 0)
(0.539995 0.0417707 0)
(0.467605 0.0418428 0)
(0.413688 0.0432705 0)
(0.377494 0.0480931 0)
(0.353074 0.0486414 0)
(0.325771 0.0422511 0)
(0.276106 0.0492077 0)
(0.218006 0.0567639 0)
(0.175839 0.0211752 0)
(0.13765 0.00986839 0)
(0.0930867 0.0334189 0)
(0.0267031 0.0624396 0)
(3 2.11413e-16 0)
(3 5.40882e-16 0)
(3 7.37952e-16 0)
(3 6.36019e-16 0)
(3 2.13087e-18 0)
(3 -5.37464e-16 0)
(3 -4.52604e-16 0)
(3 -7.00077e-16 0)
(3 -7.58769e-16 0)
(3 -2.9809e-16 0)
(3 8.69367e-16 0)
(3 8.49973e-16 0)
(3 -5.99185e-16 0)
(3 -5.72232e-16 0)
(3 -7.18685e-16 0)
(3 -1.0514e-15 0)
(3 -2.95303e-16 0)
(3 9.0303e-16 0)
(3 1.17729e-15 0)
(3 -5.58431e-16 0)
(3 -4.32013e-16 0)
(3 1.64707e-17 0)
(3 -2.69632e-16 0)
(3 -2.51204e-16 0)
(3 -5.20931e-16 0)
(2.07019 0.0543148 0)
(0.743199 0.0707025 0)
(0.602818 0.0609674 0)
(0.541409 0.0533256 0)
(0.470843 0.0524943 0)
(0.417244 0.0550225 0)
(0.378895 0.061689 0)
(0.349514 0.0616782 0)
(0.320579 0.0557899 0)
(0.278417 0.0662916 0)
(0.215913 0.0934829 0)
(0.167096 0.0864168 0)
(0.139954 0.0584215 0)
(0.0995484 0.0462832 0)
(0.0270308 0.0325317 0)
(3 -4.75479e-17 0)
(3 2.20778e-16 0)
(3 1.40906e-16 0)
(3 -3.23994e-16 0)
(3 -5.65442e-16 0)
(3 -2.59982e-16 0)
(3 -4.92319e-16 0)
(3 -1.25526e-15 0)
(3 -1.12958e-15 0)
(3 1.13608e-16 0)
(3 1.08997e-15 0)
(3 5.09162e-16 0)
(3 2.1053e-16 0)
(3 -2.20964e-16 0)
(3 -3.96078e-16 0)
(3 -6.7179e-16 0)
(3 -5.33144e-16 0)
(3 5.76833e-16 0)
(3 3.42672e-16 0)
(3 -4.32195e-16 0)
(3 -2.07308e-17 0)
(3 3.87961e-16 0)
(3 3.55692e-16 0)
(3 -2.67992e-16 0)
(3 7.27386e-16 0)
(2.0938 0.065923 0)
(0.746216 0.087458 0)
(0.603316 0.0743254 0)
(0.544102 0.0655973 0)
(0.475141 0.064683 0)
(0.422424 0.0668878 0)
(0.383167 0.0729187 0)
(0.350683 0.0792439 0)
(0.320483 0.0767584 0)
(0.284061 0.0755078 0)
(0.224983 0.111207 0)
(0.163039 0.137025 0)
(0.130983 0.130931 0)
(0.0867039 0.0863668 0)
(0.0249293 0.0407904 0)
(3 -7.7488e-16 0)
(3 -9.14328e-16 0)
(3 -4.37795e-16 0)
(3 -6.51778e-16 0)
(3 -1.17768e-16 0)
(3 4.65053e-16 0)
(3 -5.11906e-16 0)
(3 9.92907e-17 0)
(3 3.72176e-16 0)
(3 5.31473e-16 0)
(3 3.76215e-16 0)
(3 -1.5728e-16 0)
(3 3.16104e-16 0)
(3 -3.07716e-16 0)
(3 -8.18842e-16 0)
(3 -2.47703e-16 0)
(3 -3.13043e-16 0)
(3 -8.4619e-16 0)
(3 5.88786e-16 0)
(3 4.9045e-16 0)
(3 3.83065e-16 0)
(3 3.28275e-16 0)
(3 2.53996e-16 0)
(3 -3.74644e-16 0)
(3 -9.18491e-16 0)
(2.12358 0.0753879 0)
(0.75071 0.103128 0)
(0.604851 0.0875743 0)
(0.547789 0.0784972 0)
(0.479388 0.0808659 0)
(0.42686 0.0806801 0)
(0.387683 0.0831088 0)
(0.353644 0.0919174 0)
(0.320622 0.0983933 0)
(0.287112 0.0924251 0)
(0.236161 0.109401 0)
(0.175875 0.166083 0)
(0.120855 0.179727 0)
(0.0698476 0.147177 0)
(0.0233045 0.127911 0)
(3 -1.56599e-16 0)
(3 3.8057e-17 0)
(3 8.50324e-17 0)
(3 9.31759e-17 0)
(3 1.44446e-16 0)
(3 6.24829e-16 0)
(3 4.43656e-16 0)
(3 5.16438e-16 0)
(3 -8.02444e-17 0)
(3 4.68575e-16 0)
(3 -4.1519e-16 0)
(3 7.22865e-17 0)
(3 1.24789e-16 0)
(3 -7.9593e-16 0)
(3 -1.03754e-15 0)
(3 -5.93827e-16 0)
(3 -3.38052e-16 0)
(3 5.7249e-16 0)
(3 7.62063e-16 0)
(3 4.05483e-16 0)
(3 -1.2738e-16 0)
(3 4.29145e-17 0)
(3 -5.00519e-16 0)
(3 3.95731e-19 0)
(3 -9.79049e-16 0)
(2.15348 0.0837002 0)
(0.753126 0.118527 0)
(0.605357 0.100504 0)
(0.550284 0.0911925 0)
(0.481588 0.0946901 0)
(0.428861 0.095251 0)
(0.391721 0.0956519 0)
(0.358261 0.103195 0)
(0.321607 0.119895 0)
(0.282251 0.109527 0)
(0.249598 0.107031 0)
(0.186131 0.146295 0)
(0.119945 0.181887 0)
(0.06603 0.182253 0)
(0.0233584 0.179863 0)
(3 3.38396e-16 0)
(3 7.08662e-16 0)
(3 2.83053e-16 0)
(3 2.8372e-16 0)
(3 4.86683e-16 0)
(3 4.81099e-16 0)
(3 4.05579e-16 0)
(3 3.99941e-17 0)
(3 3.33177e-17 0)
(3 -8.23114e-17 0)
(3 -4.53623e-16 0)
(3 6.12501e-17 0)
(3 -7.17944e-16 0)
(3 -7.83699e-16 0)
(3 -1.23226e-15 0)
(3 -1.48037e-15 0)
(3 -7.05055e-16 0)
(3 8.94438e-16 0)
(3 6.95546e-16 0)
(3 8.63427e-16 0)
(3 1.61391e-16 0)
(3 -4.28332e-16 0)
(3 5.52471e-16 0)
(3 1.24691e-15 0)
(3 2.18017e-15 0)
(2.18418 0.0920062 0)
(0.755334 0.134792 0)
(0.605612 0.113587 0)
(0.553193 0.101504 0)
(0.483623 0.106807 0)
(0.429571 0.110682 0)
(0.393082 0.111657 0)
(0.365257 0.117161 0)
(0.329235 0.137382 0)
(0.277455 0.144257 0)
(0.246285 0.117106 0)
(0.201058 0.108779 0)
(0.126491 0.135124 0)
(0.066246 0.152094 0)
(0.023926 0.141812 0)
(3 7.21812e-17 0)
(3 4.55377e-16 0)
(3 -6.90011e-17 0)
(3 -1.36382e-16 0)
(3 2.63816e-16 0)
(3 6.55387e-18 0)
(3 -4.9991e-16 0)
(3 -2.20267e-16 0)
(3 -3.96984e-16 0)
(3 -4.71551e-16 0)
(3 -2.46221e-16 0)
(3 -5.45779e-16 0)
(3 -8.25978e-16 0)
(3 -1.13202e-15 0)
(3 -8.25167e-16 0)
(3 -9.81706e-16 0)
(3 -6.90237e-16 0)
(3 -2.83731e-16 0)
(3 2.11117e-16 0)
(3 -1.49846e-17 0)
(3 -5.84779e-16 0)
(3 -6.91876e-16 0)
(3 8.73726e-17 0)
(3 8.94316e-16 0)
(3 4.58112e-16 0)
(2.2174 0.102262 0)
(0.758987 0.152646 0)
(0.60652 0.125268 0)
(0.556103 0.109341 0)
(0.486355 0.113865 0)
(0.430873 0.124686 0)
(0.393841 0.132654 0)
(0.368236 0.137409 0)
(0.336723 0.151968 0)
(0.278034 0.173381 0)
(0.230843 0.144848 0)
(0.203117 0.0994071 0)
(0.136 0.0856275 0)
(0.0688939 0.0776766 0)
(0.0232458 0.0685536 0)
(3 -2.76432e-17 0)
(3 -3.19185e-16 0)
(3 -1.30468e-16 0)
(3 2.24837e-16 0)
(3 2.12582e-16 0)
(3 1.72008e-17 0)
(3 -2.20227e-16 0)
(3 -6.76001e-16 0)
(3 -1.75447e-16 0)
(3 2.33703e-16 0)
(3 -4.62885e-17 0)
(3 -1.92254e-16 0)
(3 -1.01164e-15 0)
(3 -8.50074e-16 0)
(3 -1.83436e-16 0)
(3 1.68188e-16 0)
(3 7.18263e-16 0)
(3 1.50495e-16 0)
(3 -3.82166e-16 0)
(3 -9.25698e-16 0)
(3 -1.80116e-15 0)
(3 -1.13193e-15 0)
(3 -1.50481e-15 0)
(3 -3.80932e-16 0)
(3 -1.27236e-16 0)
(2.2559 0.113831 0)
(0.765635 0.170582 0)
(0.60842 0.136158 0)
(0.558514 0.117046 0)
(0.489901 0.123032 0)
(0.433783 0.138705 0)
(0.394488 0.154637 0)
(0.36891 0.159368 0)
(0.34424 0.163051 0)
(0.286031 0.193962 0)
(0.215863 0.198069 0)
(0.17773 0.100941 0)
(0.135059 0.0490263 0)
(0.0723799 0.0629483 0)
(0.0260946 0.092905 0)
(3 1.49868e-17 0)
(3 -9.71944e-17 0)
(3 3.43823e-16 0)
(3 3.0723e-16 0)
(3 1.24164e-16 0)
(3 7.82605e-16 0)
(3 5.57809e-16 0)
(3 -3.73871e-16 0)
(3 3.5298e-17 0)
(3 5.72785e-16 0)
(3 3.06373e-17 0)
(3 6.65021e-18 0)
(3 -3.43308e-16 0)
(3 -1.14194e-15 0)
(3 -8.46979e-16 0)
(3 -5.90324e-16 0)
(3 -5.03595e-16 0)
(3 1.24945e-16 0)
(3 -5.28992e-16 0)
(3 -1.26501e-15 0)
(3 -1.10552e-15 0)
(3 -1.00596e-15 0)
(3 -6.81209e-17 0)
(3 6.83715e-17 0)
(3 1.53479e-15 0)
(2.29981 0.124067 0)
(0.774615 0.186455 0)
(0.611965 0.144111 0)
(0.562109 0.127601 0)
(0.494022 0.136713 0)
(0.437482 0.15299 0)
(0.395922 0.169958 0)
(0.370074 0.180526 0)
(0.349732 0.180035 0)
(0.296763 0.190308 0)
(0.217543 0.220754 0)
(0.147865 0.219724 0)
(0.133134 0.152142 0)
(0.0949364 0.156585 0)
(0.0303397 0.187298 0)
(3 6.89579e-17 0)
(3 2.2858e-16 0)
(3 3.17001e-16 0)
(3 -7.42392e-17 0)
(3 4.76278e-16 0)
(3 5.22318e-16 0)
(3 6.91682e-16 0)
(3 6.7565e-16 0)
(3 -3.25211e-16 0)
(3 -4.10055e-16 0)
(3 -2.25187e-17 0)
(3 5.478e-17 0)
(3 6.42438e-16 0)
(3 -8.98714e-16 0)
(3 -1.27034e-15 0)
(3 -1.28456e-15 0)
(3 -7.77172e-16 0)
(3 -1.8116e-16 0)
(3 -7.28948e-16 0)
(3 -1.35541e-16 0)
(3 8.04786e-16 0)
(3 1.39343e-16 0)
(3 1.03147e-15 0)
(3 1.62874e-15 0)
(3 -1.12462e-16 0)
(2.34838 0.132731 0)
(0.784593 0.200665 0)
(0.617459 0.15166 0)
(0.568385 0.142557 0)
(0.498214 0.155046 0)
(0.439458 0.169503 0)
(0.397873 0.182061 0)
(0.371932 0.195222 0)
(0.350573 0.200007 0)
(0.304759 0.19451 0)
(0.228577 0.234992 0)
(0.155784 0.284409 0)
(0.120551 0.308843 0)
(0.0995744 0.296508 0)
(0.0327887 0.262578 0)
(3 4.59573e-16 0)
(3 1.96417e-16 0)
(3 -5.34627e-17 0)
(3 -8.55056e-17 0)
(3 9.39286e-17 0)
(3 -4.38808e-17 0)
(3 6.7378e-16 0)
(3 9.07514e-16 0)
(3 5.31817e-16 0)
(3 -2.57965e-16 0)
(3 -1.62611e-17 0)
(3 2.24617e-16 0)
(3 -7.1011e-17 0)
(3 1.56949e-16 0)
(3 -1.2843e-15 0)
(3 -1.00238e-15 0)
(3 -4.64636e-16 0)
(3 -4.80522e-16 0)
(3 -3.93121e-16 0)
(3 2.97881e-16 0)
(3 1.7156e-15 0)
(3 1.86246e-15 0)
(3 9.81315e-16 0)
(3 1.93795e-15 0)
(3 -1.55549e-16 0)
(2.40224 0.143983 0)
(0.796292 0.216183 0)
(0.626105 0.161416 0)
(0.576829 0.157555 0)
(0.501842 0.174581 0)
(0.440137 0.18869 0)
(0.400894 0.194454 0)
(0.376639 0.198413 0)
(0.352552 0.211138 0)
(0.30756 0.207333 0)
(0.251602 0.231828 0)
(0.185276 0.315122 0)
(0.135965 0.377653 0)
(0.0905438 0.374385 0)
(0.0316507 0.349692 0)
(3 9.4546e-17 0)
(3 2.2602e-16 0)
(3 -5.98891e-17 0)
(3 -2.79017e-16 0)
(3 -4.13878e-17 0)
(3 6.58243e-16 0)
(3 1.81859e-16 0)
(3 -6.51236e-16 0)
(3 -1.84074e-16 0)
(3 2.97348e-16 0)
(3 -2.31273e-17 0)
(3 -8.02145e-17 0)
(3 2.82749e-16 0)
(3 9.71335e-17 0)
(3 -5.20474e-16 0)
(3 -7.65219e-16 0)
(3 -6.22477e-16 0)
(3 -7.48892e-16 0)
(3 -1.41144e-15 0)
(3 -6.3748e-16 0)
(3 5.23211e-16 0)
(3 1.40623e-15 0)
(3 4.87439e-16 0)
(3 1.53418e-15 0)
(3 4.56513e-16 0)
(2.46355 0.156875 0)
(0.810813 0.23364 0)
(0.636383 0.171486 0)
(0.587475 0.165112 0)
(0.505688 0.188442 0)
(0.437635 0.204594 0)
(0.400335 0.206874 0)
(0.378522 0.202097 0)
(0.360135 0.213119 0)
(0.313525 0.235081 0)
(0.267863 0.245508 0)
(0.214008 0.276201 0)
(0.149425 0.323885 0)
(0.0907365 0.337952 0)
(0.0317873 0.311652 0)
(3 -2.38021e-16 0)
(3 -2.49809e-16 0)
(3 -9.6636e-17 0)
(3 1.75565e-16 0)
(3 1.98519e-17 0)
(3 1.08431e-16 0)
(3 -5.18851e-16 0)
(3 -7.14789e-16 0)
(3 -3.25702e-17 0)
(3 6.08471e-16 0)
(3 7.07623e-17 0)
(3 3.01766e-16 0)
(3 1.0569e-16 0)
(3 5.67579e-17 0)
(3 1.03966e-16 0)
(3 -1.05289e-15 0)
(3 -1.04029e-15 0)
(3 -1.9062e-15 0)
(3 -9.59135e-16 0)
(3 -3.16008e-16 0)
(3 -6.15702e-16 0)
(3 -3.56035e-16 0)
(3 3.62166e-16 0)
(3 2.87383e-16 0)
(3 -5.79609e-16 0)
(2.53387 0.167075 0)
(0.829411 0.250484 0)
(0.64619 0.179806 0)
(0.597382 0.167084 0)
(0.511431 0.196848 0)
(0.435899 0.215212 0)
(0.397702 0.224005 0)
(0.378695 0.217021 0)
(0.368649 0.226912 0)
(0.324503 0.257331 0)
(0.265363 0.257129 0)
(0.212219 0.205667 0)
(0.157448 0.167375 0)
(0.0888326 0.1551 0)
(0.0312111 0.130942 0)
(3 -1.45918e-16 0)
(3 -3.97561e-16 0)
(3 -7.44726e-16 0)
(3 -3.10058e-16 0)
(3 -6.74528e-17 0)
(3 -1.1803e-15 0)
(3 -8.29848e-16 0)
(3 -2.47323e-16 0)
(3 -7.77916e-19 0)
(3 2.15505e-16 0)
(3 5.24209e-16 0)
(3 6.2678e-16 0)
(3 3.93611e-16 0)
(3 -3.25907e-16 0)
(3 -6.14773e-16 0)
(3 -8.43662e-16 0)
(3 -1.91911e-15 0)
(3 -1.27831e-15 0)
(3 -4.4735e-17 0)
(3 -2.10774e-16 0)
(3 -1.34333e-15 0)
(3 -1.18475e-15 0)
(3 -7.33929e-16 0)
(3 2.05134e-16 0)
(3 -1.54104e-15 0)
(2.61644 0.170649 0)
(0.85272 0.265351 0)
(0.652775 0.18947 0)
(0.6047 0.172508 0)
(0.514274 0.203811 0)
(0.437325 0.231051 0)
(0.400271 0.246205 0)
(0.381035 0.251413 0)
(0.378733 0.260051 0)
(0.330058 0.275396 0)
(0.255831 0.251666 0)
(0.193099 0.187141 0)
(0.144297 0.131791 0)
(0.0827864 0.113695 0)
(0.0317939 0.0991451 0)
(3 -1.53368e-16 0)
(3 -2.91174e-16 0)
(3 -9.93279e-16 0)
(3 -7.79996e-16 0)
(3 -7.49632e-16 0)
(3 -1.30671e-15 0)
(3 -8.72873e-16 0)
(3 -8.77174e-16 0)
(3 -9.46862e-16 0)
(3 -2.90081e-16 0)
(3 5.28599e-16 0)
(3 1.13464e-15 0)
(3 4.66052e-16 0)
(3 -7.60158e-16 0)
(3 -1.04938e-16 0)
(3 9.82898e-17 0)
(3 -6.32717e-16 0)
(3 -2.95914e-17 0)
(3 4.58608e-16 0)
(3 1.48839e-17 0)
(3 -6.83461e-16 0)
(3 -6.21224e-16 0)
(3 -5.05265e-16 0)
(3 1.13145e-15 0)
(3 5.34703e-16 0)
(2.70628 0.166661 0)
(0.881007 0.278501 0)
(0.65947 0.199046 0)
(0.610029 0.181148 0)
(0.517324 0.216686 0)
(0.444661 0.260582 0)
(0.409148 0.297391 0)
(0.384849 0.305002 0)
(0.376723 0.289941 0)
(0.329713 0.26991 0)
(0.24454 0.252 0)
(0.176285 0.200454 0)
(0.144097 0.156376 0)
(0.0927157 0.138714 0)
(0.0319085 0.117594 0)
(3 2.36438e-16 0)
(3 1.86925e-16 0)
(3 9.9758e-17 0)
(3 1.89226e-16 0)
(3 -4.55042e-16 0)
(3 -4.90931e-17 0)
(3 3.92455e-16 0)
(3 -1.50328e-16 0)
(3 -4.45449e-16 0)
(3 -5.39927e-16 0)
(3 3.29706e-16 0)
(3 7.59449e-16 0)
(3 5.73763e-16 0)
(3 2.12011e-16 0)
(3 4.98677e-16 0)
(3 1.02957e-15 0)
(3 5.42971e-16 0)
(3 8.01328e-17 0)
(3 -2.82596e-16 0)
(3 -3.85686e-17 0)
(3 3.02837e-16 0)
(3 -2.58744e-16 0)
(3 2.05311e-16 0)
(3 1.22137e-15 0)
(3 6.65408e-16 0)
(2.79825 0.152794 0)
(0.914871 0.286922 0)
(0.662217 0.208079 0)
(0.611227 0.195494 0)
(0.524601 0.237733 0)
(0.456124 0.296885 0)
(0.41511 0.323331 0)
(0.387911 0.322313 0)
(0.367566 0.297302 0)
(0.323915 0.268796 0)
(0.244857 0.27528 0)
(0.16446 0.274201 0)
(0.138444 0.202638 0)
(0.0923654 0.181259 0)
(0.0330437 0.151062 0)
(3 3.12991e-16 0)
(3 7.07993e-17 0)
(3 9.3296e-17 0)
(3 -2.68968e-16 0)
(3 -2.74086e-17 0)
(3 3.10611e-16 0)
(3 1.12624e-16 0)
(3 -1.34479e-16 0)
(3 -1.80179e-16 0)
(3 -3.35205e-16 0)
(3 1.13275e-16 0)
(3 -1.30226e-16 0)
(3 1.07363e-15 0)
(3 1.11184e-15 0)
(3 6.49478e-16 0)
(3 9.37066e-16 0)
(3 2.44382e-16 0)
(3 -2.09285e-16 0)
(3 -5.55669e-16 0)
(3 -5.58078e-16 0)
(3 -2.92206e-16 0)
(3 -2.51186e-16 0)
(3 3.36186e-16 0)
(3 9.18656e-16 0)
(3 -2.55499e-16 0)
(2.88314 0.128103 0)
(0.951278 0.292573 0)
(0.667119 0.214837 0)
(0.612206 0.217311 0)
(0.531206 0.262973 0)
(0.464407 0.312591 0)
(0.419867 0.325712 0)
(0.390578 0.314205 0)
(0.360221 0.303899 0)
(0.324546 0.288133 0)
(0.270818 0.333804 0)
(0.189839 0.412599 0)
(0.111345 0.439678 0)
(0.060107 0.305993 0)
(0.0336788 0.232779 0)
(3 1.16239e-16 0)
(3 2.01257e-16 0)
(3 6.85097e-16 0)
(3 -6.94717e-17 0)
(3 -4.8254e-16 0)
(3 -5.80186e-16 0)
(3 -6.31599e-16 0)
(3 -3.7025e-16 0)
(3 -4.97057e-17 0)
(3 -9.15477e-17 0)
(3 1.10177e-16 0)
(3 -1.03694e-16 0)
(3 5.72692e-16 0)
(3 5.6729e-16 0)
(3 1.06675e-16 0)
(3 -1.30565e-16 0)
(3 -1.1933e-16 0)
(3 3.41602e-16 0)
(3 6.66661e-16 0)
(3 1.58134e-16 0)
(3 -1.92351e-17 0)
(3 2.44886e-16 0)
(3 9.50528e-16 0)
(3 1.38549e-15 0)
(3 4.09581e-16 0)
(2.95041 0.0887019 0)
(0.987994 0.299462 0)
(0.672158 0.224795 0)
(0.610936 0.248001 0)
(0.530927 0.288088 0)
(0.471063 0.313555 0)
(0.424225 0.313216 0)
(0.387794 0.302404 0)
(0.363935 0.313405 0)
(0.340957 0.358937 0)
(0.297367 0.403102 0)
(0.211804 0.461699 0)
(0.12258 0.51669 0)
(0.0533809 0.556005 0)
(0.0333574 0.562368 0)
(3 2.1416e-17 0)
(3 8.75061e-16 0)
(3 1.57589e-15 0)
(3 4.37559e-16 0)
(3 -6.11657e-16 0)
(3 -1.26203e-15 0)
(3 -5.43116e-16 0)
(3 -4.52542e-16 0)
(3 -1.22755e-16 0)
(3 9.48203e-17 0)
(3 -5.98615e-16 0)
(3 -4.5347e-16 0)
(3 3.02791e-16 0)
(3 1.48369e-16 0)
(3 8.19637e-16 0)
(3 1.30724e-16 0)
(3 7.96328e-16 0)
(3 1.61602e-15 0)
(3 1.00153e-15 0)
(3 1.15635e-15 0)
(3 3.74746e-16 0)
(3 5.33342e-16 0)
(3 1.6687e-15 0)
(3 6.73609e-16 0)
(3 5.62199e-17 0)
(2.98481 0.0463215 0)
(1.03082 0.300588 0)
(0.676557 0.240747 0)
(0.607568 0.277386 0)
(0.526529 0.305092 0)
(0.472341 0.306975 0)
(0.431728 0.299499 0)
(0.397647 0.316277 0)
(0.379221 0.356603 0)
(0.356119 0.387287 0)
(0.311213 0.422083 0)
(0.229564 0.461075 0)
(0.141006 0.521198 0)
(0.0728071 0.581564 0)
(0.0393284 0.616073 0)
(3 7.46654e-17 0)
(3 7.84599e-16 0)
(3 1.56978e-17 0)
(3 6.85e-17 0)
(3 -5.36334e-18 0)
(3 -5.40007e-16 0)
(3 -3.03365e-16 0)
(3 7.50639e-17 0)
(3 2.63039e-16 0)
(3 -1.76817e-16 0)
(3 -2.35459e-16 0)
(3 -4.94954e-16 0)
(3 -1.06863e-15 0)
(3 -6.69014e-18 0)
(3 1.30784e-15 0)
(3 1.14998e-15 0)
(3 1.89487e-15 0)
(3 1.47703e-15 0)
(3 4.16149e-16 0)
(3 1.61498e-16 0)
(3 3.54636e-16 0)
(3 1.04982e-15 0)
(3 1.00436e-15 0)
(3 -3.43851e-16 0)
(3 -1.16414e-15 0)
(3.00257 0.00789703 0)
(1.08509 0.296145 0)
(0.678574 0.255624 0)
(0.602066 0.298088 0)
(0.521406 0.321404 0)
(0.474228 0.309369 0)
(0.442698 0.303958 0)
(0.417569 0.345879 0)
(0.391618 0.380192 0)
(0.363447 0.396495 0)
(0.324536 0.408313 0)
(0.245619 0.429531 0)
(0.167602 0.467953 0)
(0.102742 0.572569 0)
(0.0410042 0.617232 0)
(3 5.16147e-17 0)
(3 -7.12958e-17 0)
(3 -8.00714e-17 0)
(3 2.62838e-16 0)
(3 7.63788e-16 0)
(3 3.13206e-16 0)
(3 -5.53991e-16 0)
(3 -2.92587e-17 0)
(3 3.96163e-16 0)
(3 6.5977e-17 0)
(3 7.23361e-16 0)
(3 -6.37944e-18 0)
(3 -1.40028e-15 0)
(3 -8.87344e-16 0)
(3 2.6905e-16 0)
(3 8.76714e-16 0)
(3 1.34546e-15 0)
(3 1.08689e-15 0)
(3 8.13038e-16 0)
(3 -5.87618e-17 0)
(3 2.95807e-16 0)
(3 3.94102e-16 0)
(3 2.65028e-16 0)
(3 2.15536e-16 0)
(3 -1.19363e-15 0)
(3.00009 0.000129472 0)
(1.15115 0.295493 0)
(0.685157 0.265887 0)
(0.600461 0.308183 0)
(0.519566 0.338056 0)
(0.478354 0.322038 0)
(0.461155 0.319033 0)
(0.438736 0.360659 0)
(0.399711 0.396467 0)
(0.362744 0.396768 0)
(0.325876 0.362491 0)
(0.247566 0.350001 0)
(0.174344 0.359688 0)
(0.115118 0.339495 0)
(0.0423495 0.298321 0)
(3 -4.778e-17 0)
(3 -2.28672e-16 0)
(3 2.2949e-16 0)
(3 7.91681e-16 0)
(3 1.63703e-16 0)
(3 4.81711e-16 0)
(3 -3.63231e-16 0)
(3 -3.77137e-16 0)
(3 -2.09621e-16 0)
(3 5.8813e-16 0)
(3 4.10958e-16 0)
(3 -9.98254e-17 0)
(3 -7.77717e-16 0)
(3 -5.04477e-16 0)
(3 -4.86419e-16 0)
(3 -4.76968e-16 0)
(3 5.57208e-16 0)
(3 2.89831e-16 0)
(3 1.15871e-16 0)
(3 5.58325e-16 0)
(3 3.31887e-16 0)
(3 6.72972e-16 0)
(3 1.16149e-15 0)
(3 6.7076e-16 0)
(3 -6.13349e-16 0)
(3 8.40452e-08 0)
(1.21921 0.30944 0)
(0.689968 0.277511 0)
(0.603193 0.30405 0)
(0.525781 0.346981 0)
(0.485362 0.357898 0)
(0.472194 0.344597 0)
(0.459279 0.359159 0)
(0.40929 0.406249 0)
(0.354419 0.395 0)
(0.31386 0.34837 0)
(0.256879 0.342235 0)
(0.178533 0.365531 0)
(0.105833 0.342002 0)
(0.0405183 0.301644 0)
(3 -2.70001e-16 0)
(3 -4.80276e-16 0)
(3 -2.19918e-16 0)
(3 -1.29896e-16 0)
(3 3.02874e-16 0)
(3 7.03995e-16 0)
(3 9.88338e-16 0)
(3 -1.37574e-16 0)
(3 -2.46503e-16 0)
(3 1.06421e-15 0)
(3 5.45175e-16 0)
(3 3.43655e-16 0)
(3 1.99715e-17 0)
(3 -1.18991e-16 0)
(3 -1.5288e-15 0)
(3 -1.50591e-15 0)
(3 -4.53888e-16 0)
(3 1.77804e-16 0)
(3 8.86669e-16 0)
(3 2.65858e-16 0)
(3 2.3957e-16 0)
(3 7.43198e-16 0)
(3 5.43196e-16 0)
(3 7.76699e-16 0)
(3 2.94744e-17 0)
(3 1.19081e-12 0)
(1.29663 0.328729 0)
(0.689166 0.29192 0)
(0.607036 0.308205 0)
(0.546968 0.349074 0)
(0.502119 0.3806 0)
(0.4765 0.372893 0)
(0.475102 0.366815 0)
(0.418655 0.410062 0)
(0.343108 0.400865 0)
(0.303312 0.367341 0)
(0.265873 0.343499 0)
(0.188959 0.370136 0)
(0.101882 0.38785 0)
(0.0408685 0.378501 0)
(3 -1.86886e-16 0)
(3 -6.93339e-16 0)
(3 -4.84764e-16 0)
(3 -4.84942e-16 0)
(3 3.45867e-17 0)
(3 3.67378e-16 0)
(3 1.94881e-16 0)
(3 -1.11828e-16 0)
(3 9.01823e-17 0)
(3 4.78018e-16 0)
(3 4.05114e-16 0)
(3 3.39743e-16 0)
(3 4.13155e-16 0)
(3 6.35646e-16 0)
(3 -4.40913e-16 0)
(3 3.32113e-17 0)
(3 2.70472e-16 0)
(3 2.90235e-17 0)
(3 4.44559e-16 0)
(3 -4.55485e-16 0)
(3 -7.15945e-16 0)
(3 2.84425e-16 0)
(3 -1.14781e-16 0)
(3 1.1357e-15 0)
(3 9.13733e-16 0)
(3 1.03279e-16 0)
(1.38676 0.338481 0)
(0.684423 0.310016 0)
(0.61458 0.326185 0)
(0.56871 0.362768 0)
(0.51941 0.388481 0)
(0.48807 0.400406 0)
(0.482149 0.37981 0)
(0.424377 0.392992 0)
(0.343531 0.434805 0)
(0.288427 0.39503 0)
(0.265452 0.357707 0)
(0.209478 0.380127 0)
(0.126002 0.438536 0)
(0.0480429 0.46331 0)
(3 5.80775e-17 0)
(3 -1.60511e-16 0)
(3 -1.22714e-15 0)
(3 -9.53653e-16 0)
(3 -4.42246e-16 0)
(3 -2.91554e-16 0)
(3 -5.35655e-16 0)
(3 3.18095e-16 0)
(3 6.99668e-16 0)
(3 1.80562e-16 0)
(3 2.30609e-16 0)
(3 -1.88267e-16 0)
(3 4.42435e-16 0)
(3 3.34334e-16 0)
(3 -2.51386e-16 0)
(3 -4.94815e-16 0)
(3 1.62009e-16 0)
(3 5.18487e-16 0)
(3 3.32751e-16 0)
(3 2.19946e-16 0)
(3 1.38542e-16 0)
(3 -6.37879e-16 0)
(3 -6.02928e-16 0)
(3 8.79887e-16 0)
(3 3.91115e-16 0)
(3 2.62193e-15 0)
(1.48922 0.346823 0)
(0.690058 0.322549 0)
(0.628512 0.368152 0)
(0.589352 0.39399 0)
(0.543831 0.406065 0)
(0.500232 0.422582 0)
(0.472986 0.400427 0)
(0.442082 0.390998 0)
(0.361826 0.485218 0)
(0.275274 0.523969 0)
(0.248772 0.413349 0)
(0.233635 0.412893 0)
(0.144535 0.448877 0)
(0.0515923 0.458693 0)
(3 4.99906e-17 0)
(3 -2.08714e-16 0)
(3 -3.97688e-16 0)
(3 -6.86655e-16 0)
(3 -6.1795e-17 0)
(3 -7.39937e-16 0)
(3 -1.98496e-16 0)
(3 5.96742e-16 0)
(3 9.55198e-16 0)
(3 3.04073e-16 0)
(3 1.5308e-16 0)
(3 -3.17829e-16 0)
(3 -2.10232e-16 0)
(3 -6.06381e-16 0)
(3 -2.4073e-17 0)
(3 -4.9418e-16 0)
(3 -1.0496e-15 0)
(3 3.89535e-16 0)
(3 7.74155e-16 0)
(3 1.06509e-15 0)
(3 3.50375e-16 0)
(3 -1.83628e-15 0)
(3 -1.78282e-15 0)
(3 -1.51091e-15 0)
(3 5.62584e-17 0)
(3 -3.24507e-15 0)
(1.59204 0.375162 0)
(0.720235 0.344653 0)
(0.652382 0.399813 0)
(0.612026 0.430405 0)
(0.563214 0.434292 0)
(0.509637 0.439769 0)
(0.466269 0.435896 0)
(0.453418 0.408056 0)
(0.394357 0.487669 0)
(0.301384 0.606172 0)
(0.213549 0.626847 0)
(0.21611 0.473021 0)
(0.153282 0.451874 0)
(0.0568692 0.444291 0)
(3 -1.14764e-16 0)
(3 1.60381e-16 0)
(3 -2.27198e-16 0)
(3 -1.7614e-16 0)
(3 9.58283e-17 0)
(3 4.9669e-17 0)
(3 3.19432e-16 0)
(3 5.16113e-16 0)
(3 9.44325e-16 0)
(3 8.4115e-16 0)
(3 3.68166e-16 0)
(3 -3.10604e-16 0)
(3 -1.40128e-15 0)
(3 -1.46903e-15 0)
(3 -5.74642e-16 0)
(3 -1.20315e-15 0)
(3 -1.51353e-15 0)
(3 -2.63622e-16 0)
(3 4.1394e-16 0)
(3 5.36545e-16 0)
(3 2.22044e-16 0)
(3 -1.38871e-15 0)
(3 -1.44355e-15 0)
(3 -2.11234e-15 0)
(3 -5.45309e-16 0)
(3 -2.7576e-15 0)
(1.72671 0.415868 0)
(0.768223 0.382304 0)
(0.68201 0.402583 0)
(0.639419 0.44379 0)
(0.577113 0.453078 0)
(0.520564 0.442917 0)
(0.465486 0.473218 0)
(0.449343 0.452385 0)
(0.430954 0.466101 0)
(0.338307 0.622634 0)
(0.222265 0.713682 0)
(0.161133 0.667451 0)
(0.142567 0.51081 0)
(0.0599746 0.472611 0)
(3 2.83277e-16 0)
(3 5.67379e-16 0)
(3 -9.74769e-17 0)
(3 -1.15437e-16 0)
(3 -6.87697e-17 0)
(3 4.69547e-16 0)
(3 2.09813e-16 0)
(3 4.3692e-16 0)
(3 1.04716e-15 0)
(3 1.35813e-15 0)
(3 2.88095e-16 0)
(3 -9.90063e-16 0)
(3 -1.0575e-15 0)
(3 -3.60568e-16 0)
(3 -6.46106e-16 0)
(3 -6.52434e-16 0)
(3 -5.02534e-16 0)
(3 -5.64869e-16 0)
(3 7.0731e-16 0)
(3 8.21936e-16 0)
(3 4.99046e-16 0)
(3 -1.29059e-15 0)
(3 -1.46813e-15 0)
(3 -1.25904e-15 0)
(3 -4.15512e-16 0)
(3 -1.5372e-15 0)
(1.90427 0.424687 0)
(0.816532 0.389804 0)
(0.719279 0.388105 0)
(0.66308 0.437066 0)
(0.589739 0.45952 0)
(0.528283 0.445729 0)
(0.470391 0.477894 0)
(0.444965 0.48724 0)
(0.446659 0.478852 0)
(0.387318 0.560776 0)
(0.256939 0.719795 0)
(0.149887 0.781751 0)
(0.0836152 0.698116 0)
(0.0503644 0.565826 0)
(3 -4.83084e-17 0)
(3 2.44417e-16 0)
(3 1.07341e-15 0)
(3 5.38225e-16 0)
(3 -6.95805e-16 0)
(3 1.8999e-17 0)
(3 3.2284e-16 0)
(3 5.82218e-16 0)
(3 6.7848e-16 0)
(3 6.35861e-16 0)
(3 -9.78231e-16 0)
(3 -1.55982e-15 0)
(3 -1.27147e-15 0)
(3 1.80512e-17 0)
(3 -2.5498e-16 0)
(3 4.64022e-16 0)
(3 -2.4022e-16 0)
(3 -6.35897e-16 0)
(3 9.48081e-16 0)
(3 7.26933e-16 0)
(3 -5.43247e-16 0)
(3 -1.56589e-15 0)
(3 -1.98317e-15 0)
(3 -5.56569e-16 0)
(3 -9.93709e-16 0)
(3 -1.89383e-15 0)
(2.12063 0.388833 0)
(0.860679 0.374071 0)
(0.749587 0.388527 0)
(0.688046 0.42898 0)
(0.597214 0.473804 0)
(0.528429 0.467302 0)
(0.480134 0.473744 0)
(0.452014 0.512411 0)
(0.442912 0.520468 0)
(0.43279 0.514047 0)
(0.295842 0.673141 0)
(0.175089 0.796939 0)
(0.0787001 0.825351 0)
(0.0527441 0.845383 0)
(3 -7.85426e-17 0)
(3 -2.57289e-17 0)
(3 1.48324e-16 0)
(3 2.02744e-16 0)
(3 -3.0332e-16 0)
(3 -1.40053e-16 0)
(3 3.45646e-16 0)
(3 3.39797e-16 0)
(3 4.3377e-16 0)
(3 -5.43099e-16 0)
(3 -1.55761e-15 0)
(3 -1.67989e-15 0)
(3 -9.04238e-16 0)
(3 -2.76566e-16 0)
(3 -5.04169e-16 0)
(3 -6.01535e-16 0)
(3 -8.36986e-16 0)
(3 -1.25354e-16 0)
(3 5.53312e-16 0)
(3 5.38479e-16 0)
(3 -3.9805e-16 0)
(3 -1.59255e-15 0)
(3 -1.56391e-15 0)
(3 -1.11116e-15 0)
(3 -1.50219e-16 0)
(3 -9.61413e-16 0)
(2.32202 0.346063 0)
(0.895871 0.378718 0)
(0.764329 0.402239 0)
(0.702333 0.447454 0)
(0.605025 0.493333 0)
(0.527186 0.510355 0)
(0.487261 0.486567 0)
(0.465777 0.535973 0)
(0.440455 0.559839 0)
(0.429707 0.52345 0)
(0.369432 0.545097 0)
(0.225581 0.778895 0)
(0.0882685 0.855513 0)
(0.0560705 0.889861 0)
(3 6.87729e-17 0)
(3 -3.29392e-16 0)
(3 -9.62564e-16 0)
(3 -8.31075e-16 0)
(3 1.00776e-16 0)
(3 -3.57875e-16 0)
(3 -8.22307e-16 0)
(3 -2.54215e-16 0)
(3 3.45736e-16 0)
(3 -4.93228e-16 0)
(3 -1.1832e-15 0)
(3 -5.20234e-16 0)
(3 -2.71144e-16 0)
(3 -8.54032e-16 0)
(3 -9.35948e-16 0)
(3 -7.12668e-16 0)
(3 -1.5715e-15 0)
(3 3.25275e-16 0)
(3 1.40176e-15 0)
(3 2.84058e-16 0)
(3 -5.87279e-16 0)
(3 -2.34224e-16 0)
(3 5.54793e-17 0)
(3 4.21853e-16 0)
(3 3.20872e-16 0)
(3 3.50883e-16 0)
(2.49691 0.297944 0)
(0.921644 0.409866 0)
(0.770167 0.455595 0)
(0.705442 0.491677 0)
(0.61359 0.506124 0)
(0.530603 0.537548 0)
(0.485536 0.547329 0)
(0.47257 0.539116 0)
(0.44517 0.548814 0)
(0.422971 0.54965 0)
(0.393121 0.565759 0)
(0.303354 0.64874 0)
(0.109483 0.780399 0)
(0.0613921 0.834175 0)
(3 -1.64394e-16 0)
(3 -3.77042e-16 0)
(3 -4.78715e-16 0)
(3 -8.59119e-16 0)
(3 -6.84256e-16 0)
(3 -9.11925e-16 0)
(3 -1.17367e-15 0)
(3 -5.27304e-16 0)
(3 -2.67209e-16 0)
(3 9.40957e-17 0)
(3 1.10679e-17 0)
(3 2.11288e-16 0)
(3 -9.3574e-16 0)
(3 -1.31695e-15 0)
(3 -1.32836e-15 0)
(3 -1.2112e-15 0)
(3 -1.10195e-15 0)
(3 -4.21514e-17 0)
(3 6.14329e-16 0)
(3 2.52255e-16 0)
(3 -2.64777e-16 0)
(3 -2.91741e-18 0)
(3 6.5278e-16 0)
(3 1.33679e-15 0)
(3 6.99644e-16 0)
(3 3.83857e-16 0)
(2.6542 0.253511 0)
(0.957539 0.447752 0)
(0.761017 0.497614 0)
(0.699065 0.516404 0)
(0.618645 0.503643 0)
(0.537014 0.545773 0)
(0.487661 0.562135 0)
(0.466807 0.547751 0)
(0.447548 0.546793 0)
(0.442733 0.576135 0)
(0.411392 0.641533 0)
(0.315184 0.624816 0)
(0.153693 0.637339 0)
(0.0833057 0.729173 0)
(3 2.21229e-17 0)
(3 5.70585e-18 0)
(3 1.91534e-16 0)
(3 5.8024e-17 0)
(3 -5.11026e-16 0)
(3 -9.9743e-17 0)
(3 4.12273e-16 0)
(3 -7.3352e-17 0)
(3 -1.57893e-17 0)
(3 -1.91208e-17 0)
(3 -1.65281e-16 0)
(3 -4.67073e-16 0)
(3 -1.14122e-15 0)
(3 -5.08444e-16 0)
(3 2.13179e-16 0)
(3 -6.96267e-16 0)
(3 4.03494e-16 0)
(3 -4.26986e-16 0)
(3 -7.66425e-16 0)
(3 1.40574e-16 0)
(3 8.78689e-16 0)
(3 9.52294e-16 0)
(3 6.9037e-16 0)
(3 -8.90654e-17 0)
(3 1.00973e-16 0)
(3 2.58335e-16 0)
(2.78907 0.209584 0)
(0.999094 0.465968 0)
(0.748075 0.511045 0)
(0.679981 0.51487 0)
(0.607705 0.506484 0)
(0.55472 0.508961 0)
(0.494592 0.552309 0)
(0.470719 0.576566 0)
(0.45316 0.575694 0)
(0.464356 0.625148 0)
(0.420743 0.666714 0)
(0.306076 0.634266 0)
(0.170897 0.678925 0)
(0.0981177 0.783924 0)
(3 1.8335e-16 0)
(3 3.08911e-16 0)
(3 3.44147e-16 0)
(3 3.9246e-16 0)
(3 4.41788e-16 0)
(3 8.6748e-16 0)
(3 7.72278e-16 0)
(3 7.88642e-16 0)
(3 2.00463e-16 0)
(3 1.87818e-16 0)
(3 1.03473e-16 0)
(3 -1.7215e-16 0)
(3 -7.81948e-16 0)
(3 2.85101e-16 0)
(3 -6.19425e-17 0)
(3 1.06668e-16 0)
(3 -2.24992e-17 0)
(3 -1.87129e-16 0)
(3 -5.08489e-17 0)
(3 4.79984e-16 0)
(3 1.09391e-15 0)
(3 8.36171e-16 0)
(3 3.28717e-16 0)
(3 -9.69887e-16 0)
(3 -3.20754e-16 0)
(3 2.62402e-16 0)
(2.90713 0.130088 0)
(1.04497 0.454741 0)
(0.719963 0.478674 0)
(0.657911 0.505804 0)
(0.59987 0.514701 0)
(0.559537 0.501968 0)
(0.520187 0.544729 0)
(0.49749 0.641383 0)
(0.458382 0.676309 0)
(0.458054 0.653315 0)
(0.4235 0.641132 0)
(0.346205 0.676407 0)
(0.274924 0.903083 0)
(0.13839 1.04248 0)
(3 -2.82755e-17 0)
(3 -1.21908e-16 0)
(3 -7.42663e-17 0)
(3 -1.0432e-16 0)
(3 8.36007e-16 0)
(3 4.12804e-16 0)
(3 8.41587e-16 0)
(3 1.19011e-15 0)
(3 -2.51305e-16 0)
(3 -5.94971e-16 0)
(3 -6.04584e-16 0)
(3 -6.29222e-16 0)
(3 8.21903e-17 0)
(3 4.72079e-16 0)
(3 8.48885e-17 0)
(3 1.42219e-16 0)
(3 1.03474e-16 0)
(3 8.01815e-16 0)
(3 1.12995e-15 0)
(3 8.28301e-16 0)
(3 8.19599e-16 0)
(3 1.06337e-15 0)
(3 -7.34577e-17 0)
(3 -5.02623e-16 0)
(3 1.52965e-16 0)
(3 6.16651e-16 0)
(3.00677 0.0527689 0)
(1.09392 0.382068 0)
(0.695761 0.459424 0)
(0.649729 0.518939 0)
(0.597136 0.535146 0)
(0.568076 0.535692 0)
(0.558016 0.583668 0)
(0.519986 0.665929 0)
(0.469028 0.699864 0)
(0.448557 0.667085 0)
(0.434969 0.646961 0)
(0.422258 0.759247 0)
(0.360795 0.995852 0)
(0.162441 1.15552 0)
(3 -4.01004e-17 0)
(3 -2.10894e-16 0)
(3 -5.93541e-17 0)
(3 1.40341e-16 0)
(3 6.69971e-16 0)
(3 6.95779e-16 0)
(3 1.57091e-15 0)
(3 1.29565e-15 0)
(3 -4.64617e-16 0)
(3 -1.46375e-15 0)
(3 -1.40144e-15 0)
(3 -1.19692e-15 0)
(3 -8.81105e-17 0)
(3 4.03558e-16 0)
(3 5.15887e-16 0)
(3 -5.70471e-16 0)
(3 1.22351e-15 0)
(3 1.32604e-15 0)
(3 7.61208e-16 0)
(3 6.49669e-16 0)
(3 1.61213e-15 0)
(3 1.22489e-15 0)
(3 2.5944e-16 0)
(3 -1.55662e-16 0)
(3 -4.39535e-16 0)
(3 7.05681e-16 0)
(3.04404 0.0414467 0)
(1.13358 0.355552 0)
(0.681767 0.474168 0)
(0.6543 0.56166 0)
(0.611365 0.624591 0)
(0.581123 0.634463 0)
(0.582087 0.610927 0)
(0.546479 0.623535 0)
(0.488234 0.699248 0)
(0.447849 0.716705 0)
(0.458626 0.671257 0)
(0.483305 0.814639 0)
(0.442754 1.01468 0)
(0.183485 1.10381 0)
(3 9.55889e-17 0)
(3 -7.26313e-17 0)
(3 1.49999e-16 0)
(3 2.5058e-16 0)
(3 -7.76093e-18 0)
(3 3.07373e-16 0)
(3 1.53961e-15 0)
(3 1.03766e-15 0)
(3 2.66543e-16 0)
(3 -6.02669e-16 0)
(3 -7.32897e-16 0)
(3 -1.14342e-15 0)
(3 -4.67736e-16 0)
(3 -2.28834e-16 0)
(3 -3.03773e-16 0)
(3 1.38172e-16 0)
(3 6.6253e-16 0)
(3 1.18826e-15 0)
(3 1.17265e-15 0)
(3 8.70891e-16 0)
(3 8.05394e-16 0)
(3 1.19312e-15 0)
(3 2.31707e-17 0)
(3 1.29968e-16 0)
(3 -3.61881e-16 0)
(3 6.06816e-16 0)
(3.03261 0.0187537 0)
(1.16862 0.406905 0)
(0.704683 0.5306 0)
(0.665729 0.636488 0)
(0.626028 0.651004 0)
(0.597217 0.644074 0)
(0.592621 0.601799 0)
(0.582657 0.544496 0)
(0.545879 0.624325 0)
(0.512269 0.780897 0)
(0.495281 0.832366 0)
(0.546883 0.871393 0)
(0.52731 0.934996 0)
(0.243373 1.0994 0)
(3 -1.30384e-18 0)
(3 -2.39563e-16 0)
(3 -8.02496e-17 0)
(3 -9.47582e-19 0)
(3 -2.60278e-16 0)
(3 -1.42467e-16 0)
(3 -1.89292e-16 0)
(3 -3.09497e-16 0)
(3 4.98685e-16 0)
(3 9.86513e-16 0)
(3 6.70134e-16 0)
(3 3.02393e-16 0)
(3 -5.09606e-16 0)
(3 -6.36438e-16 0)
(3 -5.27682e-17 0)
(3 4.07948e-16 0)
(3 1.77675e-16 0)
(3 4.14332e-16 0)
(3 6.01758e-16 0)
(3 1.04124e-15 0)
(3 4.57884e-16 0)
(3 3.43396e-16 0)
(3 4.31437e-16 0)
(3 4.65574e-16 0)
(3 4.18383e-16 0)
(3 -7.14703e-17 0)
(3.00247 0.00175479 0)
(1.52429 0.580685 0)
(0.783058 0.64229 0)
(0.720634 0.621045 0)
(0.698884 0.614373 0)
(0.669314 0.604053 0)
(0.64273 0.610817 0)
(0.627593 0.62933 0)
(0.62996 0.662589 0)
(0.625376 0.759436 0)
(0.58091 0.88249 0)
(0.569535 0.973271 0)
(0.647183 1.06043 0)
(0.844606 1.26011 0)
(3 1.52476e-18 0)
(3 7.30439e-17 0)
(3 5.98053e-17 0)
(3 -6.79811e-17 0)
(3 -5.04681e-17 0)
(3 -7.52159e-17 0)
(3 -5.09823e-16 0)
(3 -4.16112e-16 0)
(3 -3.00638e-16 0)
(3 -2.68562e-16 0)
(3 3.54574e-16 0)
(3 1.10555e-15 0)
(3 9.68686e-16 0)
(3 1.75846e-16 0)
(3 6.10774e-16 0)
(3 9.10225e-16 0)
(3 1.20335e-15 0)
(3 1.17707e-15 0)
(3 2.97543e-16 0)
(3 5.71413e-17 0)
(3 -4.11935e-16 0)
(3 -7.93688e-16 0)
(3 -6.27295e-16 0)
(3 1.32949e-16 0)
(3 5.54607e-16 0)
(3 1.42581e-17 0)
(3 8.22914e-06 0)
(2.52212 0.405067 0)
(1.00031 0.669854 0)
(0.835112 0.634057 0)
(0.812495 0.617771 0)
(0.775864 0.620569 0)
(0.740119 0.652708 0)
(0.711208 0.719043 0)
(0.693834 0.789245 0)
(0.696556 0.821034 0)
(0.716801 0.883373 0)
(0.736094 0.997589 0)
(0.842574 1.17639 0)
(1.15032 1.33625 0)
(3 -8.93091e-17 0)
(3 2.3466e-16 0)
(3 4.37135e-16 0)
(3 3.60386e-16 0)
(3 2.62462e-16 0)
(3 -9.46689e-17 0)
(3 -1.96585e-16 0)
(3 -1.25719e-16 0)
(3 -7.77894e-16 0)
(3 -1.47463e-15 0)
(3 -3.19877e-16 0)
(3 6.49553e-16 0)
(3 8.80073e-16 0)
(3 6.97021e-16 0)
(3 1.0877e-15 0)
(3 1.39467e-15 0)
(3 1.59013e-15 0)
(3 1.43956e-15 0)
(3 -2.7963e-16 0)
(3 -6.86668e-16 0)
(3 -1.28622e-15 0)
(3 -1.56064e-15 0)
(3 -1.6378e-15 0)
(3 -1.06212e-15 0)
(3 -3.24457e-16 0)
(3 -5.34114e-16 0)
(3 4.38536e-10 0)
(3.04793 0.0339827 0)
(1.39135 0.6622 0)
(0.886969 0.689725 0)
(0.840401 0.671635 0)
(0.811258 0.688916 0)
(0.787967 0.727979 0)
(0.778349 0.783294 0)
(0.76264 0.836558 0)
(0.764024 0.888588 0)
(0.797555 0.942018 0)
(0.888113 1.01614 0)
(1.02927 1.12582 0)
(1.27348 1.24008 0)
(3 -7.45688e-18 0)
(3 -1.83241e-18 0)
(3 1.04742e-16 0)
(3 4.5063e-16 0)
(3 3.40269e-16 0)
(3 1.01871e-16 0)
(3 6.18314e-18 0)
(3 -2.11314e-16 0)
(3 -3.69606e-16 0)
(3 -3.4234e-16 0)
(3 4.03963e-17 0)
(3 -4.2532e-16 0)
(3 -1.19632e-16 0)
(3 -9.49332e-17 0)
(3 -1.77052e-16 0)
(3 1.97779e-16 0)
(3 9.75609e-17 0)
(3 -2.92658e-16 0)
(3 -4.07341e-16 0)
(3 -5.46551e-16 0)
(3 -1.87112e-16 0)
(3 -1.65662e-16 0)
(3 -4.00497e-16 0)
(3 -6.45939e-16 0)
(3 -7.29815e-16 0)
(3 -1.05475e-15 0)
(3 2.32816e-15 0)
(3.0013 0.000211954 0)
(2.29897 0.501735 0)
(1.00929 0.735849 0)
(0.893343 0.714837 0)
(0.867922 0.745707 0)
(0.840175 0.787952 0)
(0.831178 0.828435 0)
(0.834838 0.857427 0)
(0.855301 0.898719 0)
(0.899714 0.952959 0)
(0.994256 1.0137 0)
(1.13754 1.07942 0)
(1.35984 1.14732 0)
(3 3.70312e-17 0)
(3 5.65548e-17 0)
(3 -5.9131e-16 0)
(3 -5.42191e-16 0)
(3 9.07155e-17 0)
(3 3.58097e-16 0)
(3 3.98887e-16 0)
(3 2.94823e-16 0)
(3 4.26401e-16 0)
(3 3.58946e-16 0)
(3 -5.92341e-18 0)
(3 -1.40292e-16 0)
(3 -3.1168e-16 0)
(3 -2.18776e-16 0)
(3 -6.7508e-16 0)
(3 -9.41815e-16 0)
(3 -1.45553e-15 0)
(3 -1.62799e-15 0)
(3 -1.18354e-15 0)
(3 -9.55173e-16 0)
(3 2.17625e-16 0)
(3 9.35695e-16 0)
(3 5.47555e-16 0)
(3 2.35094e-18 0)
(3 -6.8964e-16 0)
(3 -8.05382e-16 0)
(3 -1.7283e-15 0)
(3 1.8446e-07 0)
(3.04201 0.0595426 0)
(1.44525 0.741615 0)
(0.966922 0.793852 0)
(0.935491 0.787574 0)
(0.909835 0.822971 0)
(0.894605 0.855998 0)
(0.912205 0.882924 0)
(0.952111 0.909114 0)
(1.01011 0.944474 0)
(1.10003 0.990277 0)
(1.21908 1.03468 0)
(1.39279 1.07547 0)
(3 3.84647e-17 0)
(3 -8.59174e-17 0)
(3 -5.07514e-16 0)
(3 -9.52344e-16 0)
(3 -4.47534e-16 0)
(3 -1.59887e-16 0)
(3 -9.97922e-18 0)
(3 3.62991e-17 0)
(3 -3.53642e-17 0)
(3 1.26845e-16 0)
(3 4.87012e-16 0)
(3 8.06962e-16 0)
(3 4.37543e-16 0)
(3 8.54757e-17 0)
(3 9.80892e-17 0)
(3 -6.0573e-16 0)
(3 -8.9049e-16 0)
(3 -1.29125e-15 0)
(3 -1.54416e-15 0)
(3 -1.44319e-15 0)
(3 -6.33429e-16 0)
(3 -2.50058e-16 0)
(3 -1.09748e-16 0)
(3 -2.75362e-16 0)
(3 -6.77238e-16 0)
(3 -1.09755e-15 0)
(3 -1.52087e-15 0)
(3 6.12356e-12 0)
(3.00233 0.000880111 0)
(2.52366 0.447958 0)
(1.16247 0.82516 0)
(1.00179 0.831313 0)
(0.996421 0.836256 0)
(0.993454 0.868716 0)
(1.00991 0.899915 0)
(1.04426 0.923633 0)
(1.09744 0.950685 0)
(1.17995 0.979012 0)
(1.28626 1.00406 0)
(1.42206 1.02574 0)
(3 -2.29237e-17 0)
(3 -2.26948e-16 0)
(3 -3.36576e-16 0)
(3 -3.21572e-16 0)
(3 -1.61366e-16 0)
(3 8.47106e-17 0)
(3 1.26322e-16 0)
(3 -1.24278e-16 0)
(3 -4.83233e-16 0)
(3 -2.75543e-16 0)
(3 -2.58997e-16 0)
(3 -1.23604e-16 0)
(3 4.53434e-16 0)
(3 8.44348e-16 0)
(3 3.30727e-16 0)
(3 -1.10978e-16 0)
(3 -1.63005e-16 0)
(3 -5.65489e-16 0)
(3 -9.21108e-16 0)
(3 -7.06948e-16 0)
(3 -9.51229e-16 0)
(3 -1.58494e-15 0)
(3 -1.3496e-15 0)
(3 -2.28886e-16 0)
(3 -2.51078e-17 0)
(3 2.20697e-17 0)
(3 5.7976e-16 0)
(3 -2.60985e-12 0)
(3 1.27052e-06 0)
(3.02861 0.0318934 0)
(1.74815 0.755633 0)
(1.09518 0.886327 0)
(1.07464 0.883297 0)
(1.09162 0.895175 0)
(1.10561 0.916868 0)
(1.13167 0.934258 0)
(1.16863 0.953325 0)
(1.23482 0.974341 0)
(1.3257 0.991249 0)
(1.43813 1.00146 0)
(3 3.43306e-17 0)
(3 1.51767e-17 0)
(3 -2.87506e-17 0)
(3 2.82021e-16 0)
(3 2.43516e-16 0)
(3 -7.63528e-18 0)
(3 -8.29246e-17 0)
(3 -3.27139e-16 0)
(3 -4.61778e-16 0)
(3 -6.57735e-16 0)
(3 -8.59006e-16 0)
(3 -7.79284e-16 0)
(3 3.65745e-17 0)
(3 5.31985e-16 0)
(3 6.5762e-17 0)
(3 1.46479e-16 0)
(3 2.33609e-16 0)
(3 6.86973e-17 0)
(3 1.43809e-16 0)
(3 1.28302e-16 0)
(3 -1.18045e-15 0)
(3 -1.63793e-15 0)
(3 -1.42356e-15 0)
(3 -3.70697e-17 0)
(3 6.69705e-16 0)
(3 1.43972e-15 0)
(3 1.77412e-15 0)
(3 -9.62044e-13 0)
(3 6.47683e-11 0)
(3.00057 0.000423488 0)
(2.89805 0.228143 0)
(1.44089 0.871763 0)
(1.13693 0.92489 0)
(1.16818 0.920021 0)
(1.18148 0.936031 0)
(1.2061 0.945788 0)
(1.23722 0.959566 0)
(1.28706 0.977252 0)
(1.35836 0.98983 0)
(1.44998 0.991873 0)
(3 5.80184e-17 0)
(3 1.39816e-16 0)
(3 5.37386e-16 0)
(3 5.84085e-16 0)
(3 5.30499e-17 0)
(3 -6.50996e-16 0)
(3 -6.08889e-16 0)
(3 -3.71765e-16 0)
(3 -3.75539e-16 0)
(3 -4.80303e-16 0)
(3 -1.47555e-16 0)
(3 -5.63485e-17 0)
(3 -4.41816e-16 0)
(3 -4.40984e-16 0)
(3 -4.63427e-16 0)
(3 4.11848e-16 0)
(3 6.25236e-16 0)
(3 8.56232e-16 0)
(3 8.40994e-16 0)
(3 3.73808e-17 0)
(3 -6.96071e-16 0)
(3 -9.53993e-16 0)
(3 -1.18682e-15 0)
(3 -8.59631e-16 0)
(3 3.08366e-16 0)
(3 7.24751e-16 0)
(3 6.446e-16 0)
(3 -3.90062e-14 0)
(3 -1.86916e-14 0)
(3 2.46094e-07 0)
(3.00743 0.0081185 0)
(2.47959 0.53324 0)
(1.33465 0.930652 0)
(1.20278 0.96183 0)
(1.24789 0.95511 0)
(1.26495 0.964009 0)
(1.30039 0.971005 0)
(1.34469 0.981479 0)
(1.39957 0.984155 0)
(1.47352 0.980424 0)
(3 -6.78555e-17 0)
(3 6.97965e-17 0)
(3 2.85154e-16 0)
(3 -3.81886e-18 0)
(3 -4.20652e-16 0)
(3 -6.91634e-16 0)
(3 -5.74825e-16 0)
(3 -3.55565e-16 0)
(3 -5.27352e-16 0)
(3 -4.11159e-16 0)
(3 -2.66603e-16 0)
(3 -3.04988e-16 0)
(3 -3.60043e-18 0)
(3 -4.59573e-16 0)
(3 -8.76309e-16 0)
(3 -3.87749e-16 0)
(3 7.33091e-16 0)
(3 1.01594e-15 0)
(3 3.67209e-16 0)
(3 -9.36425e-16 0)
(3 -7.32419e-16 0)
(3 -4.73099e-16 0)
(3 -2.25535e-16 0)
(3 -3.10183e-17 0)
(3 -6.50132e-17 0)
(3 -3.89351e-17 0)
(3 -4.09109e-16 0)
(3 -1.04474e-15 0)
(3 -1.63473e-15 0)
(3 8.69009e-12 0)
(3.00002 4.35399e-05 0)
(3.01173 0.0421824 0)
(2.05801 0.747108 0)
(1.32685 0.972822 0)
(1.27486 0.995816 0)
(1.32102 0.993283 0)
(1.36007 0.990528 0)
(1.40267 0.987589 0)
(1.44725 0.981691 0)
(1.50704 0.979063 0)
(3 4.80831e-18 0)
(3 -6.67191e-17 0)
(3 -2.37951e-16 0)
(3 -2.80667e-16 0)
(3 -1.43419e-16 0)
(3 6.29564e-17 0)
(3 2.55596e-18 0)
(3 -2.27121e-16 0)
(3 3.10468e-16 0)
(3 6.71648e-17 0)
(3 -1.22914e-16 0)
(3 -7.02556e-17 0)
(3 4.89574e-16 0)
(3 -4.11566e-16 0)
(3 -6.54975e-16 0)
(3 -5.86203e-16 0)
(3 -4.6762e-16 0)
(3 -3.33841e-16 0)
(3 -6.08359e-16 0)
(3 -6.92235e-16 0)
(3 -4.47605e-16 0)
(3 4.72481e-16 0)
(3 1.15584e-15 0)
(3 7.08082e-16 0)
(3 2.00643e-17 0)
(3 -5.31569e-16 0)
(3 -5.66771e-16 0)
(3 -2.04452e-16 0)
(3 9.63782e-17 0)
(3 -6.38289e-17 0)
(3 1.0366e-08 0)
(3.00036 0.000682877 0)
(2.95359 0.134342 0)
(1.8673 0.854755 0)
(1.35727 1.01926 0)
(1.35847 1.01981 0)
(1.41407 1.01246 0)
(1.44912 1.00902 0)
(1.48939 0.995131 0)
(1.54525 0.984075 0)
(3 -1.14599e-17 0)
(3 8.93433e-17 0)
(3 1.67419e-16 0)
(3 2.43783e-16 0)
(3 5.53386e-16 0)
(3 7.44374e-16 0)
(3 1.36102e-16 0)
(3 1.16177e-17 0)
(3 2.96497e-16 0)
(3 4.15311e-16 0)
(3 3.12474e-16 0)
(3 2.19567e-16 0)
(3 -4.7396e-16 0)
(3 -2.88377e-16 0)
(3 1.6728e-16 0)
(3 2.67016e-16 0)
(3 -1.17714e-15 0)
(3 -1.77942e-15 0)
(3 -9.67616e-16 0)
(3 7.85705e-16 0)
(3 9.90571e-16 0)
(3 1.08357e-15 0)
(3 1.39025e-15 0)
(3 1.13481e-15 0)
(3 6.28094e-16 0)
(3 3.36812e-16 0)
(3 4.70642e-16 0)
(3 8.67799e-16 0)
(3 8.24761e-16 0)
(3 7.84386e-16 0)
(3 5.27137e-13 0)
(3 5.05088e-07 0)
(3.00121 0.00410757 0)
(2.85239 0.242704 0)
(1.80847 0.91411 0)
(1.41904 1.05187 0)
(1.42973 1.04831 0)
(1.49128 1.0297 0)
(1.5329 1.01912 0)
(1.57949 1.0075 0)
(3 1.46908e-16 0)
(3 3.01254e-16 0)
(3 4.37429e-16 0)
(3 4.69087e-16 0)
(3 4.27344e-16 0)
(3 6.1706e-16 0)
(3 7.13288e-16 0)
(3 2.19507e-16 0)
(3 -4.49327e-16 0)
(3 -4.62577e-16 0)
(3 -2.24553e-17 0)
(3 -2.78603e-16 0)
(3 -1.3178e-15 0)
(3 -8.83399e-16 0)
(3 -3.30719e-16 0)
(3 -5.39917e-16 0)
(3 -1.43674e-15 0)
(3 -7.66513e-16 0)
(3 -1.94139e-16 0)
(3 4.07827e-16 0)
(3 8.83455e-16 0)
(3 5.06136e-16 0)
(3 1.18286e-15 0)
(3 1.55048e-15 0)
(3 1.69701e-15 0)
(3 1.52656e-15 0)
(3 1.48556e-15 0)
(3 1.05578e-15 0)
(3 1.0513e-15 0)
(3 1.65879e-15 0)
(3 6.67627e-16 0)
(3 4.89858e-11 0)
(3 7.77202e-06 0)
(3.00065 0.0107881 0)
(2.75693 0.337314 0)
(1.8221 0.939306 0)
(1.49167 1.07188 0)
(1.50247 1.06844 0)
(1.56471 1.04988 0)
(1.61555 1.03423 0)
(3 1.86309e-17 0)
(3 -1.57296e-16 0)
(3 -2.05936e-16 0)
(3 -1.0448e-16 0)
(3 -3.2332e-17 0)
(3 2.74007e-17 0)
(3 -5.55197e-17 0)
(3 -4.86544e-16 0)
(3 -5.73234e-16 0)
(3 -6.88571e-16 0)
(3 -4.14111e-16 0)
(3 -1.8984e-16 0)
(3 -2.67756e-16 0)
(3 -8.05503e-16 0)
(3 -1.26042e-15 0)
(3 -1.5113e-15 0)
(3 -1.69216e-15 0)
(3 -8.26485e-16 0)
(3 3.27754e-16 0)
(3 5.43573e-16 0)
(3 1.10233e-15 0)
(3 1.27645e-15 0)
(3 9.96834e-16 0)
(3 8.92977e-16 0)
(3 1.03531e-15 0)
(3 1.26409e-15 0)
(3 7.9813e-16 0)
(3 8.60611e-16 0)
(3 1.16285e-15 0)
(3 1.46818e-15 0)
(3 8.63218e-16 0)
(3 1.26687e-15 0)
(3 1.53667e-09 0)
(3 4.03137e-05 0)
(2.9978 0.0190271 0)
(2.70893 0.379071 0)
(1.87315 0.943977 0)
(1.57196 1.083 0)
(1.58304 1.0808 0)
(1.63512 1.06681 0)
(3 -1.13235e-16 0)
(3 -1.84086e-17 0)
(3 -9.96967e-17 0)
(3 -3.26869e-16 0)
(3 -3.4311e-16 0)
(3 -2.53217e-16 0)
(3 -4.68328e-16 0)
(3 -3.61459e-16 0)
(3 9.97636e-18 0)
(3 4.24632e-17 0)
(3 5.51047e-17 0)
(3 3.14172e-16 0)
(3 1.6214e-16 0)
(3 1.85145e-16 0)
(3 -1.19693e-15 0)
(3 -1.57499e-15 0)
(3 -1.112e-15 0)
(3 -1.03286e-15 0)
(3 -7.10094e-16 0)
(3 3.77631e-16 0)
(3 9.55464e-16 0)
(3 1.45836e-15 0)
(3 1.19232e-15 0)
(3 6.99777e-16 0)
(3 5.04873e-16 0)
(3 6.73583e-16 0)
(3 5.65995e-16 0)
(3 5.87427e-16 0)
(3 1.58013e-15 0)
(3 1.84603e-15 0)
(3 1.93409e-15 0)
(3 -1.16826e-15 0)
(3 7.27838e-14 0)
(3 1.48533e-08 0)
(3 9.75946e-05 0)
(2.99426 0.0243025 0)
(2.71343 0.374928 0)
(1.955 0.926959 0)
(1.66404 1.08213 0)
(1.66747 1.08304 0)
(3 -2.76563e-17 0)
(3 1.84029e-16 0)
(3 3.6489e-16 0)
(3 -7.434e-18 0)
(3 1.54842e-16 0)
(3 3.53132e-16 0)
(3 1.00527e-15 0)
(3 1.45169e-15 0)
(3 1.49065e-15 0)
(3 9.12278e-16 0)
(3 4.3247e-16 0)
(3 -7.54047e-17 0)
(3 7.98741e-17 0)
(3 6.48061e-16 0)
(3 3.69288e-16 0)
(3 9.78424e-17 0)
(3 -1.39163e-16 0)
(3 -9.4544e-16 0)
(3 -1.24607e-15 0)
(3 -1.06412e-15 0)
(3 -4.38691e-16 0)
(3 2.60805e-16 0)
(3 9.99963e-16 0)
(3 1.62765e-15 0)
(3 4.92328e-16 0)
(3 2.82896e-16 0)
(3 5.84074e-16 0)
(3 1.51716e-15 0)
(3 1.65037e-15 0)
(3 8.08551e-16 0)
(3 7.2647e-16 0)
(3 1.39749e-16 0)
(3 -2.41549e-17 0)
(3 7.1649e-13 0)
(3 4.69454e-08 0)
(2.99999 0.000151383 0)
(2.99378 0.0231455 0)
(2.73358 0.339055 0)
(2.11165 0.871224 0)
(1.73969 1.06915 0)
(3 -5.28631e-17 0)
(3 -1.48135e-16 0)
(3 9.26439e-17 0)
(3 3.14781e-16 0)
(3 4.29484e-16 0)
(3 4.29532e-16 0)
(3 1.16198e-15 0)
(3 1.49513e-15 0)
(3 1.49727e-15 0)
(3 1.60161e-15 0)
(3 9.94445e-16 0)
(3 3.97879e-16 0)
(3 4.06456e-16 0)
(3 6.24797e-16 0)
(3 1.25401e-15 0)
(3 1.79875e-15 0)
(3 -2.7649e-16 0)
(3 -1.63019e-15 0)
(3 -1.38558e-15 0)
(3 -4.99609e-16 0)
(3 6.32522e-17 0)
(3 4.71473e-16 0)
(3 9.54422e-16 0)
(3 1.0687e-15 0)
(3 4.80187e-16 0)
(3 5.29592e-16 0)
(3 2.23223e-16 0)
(3 1.51039e-16 0)
(3 -2.12554e-16 0)
(3 -1.12849e-15 0)
(3 -1.59653e-15 0)
(3 -2.92737e-16 0)
(3 3.98194e-17 0)
(3 2.88085e-16 0)
(3 2.30052e-12 0)
(3 9.17515e-08 0)
(2.99999 0.000133993 0)
(2.99239 0.0202447 0)
(2.84883 0.246203 0)
(2.14698 0.866758 0)
(3 1.50114e-17 0)
(3 8.19687e-17 0)
(3 2.74197e-16 0)
(3 3.94151e-16 0)
(3 1.19986e-17 0)
(3 -1.74808e-16 0)
(3 1.61414e-16 0)
(3 7.13695e-17 0)
(3 2.62435e-16 0)
(3 9.63047e-16 0)
(3 8.67084e-16 0)
(3 7.61637e-16 0)
(3 3.65358e-16 0)
(3 3.59003e-16 0)
(3 9.632e-16 0)
(3 1.55803e-15 0)
(3 1.26863e-15 0)
(3 -5.63496e-16 0)
(3 -4.87296e-16 0)
(3 -3.5126e-16 0)
(3 -1.14351e-16 0)
(3 1.40125e-16 0)
(3 4.24743e-17 0)
(3 2.43689e-16 0)
(3 8.71459e-16 0)
(3 4.22766e-16 0)
(3 -1.97054e-17 0)
(3 -1.03308e-16 0)
(3 -7.68053e-16 0)
(3 -1.27403e-15 0)
(3 -1.26005e-15 0)
(3 -1.14839e-15 0)
(3 -4.0455e-16 0)
(3 -8.84313e-16 0)
(3 -5.08768e-16 0)
(3 4.83182e-12 0)
(3 8.79296e-08 0)
(2.99998 9.39107e-05 0)
(2.99702 0.0123265 0)
(2.90474 0.221855 0)
(3 9.40526e-18 0)
(3 -6.97746e-17 0)
(3 -2.50985e-16 0)
(3 -2.47331e-16 0)
(3 -5.98357e-16 0)
(3 -7.97774e-16 0)
(3 -5.34465e-16 0)
(3 -5.67089e-16 0)
(3 -5.61443e-16 0)
(3 -3.87873e-16 0)
(3 -7.65178e-17 0)
(3 1.3525e-17 0)
(3 7.07155e-17 0)
(3 3.39178e-16 0)
(3 6.62574e-16 0)
(3 1.16322e-15 0)
(3 1.32989e-15 0)
(3 5.46011e-16 0)
(3 -3.98156e-16 0)
(3 -9.53578e-16 0)
(3 -5.26591e-16 0)
(3 -3.20534e-16 0)
(3 -5.29146e-17 0)
(3 3.70424e-16 0)
(3 8.21354e-16 0)
(3 3.93551e-16 0)
(3 5.11875e-16 0)
(3 3.08627e-16 0)
(3 -1.62377e-17 0)
(3 -3.75438e-16 0)
(3 -3.86931e-16 0)
(3 -7.36018e-16 0)
(3 -4.93081e-16 0)
(3 4.85608e-17 0)
(3 -1.46692e-16 0)
(3 -4.34488e-16 0)
(3 4.95661e-12 0)
(3 4.75416e-08 0)
(2.99999 6.49086e-05 0)
(3.00762 0.0045986 0)
(3 -4.80788e-17 0)
(3 -8.9507e-17 0)
(3 -2.10408e-16 0)
(3 -4.71674e-16 0)
(3 -5.69883e-16 0)
(3 -5.21308e-16 0)
(3 -5.34759e-16 0)
(3 -4.172e-16 0)
(3 -3.58888e-16 0)
(3 -6.73903e-16 0)
(3 -3.58197e-16 0)
(3 1.37676e-16 0)
(3 3.82603e-16 0)
(3 9.48972e-17 0)
(3 -1.27673e-16 0)
(3 2.96378e-16 0)
(3 5.19706e-16 0)
(3 1.40528e-15 0)
(3 1.66077e-15 0)
(3 1.4127e-15 0)
(3 -3.42821e-17 0)
(3 -4.83445e-16 0)
(3 -4.80395e-16 0)
(3 -4.80189e-16 0)
(3 6.26946e-17 0)
(3 1.55309e-16 0)
(3 1.14826e-16 0)
(3 -2.43062e-16 0)
(3 -4.47842e-16 0)
(3 -4.14177e-16 0)
(3 -9.00954e-16 0)
(3 -1.15825e-15 0)
(3 -1.01865e-15 0)
(3 5.02681e-16 0)
(3 8.2873e-16 0)
(3 6.32068e-16 0)
(3 1.12502e-15 0)
(3 2.42553e-12 0)
(3 3.4841e-08 0)
(3.00004 1.51862e-05 0)
(3 1.95767e-17 0)
(3 1.26934e-16 0)
(3 2.54235e-16 0)
(3 1.02827e-17 0)
(3 -1.82986e-16 0)
(3 -5.78829e-16 0)
(3 -5.83046e-16 0)
(3 -4.29568e-16 0)
(3 -4.10328e-16 0)
(3 -1.95518e-16 0)
(3 -2.05097e-16 0)
(3 1.05395e-16 0)
(3 1.04869e-16 0)
(3 -2.75312e-16 0)
(3 -3.10121e-16 0)
(3 -1.6002e-16 0)
(3 2.04637e-16 0)
(3 7.67174e-16 0)
(3 1.51248e-15 0)
(3 2.09194e-15 0)
(3 1.34355e-15 0)
(3 -4.78935e-16 0)
(3 -1.96771e-15 0)
(3 -1.90633e-15 0)
(3 -1.83896e-15 0)
(3 -2.80487e-16 0)
(3 7.26176e-16 0)
(3 2.85008e-16 0)
(3 -4.24309e-16 0)
(3 -5.75279e-16 0)
(3 -2.26103e-15 0)
(3 -2.78241e-15 0)
(3 -2.80793e-15 0)
(3 -1.06533e-15 0)
(3 -7.73439e-17 0)
(3 4.02641e-16 0)
(3 2.5649e-16 0)
(3 -1.26438e-16 0)
(3 1.92389e-12 0)
(3 3.83826e-09 0)
(3 -4.59105e-17 0)
(3 -6.52679e-17 0)
(3 1.12839e-16 0)
(3 2.99959e-16 0)
(3 2.2752e-16 0)
(3 -2.24716e-16 0)
(3 -3.42754e-16 0)
(3 -9.86641e-17 0)
(3 -2.1801e-16 0)
(3 1.11701e-16 0)
(3 1.61427e-16 0)
(3 2.36047e-16 0)
(3 1.56431e-16 0)
(3 2.171e-16 0)
(3 7.37712e-16 0)
(3 1.15323e-15 0)
(3 7.48074e-16 0)
(3 3.93639e-16 0)
(3 6.25742e-16 0)
(3 4.85067e-16 0)
(3 6.52252e-16 0)
(3 1.96546e-16 0)
(3 5.96717e-17 0)
(3 -1.5609e-15 0)
(3 -2.12353e-15 0)
(3 -1.12483e-15 0)
(3 4.40285e-16 0)
(3 5.14154e-16 0)
(3 1.12954e-16 0)
(3 -1.05342e-15 0)
(3 -1.68789e-15 0)
(3 -1.51917e-15 0)
(3 -1.28793e-15 0)
(3 4.40737e-17 0)
(3 -4.41016e-16 0)
(3 -1.00644e-15 0)
(3 -1.38762e-15 0)
(3 -2.05646e-15 0)
(3 -1.77153e-15 0)
(3 1.87348e-13 0)
(3 -5.68534e-18 0)
(3 1.43171e-16 0)
(3 -1.18958e-17 0)
(3 2.54099e-16 0)
(3 1.85806e-16 0)
(3 1.60644e-16 0)
(3 4.58835e-17 0)
(3 4.35432e-18 0)
(3 3.00894e-16 0)
(3 8.94921e-17 0)
(3 -5.82734e-18 0)
(3 -1.44299e-16 0)
(3 1.00771e-16 0)
(3 1.88008e-16 0)
(3 7.52133e-16 0)
(3 9.56699e-16 0)
(3 8.99549e-16 0)
(3 1.25108e-15 0)
(3 9.85096e-16 0)
(3 -6.95311e-16 0)
(3 -7.72244e-16 0)
(3 -2.90176e-16 0)
(3 2.00245e-16 0)
(3 -6.88402e-17 0)
(3 -3.5181e-16 0)
(3 -3.86312e-16 0)
(3 -4.1465e-16 0)
(3 6.79244e-17 0)
(3 -7.04277e-17 0)
(3 4.87453e-17 0)
(3 1.0186e-16 0)
(3 3.60321e-16 0)
(3 1.06782e-15 0)
(3 1.23197e-15 0)
(3 7.35204e-16 0)
(3 -1.47381e-16 0)
(3 -1.46535e-15 0)
(3 -1.89305e-15 0)
(3 -1.98015e-15 0)
(3 -1.82888e-15 0)
(3 1.6396e-16 0)
(3 1.80428e-16 0)
(3 1.23237e-16 0)
(3 3.08546e-17 0)
(3 3.55703e-16 0)
(3 4.71073e-16 0)
(3 8.94141e-16 0)
(3 1.10658e-15 0)
(3 1.30222e-15 0)
(3 5.02563e-16 0)
(3 -5.40873e-16 0)
(3 -7.51117e-16 0)
(3 -7.103e-16 0)
(3 -3.22389e-16 0)
(3 -2.31474e-16 0)
(3 -1.46699e-16 0)
(3 3.22212e-17 0)
(3 6.59447e-17 0)
(3 -4.09016e-16 0)
(3 -3.6518e-16 0)
(3 -1.42088e-16 0)
(3 1.76245e-16 0)
(3 -9.39107e-17 0)
(3 1.54713e-16 0)
(3 4.56024e-16 0)
(3 -1.85838e-16 0)
(3 -7.56555e-16 0)
(3 -5.8383e-16 0)
(3 -7.48617e-17 0)
(3 5.53758e-16 0)
(3 1.3281e-15 0)
(3 1.27149e-15 0)
(3 1.57515e-15 0)
(3 1.10928e-15 0)
(3 2.86394e-16 0)
(3 -2.47207e-16 0)
(3 -8.25604e-16 0)
(3 -5.85383e-16 0)
(3 -8.65814e-16 0)
(3 -1.40044e-15 0)
(3 4.37565e-17 0)
(3 -2.66377e-16 0)
(3 -3.4535e-16 0)
(3 -2.42266e-16 0)
(3 1.72844e-16 0)
(3 2.09006e-16 0)
(3 4.99458e-16 0)
(3 9.82888e-16 0)
(3 1.19298e-15 0)
(3 1.1336e-15 0)
(3 1.09593e-15 0)
(3 1.22516e-16 0)
(3 -2.25226e-16 0)
(3 -2.85988e-16 0)
(3 -5.2861e-17 0)
(3 9.27123e-17 0)
(3 1.10629e-16 0)
(3 9.19083e-17 0)
(3 -2.85451e-17 0)
(3 5.89637e-16 0)
(3 8.6971e-16 0)
(3 7.82184e-16 0)
(3 4.30048e-16 0)
(3 5.53932e-16 0)
(3 3.59928e-16 0)
(3 -1.69282e-16 0)
(3 1.17696e-16 0)
(3 8.09698e-17 0)
(3 -1.27476e-16 0)
(3 -1.10786e-17 0)
(3 8.40727e-16 0)
(3 1.52552e-15 0)
(3 7.77819e-16 0)
(3 1.15044e-16 0)
(3 -9.76903e-17 0)
(3 2.26183e-16 0)
(3 1.02407e-15 0)
(3 1.64431e-15 0)
(3 7.17686e-16 0)
(3 -8.59564e-16 0)
(3 -1.11434e-16 0)
(3 -2.1036e-18 0)
(3 -1.08306e-16 0)
(3 -6.08639e-17 0)
(3 1.1696e-17 0)
(3 7.09123e-17 0)
(3 -2.10878e-16 0)
(3 -4.23058e-16 0)
(3 -3.37858e-17 0)
(3 1.08261e-15 0)
(3 1.29105e-15 0)
(3 1.2772e-15 0)
(3 6.58512e-16 0)
(3 3.21175e-16 0)
(3 8.43355e-16 0)
(3 9.22954e-16 0)
(3 1.12971e-15 0)
(3 9.88446e-16 0)
(3 8.70107e-16 0)
(3 1.09861e-15 0)
(3 3.52655e-16 0)
(3 -5.15499e-17 0)
(3 4.30848e-16 0)
(3 1.04408e-15 0)
(3 1.22244e-15 0)
(3 1.25749e-15 0)
(3 1.4536e-15 0)
(3 1.22776e-15 0)
(3 9.54001e-16 0)
(3 1.16851e-15 0)
(3 1.3752e-15 0)
(3 1.16336e-15 0)
(3 -1.50686e-16 0)
(3 -1.04249e-15 0)
(3 -1.223e-15 0)
(3 1.64288e-16 0)
(3 2.40298e-15 0)
(3 2.45491e-15 0)
(3 1.94093e-15 0)
(3 -5.28252e-16 0)
(3 4.51847e-17 0)
(3 1.02909e-16 0)
(3 1.33382e-16 0)
(3 -7.41389e-17 0)
(3 5.7228e-17 0)
(3 1.46651e-16 0)
(3 -3.56984e-17 0)
(3 -3.7517e-16 0)
(3 -3.75035e-16 0)
(3 3.29443e-17 0)
(3 2.20142e-16 0)
(3 5.34423e-16 0)
(3 8.97091e-16 0)
(3 8.33297e-16 0)
(3 2.8293e-16 0)
(3 1.29979e-16 0)
(3 -1.34121e-16 0)
(3 -5.82104e-16 0)
(3 -3.76801e-16 0)
(3 2.60737e-16 0)
(3 3.57045e-16 0)
(3 6.55527e-16 0)
(3 9.22217e-16 0)
(3 9.23326e-16 0)
(3 7.941e-16 0)
(3 1.74031e-15 0)
(3 2.10909e-15 0)
(3 2.05617e-15 0)
(3 1.60255e-15 0)
(3 1.24736e-15 0)
(3 1.0978e-15 0)
(3 6.61245e-16 0)
(3 3.11853e-16 0)
(3 5.42086e-17 0)
(3 2.13743e-16 0)
(3 5.00853e-16 0)
(3 1.05888e-15 0)
(3 5.62738e-16 0)
(3 7.6659e-16 0)
(3 9.66616e-16 0)
(3 3.93731e-17 0)
(3 -2.06062e-16 0)
(3 -3.01406e-16 0)
(3 -4.72854e-16 0)
(3 -3.24751e-16 0)
(3 -7.81831e-17 0)
(3 -8.10482e-17 0)
(3 -1.23798e-15 0)
(3 -1.81702e-15 0)
(3 -1.55057e-15 0)
(3 -5.79084e-16 0)
(3 3.24084e-16 0)
(3 3.8575e-16 0)
(3 1.0685e-16 0)
(3 4.30108e-17 0)
(3 -3.58772e-16 0)
(3 -6.11132e-16 0)
(3 -8.75985e-16 0)
(3 -8.14309e-16 0)
(3 -3.65994e-16 0)
(3 9.1237e-17 0)
(3 7.96826e-16 0)
(3 8.55269e-16 0)
(3 4.5672e-17 0)
(3 -5.70132e-16 0)
(3 -5.17894e-16 0)
(3 4.34491e-17 0)
(3 2.8167e-16 0)
(3 1.65104e-17 0)
(3 2.09749e-15 0)
(3 1.67614e-15 0)
(3 1.40324e-15 0)
(3 1.856e-15 0)
(3 2.07904e-15 0)
(3 1.60573e-15 0)
(3 6.33002e-16 0)
(3 -1.69491e-16 0)
(3 -4.29584e-16 0)
(3 -1.49014e-15 0)
(3 -1.73515e-15 0)
(3 8.6519e-17 0)
(3 2.69502e-17 0)
(3 1.27814e-16 0)
(3 1.68809e-16 0)
(3 4.05829e-17 0)
(3 4.06051e-17 0)
(3 1.56566e-17 0)
(3 -1.36243e-16 0)
(3 -3.80881e-16 0)
(3 -4.79972e-16 0)
(3 -5.26135e-16 0)
(3 -3.46122e-16 0)
(3 -2.87442e-16 0)
(3 1.90574e-16 0)
(3 1.05785e-15 0)
(3 7.126e-16 0)
(3 -4.89776e-16 0)
(3 -3.75138e-16 0)
(3 1.54974e-16 0)
(3 -2.83842e-16 0)
(3 -4.40404e-16 0)
(3 -8.66868e-16 0)
(3 -1.57112e-15 0)
(3 -2.29568e-15 0)
(3 -2.10035e-15 0)
(3 -1.8305e-15 0)
(3 -1.71965e-15 0)
(3 -1.79864e-15 0)
(3 -1.41172e-15 0)
(3 9.89323e-16 0)
(3 1.32823e-15 0)
(3 1.0252e-15 0)
(3 1.31081e-15 0)
(3 1.33863e-15 0)
(3 7.2841e-16 0)
(3 -3.08948e-16 0)
(3 -1.22507e-15 0)
(3 -1.75667e-15 0)
(3 -2.09083e-15 0)
(3 -2.72452e-15 0)
(3 2.96278e-17 0)
(3 8.9954e-17 0)
(3 5.17966e-16 0)
(3 6.74176e-16 0)
(3 9.56568e-17 0)
(3 8.3222e-17 0)
(3 6.0806e-16 0)
(3 1.08746e-15 0)
(3 9.52439e-16 0)
(3 5.63931e-16 0)
(3 2.6873e-17 0)
(3 -3.04663e-17 0)
(3 4.05518e-16 0)
(3 5.76356e-16 0)
(3 -1.60244e-16 0)
(3 -9.85409e-16 0)
(3 -4.10554e-16 0)
(3 6.84317e-16 0)
(3 4.00587e-16 0)
(3 1.17399e-16 0)
(3 -7.09953e-16 0)
(3 -1.33773e-15 0)
(3 -1.40297e-15 0)
(3 -5.96217e-16 0)
(3 -1.07786e-15 0)
(3 -1.79273e-15 0)
(3 -2.48832e-15 0)
(3 -2.91431e-15 0)
(3 -2.03818e-15 0)
(3 -1.60083e-15 0)
(3 -2.27696e-16 0)
(3 9.44324e-17 0)
(3 8.78101e-17 0)
(3 1.38362e-17 0)
(3 -1.69472e-16 0)
(3 -8.70178e-16 0)
(3 -1.41127e-15 0)
(3 -1.73394e-15 0)
(3 -1.64697e-15 0)
(3 -1.28482e-15 0)
(3 -2.23225e-16 0)
(3 -1.13306e-16 0)
(3 -1.0807e-16 0)
(3 7.42176e-17 0)
(3 -6.31743e-17 0)
(3 3.5863e-16 0)
(3 5.29884e-16 0)
(3 2.62117e-16 0)
(3 -1.32442e-16 0)
(3 -9.85842e-17 0)
(3 1.6448e-16 0)
(3 6.91706e-16 0)
(3 9.79626e-16 0)
(3 4.03815e-16 0)
(3 -1.08696e-15 0)
(3 -1.16579e-15 0)
(3 -7.69605e-17 0)
(3 1.00158e-15 0)
(3 8.96911e-16 0)
(3 4.35971e-16 0)
(3 -4.17722e-16 0)
(3 -4.23656e-16 0)
(3 4.88126e-17 0)
(3 3.99234e-16 0)
(3 1.28471e-16 0)
(3 -6.91506e-16 0)
(3 -1.38509e-15 0)
(3 -1.9399e-15 0)
(3 -1.94795e-15 0)
(3 -1.52967e-15 0)
(3 -8.4487e-16 0)
(3 -7.4834e-17 0)
(3 -8.89214e-17 0)
(3 4.85704e-17 0)
(3 -1.37279e-16 0)
(3 -8.82722e-16 0)
(3 -1.08664e-15 0)
(3 -7.83129e-16 0)
(3 -6.43379e-16 0)
(3 -3.06731e-16 0)
(3 -6.66879e-17 0)
(3 -1.37959e-16 0)
(3 -3.25848e-16 0)
(3 -3.77041e-16 0)
(3 -2.7865e-16 0)
(3 -5.11104e-16 0)
(3 -5.64886e-16 0)
(3 -6.5535e-16 0)
(3 -8.44634e-16 0)
(3 -8.44701e-16 0)
(3 -5.82161e-16 0)
(3 -3.23117e-16 0)
(3 -2.68416e-16 0)
(3 -3.78968e-16 0)
(3 -4.37109e-16 0)
(3 -1.44177e-16 0)
(3 1.80142e-16 0)
(3 -2.12943e-16 0)
(3 -2.89922e-16 0)
(3 -1.77831e-16 0)
(3 1.19184e-16 0)
(3 1.40672e-16 0)
(3 -1.35474e-16 0)
(3 -5.17474e-16 0)
(3 -7.68684e-16 0)
(3 -8.14971e-16 0)
(3 -7.94243e-16 0)
(3 -1.41148e-15 0)
(3 -1.9276e-15 0)
(3 -1.89469e-15 0)
(3 -9.91787e-16 0)
(3 -2.38527e-16 0)
(3 -2.10841e-16 0)
(3 -2.97725e-16 0)
(3 -3.28393e-16 0)
(3 -8.59337e-16 0)
(3 -7.92307e-16 0)
(3 -7.86367e-16 0)
(3 -8.55115e-17 0)
(3 8.11123e-16 0)
(3 -2.77317e-17 0)
(3 -1.03816e-16 0)
(3 -3.33134e-16 0)
(3 -4.9753e-16 0)
(3 -4.24789e-16 0)
(3 -5.09808e-16 0)
(3 -5.65908e-16 0)
(3 -8.61629e-16 0)
(3 -1.1389e-15 0)
(3 -1.52738e-15 0)
(3 -1.49324e-15 0)
(3 -1.57719e-15 0)
(3 -1.55651e-15 0)
(3 -1.24334e-15 0)
(3 1.99321e-16 0)
(3 4.32095e-16 0)
(3 5.80236e-16 0)
(3 8.69042e-17 0)
(3 -3.79635e-16 0)
(3 -6.631e-16 0)
(3 -4.19832e-16 0)
(3 -5.73359e-16 0)
(3 -8.52537e-16 0)
(3 -1.12997e-15 0)
(3 -1.55604e-15 0)
(3 -1.67271e-15 0)
(3 -1.18182e-15 0)
(3 -1.01012e-15 0)
(3 -1.10389e-15 0)
(3 -8.69247e-16 0)
(3 -5.68527e-16 0)
(3 -1.15841e-16 0)
(3 -2.23333e-16 0)
(3 -6.74844e-16 0)
(3 -7.62383e-16 0)
(3 -5.17086e-16 0)
(3 -6.67715e-16 0)
(3 -5.19132e-16 0)
(3 4.50375e-16 0)
(3 1.07376e-15 0)
(3 4.69086e-17 0)
(3 7.49574e-17 0)
(3 -2.91139e-17 0)
(3 2.02595e-17 0)
(3 3.1438e-16 0)
(3 9.36722e-17 0)
(3 1.87178e-16 0)
(3 -2.19652e-16 0)
(3 3.90442e-17 0)
(3 -4.59981e-17 0)
(3 -6.99764e-16 0)
(3 -1.22371e-15 0)
(3 -1.11506e-15 0)
(3 -5.0372e-16 0)
(3 -3.25681e-16 0)
(3 -1.54565e-16 0)
(3 3.0885e-16 0)
(3 8.05941e-16 0)
(3 1.01623e-15 0)
(3 2.34867e-16 0)
(3 -2.06645e-16 0)
(3 -5.63048e-16 0)
(3 -7.60152e-16 0)
(3 -9.58783e-16 0)
(3 -8.69127e-16 0)
(3 2.35352e-17 0)
(3 3.56904e-16 0)
(3 2.86983e-16 0)
(3 2.12583e-16 0)
(3 -4.37937e-16 0)
(3 -6.09829e-16 0)
(3 8.25834e-16 0)
(3 7.36527e-16 0)
(3 -6.75699e-17 0)
(3 -1.41314e-15 0)
(3 -1.5625e-15 0)
(3 -1.89445e-16 0)
(3 4.96237e-16 0)
(3 3.00159e-16 0)
(3 3.98047e-16 0)
(3 -2.43167e-17 0)
(3 3.92451e-16 0)
(3 5.20338e-16 0)
(3 2.55037e-16 0)
(3 2.40043e-16 0)
(3 1.07133e-16 0)
(3 2.34492e-16 0)
(3 2.56247e-16 0)
(3 6.61082e-16 0)
(3 4.99397e-16 0)
(3 1.93692e-16 0)
(3 1.6375e-16 0)
(3 -8.22934e-17 0)
(3 -1.37603e-16 0)
(3 -1.23288e-16 0)
(3 2.07696e-17 0)
(3 2.3145e-16 0)
(3 3.33391e-16 0)
(3 1.2119e-16 0)
(3 4.5523e-16 0)
(3 6.08356e-16 0)
(3 4.85583e-16 0)
(3 3.64027e-16 0)
(3 4.80728e-16 0)
(3 1.05889e-15 0)
(3 1.78941e-15 0)
(3 1.60632e-15 0)
(3 7.3221e-16 0)
(3 -2.73491e-16 0)
(3 -7.80365e-16 0)
(3 -2.0903e-16 0)
(3 -4.46406e-16 0)
(3 -7.62278e-16 0)
(3 -8.15577e-16 0)
(3 -6.29341e-16 0)
(3 -6.03251e-16 0)
(3 4.25839e-16 0)
(3 1.20233e-15 0)
(3 9.99454e-16 0)
(3 1.98765e-16 0)
(3 6.13547e-17 0)
(3 -4.82933e-19 0)
(3 2.12892e-16 0)
(3 1.55267e-16 0)
(3 3.04001e-16 0)
(3 5.75112e-16 0)
(3 3.68885e-16 0)
(3 2.60854e-16 0)
(3 4.47388e-16 0)
(3 5.86132e-16 0)
(3 5.43914e-16 0)
(3 5.42998e-16 0)
(3 1.91212e-16 0)
(3 -3.89452e-16 0)
(3 -6.14599e-16 0)
(3 -2.51008e-16 0)
(3 -7.97546e-17 0)
(3 -8.12524e-17 0)
(3 1.49475e-16 0)
(3 5.11594e-16 0)
(3 1.02266e-15 0)
(3 1.46485e-15 0)
(3 1.73596e-15 0)
(3 1.16026e-15 0)
(3 6.08304e-16 0)
(3 5.29867e-16 0)
(3 4.77003e-16 0)
(3 4.77641e-16 0)
(3 -1.45554e-16 0)
(3 -4.34522e-16 0)
(3 -2.83211e-16 0)
(3 -3.62151e-16 0)
(3 -6.94848e-16 0)
(3 -4.24548e-16 0)
(3 -4.24159e-18 0)
(3 -1.48491e-16 0)
(3 -5.92534e-16 0)
(3 7.6777e-17 0)
(3 1.19219e-15 0)
(3 1.53095e-15 0)
(3 -3.74882e-18 0)
(3 -2.18211e-16 0)
(3 -1.8539e-16 0)
(3 2.42458e-16 0)
(3 3.50653e-16 0)
(3 3.52284e-16 0)
(3 -9.1222e-17 0)
(3 -5.68551e-16 0)
(3 -4.85707e-16 0)
(3 -2.52132e-17 0)
(3 3.45405e-16 0)
(3 4.73249e-16 0)
(3 -3.8159e-17 0)
(3 -2.23242e-16 0)
(3 -1.61796e-16 0)
(3 8.88207e-17 0)
(3 1.66186e-16 0)
(3 2.66162e-16 0)
(3 4.56175e-16 0)
(3 7.88479e-16 0)
(3 1.2257e-15 0)
(3 1.83397e-15 0)
(3 1.4782e-15 0)
(3 7.776e-16 0)
(3 5.25673e-16 0)
(3 -5.28165e-16 0)
(3 -8.32349e-16 0)
(3 -3.30568e-16 0)
(3 7.27809e-16 0)
(3 7.50137e-16 0)
(3 -4.91303e-17 0)
(3 -1.65152e-16 0)
(3 5.61211e-17 0)
(3 6.09225e-16 0)
(3 3.77322e-16 0)
(3 4.42499e-16 0)
(3 3.63753e-16 0)
(3 2.76564e-16 0)
(3 5.61611e-16 0)
(3 1.19209e-15 0)
(3 -4.09047e-17 0)
(3 -2.96101e-16 0)
(3 -4.08638e-16 0)
(3 -3.89036e-16 0)
(3 -4.77078e-16 0)
(3 -3.84645e-16 0)
(3 -2.18944e-16 0)
(3 -2.58791e-16 0)
(3 -5.62496e-16 0)
(3 8.21706e-17 0)
(3 8.60508e-16 0)
(3 1.31188e-15 0)
(3 1.49537e-15 0)
(3 1.12374e-15 0)
(3 8.18011e-16 0)
(3 2.77128e-16 0)
(3 1.76572e-16 0)
(3 4.39952e-16 0)
(3 5.36241e-16 0)
(3 9.93095e-16 0)
(3 1.44215e-15 0)
(3 9.12484e-16 0)
(3 6.9859e-16 0)
(3 7.16771e-16 0)
(3 9.61372e-16 0)
(3 1.85236e-16 0)
(3 -3.33353e-17 0)
(3 -6.76252e-17 0)
(3 5.45422e-16 0)
(3 1.1934e-15 0)
(3 6.21812e-16 0)
(3 2.26969e-16 0)
(3 3.89662e-16 0)
(3 6.69571e-16 0)
(3 6.83949e-16 0)
(3 8.33138e-16 0)
(3 5.89147e-16 0)
(3 3.07913e-16 0)
(3 3.63338e-16 0)
(3 5.1368e-16 0)
(3 7.23202e-18 0)
(3 1.70272e-16 0)
(3 -1.15774e-16 0)
(3 -4.93145e-16 0)
(3 -5.94282e-16 0)
(3 -7.63856e-16 0)
(3 -6.81513e-16 0)
(3 -2.85651e-16 0)
(3 -2.4623e-16 0)
(3 4.2877e-16 0)
(3 1.16797e-15 0)
(3 1.40136e-15 0)
(3 1.5452e-15 0)
(3 1.11514e-15 0)
(3 5.06528e-17 0)
(3 -1.00083e-15 0)
(3 -2.24604e-16 0)
(3 2.04356e-16 0)
(3 3.36561e-16 0)
(3 4.38292e-16 0)
(3 2.1438e-16 0)
(3 -7.82875e-18 0)
(3 -4.19438e-17 0)
(3 2.59268e-16 0)
(3 5.40345e-16 0)
(3 4.50254e-16 0)
(3 -1.39677e-16 0)
(3 -8.01408e-17 0)
(3 4.52367e-16 0)
(3 8.39392e-16 0)
(3 1.1278e-15 0)
(3 1.77771e-15 0)
(3 1.44739e-15 0)
(3 1.52074e-15 0)
(3 1.59304e-15 0)
(3 6.53983e-17 0)
(3 -2.26024e-17 0)
(3 1.79042e-16 0)
(3 8.51437e-17 0)
(3 3.00806e-16 0)
(3 -2.8658e-17 0)
(3 1.55163e-16 0)
(3 -9.76643e-17 0)
(3 -1.19127e-16 0)
(3 -3.67593e-16 0)
(3 -5.20048e-16 0)
(3 -7.59755e-16 0)
(3 -7.58336e-16 0)
(3 -5.10227e-16 0)
(3 -1.228e-16 0)
(3 3.21143e-16 0)
(3 7.73081e-16 0)
(3 1.20322e-15 0)
(3 4.96358e-16 0)
(3 3.48475e-17 0)
(3 -6.30906e-16 0)
(3 -1.16073e-16 0)
(3 1.8141e-16 0)
(3 1.60711e-16 0)
(3 -1.11364e-16 0)
(3 -3.45361e-16 0)
(3 -2.96634e-16 0)
(3 -2.629e-16 0)
(3 1.09522e-16 0)
(3 4.73236e-17 0)
(3 -6.67155e-17 0)
(3 -4.09442e-16 0)
(3 -1.76643e-16 0)
(3 4.82162e-16 0)
(3 4.29465e-16 0)
(3 6.86807e-16 0)
(3 1.06398e-15 0)
(3 9.84816e-16 0)
(3 1.1111e-15 0)
(3 9.08363e-16 0)
(3 3.53851e-16 0)
(3 2.7705e-16 0)
(3 3.42034e-16 0)
(3 -1.54693e-16 0)
(3 1.55653e-18 0)
(1.45062 1.67651 0)
(2.18317 0.141111 0)
(2.5607 -0.068551 0)
(2.60961 -0.04125 0)
(2.52472 -0.014905 0)
(2.46945 -0.0350832 0)
(2.47209 -0.0505345 0)
(2.51113 -0.0515077 0)
(2.58103 -0.0272915 0)
(2.62261 -0.00805861 0)
(2.6378 -0.00532502 0)
(2.66239 -0.00407584 0)
(2.69861 -0.00521246 0)
(2.75788 -0.00959465 0)
(2.78376 -0.0095378 0)
(2.80606 -0.00572537 0)
(2.80798 -0.000296452 0)
(2.79529 0.00356249 0)
(2.7686 0.00377646 0)
(2.75124 0.000800901 0)
(2.76328 -0.00764066 0)
(2.80772 -0.0188709 0)
(2.87413 -0.017859 0)
(2.91929 -0.0124223 0)
(2.93706 -0.00710879 0)
(2.95633 -0.00368657 0)
(2.97816 -0.0016794 0)
(2.99917 -0.000950759 0)
(3.01315 -0.00104193 0)
(3.01633 -0.00104105 0)
(3.01799 -0.000765355 0)
(3.01825 -0.000258547 0)
(3.0152 -4.67033e-06 0)
(3.0095 8.83078e-05 0)
(3.0035 5.74425e-05 0)
(3.00049 9.43561e-06 0)
(3.00001 2.73858e-07 0)
(3 -6.48547e-09 0)
(3 -6.10147e-09 0)
(3 -3.88384e-09 0)
(2.0332 1.00445 0)
(2.54208 -0.0449018 0)
(2.73945 -0.143363 0)
(2.72701 -0.0371188 0)
(2.67516 0.0397998 0)
(2.61261 0.014336 0)
(2.61934 -0.0373274 0)
(2.63296 -0.0685703 0)
(2.65959 -0.0537685 0)
(2.67955 -0.014662 0)
(2.68847 -0.0111085 0)
(2.70769 -0.0136807 0)
(2.74733 -0.00617843 0)
(2.80113 -0.00318742 0)
(2.8202 -0.00461984 0)
(2.83823 0.00669511 0)
(2.82759 0.0235129 0)
(2.80814 0.0261286 0)
(2.77653 0.0222092 0)
(2.75972 0.0123023 0)
(2.77499 -0.00108349 0)
(2.82133 -0.0185711 0)
(2.88039 -0.0261116 0)
(2.91473 -0.0237561 0)
(2.93081 -0.0166336 0)
(2.9515 -0.0102314 0)
(2.97435 -0.00596904 0)
(2.99624 -0.00320241 0)
(3.01207 -0.00206148 0)
(3.01628 -0.0017033 0)
(3.01785 -0.00129851 0)
(3.01831 -0.00046618 0)
(3.01554 0.000191045 0)
(3.00973 0.000385515 0)
(3.00349 0.000210719 0)
(3.00046 3.45636e-05 0)
(3.00001 1.05442e-06 0)
(3 -8.01711e-09 0)
(3 -1.10985e-08 0)
(3 -9.22313e-09 0)
(2.06539 0.882771 0)
(2.52736 0.598867 0)
(2.85223 -0.0704999 0)
(2.92367 -0.0919995 0)
(2.91378 -0.0438378 0)
(2.86314 -0.0382941 0)
(2.83407 -0.0606514 0)
(2.80291 -0.0644742 0)
(2.77703 -0.0340885 0)
(2.79471 0.000815759 0)
(2.81436 0.00561623 0)
(2.82859 0.00259862 0)
(2.85904 -0.020516 0)
(2.89027 -0.0290846 0)
(2.89604 -0.0310881 0)
(2.89791 -0.0256347 0)
(2.874 -0.00179715 0)
(2.85244 0.00978923 0)
(2.8192 0.0192229 0)
(2.79882 0.00789999 0)
(2.81328 -0.0200306 0)
(2.86159 -0.0403302 0)
(2.91053 -0.0522523 0)
(2.93233 -0.0464552 0)
(2.94059 -0.0307102 0)
(2.95752 -0.0185898 0)
(2.97837 -0.0110354 0)
(2.99905 -0.00587634 0)
(3.01355 -0.00331703 0)
(3.01723 -0.00274486 0)
(3.01852 -0.00230323 0)
(3.01869 -0.000980316 0)
(3.01552 0.000299778 0)
(3.00949 0.000703646 0)
(3.00329 0.000358197 0)
(3.00041 5.20486e-05 0)
(3.00001 1.37433e-06 0)
(3 -1.53507e-08 0)
(3 -1.71787e-08 0)
(3 -1.44131e-08 0)
(1.97252 0.938008 0)
(2.51379 0.648671 0)
(2.85463 -0.0737932 0)
(3.01363 -0.174138 0)
(3.01532 -0.173383 0)
(3.00297 -0.154898 0)
(2.93361 -0.118942 0)
(2.91398 -0.108954 0)
(2.88137 -0.08223 0)
(2.90846 -0.0335126 0)
(2.9445 -0.0141717 0)
(2.96575 -0.00382758 0)
(2.98705 -0.00790447 0)
(2.98463 -0.0168786 0)
(2.97816 -0.016499 0)
(2.96144 -0.0104469 0)
(2.93034 -0.00582635 0)
(2.91197 -0.00551713 0)
(2.88105 -0.0071515 0)
(2.86665 -0.0143425 0)
(2.88366 -0.0289454 0)
(2.92521 -0.0462676 0)
(2.96175 -0.0510658 0)
(2.96544 -0.044949 0)
(2.96106 -0.0333442 0)
(2.97017 -0.0228754 0)
(2.9859 -0.0147178 0)
(3.00334 -0.00825368 0)
(3.01571 -0.00455165 0)
(3.01882 -0.00372083 0)
(3.01958 -0.00302614 0)
(3.01907 -0.00122732 0)
(3.01543 0.000432624 0)
(3.0091 0.000931524 0)
(3.00297 0.000450631 0)
(3.00034 6.0167e-05 0)
(3.00001 1.37882e-06 0)
(3 -2.35389e-08 0)
(3 -2.51199e-08 0)
(3 -2.05911e-08 0)
(1.89097 0.941329 0)
(2.41156 0.675137 0)
(2.76376 0.179834 0)
(2.89565 0.0258581 0)
(3.02491 -0.146235 0)
(3.03654 -0.174243 0)
(2.98791 -0.130906 0)
(2.9706 -0.0829227 0)
(2.95126 -0.06636 0)
(2.97592 -0.0389578 0)
(3.0171 -0.0232346 0)
(3.04175 -0.0128509 0)
(3.06102 -0.0171813 0)
(3.04512 -0.0200369 0)
(3.033 -0.0156121 0)
(3.00796 -0.00465125 0)
(2.98182 0.0136893 0)
(2.96561 0.0183728 0)
(2.93901 0.0147259 0)
(2.92832 -0.00709005 0)
(2.94667 -0.0354279 0)
(2.9834 -0.0561699 0)
(3.00736 -0.0613371 0)
(2.99408 -0.0506199 0)
(2.97982 -0.0364427 0)
(2.98251 -0.0258239 0)
(2.99355 -0.0171821 0)
(3.00783 -0.00969725 0)
(3.01824 -0.00522228 0)
(3.02058 -0.00410561 0)
(3.02064 -0.00329634 0)
(3.0193 -0.00121943 0)
(3.01518 0.00069589 0)
(3.00863 0.001126 0)
(3.00262 0.000483243 0)
(3.00026 5.57275e-05 0)
(3 1.03881e-06 0)
(3 -3.22082e-08 0)
(3 -3.23452e-08 0)
(3 -2.65583e-08 0)
(1.82715 0.929599 0)
(2.28812 0.724363 0)
(2.66064 0.357502 0)
(2.84365 0.0626641 0)
(2.98219 -0.114462 0)
(2.99111 -0.204506 0)
(3.00093 -0.17321 0)
(2.99042 -0.117696 0)
(2.98327 -0.062004 0)
(2.98991 -0.0261115 0)
(3.03457 -0.0122907 0)
(3.06147 -0.00216427 0)
(3.08114 -0.0100483 0)
(3.06751 -0.025464 0)
(3.05527 -0.0244301 0)
(3.03103 -0.0136651 0)
(3.01719 -0.00467728 0)
(2.99847 0.00118936 0)
(2.97642 0.00632398 0)
(2.97002 -0.00602406 0)
(2.98923 -0.0376666 0)
(3.02267 -0.0650833 0)
(3.03446 -0.0665419 0)
(3.00994 -0.0513925 0)
(2.99316 -0.0374596 0)
(2.99273 -0.0277695 0)
(3.00068 -0.0193468 0)
(3.0125 -0.0112663 0)
(3.02066 -0.00584769 0)
(3.02209 -0.00416863 0)
(3.02162 -0.00315334 0)
(3.01942 -0.000861195 0)
(3.01479 0.00106232 0)
(3.00808 0.00127437 0)
(3.00226 0.000469186 0)
(3.0002 4.5186e-05 0)
(3 6.42528e-07 0)
(3 -4.17466e-08 0)
(3 -4.03692e-08 0)
(3 -3.22899e-08 0)
(1.77148 0.932019 0)
(2.20308 0.75384 0)
(2.54711 0.48615 0)
(2.7828 0.189004 0)
(2.87868 0.0564303 0)
(2.92473 -0.130355 0)
(3.01456 -0.116757 0)
(3.00028 -0.0607184 0)
(2.98918 -0.0279603 0)
(2.9887 0.000773032 0)
(3.02052 0.0145112 0)
(3.0566 0.0117897 0)
(3.07481 -0.00554405 0)
(3.06913 -0.0151551 0)
(3.05637 -0.0128721 0)
(3.0389 0.00504484 0)
(3.02744 0.0156074 0)
(3.00835 0.0244782 0)
(2.99235 0.0208153 0)
(2.99171 -0.00923895 0)
(3.01382 -0.0527499 0)
(3.04559 -0.0737373 0)
(3.04546 -0.0618922 0)
(3.01617 -0.044352 0)
(3.00217 -0.0338805 0)
(3.00102 -0.0268435 0)
(3.00727 -0.019954 0)
(3.0173 -0.0119931 0)
(3.02322 -0.00580718 0)
(3.02358 -0.00397023 0)
(3.02251 -0.00269089 0)
(3.01937 -0.000314602 0)
(3.0143 0.00143488 0)
(3.0075 0.00135645 0)
(3.00192 0.000427147 0)
(3.00014 3.38342e-05 0)
(3 3.42624e-07 0)
(3 -5.05529e-08 0)
(3 -4.84334e-08 0)
(3 -3.81289e-08 0)
(1.74548 0.926213 0)
(2.11955 0.795393 0)
(2.47478 0.53889 0)
(2.68218 0.342984 0)
(2.79918 0.179696 0)
(2.90228 -0.0822849 0)
(3.00673 -0.125125 0)
(3.02597 -0.0527283 0)
(3.00365 -0.0267621 0)
(2.9998 -0.0124769 0)
(3.01869 -0.000191284 0)
(3.05259 0.0136811 0)
(3.06618 -0.00546773 0)
(3.06017 -0.0171005 0)
(3.04766 -0.0140664 0)
(3.03761 0.000999977 0)
(3.02413 0.0130603 0)
(3.00707 0.020903 0)
(2.99842 0.0165594 0)
(3.00648 -0.00994267 0)
(3.03343 -0.0461846 0)
(3.06099 -0.0599774 0)
(3.04707 -0.0494098 0)
(3.01881 -0.0392302 0)
(3.00832 -0.0337546 0)
(3.00692 -0.0284558 0)
(3.0128 -0.0211862 0)
(3.02181 -0.0123125 0)
(3.0258 -0.00612361 0)
(3.02514 -0.00422713 0)
(3.02337 -0.00239685 0)
(3.0195 6.45301e-05 0)
(3.01398 0.00163567 0)
(3.00694 0.00134313 0)
(3.00159 0.000370193 0)
(3.0001 2.41218e-05 0)
(3 1.50477e-07 0)
(3 -6.05946e-08 0)
(3 -5.77196e-08 0)
(3 -4.38324e-08 0)
(1.73117 0.934814 0)
(2.07329 0.804928 0)
(2.37627 0.624944 0)
(2.60725 0.418282 0)
(2.75645 0.260342 0)
(2.86352 0.022403 0)
(2.95635 -0.0227824 0)
(3.01784 0.00444896 0)
(3.00504 -0.030572 0)
(3.00751 -0.0418372 0)
(3.02956 -0.0373373 0)
(3.05099 -0.0214986 0)
(3.06507 -0.01519 0)
(3.04547 -0.0180989 0)
(3.03524 -0.00803572 0)
(3.02803 0.00814957 0)
(3.01618 0.0201751 0)
(3.00468 0.0236503 0)
(3.00689 0.0117218 0)
(3.02698 -0.0227043 0)
(3.05696 -0.0603989 0)
(3.07205 -0.0643195 0)
(3.04505 -0.0509418 0)
(3.02099 -0.0418051 0)
(3.01283 -0.0355324 0)
(3.01223 -0.0287711 0)
(3.01816 -0.0202588 0)
(3.02607 -0.010926 0)
(3.02795 -0.00531587 0)
(3.02642 -0.0034399 0)
(3.02429 -0.00160395 0)
(3.02002 0.000541301 0)
(3.01391 0.00177941 0)
(3.00643 0.00128313 0)
(3.00128 0.000308065 0)
(3.00006 1.62364e-05 0)
(3 3.2602e-08 0)
(3 -7.01505e-08 0)
(3 -6.65136e-08 0)
(3 -4.90463e-08 0)
(1.72809 0.944738 0)
(2.03234 0.829047 0)
(2.32223 0.64332 0)
(2.53767 0.483556 0)
(2.66844 0.391683 0)
(2.80972 0.152604 0)
(2.91681 -0.0169425 0)
(3.01641 0.0114081 0)
(3.0184 -0.0418894 0)
(3.02849 -0.0669759 0)
(3.04022 -0.0714873 0)
(3.04806 -0.0547662 0)
(3.05279 -0.0463395 0)
(3.03365 -0.0335009 0)
(3.02077 -0.0192971 0)
(3.01483 -0.00486864 0)
(3.00695 0.00207909 0)
(3.00511 0.000107858 0)
(3.02092 -0.0161114 0)
(3.05219 -0.0531841 0)
(3.08139 -0.0810735 0)
(3.07779 -0.0742994 0)
(3.04328 -0.0542218 0)
(3.02313 -0.0444178 0)
(3.01663 -0.0379629 0)
(3.01739 -0.0301378 0)
(3.02367 -0.020276 0)
(3.03 -0.00964849 0)
(3.02973 -0.00413523 0)
(3.02781 -0.00225186 0)
(3.02533 -0.000491242 0)
(3.02065 0.00136653 0)
(3.01386 0.00216816 0)
(3.0059 0.0012793 0)
(3.00101 0.000253256 0)
(3.00004 1.03097e-05 0)
(3 -3.65162e-08 0)
(3 -8.05177e-08 0)
(3 -7.61602e-08 0)
(3 -5.38839e-08 0)
(1.73366 0.954344 0)
(2.00212 0.855951 0)
(2.26413 0.688374 0)
(2.48243 0.530419 0)
(2.63814 0.428749 0)
(2.7781 0.220952 0)
(2.8662 0.0873554 0)
(2.95522 0.105471 0)
(3.01197 0.00486174 0)
(3.03993 -0.0857621 0)
(3.05052 -0.100207 0)
(3.05128 -0.087418 0)
(3.04808 -0.0722457 0)
(3.03113 -0.0507939 0)
(3.00844 -0.0182573 0)
(3.0052 -0.00337605 0)
(3.00757 0.000610906 0)
(3.01909 -0.0122403 0)
(3.04611 -0.0380581 0)
(3.08172 -0.0616502 0)
(3.10455 -0.0785284 0)
(3.07806 -0.065489 0)
(3.04223 -0.0520736 0)
(3.02662 -0.0444796 0)
(3.02098 -0.0372627 0)
(3.02223 -0.0288317 0)
(3.0286 -0.0179176 0)
(3.03325 -0.00760167 0)
(3.03167 -0.00330904 0)
(3.02966 -0.00155867 0)
(3.02656 0.00044352 0)
(3.02104 0.00226651 0)
(3.01353 0.00263853 0)
(3.00527 0.00132904 0)
(3.00076 0.000214325 0)
(3.00002 6.53482e-06 0)
(3 -8.02939e-08 0)
(3 -9.4833e-08 0)
(3 -8.78861e-08 0)
(3 -5.8078e-08 0)
(1.74528 0.965895 0)
(1.98191 0.881305 0)
(2.23218 0.715768 0)
(2.43089 0.579359 0)
(2.57508 0.521194 0)
(2.73199 0.322397 0)
(2.84447 0.12108 0)
(2.93243 0.10516 0)
(2.99651 0.0484886 0)
(3.04276 -0.0728913 0)
(3.04961 -0.104581 0)
(3.04936 -0.0986259 0)
(3.042 -0.0818248 0)
(3.02318 -0.0590681 0)
(3.00107 -0.029621 0)
(3.00248 -0.0116053 0)
(3.01694 -0.0153525 0)
(3.04351 -0.0283586 0)
(3.08055 -0.0369017 0)
(3.11147 -0.0395762 0)
(3.11665 -0.0485526 0)
(3.0747 -0.0506135 0)
(3.04448 -0.0492435 0)
(3.03128 -0.0445992 0)
(3.02563 -0.0371024 0)
(3.02709 -0.0269522 0)
(3.0337 -0.0155237 0)
(3.03686 -0.00642847 0)
(3.03414 -0.00298698 0)
(3.03172 -0.00109905 0)
(3.02813 0.000905054 0)
(3.02167 0.00278199 0)
(3.0131 0.00292736 0)
(3.00455 0.00130249 0)
(3.00054 0.000171606 0)
(3.00001 3.83386e-06 0)
(3 -1.02074e-07 0)
(3 -1.05296e-07 0)
(3 -9.72569e-08 0)
(3 -5.95705e-08 0)
(1.75578 0.985654 0)
(1.96658 0.906693 0)
(2.19506 0.765726 0)
(2.39892 0.61195 0)
(2.55733 0.540584 0)
(2.69203 0.400766 0)
(2.79317 0.224147 0)
(2.87345 0.206368 0)
(2.97668 0.110798 0)
(3.03248 -0.0546051 0)
(3.04062 -0.0915799 0)
(3.03341 -0.0783501 0)
(3.02789 -0.0704216 0)
(3.01375 -0.0530496 0)
(2.99994 -0.0279297 0)
(3.00942 -0.00571522 0)
(3.03615 -0.00212589 0)
(3.07393 -0.0131185 0)
(3.11616 -0.0217868 0)
(3.13422 -0.0281495 0)
(3.11487 -0.0401082 0)
(3.07496 -0.0442903 0)
(3.04649 -0.0429905 0)
(3.03452 -0.0378583 0)
(3.02985 -0.0319748 0)
(3.03168 -0.0231781 0)
(3.03807 -0.0123305 0)
(3.04014 -0.00364412 0)
(3.03635 -0.000747814 0)
(3.0335 0.000875295 0)
(3.02946 0.00267968 0)
(3.02207 0.00416649 0)
(3.01249 0.00345356 0)
(3.0038 0.00123768 0)
(3.00036 0.000124603 0)
(3.00001 1.87596e-06 0)
(3 -1.27922e-07 0)
(3 -1.23133e-07 0)
(3 -1.08826e-07 0)
(3 -5.9774e-08 0)
(1.77516 1.0043 0)
(1.96446 0.921525 0)
(2.17788 0.796407 0)
(2.35965 0.663201 0)
(2.5024 0.612973 0)
(2.65101 0.479088 0)
(2.77401 0.270226 0)
(2.85356 0.225593 0)
(2.93517 0.197223 0)
(3.00902 0.0242569 0)
(3.01416 -0.0343584 0)
(3.02011 -0.0723907 0)
(3.01871 -0.0756866 0)
(3.01222 -0.0678499 0)
(3.00919 -0.0441558 0)
(3.02756 -0.0112888 0)
(3.06529 0.00235161 0)
(3.10986 -0.0115263 0)
(3.14423 -0.0407065 0)
(3.14208 -0.0492926 0)
(3.11002 -0.0417577 0)
(3.07824 -0.0472753 0)
(3.04839 -0.0413101 0)
(3.03753 -0.0348952 0)
(3.03412 -0.0286909 0)
(3.03573 -0.0211661 0)
(3.04186 -0.0113212 0)
(3.0432 -0.00246553 0)
(3.03874 0.000376083 0)
(3.03557 0.00246214 0)
(3.0304 0.00473216 0)
(3.02178 0.00567036 0)
(3.01153 0.00400555 0)
(3.00303 0.00116466 0)
(3.00022 8.69797e-05 0)
(3 7.74018e-07 0)
(3 -1.4707e-07 0)
(3 -1.38082e-07 0)
(3 -1.12044e-07 0)
(3 -5.27184e-08 0)
(1.78082 1.03514 0)
(1.96266 0.945585 0)
(2.15194 0.844937 0)
(2.33922 0.703236 0)
(2.48354 0.630331 0)
(2.61123 0.54514 0)
(2.73283 0.364307 0)
(2.81575 0.298307 0)
(2.9108 0.250199 0)
(2.99618 0.0676272 0)
(2.99353 -0.00270707 0)
(2.99711 -0.020816 0)
(3.00452 -0.0263033 0)
(3.00888 -0.0251595 0)
(3.02233 -0.0256 0)
(3.05267 -0.0199358 0)
(3.09589 -0.0212663 0)
(3.13705 -0.0462639 0)
(3.15847 -0.0750147 0)
(3.14547 -0.0748577 0)
(3.1137 -0.0628325 0)
(3.08245 -0.0526842 0)
(3.05577 -0.0444753 0)
(3.0417 -0.0349472 0)
(3.03778 -0.0286006 0)
(3.03919 -0.0202706 0)
(3.04524 -0.00974823 0)
(3.04618 -0.000709718 0)
(3.04142 0.00171432 0)
(3.03784 0.00369968 0)
(3.03184 0.00596936 0)
(3.02185 0.00668989 0)
(3.01042 0.00413889 0)
(3.00226 0.000980277 0)
(3.00012 5.30841e-05 0)
(3 1.95376e-07 0)
(3 -1.57579e-07 0)
(3 -1.46983e-07 0)
(3 -1.13876e-07 0)
(3 -4.44202e-08 0)
(1.79159 1.0603 0)
(1.98003 0.953693 0)
(2.15503 0.870673 0)
(2.32028 0.758648 0)
(2.461 0.677843 0)
(2.5925 0.586628 0)
(2.72155 0.402417 0)
(2.79589 0.324894 0)
(2.87066 0.315179 0)
(2.94712 0.169461 0)
(2.9545 0.0741695 0)
(2.97049 0.0237868 0)
(3.00428 -0.0139494 0)
(3.0183 -0.0266702 0)
(3.04027 -0.0346818 0)
(3.0784 -0.0271064 0)
(3.12395 -0.0388489 0)
(3.15464 -0.0785429 0)
(3.16363 -0.0975378 0)
(3.14511 -0.0945657 0)
(3.1162 -0.0765816 0)
(3.0883 -0.0619404 0)
(3.06386 -0.0497506 0)
(3.04747 -0.0383543 0)
(3.04147 -0.0293155 0)
(3.04272 -0.0200024 0)
(3.0488 -0.00716939 0)
(3.04877 0.00328793 0)
(3.04359 0.00564067 0)
(3.03923 0.00760727 0)
(3.03236 0.00918649 0)
(3.02128 0.00840297 0)
(3.0091 0.00416877 0)
(3.00157 0.000737848 0)
(3.00006 2.67203e-05 0)
(3 -6.88168e-08 0)
(3 -1.64714e-07 0)
(3 -1.49734e-07 0)
(3 -1.04604e-07 0)
(3 -3.1971e-08 0)
(1.83334 1.02627 0)
(1.95837 0.997636 0)
(2.15092 0.914775 0)
(2.32211 0.788675 0)
(2.45316 0.697661 0)
(2.56581 0.640156 0)
(2.68484 0.484466 0)
(2.7637 0.379433 0)
(2.8339 0.353298 0)
(2.92251 0.215231 0)
(2.93789 0.104061 0)
(2.94693 0.082631 0)
(3.00435 0.0379247 0)
(3.01968 0.0226514 0)
(3.05362 -0.00730202 0)
(3.09735 -0.040262 0)
(3.13875 -0.0643337 0)
(3.16378 -0.09112 0)
(3.16456 -0.110491 0)
(3.14436 -0.108467 0)
(3.12109 -0.0963847 0)
(3.09804 -0.0815732 0)
(3.07334 -0.0644329 0)
(3.05353 -0.0442904 0)
(3.0458 -0.0307762 0)
(3.04645 -0.0196148 0)
(3.05269 -0.00404744 0)
(3.0514 0.00631141 0)
(3.04632 0.00832899 0)
(3.04151 0.0107046 0)
(3.03209 0.0122176 0)
(3.0198 0.00992228 0)
(3.00746 0.00407486 0)
(3.001 0.00053669 0)
(3.00003 1.25166e-05 0)
(3 -1.52423e-07 0)
(3 -1.62278e-07 0)
(3 -1.38047e-07 0)
(3 -8.26914e-08 0)
(3 -1.78832e-08 0)
(1.88242 0.984132 0)
(1.94276 1.02081 0)
(2.11058 0.958889 0)
(2.28202 0.841989 0)
(2.42926 0.726208 0)
(2.54435 0.66536 0)
(2.65982 0.533775 0)
(2.73247 0.426538 0)
(2.78931 0.40757 0)
(2.86586 0.302977 0)
(2.92227 0.163806 0)
(2.94051 0.122116 0)
(3.01244 0.0528169 0)
(3.03498 0.0219149 0)
(3.07346 -0.0160484 0)
(3.11314 -0.0385271 0)
(3.14397 -0.0514109 0)
(3.16283 -0.0773849 0)
(3.16082 -0.113765 0)
(3.14365 -0.114537 0)
(3.12497 -0.102616 0)
(3.10562 -0.0935167 0)
(3.08297 -0.0782029 0)
(3.06118 -0.0561643 0)
(3.04973 -0.0342804 0)
(3.05052 -0.016552 0)
(3.05746 -0.000703236 0)
(3.05497 0.0080041 0)
(3.04926 0.00987587 0)
(3.04379 0.0123921 0)
(3.03274 0.0138556 0)
(3.0183 0.0102203 0)
(3.00563 0.00351341 0)
(3.00053 0.000333448 0)
(3.00001 4.54518e-06 0)
(3 -1.80435e-07 0)
(3 -1.78558e-07 0)
(3 -1.36515e-07 0)
(3 -6.101e-08 0)
(3 -7.7289e-09 0)
(1.97598 0.897636 0)
(1.95942 1.0233 0)
(2.06937 0.970598 0)
(2.232 0.878231 0)
(2.38687 0.767096 0)
(2.51136 0.703366 0)
(2.62967 0.589652 0)
(2.70732 0.467854 0)
(2.75878 0.435448 0)
(2.83169 0.347897 0)
(2.91079 0.220143 0)
(2.93824 0.179783 0)
(3.01242 0.113524 0)
(3.04558 0.0737226 0)
(3.08637 0.013891 0)
(3.12216 -0.0354607 0)
(3.14555 -0.0517325 0)
(3.16208 -0.0631821 0)
(3.15341 -0.0763068 0)
(3.13588 -0.0861404 0)
(3.12532 -0.092253 0)
(3.11125 -0.0903642 0)
(3.0924 -0.0781979 0)
(3.06969 -0.0568094 0)
(3.05532 -0.0359871 0)
(3.05634 -0.0146069 0)
(3.06153 0.00811098 0)
(3.05461 0.0173687 0)
(3.049 0.0188648 0)
(3.04301 0.0198581 0)
(3.03148 0.0181981 0)
(3.01615 0.0113591 0)
(3.00383 0.00288734 0)
(3.00023 0.000164267 0)
(3 9.20795e-07 0)
(3 -1.59096e-07 0)
(3 -1.43748e-07 0)
(3 -9.4889e-08 0)
(3 -2.86454e-08 0)
(3 -1.71435e-09 0)
(2.58536 0.68068 0)
(2.03344 1.02297 0)
(2.07554 0.999214 0)
(2.21178 0.910372 0)
(2.36868 0.791799 0)
(2.48482 0.730092 0)
(2.58895 0.653158 0)
(2.68394 0.520588 0)
(2.7375 0.471287 0)
(2.80876 0.385831 0)
(2.91064 0.267048 0)
(2.94675 0.210217 0)
(3.00844 0.151906 0)
(3.06657 0.0921293 0)
(3.09623 0.03072 0)
(3.12342 0.00453923 0)
(3.1386 -0.00081397 0)
(3.15038 -0.0170842 0)
(3.15274 -0.0553207 0)
(3.13811 -0.0803878 0)
(3.13088 -0.0888239 0)
(3.11941 -0.083093 0)
(3.10019 -0.0713131 0)
(3.07707 -0.0532813 0)
(3.06145 -0.0306952 0)
(3.06167 -0.012025 0)
(3.0669 0.00552323 0)
(3.05984 0.0144339 0)
(3.05442 0.0178859 0)
(3.04571 0.0220674 0)
(3.03015 0.021441 0)
(3.01264 0.0112371 0)
(3.00204 0.00186398 0)
(3.00006 5.1937e-05 0)
(3 -4.50521e-08 0)
(3 -1.62395e-07 0)
(3 -1.31837e-07 0)
(3 -6.00682e-08 0)
(3 -8.67998e-09 0)
(3 -1.65693e-10 0)
(3.08861 0.212198 0)
(2.20674 0.9656 0)
(2.14832 1.00827 0)
(2.21568 0.956483 0)
(2.34782 0.853793 0)
(2.46982 0.760413 0)
(2.57959 0.676592 0)
(2.67605 0.558232 0)
(2.72743 0.511189 0)
(2.7924 0.436355 0)
(2.91183 0.324407 0)
(2.95727 0.250709 0)
(3.00439 0.200335 0)
(3.07579 0.13115 0)
(3.09946 0.0680617 0)
(3.12267 0.0359834 0)
(3.13537 0.0233408 0)
(3.14531 0.00299425 0)
(3.14768 -0.0217712 0)
(3.14048 -0.0378024 0)
(3.1246 -0.0545247 0)
(3.11812 -0.0604951 0)
(3.10408 -0.0592697 0)
(3.08428 -0.0481339 0)
(3.06832 -0.0238425 0)
(3.06268 0.00352307 0)
(3.06722 0.0232141 0)
(3.06329 0.030019 0)
(3.05659 0.0310397 0)
(3.04661 0.0318166 0)
(3.0273 0.0249483 0)
(3.00836 0.00892542 0)
(3.00074 0.0007594 0)
(3.00001 7.6714e-06 0)
(3 -1.23846e-07 0)
(3 -1.19592e-07 0)
(3 -7.67766e-08 0)
(3 -1.99244e-08 0)
(3 -1.00193e-09 0)
(3 -2.40852e-12 0)
(3.04766 0.023843 0)
(2.42463 0.820267 0)
(2.22055 1.03961 0)
(2.25542 0.991488 0)
(2.36691 0.881302 0)
(2.48217 0.77971 0)
(2.5641 0.729058 0)
(2.67522 0.610785 0)
(2.74016 0.534539 0)
(2.7935 0.470492 0)
(2.91745 0.367203 0)
(2.967 0.290701 0)
(3.0038 0.240149 0)
(3.07524 0.166928 0)
(3.10772 0.116176 0)
(3.11055 0.0872118 0)
(3.11972 0.0778027 0)
(3.13557 0.0520022 0)
(3.14644 0.0123221 0)
(3.1424 -0.0150199 0)
(3.13143 -0.0388133 0)
(3.11688 -0.0573441 0)
(3.10918 -0.0578625 0)
(3.09224 -0.049355 0)
(3.07678 -0.0331746 0)
(3.07384 -0.00730516 0)
(3.07727 0.02526 0)
(3.06903 0.039066 0)
(3.06173 0.0420338 0)
(3.04529 0.0410243 0)
(3.02112 0.0244908 0)
(3.00398 0.00482791 0)
(3.00015 0.000156619 0)
(3 3.12438e-07 0)
(3 -1.01429e-07 0)
(3 -7.91577e-08 0)
(3 -3.04629e-08 0)
(3 -2.91763e-09 0)
(3 -2.91319e-11 0)
(3 1.41591e-12 0)
(3.00106 0.00119991 0)
(2.78579 0.505438 0)
(2.32928 0.968741 0)
(2.30556 1.00571 0)
(2.38291 0.943725 0)
(2.49094 0.837706 0)
(2.58361 0.736857 0)
(2.68234 0.647241 0)
(2.75508 0.578246 0)
(2.80205 0.521844 0)
(2.92229 0.406821 0)
(2.97444 0.324996 0)
(2.99974 0.283262 0)
(3.06773 0.218477 0)
(3.10467 0.163665 0)
(3.10533 0.133366 0)
(3.11452 0.107681 0)
(3.13449 0.077658 0)
(3.13907 0.0522989 0)
(3.13457 0.0322319 0)
(3.12188 0.0116216 0)
(3.1026 -0.00638359 0)
(3.09615 -0.00874055 0)
(3.08393 -0.0043447 0)
(3.07416 0.0109864 0)
(3.0785 0.0328819 0)
(3.08262 0.0529037 0)
(3.07389 0.0582708 0)
(3.06359 0.0592568 0)
(3.03964 0.0464191 0)
(3.01257 0.0169057 0)
(3.00109 0.00137765 0)
(3.00001 1.18641e-05 0)
(3 -5.73839e-08 0)
(3 -5.89459e-08 0)
(3 -3.14296e-08 0)
(3 -4.96958e-09 0)
(3 -1.06792e-10 0)
(3 1.13589e-12 0)
(3 1.1451e-12 0)
(3 1.04875e-05 0)
(2.9941 0.157499 0)
(2.45168 0.83897 0)
(2.37273 1.00615 0)
(2.4041 0.967751 0)
(2.50344 0.869017 0)
(2.5956 0.780715 0)
(2.68266 0.701475 0)
(2.78067 0.603069 0)
(2.82594 0.551088 0)
(2.9137 0.45436 0)
(2.97787 0.359632 0)
(2.99612 0.323359 0)
(3.05455 0.267835 0)
(3.09199 0.216583 0)
(3.09914 0.187258 0)
(3.11066 0.156234 0)
(3.13155 0.1144 0)
(3.13848 0.0780772 0)
(3.13518 0.0487542 0)
(3.12402 0.0166798 0)
(3.11109 -0.0075363 0)
(3.10611 -0.0111482 0)
(3.0975 -0.00712761 0)
(3.09241 0.0148507 0)
(3.09476 0.0532313 0)
(3.08875 0.0772962 0)
(3.07981 0.080134 0)
(3.06035 0.0720328 0)
(3.02772 0.0395538 0)
(3.00462 0.00661836 0)
(3.00013 0.0001533 0)
(3 1.99355e-07 0)
(3 -3.88583e-08 0)
(3 -2.50834e-08 0)
(3 -5.82795e-09 0)
(3 -2.22739e-10 0)
(3 3.26237e-13 0)
(3 1.02506e-12 0)
(3 6.39628e-13 0)
(3 1.52264e-08 0)
(3.00024 0.0203696 0)
(2.75888 0.517207 0)
(2.42046 0.929759 0)
(2.44954 0.997177 0)
(2.50636 0.929936 0)
(2.60074 0.825007 0)
(2.69841 0.722761 0)
(2.78269 0.652236 0)
(2.84499 0.576662 0)
(2.90853 0.485982 0)
(2.97274 0.39979 0)
(2.99022 0.370284 0)
(3.04233 0.315057 0)
(3.08249 0.256682 0)
(3.09335 0.22887 0)
(3.10707 0.198541 0)
(3.12564 0.155341 0)
(3.13097 0.119958 0)
(3.12536 0.0918337 0)
(3.11384 0.0633168 0)
(3.10698 0.0499652 0)
(3.1035 0.0482991 0)
(3.09909 0.0530491 0)
(3.10018 0.0725289 0)
(3.10226 0.0992888 0)
(3.09392 0.107036 0)
(3.08101 0.102574 0)
(3.04862 0.0714937 0)
(3.01309 0.0206438 0)
(3.00079 0.00108093 0)
(3 4.64773e-06 0)
(3 -1.69771e-08 0)
(3 -1.56016e-08 0)
(3 -5.25947e-09 0)
(3 -3.31936e-10 0)
(3 -1.10675e-12 0)
(3 7.33508e-13 0)
(3 6.19576e-13 0)
(3 1.90809e-13 0)
(3 2.9989e-12 0)
(2.99991 0.000684325 0)
(2.97281 0.16495 0)
(2.53537 0.786483 0)
(2.49519 0.953862 0)
(2.51208 0.952592 0)
(2.59495 0.881473 0)
(2.68846 0.789946 0)
(2.7811 0.693064 0)
(2.85385 0.603803 0)
(2.89805 0.529251 0)
(2.96842 0.43606 0)
(2.99067 0.403166 0)
(3.02624 0.364624 0)
(3.07024 0.306195 0)
(3.08675 0.269673 0)
(3.10353 0.233094 0)
(3.12112 0.188182 0)
(3.12655 0.148952 0)
(3.12128 0.113481 0)
(3.11335 0.0856046 0)
(3.11153 0.079697 0)
(3.109 0.0793096 0)
(3.10796 0.0921187 0)
(3.11128 0.120648 0)
(3.10759 0.138703 0)
(3.09879 0.137237 0)
(3.07158 0.109079 0)
(3.02787 0.0470193 0)
(3.0031 0.00482142 0)
(3.00004 5.08404e-05 0)
(3 1.83647e-08 0)
(3 -9.18073e-09 0)
(3 -4.17319e-09 0)
(3 -4.24707e-10 0)
(3 -3.84931e-12 0)
(3 4.91851e-13 0)
(3 4.66916e-13 0)
(3 2.05171e-13 0)
(3 1.87818e-14 0)
(3 4.48376e-16 0)
(3 5.1466e-06 0)
(2.99843 0.0205266 0)
(2.81947 0.438225 0)
(2.52462 0.887963 0)
(2.55573 0.953526 0)
(2.58546 0.932741 0)
(2.67691 0.845475 0)
(2.77049 0.742359 0)
(2.84289 0.6513 0)
(2.90216 0.552954 0)
(2.94948 0.488745 0)
(2.98427 0.444408 0)
(3.01971 0.401422 0)
(3.06278 0.340908 0)
(3.07864 0.309461 0)
(3.09565 0.273599 0)
(3.11372 0.226013 0)
(3.11848 0.183866 0)
(3.11307 0.147972 0)
(3.10946 0.130852 0)
(3.10943 0.127991 0)
(3.11041 0.131381 0)
(3.11463 0.151297 0)
(3.11785 0.174726 0)
(3.11206 0.176647 0)
(3.09281 0.151749 0)
(3.04754 0.0855992 0)
(3.0087 0.0150909 0)
(3.00025 0.000341036 0)
(3 4.48908e-07 0)
(3 -3.8836e-09 0)
(3 -2.73092e-09 0)
(3 -4.87372e-10 0)
(3 -9.9533e-12 0)
(3 2.90888e-13 0)
(3 3.17909e-13 0)
(3 1.65558e-13 0)
(3 2.16857e-14 0)
(3 -1.71953e-16 0)
(3 -9.30105e-16 0)
(3 7.70887e-09 0)
(2.99991 0.000647688 0)
(2.97755 0.119305 0)
(2.68228 0.674208 0)
(2.58375 0.899846 0)
(2.61005 0.926419 0)
(2.66637 0.901886 0)
(2.74878 0.807192 0)
(2.82731 0.697507 0)
(2.88882 0.605109 0)
(2.93881 0.530611 0)
(2.98058 0.478972 0)
(3.00931 0.446363 0)
(3.05522 0.382301 0)
(3.07335 0.341629 0)
(3.08861 0.307463 0)
(3.10581 0.260617 0)
(3.11016 0.215825 0)
(3.10763 0.183314 0)
(3.10789 0.176051 0)
(3.11086 0.174818 0)
(3.11618 0.187895 0)
(3.12334 0.213499 0)
(3.12157 0.220311 0)
(3.10954 0.197951 0)
(3.06876 0.132312 0)
(3.01858 0.0355296 0)
(3.00097 0.00152694 0)
(3 4.6129e-06 0)
(3 -9.75995e-10 0)
(3 -1.65062e-09 0)
(3 -4.95639e-10 0)
(3 -2.14586e-11 0)
(3 1.10226e-13 0)
(3 2.0374e-13 0)
(3 1.23579e-13 0)
(3 2.31033e-14 0)
(3 8.15353e-16 0)
(3 2.68493e-16 0)
(3 -1.28018e-15 0)
(3 1.77222e-12 0)
(3 4.12622e-06 0)
(2.99877 0.010234 0)
(2.90859 0.296007 0)
(2.64926 0.77867 0)
(2.63737 0.895607 0)
(2.67682 0.895937 0)
(2.73418 0.854497 0)
(2.80468 0.766066 0)
(2.8712 0.669981 0)
(2.92621 0.588542 0)
(2.96921 0.533669 0)
(3.00815 0.480741 0)
(3.04526 0.424828 0)
(3.06579 0.379592 0)
(3.08037 0.344291 0)
(3.0973 0.294894 0)
(3.10204 0.250568 0)
(3.10334 0.232191 0)
(3.10725 0.228981 0)
(3.11501 0.235992 0)
(3.12455 0.258346 0)
(3.12711 0.268173 0)
(3.12013 0.246202 0)
(3.08677 0.182178 0)
(3.03168 0.0667889 0)
(3.00273 0.00485608 0)
(3.00002 2.94542e-05 0)
(3 6.39248e-09 0)
(3 -8.00788e-10 0)
(3 -3.75535e-10 0)
(3 -3.38239e-11 0)
(3 -1.62493e-13 0)
(3 1.19331e-13 0)
(3 8.6162e-14 0)
(3 2.07647e-14 0)
(3 1.13099e-15 0)
(3 9.49716e-16 0)
(3 1.34074e-15 0)
(3 -1.88424e-15 0)
(3 -1.36379e-15 0)
(3 4.12273e-09 0)
(2.99997 0.000183252 0)
(2.99195 0.0472262 0)
(2.84669 0.444872 0)
(2.67247 0.804829 0)
(2.69176 0.873878 0)
(2.73993 0.864048 0)
(2.79073 0.833528 0)
(2.85147 0.758599 0)
(2.90971 0.669359 0)
(2.95845 0.597704 0)
(2.99979 0.536292 0)
(3.03496 0.474619 0)
(3.05957 0.420865 0)
(3.06893 0.390183 0)
(3.08786 0.335494 0)
(3.09676 0.299529 0)
(3.10114 0.294003 0)
(3.11127 0.297033 0)
(3.12238 0.31314 0)
(3.12806 0.318402 0)
(3.12474 0.293257 0)
(3.09877 0.230558 0)
(3.04505 0.104887 0)
(3.00575 0.0115239 0)
(3.00008 0.000123265 0)
(3 5.91133e-08 0)
(3 -2.94481e-10 0)
(3 -2.30519e-10 0)
(3 -3.93342e-11 0)
(3 -6.38072e-13 0)
(3 6.67207e-14 0)
(3 6.09853e-14 0)
(3 2.01781e-14 0)
(3 1.75409e-15 0)
(3 7.75154e-16 0)
(3 1.98666e-15 0)
(3 1.39651e-15 0)
(3 -6.82107e-16 0)
(3 -1.61567e-15 0)
(3 4.72215e-13 0)
(3 5.29713e-07 0)
(2.99978 0.00168665 0)
(2.97812 0.10315 0)
(2.82252 0.519895 0)
(2.70868 0.794239 0)
(2.75232 0.849132 0)
(2.79588 0.842741 0)
(2.84078 0.821785 0)
(2.89235 0.761392 0)
(2.94161 0.687164 0)
(2.98728 0.613175 0)
(3.02398 0.541997 0)
(3.04841 0.487205 0)
(3.06182 0.444248 0)
(3.07871 0.394499 0)
(3.09125 0.378112 0)
(3.10405 0.374506 0)
(3.11706 0.375892 0)
(3.12398 0.368968 0)
(3.12316 0.335154 0)
(3.10343 0.273732 0)
(3.05505 0.142559 0)
(3.00935 0.0211029 0)
(3.0002 0.000349304 0)
(3 2.97156e-07 0)
(3 -9.90812e-11 0)
(3 -1.25228e-10 0)
(3 -3.47485e-11 0)
(3 -1.19559e-12 0)
(3 4.60678e-14 0)
(3 5.03464e-14 0)
(3 2.47297e-14 0)
(3 2.92628e-15 0)
(3 -9.38856e-16 0)
(3 4.80615e-16 0)
(3 5.29208e-16 0)
(3 1.28604e-15 0)
(3 3.10226e-16 0)
(3 -2.74684e-16 0)
(3 -1.17699e-15 0)
(3 1.82518e-10 0)
(3 9.53905e-06 0)
(2.99922 0.00549767 0)
(2.96646 0.143184 0)
(2.82743 0.535134 0)
(2.76036 0.779548 0)
(2.8013 0.831838 0)
(2.84826 0.815878 0)
(2.88655 0.797658 0)
(2.92813 0.757886 0)
(2.97196 0.698753 0)
(3.00949 0.631471 0)
(3.03571 0.573779 0)
(3.05335 0.52665 0)
(3.07067 0.486362 0)
(3.08975 0.461719 0)
(3.10477 0.44036 0)
(3.11424 0.41028 0)
(3.11612 0.371341 0)
(3.10123 0.308522 0)
(3.05881 0.17133 0)
(3.0119 0.0303713 0)
(3.00034 0.000679243 0)
(3 8.8201e-07 0)
(3 -5.17674e-12 0)
(3 -5.53899e-11 0)
(3 -2.30254e-11 0)
(3 -1.5084e-12 0)
(3 3.06563e-14 0)
(3 3.77663e-14 0)
(3 2.40571e-14 0)
(3 4.52526e-15 0)
(3 4.95804e-16 0)
(3 -9.43469e-16 0)
(3 -4.45463e-16 0)
(3 -1.41962e-15 0)
(3 -5.86181e-16 0)
(3 4.88225e-17 0)
(3 -3.34573e-16 0)
(3 -1.01198e-15 0)
(3 9.65515e-15 0)
(3 6.35043e-09 0)
(2.99999 4.45506e-05 0)
(2.99855 0.00921184 0)
(2.96276 0.15904 0)
(2.85745 0.515233 0)
(2.81693 0.738213 0)
(2.84853 0.796798 0)
(2.89501 0.784054 0)
(2.92396 0.7626 0)
(2.96324 0.723999 0)
(2.99876 0.675184 0)
(3.02413 0.627199 0)
(3.04439 0.581334 0)
(3.06407 0.535688 0)
(3.08273 0.490981 0)
(3.09697 0.447693 0)
(3.10261 0.403676 0)
(3.09139 0.330151 0)
(3.05506 0.182632 0)
(3.0118 0.0343274 0)
(3.00038 0.000902578 0)
(3 1.54561e-06 0)
(3 6.66308e-11 0)
(3 -2.14584e-11 0)
(3 -1.25432e-11 0)
(3 -1.37271e-12 0)
(3 1.3926e-14 0)
(3 2.63705e-14 0)
(3 1.92027e-14 0)
(3 5.40207e-15 0)
(3 -1.74296e-15 0)
(3 -1.60336e-15 0)
(3 -1.10067e-15 0)
(3 -4.98538e-16 0)
(3 -7.62021e-16 0)
(3 -1.09068e-15 0)
(3 3.18212e-16 0)
(3 -3.63537e-16 0)
(3 -3.7237e-16 0)
(3 -5.40434e-16 0)
(3 3.78855e-13 0)
(3 4.10502e-08 0)
(2.99999 9.11042e-05 0)
(2.99838 0.0102517 0)
(2.97168 0.133426 0)
(2.90445 0.425751 0)
(2.87653 0.646961 0)
(2.89629 0.728244 0)
(2.92743 0.737323 0)
(2.96109 0.70617 0)
(2.99334 0.667687 0)
(3.01633 0.624788 0)
(3.03615 0.578953 0)
(3.05559 0.531133 0)
(3.07186 0.481415 0)
(3.08042 0.423156 0)
(3.07383 0.328095 0)
(3.04341 0.167864 0)
(3.00878 0.0296316 0)
(3.00028 0.000801333 0)
(3 1.5741e-06 0)
(3 9.83999e-11 0)
(3 -7.39475e-12 0)
(3 -5.94261e-12 0)
(3 -9.59779e-13 0)
(3 1.595e-15 0)
(3 2.11966e-14 0)
(3 1.7017e-14 0)
(3 5.9494e-15 0)
(3 2.674e-16 0)
(3 -1.19722e-15 0)
(3 -1.04168e-15 0)
(3 -3.99209e-16 0)
(3 6.31976e-16 0)
(3 1.66299e-15 0)
(3 4.07303e-16 0)
(3 3.07485e-16 0)
(3 -4.05934e-16 0)
(3 -4.02674e-16 0)
(3 -4.46396e-16 0)
(3 -3.40254e-16 0)
(3 3.16955e-12 0)
(3 9.85973e-08 0)
(2.99999 8.63005e-05 0)
(2.99909 0.00606789 0)
(2.9867 0.0730338 0)
(2.95324 0.264728 0)
(2.93246 0.465537 0)
(2.93637 0.579005 0)
(2.95921 0.616455 0)
(2.98879 0.597067 0)
(3.00311 0.571574 0)
(3.01975 0.527938 0)
(3.03616 0.470978 0)
(3.04811 0.393116 0)
(3.04646 0.275725 0)
(3.02534 0.120457 0)
(3.00443 0.0180271 0)
(3.00013 0.000450721 0)
(3 9.02962e-07 0)
(3 6.54662e-11 0)
(3 -2.45548e-12 0)
(3 -2.54305e-12 0)
(3 -5.46423e-13 0)
(3 -6.11006e-15 0)
(3 1.20057e-14 0)
(3 1.13542e-14 0)
(3 5.81817e-15 0)
(3 2.37339e-15 0)
(3 8.44124e-17 0)
(3 -7.70231e-16 0)
(3 -9.68292e-16 0)
(3 -1.26196e-17 0)
(3 -5.88565e-17 0)
(3 4.33512e-16 0)
(3 -8.27985e-16 0)
(3 5.76983e-16 0)
(3 -1.28556e-15 0)
(3 -5.68713e-16 0)
(3 4.01628e-16 0)
(3 -4.41942e-16 0)
(3 -4.79456e-16 0)
(3 7.86292e-12 0)
(3 6.39827e-08 0)
(3 2.92193e-05 0)
(2.99978 0.00163078 0)
(2.99686 0.020306 0)
(2.98707 0.0898711 0)
(2.97561 0.201556 0)
(2.976 0.299549 0)
(2.99053 0.338459 0)
(2.99579 0.331366 0)
(3.00478 0.301164 0)
(3.01351 0.2402 0)
(3.01566 0.148671 0)
(3.00818 0.0531094 0)
(3.00126 0.00652061 0)
(3.00003 0.000143453 0)
(3 2.72642e-07 0)
(3 2.12377e-11 0)
(3 -7.68202e-13 0)
(3 -9.34827e-13 0)
(3 -2.57366e-13 0)
(3 -7.30335e-15 0)
(3 3.38164e-15 0)
(3 4.45792e-15 0)
(3 1.31204e-15 0)
(3 2.31132e-16 0)
(3 -2.97897e-16 0)
(3 -9.0683e-16 0)
(3 -8.21166e-16 0)
(3 -7.86806e-16 0)
(3 1.62979e-16 0)
(3 -1.25052e-15 0)
(3 -2.25681e-15 0)
(3 -1.68414e-15 0)
(3 1.82058e-15 0)
(3 4.73421e-17 0)
(3 7.36043e-16 0)
(3 1.80022e-15 0)
(3 1.11109e-15 0)
(3 2.95178e-16 0)
(3 -7.0177e-16 0)
(3 2.91198e-12 0)
(3 9.81405e-09 0)
(3 2.96942e-06 0)
(2.99998 0.000146371 0)
(2.99975 0.00193601 0)
(2.9987 0.010324 0)
(2.99704 0.0292742 0)
(2.99769 0.0463001 0)
(2.99849 0.047975 0)
(2.99961 0.0418834 0)
(3.00087 0.0261709 0)
(3.00078 0.00883598 0)
(3.00014 0.00101323 0)
(3 2.09597e-05 0)
(3 3.82913e-08 0)
(3 4.00066e-12 0)
(3 -2.25021e-13 0)
(3 -3.08947e-13 0)
(3 -1.01053e-13 0)
(3 -8.34617e-15 0)
(3 6.6128e-16 0)
(3 5.61377e-16 0)
(3 -1.51945e-15 0)
(3 -1.97582e-15 0)
(3 -2.54655e-15 0)
(3 -2.44853e-15 0)
(3 -2.2098e-15 0)
(3 -9.09612e-16 0)
(3 5.19799e-16 0)
(3 2.10946e-16 0)
(3 -1.05802e-15 0)
(3 -3.00779e-15 0)
(3 -2.6739e-15 0)
(3 1.17527e-15 0)
(3 -1.30379e-16 0)
(3 -1.49825e-16 0)
(3 3.83909e-16 0)
(3 2.10156e-15 0)
(3 1.4786e-15 0)
(3 5.54145e-16 0)
(3 -9.10701e-16 0)
(3 3.14194e-13 0)
(3 2.84112e-10 0)
(3 6.32454e-08 0)
(3 2.78806e-06 0)
(3 3.98228e-05 0)
(2.99998 0.000238598 0)
(2.99996 0.000565526 0)
(2.99997 0.000632855 0)
(2.99999 0.000522472 0)
(3.00001 0.000236017 0)
(3 3.53659e-05 0)
(3 9.1777e-07 0)
(3 1.96965e-09 0)
(3 4.41722e-13 0)
(3 -6.16313e-14 0)
(3 -9.32363e-14 0)
(3 -3.38544e-14 0)
(3 -5.4931e-15 0)
(3 -3.3006e-15 0)
(3 -1.82085e-15 0)
(3 -4.84995e-16 0)
(3 -1.3739e-15 0)
(3 -1.87186e-15 0)
(3 -3.51301e-15 0)
(3 -4.12122e-15 0)
(3 -2.56317e-15 0)
(3 7.34485e-17 0)
(3 1.38314e-15 0)
(3 -2.14432e-16 0)
(3 -2.33262e-15 0)
(3 -1.95693e-15 0)
(3 -1.17493e-15 0)
(3 6.89155e-17 0)
(3 3.67038e-16 0)
(3 -2.2097e-16 0)
(3 -2.9125e-16 0)
(3 2.10279e-15 0)
(3 1.88059e-15 0)
(3 1.5488e-15 0)
(3 -2.7251e-16 0)
(3 4.5809e-16 0)
(3 8.31367e-15 0)
(3 1.73627e-12 0)
(3 1.68984e-10 0)
(3 7.17099e-09 0)
(3 9.7444e-08 0)
(3 3.48788e-07 0)
(3 4.17356e-07 0)
(3 3.16158e-07 0)
(3 9.34103e-08 0)
(3 4.98954e-09 0)
(3 2.23521e-11 0)
(3 1.64511e-14 0)
(3 -1.19812e-14 0)
(3 -2.28691e-14 0)
(3 -1.0874e-14 0)
(3 -2.96507e-15 0)
(3 -2.24924e-15 0)
(3 -2.52896e-15 0)
(3 -3.26019e-15 0)
(3 -2.2861e-15 0)
(3 -5.95091e-16 0)
(3 -1.44599e-15 0)
(3 -2.66626e-15 0)
(3 -4.48381e-15 0)
(3 -1.9867e-15 0)
(3 3.91161e-16 0)
(3 1.64528e-15 0)
(3 5.23471e-16 0)
(3 -8.39917e-16 0)
(3 -9.48533e-16 0)
(3 -1.09613e-15 0)
(3 6.24718e-16 0)
(3 5.18297e-16 0)
(3 -1.29195e-16 0)
(3 3.08226e-17 0)
(3 1.1955e-15 0)
(3 7.33956e-16 0)
(3 3.5602e-16 0)
(3 6.57512e-17 0)
(3 -1.35734e-16 0)
(3 -1.50735e-16 0)
(3 1.72821e-16 0)
(3 3.60555e-15 0)
(3 1.47355e-13 0)
(3 2.14437e-12 0)
(3 7.70742e-12 0)
(3 9.11673e-12 0)
(3 6.69346e-12 0)
(3 1.78224e-12 0)
(3 7.74137e-14 0)
(3 -9.05438e-16 0)
(3 -2.54679e-15 0)
(3 -3.11017e-15 0)
(3 -1.09866e-15 0)
(3 -3.13749e-16 0)
(3 -9.2226e-16 0)
(3 -5.40929e-16 0)
(3 -1.31477e-15 0)
(3 -2.05446e-15 0)
(3 -1.54043e-15 0)
(3 -9.20975e-16 0)
(3 -8.51431e-16 0)
(3 -1.08832e-15 0)
(3 -1.88044e-15 0)
(3 -1.20549e-15 0)
(3 -3.26661e-16 0)
(3 1.01586e-16 0)
(3 -2.67643e-18 0)
(3 -7.29151e-18 0)
(3 3.17954e-16 0)
(3 -2.75646e-16 0)
)
;

boundaryField
{
    inlet
    {
        type            fixedValue;
        value           uniform (3 0 0);
    }
    outlet
    {
        type            inletOutlet;
        inletValue      uniform (3 0 0);
        value           nonuniform List<vector> 
40
(
(3 -3.88384e-09 0)
(3 -9.22313e-09 0)
(3 -1.44131e-08 0)
(3 -2.05911e-08 0)
(3 -2.65583e-08 0)
(3 -3.22899e-08 0)
(3 -3.81289e-08 0)
(3 -4.38324e-08 0)
(3 -4.90463e-08 0)
(3 -5.38839e-08 0)
(3 -5.8078e-08 0)
(3 -5.95705e-08 0)
(3 -5.9774e-08 0)
(3 -5.27184e-08 0)
(3 -4.44202e-08 0)
(3 -3.1971e-08 0)
(3 -1.78832e-08 0)
(3 -7.7289e-09 0)
(3 -1.71435e-09 0)
(3 -1.65693e-10 0)
(3 -2.40852e-12 0)
(3 1.41591e-12 0)
(3 1.1451e-12 0)
(3 6.39628e-13 0)
(3 1.90809e-13 0)
(3 1.87818e-14 0)
(3 -1.71953e-16 0)
(3 2.68493e-16 0)
(3 1.34074e-15 0)
(3 1.39651e-15 0)
(3 1.28604e-15 0)
(3 -5.86181e-16 0)
(3 -1.09068e-15 0)
(3 4.07303e-16 0)
(3 -8.27985e-16 0)
(3 -1.68414e-15 0)
(3 -2.6739e-15 0)
(3 -1.17493e-15 0)
(3 -1.09613e-15 0)
(3 -2.75646e-16 0)
)
;
    }
    top
    {
        type            symmetryPlane;
    }
    bottom
    {
        type            symmetryPlane;
    }
    step
    {
        type            slip;
    }
    defaultFaces
    {
        type            empty;
    }
}


// ************************************************************************* //
