/*--------------------------------*- C++ -*----------------------------------*\
  =========                 |
  \\      /  F ield         | OpenFOAM: The Open Source CFD Toolbox
   \\    /   O peration     | Website:  https://openfoam.org
    \\  /    A nd           | Version:  6.0
     \\/     M anipulation  |
\*---------------------------------------------------------------------------*/
FoamFile
{
    version     2.0;
    format      ascii;
    class       volScalarField;
    location    "1.000785";
    object      T;
}
// * * * * * * * * * * * * * * * * * * * * * * * * * * * * * * * * * * * * * //

dimensions      [0 0 0 1 0 0 0];

internalField   nonuniform List<scalar> 
3000
(
1
1
1
1
1
1.8757
2.75422
2.83696
2.90911
2.96552
1
1
1
1
1
1.87669
2.75368
2.837
2.9078
2.96278
1
1
1
1
1
1.87517
2.75573
2.83749
2.90566
2.95913
1
1
1
1
1
1.85949
2.75395
2.83779
2.90321
2.95401
1
1
1
1
1
1.82217
2.7425
2.83459
2.89641
2.94678
1
1
1
1
1
1.76357
2.71726
2.82616
2.88781
2.93643
1
1
1
1
1
1.68464
2.67646
2.80906
2.86916
2.91902
1
1
1
1
1
1.57958
2.61787
2.783
2.84594
2.89008
1
1
1
1
1
1.43235
2.5392
2.75348
2.81064
2.8484
1
1
1
1
1
1.26294
2.46145
2.722
2.77312
2.86094
1
1
1
1
1
1.8757
2.75422
2.83696
2.90911
2.96552
1
1
1
1
1
1.87669
2.75368
2.837
2.9078
2.96278
1
1
1
1
1
1.87517
2.75573
2.83749
2.90566
2.95913
1
1
1
1
1
1.85949
2.75395
2.83779
2.90321
2.95401
1
1
1
1
1
1.82217
2.7425
2.83459
2.89641
2.94678
1
1
1
1
1
1.76357
2.71726
2.82616
2.88781
2.93643
1
1
1
1
1
1.68464
2.67646
2.80906
2.86916
2.91902
1
1
1
1
1
1.57958
2.61787
2.783
2.84594
2.89008
1
1
1
1
1
1.43235
2.5392
2.75348
2.81064
2.8484
1
1
1
1
1
1.26294
2.46145
2.722
2.77312
2.86094
1
1
1
1
1
1.8757
2.75422
2.83696
2.90911
2.96552
1
1
1
1
1
1.87669
2.75368
2.837
2.9078
2.96278
1
1
1
1
1
1.87517
2.75573
2.83749
2.90566
2.95913
1
1
1
1
1
1.85949
2.75395
2.83779
2.90321
2.95401
1
1
1
1
1
1.82217
2.7425
2.83459
2.89641
2.94678
1
1
1
1
1
1.76357
2.71726
2.82616
2.88781
2.93643
1
1
1
1
1
1.68464
2.67646
2.80906
2.86916
2.91902
1
1
1
1
1
1.57958
2.61787
2.783
2.84594
2.89008
1
1
1
1
1
1.43235
2.5392
2.75348
2.81064
2.8484
1
1
1
1
1
1.26294
2.46145
2.722
2.77312
2.86094
1
1
1
1
1
1.8757
2.75422
2.83696
2.90911
2.96552
1
1
1
1
1
1.87669
2.75368
2.837
2.9078
2.96278
1
1
1
1
1
1.87517
2.75573
2.83749
2.90566
2.95913
1
1
1
1
1
1.85949
2.75395
2.83779
2.90321
2.95401
1
1
1
1
1
1.82217
2.7425
2.83459
2.89641
2.94678
1
1
1
1
1
1.76357
2.71726
2.82616
2.88781
2.93643
1
1
1
1
1
1.68464
2.67646
2.80906
2.86916
2.91902
1
1
1
1
1
1.57958
2.61787
2.783
2.84594
2.89008
1
1
1
1
1
1.43235
2.5392
2.75348
2.81064
2.8484
1
1
1
1
1
1.26294
2.46145
2.722
2.77312
2.86094
1
1
1
1
1
1.8757
2.75422
2.83696
2.90911
2.96552
1
1
1
1
1
1.87669
2.75368
2.837
2.9078
2.96278
1
1
1
1
1
1.87517
2.75573
2.83749
2.90566
2.95913
1
1
1
1
1
1.85949
2.75395
2.83779
2.90321
2.95401
1
1
1
1
1
1.82217
2.7425
2.83459
2.89641
2.94678
1
1
1
1
1
1.76357
2.71726
2.82616
2.88781
2.93643
1
1
1
1
1
1.68464
2.67646
2.80906
2.86916
2.91902
1
1
1
1
1
1.57958
2.61787
2.783
2.84594
2.89008
1
1
1
1
1
1.43235
2.5392
2.75348
2.81064
2.8484
1
1
1
1
1
1.26294
2.46145
2.722
2.77312
2.86094
1
1
1
1
1
1.8757
2.75422
2.83696
2.90911
2.96552
1
1
1
1
1
1.87669
2.75368
2.837
2.9078
2.96278
1
1
1
1
1
1.87517
2.75573
2.83749
2.90566
2.95913
1
1
1
1
1
1.85949
2.75395
2.83779
2.90321
2.95401
1
1
1
1
1
1.82217
2.7425
2.83459
2.89641
2.94678
1
1
1
1
1
1.76357
2.71726
2.82616
2.88781
2.93643
1
1
1
1
1
1.68464
2.67646
2.80906
2.86916
2.91902
1
1
1
1
1
1.57958
2.61787
2.783
2.84594
2.89008
1
1
1
1
1
1.43235
2.5392
2.75348
2.81064
2.8484
1
1
1
1
1
1.26294
2.46145
2.722
2.77312
2.86094
1
1
1
1
1
1.8757
2.75422
2.83696
2.90911
2.96552
1
1
1
1
1
1.87669
2.75368
2.837
2.9078
2.96278
1
1
1
1
1
1.87517
2.75573
2.83749
2.90566
2.95913
1
1
1
1
1
1.85949
2.75395
2.83779
2.90321
2.95401
1
1
1
1
1
1.82217
2.7425
2.83459
2.89641
2.94678
1
1
1
1
1
1.76357
2.71726
2.82616
2.88781
2.93643
1
1
1
1
1
1.68464
2.67646
2.80906
2.86916
2.91902
1
1
1
1
1
1.57958
2.61787
2.783
2.84594
2.89008
1
1
1
1
1
1.43235
2.5392
2.75348
2.81064
2.8484
1
1
1
1
1
1.26294
2.46145
2.722
2.77312
2.86094
1
1
1
1
1
1.8757
2.75422
2.83696
2.90911
2.96552
1
1
1
1
1
1.87669
2.75368
2.837
2.9078
2.96278
1
1
1
1
1
1.87517
2.75573
2.83749
2.90566
2.95913
1
1
1
1
1
1.85949
2.75395
2.83779
2.90321
2.95401
1
1
1
1
1
1.82217
2.7425
2.83459
2.89641
2.94678
1
1
1
1
1
1.76357
2.71726
2.82616
2.88781
2.93643
1
1
1
1
1
1.68464
2.67646
2.80906
2.86916
2.91902
1
1
1
1
1
1.57958
2.61787
2.783
2.84594
2.89008
1
1
1
1
1
1.43235
2.5392
2.75348
2.81064
2.8484
1
1
1
1
1
1.26294
2.46145
2.722
2.77312
2.86094
1
1
1
1
1
1.8757
2.75422
2.83696
2.90911
2.96552
1
1
1
1
1
1.87669
2.75368
2.837
2.9078
2.96278
1
1
1
1
1
1.87517
2.75573
2.83749
2.90566
2.95913
1
1
1
1
1
1.85949
2.75395
2.83779
2.90321
2.95401
1
1
1
1
1
1.82217
2.7425
2.83459
2.89641
2.94678
1
1
1
1
1
1.76357
2.71726
2.82616
2.88781
2.93643
1
1
1
1
1
1.68464
2.67646
2.80906
2.86916
2.91902
1
1
1
1
1
1.57958
2.61787
2.783
2.84594
2.89008
1
1
1
1
1
1.43235
2.5392
2.75348
2.81064
2.8484
1
1
1
1
1
1.26294
2.46145
2.722
2.77312
2.86094
1
1
1
1
1
1.8757
2.75422
2.83696
2.90911
2.96552
1
1
1
1
1
1.87669
2.75368
2.837
2.9078
2.96278
1
1
1
1
1
1.87517
2.75573
2.83749
2.90566
2.95913
1
1
1
1
1
1.85949
2.75395
2.83779
2.90321
2.95401
1
1
1
1
1
1.82217
2.7425
2.83459
2.89641
2.94678
1
1
1
1
1
1.76357
2.71726
2.82616
2.88781
2.93643
1
1
1
1
1
1.68464
2.67646
2.80906
2.86916
2.91902
1
1
1
1
1
1.57958
2.61787
2.783
2.84594
2.89008
1
1
1
1
1
1.43235
2.5392
2.75348
2.81064
2.8484
1
1
1
1
1
1.26294
2.46145
2.722
2.77312
2.86094
1
1
1
1
1
1.02666
2.22864
2.64732
2.66312
2.69184
1
1
1
1
1
1.00012
1.61942
2.41573
2.55232
2.48961
1
1
1
1
1
1
1.06306
1.98044
2.4525
2.36928
1
1
1
1
1
1
1.0005
1.25613
2.05665
2.29479
1
1
1
1
1
1
1
1.00826
1.38371
2.04923
1
1
1
1
1
1
1
1.00003
1.02202
1.5431
1
1
1
1
1
1
1
1
1.00012
1.05842
1
1
1
1
1
1
1
1
1
1.00052
1
1
1
1
1
1
1
1
1
1
1
1
1
1
1
1
1
1
1
1
1
1
1
1
1
1.02666
2.22864
2.64732
2.66312
2.69184
1
1
1
1
1
1.00012
1.61942
2.41573
2.55232
2.48961
1
1
1
1
1
1
1.06306
1.98044
2.4525
2.36928
1
1
1
1
1
1
1.0005
1.25613
2.05665
2.29479
1
1
1
1
1
1
1
1.00826
1.38371
2.04923
1
1
1
1
1
1
1
1.00003
1.02202
1.5431
1
1
1
1
1
1
1
1
1.00012
1.05842
1
1
1
1
1
1
1
1
1
1.00052
1
1
1
1
1
1
1
1
1
1
1
1
1
1
1
1
1
1
1
1
1
1
1
1
1
1.02666
2.22864
2.64732
2.66312
2.69184
1
1
1
1
1
1.00012
1.61942
2.41573
2.55232
2.48961
1
1
1
1
1
1
1.06306
1.98044
2.4525
2.36928
1
1
1
1
1
1
1.0005
1.25613
2.05665
2.29479
1
1
1
1
1
1
1
1.00826
1.38371
2.04923
1
1
1
1
1
1
1
1.00003
1.02202
1.5431
1
1
1
1
1
1
1
1
1.00012
1.05842
1
1
1
1
1
1
1
1
1
1.00052
1
1
1
1
1
1
1
1
1
1
1
1
1
1
1
1
1
1
1
1
1
1
1
1
1
1.02666
2.22864
2.64732
2.66312
2.69184
1
1
1
1
1
1.00012
1.61942
2.41573
2.55232
2.48961
1
1
1
1
1
1
1.06306
1.98044
2.4525
2.36928
1
1
1
1
1
1
1.0005
1.25613
2.05665
2.29479
1
1
1
1
1
1
1
1.00826
1.38371
2.04923
1
1
1
1
1
1
1
1.00003
1.02202
1.5431
1
1
1
1
1
1
1
1
1.00012
1.05842
1
1
1
1
1
1
1
1
1
1.00052
1
1
1
1
1
1
1
1
1
1
1
1
1
1
1
1
1
1
1
1
1
1
1
1
1
1.02666
2.22864
2.64732
2.66312
2.69184
1
1
1
1
1
1.00012
1.61942
2.41573
2.55232
2.48961
1
1
1
1
1
1
1.06306
1.98044
2.4525
2.36928
1
1
1
1
1
1
1.0005
1.25613
2.05665
2.29479
1
1
1
1
1
1
1
1.00826
1.38371
2.04923
1
1
1
1
1
1
1
1.00003
1.02202
1.5431
1
1
1
1
1
1
1
1
1.00012
1.05842
1
1
1
1
1
1
1
1
1
1.00052
1
1
1
1
1
1
1
1
1
1
1
1
1
1
1
1
1
1
1
1
1
1
1
1
1
1.02666
2.22864
2.64732
2.66312
2.69184
1
1
1
1
1
1.00012
1.61942
2.41573
2.55232
2.48961
1
1
1
1
1
1
1.06306
1.98044
2.4525
2.36928
1
1
1
1
1
1
1.0005
1.25613
2.05665
2.29479
1
1
1
1
1
1
1
1.00826
1.38371
2.04923
1
1
1
1
1
1
1
1.00003
1.02202
1.5431
1
1
1
1
1
1
1
1
1.00012
1.05842
1
1
1
1
1
1
1
1
1
1.00052
1
1
1
1
1
1
1
1
1
1
1
1
1
1
1
1
1
1
1
1
1
1
1
1
1
1.02666
2.22864
2.64732
2.66312
2.69184
1
1
1
1
1
1.00012
1.61942
2.41573
2.55232
2.48961
1
1
1
1
1
1
1.06306
1.98044
2.4525
2.36928
1
1
1
1
1
1
1.0005
1.25613
2.05665
2.29479
1
1
1
1
1
1
1
1.00826
1.38371
2.04923
1
1
1
1
1
1
1
1.00003
1.02202
1.5431
1
1
1
1
1
1
1
1
1.00012
1.05842
1
1
1
1
1
1
1
1
1
1.00052
1
1
1
1
1
1
1
1
1
1
1
1
1
1
1
1
1
1
1
1
1
1
1
1
1
1.02666
2.22864
2.64732
2.66312
2.69184
1
1
1
1
1
1.00012
1.61942
2.41573
2.55232
2.48961
1
1
1
1
1
1
1.06306
1.98044
2.4525
2.36928
1
1
1
1
1
1
1.0005
1.25613
2.05665
2.29479
1
1
1
1
1
1
1
1.00826
1.38371
2.04923
1
1
1
1
1
1
1
1.00003
1.02202
1.5431
1
1
1
1
1
1
1
1
1.00012
1.05842
1
1
1
1
1
1
1
1
1
1.00052
1
1
1
1
1
1
1
1
1
1
1
1
1
1
1
1
1
1
1
1
1
1
1
1
1
1.02666
2.22864
2.64732
2.66312
2.69184
1
1
1
1
1
1.00012
1.61942
2.41573
2.55232
2.48961
1
1
1
1
1
1
1.06306
1.98044
2.4525
2.36928
1
1
1
1
1
1
1.0005
1.25613
2.05665
2.29479
1
1
1
1
1
1
1
1.00826
1.38371
2.04923
1
1
1
1
1
1
1
1.00003
1.02202
1.5431
1
1
1
1
1
1
1
1
1.00012
1.05842
1
1
1
1
1
1
1
1
1
1.00052
1
1
1
1
1
1
1
1
1
1
1
1
1
1
1
1
1
1
1
1
1
1
1
1
1
1.02666
2.22864
2.64732
2.66312
2.69184
1
1
1
1
1
1.00012
1.61942
2.41573
2.55232
2.48961
1
1
1
1
1
1
1.06306
1.98044
2.4525
2.36928
1
1
1
1
1
1
1.0005
1.25613
2.05665
2.29479
1
1
1
1
1
1
1
1.00826
1.38371
2.04923
1
1
1
1
1
1
1
1.00003
1.02202
1.5431
1
1
1
1
1
1
1
1
1.00012
1.05842
1
1
1
1
1
1
1
1
1
1.00052
1
1
1
1
1
1
1
1
1
1
1
1
1
1
1
1
1
1
1
1
1.93548
1.69947
1.72525
1.74565
1.79906
1.84128
1.83203
1.78209
1.6889
1.40044
2.16657
1.7797
1.64077
1.66018
1.72588
1.79387
1.7897
1.75036
1.66448
1.38549
2.09751
1.73969
1.55655
1.53804
1.59372
1.6801
1.69718
1.67708
1.60242
1.34641
2.03822
1.75204
1.55822
1.43046
1.4702
1.5475
1.58131
1.5746
1.50788
1.28488
1.98965
1.77185
1.55609
1.37633
1.41717
1.50385
1.54676
1.5239
1.44416
1.25982
1.8997
1.76727
1.56035
1.41065
1.45613
1.54138
1.5354
1.46011
1.35164
1.21716
1.78314
1.74561
1.59089
1.50844
1.53201
1.52565
1.46576
1.35271
1.24782
1.14625
1.56176
1.69887
1.68009
1.68713
1.63302
1.52124
1.39169
1.2738
1.17851
1.09916
1.25102
1.59595
1.79115
1.71817
1.59431
1.4585
1.32718
1.21311
1.12419
1.06255
1.06636
1.5028
1.87841
1.81501
1.66502
1.49134
1.33093
1.19211
1.0947
1.04369
1.93548
1.69947
1.72525
1.74565
1.79906
1.84128
1.83203
1.78209
1.6889
1.40044
2.16657
1.7797
1.64077
1.66018
1.72588
1.79387
1.7897
1.75036
1.66448
1.38549
2.09751
1.73969
1.55655
1.53804
1.59372
1.6801
1.69718
1.67708
1.60242
1.34641
2.03822
1.75204
1.55822
1.43046
1.4702
1.5475
1.58131
1.5746
1.50788
1.28488
1.98965
1.77185
1.55609
1.37633
1.41717
1.50385
1.54676
1.5239
1.44416
1.25982
1.8997
1.76727
1.56035
1.41065
1.45613
1.54138
1.5354
1.46011
1.35164
1.21716
1.78314
1.74561
1.59089
1.50844
1.53201
1.52565
1.46576
1.35271
1.24782
1.14625
1.56176
1.69887
1.68009
1.68713
1.63302
1.52124
1.39169
1.2738
1.17851
1.09916
1.25102
1.59595
1.79115
1.71817
1.59431
1.4585
1.32718
1.21311
1.12419
1.06255
1.06636
1.5028
1.87841
1.81501
1.66502
1.49134
1.33093
1.19211
1.0947
1.04369
1.93548
1.69947
1.72525
1.74565
1.79906
1.84128
1.83203
1.78209
1.6889
1.40044
2.16657
1.7797
1.64077
1.66018
1.72588
1.79387
1.7897
1.75036
1.66448
1.38549
2.09751
1.73969
1.55655
1.53804
1.59372
1.6801
1.69718
1.67708
1.60242
1.34641
2.03822
1.75204
1.55822
1.43046
1.4702
1.5475
1.58131
1.5746
1.50788
1.28488
1.98965
1.77185
1.55609
1.37633
1.41717
1.50385
1.54676
1.5239
1.44416
1.25982
1.8997
1.76727
1.56035
1.41065
1.45613
1.54138
1.5354
1.46011
1.35164
1.21716
1.78314
1.74561
1.59089
1.50844
1.53201
1.52565
1.46576
1.35271
1.24782
1.14625
1.56176
1.69887
1.68009
1.68713
1.63302
1.52124
1.39169
1.2738
1.17851
1.09916
1.25102
1.59595
1.79115
1.71817
1.59431
1.4585
1.32718
1.21311
1.12419
1.06255
1.06636
1.5028
1.87841
1.81501
1.66502
1.49134
1.33093
1.19211
1.0947
1.04369
1.93548
1.69947
1.72525
1.74565
1.79906
1.84128
1.83203
1.78209
1.6889
1.40044
2.16657
1.7797
1.64077
1.66018
1.72588
1.79387
1.7897
1.75036
1.66448
1.38549
2.09751
1.73969
1.55655
1.53804
1.59372
1.6801
1.69718
1.67708
1.60242
1.34641
2.03822
1.75204
1.55822
1.43046
1.4702
1.5475
1.58131
1.5746
1.50788
1.28488
1.98965
1.77185
1.55609
1.37633
1.41717
1.50385
1.54676
1.5239
1.44416
1.25982
1.8997
1.76727
1.56035
1.41065
1.45613
1.54138
1.5354
1.46011
1.35164
1.21716
1.78314
1.74561
1.59089
1.50844
1.53201
1.52565
1.46576
1.35271
1.24782
1.14625
1.56176
1.69887
1.68009
1.68713
1.63302
1.52124
1.39169
1.2738
1.17851
1.09916
1.25102
1.59595
1.79115
1.71817
1.59431
1.4585
1.32718
1.21311
1.12419
1.06255
1.06636
1.5028
1.87841
1.81501
1.66502
1.49134
1.33093
1.19211
1.0947
1.04369
1.93548
1.69947
1.72525
1.74565
1.79906
1.84128
1.83203
1.78209
1.6889
1.40044
2.16657
1.7797
1.64077
1.66018
1.72588
1.79387
1.7897
1.75036
1.66448
1.38549
2.09751
1.73969
1.55655
1.53804
1.59372
1.6801
1.69718
1.67708
1.60242
1.34641
2.03822
1.75204
1.55822
1.43046
1.4702
1.5475
1.58131
1.5746
1.50788
1.28488
1.98965
1.77185
1.55609
1.37633
1.41717
1.50385
1.54676
1.5239
1.44416
1.25982
1.8997
1.76727
1.56035
1.41065
1.45613
1.54138
1.5354
1.46011
1.35164
1.21716
1.78314
1.74561
1.59089
1.50844
1.53201
1.52565
1.46576
1.35271
1.24782
1.14625
1.56176
1.69887
1.68009
1.68713
1.63302
1.52124
1.39169
1.2738
1.17851
1.09916
1.25102
1.59595
1.79115
1.71817
1.59431
1.4585
1.32718
1.21311
1.12419
1.06255
1.06636
1.5028
1.87841
1.81501
1.66502
1.49134
1.33093
1.19211
1.0947
1.04369
1.93548
1.69947
1.72525
1.74565
1.79906
1.84128
1.83203
1.78209
1.6889
1.40044
2.16657
1.7797
1.64077
1.66018
1.72588
1.79387
1.7897
1.75036
1.66448
1.38549
2.09751
1.73969
1.55655
1.53804
1.59372
1.6801
1.69718
1.67708
1.60242
1.34641
2.03822
1.75204
1.55822
1.43046
1.4702
1.5475
1.58131
1.5746
1.50788
1.28488
1.98965
1.77185
1.55609
1.37633
1.41717
1.50385
1.54676
1.5239
1.44416
1.25982
1.8997
1.76727
1.56035
1.41065
1.45613
1.54138
1.5354
1.46011
1.35164
1.21716
1.78314
1.74561
1.59089
1.50844
1.53201
1.52565
1.46576
1.35271
1.24782
1.14625
1.56176
1.69887
1.68009
1.68713
1.63302
1.52124
1.39169
1.2738
1.17851
1.09916
1.25102
1.59595
1.79115
1.71817
1.59431
1.4585
1.32718
1.21311
1.12419
1.06255
1.06636
1.5028
1.87841
1.81501
1.66502
1.49134
1.33093
1.19211
1.0947
1.04369
1.93548
1.69947
1.72525
1.74565
1.79906
1.84128
1.83203
1.78209
1.6889
1.40044
2.16657
1.7797
1.64077
1.66018
1.72588
1.79387
1.7897
1.75036
1.66448
1.38549
2.09751
1.73969
1.55655
1.53804
1.59372
1.6801
1.69718
1.67708
1.60242
1.34641
2.03822
1.75204
1.55822
1.43046
1.4702
1.5475
1.58131
1.5746
1.50788
1.28488
1.98965
1.77185
1.55609
1.37633
1.41717
1.50385
1.54676
1.5239
1.44416
1.25982
1.8997
1.76727
1.56035
1.41065
1.45613
1.54138
1.5354
1.46011
1.35164
1.21716
1.78314
1.74561
1.59089
1.50844
1.53201
1.52565
1.46576
1.35271
1.24782
1.14625
1.56176
1.69887
1.68009
1.68713
1.63302
1.52124
1.39169
1.2738
1.17851
1.09916
1.25102
1.59595
1.79115
1.71817
1.59431
1.4585
1.32718
1.21311
1.12419
1.06255
1.06636
1.5028
1.87841
1.81501
1.66502
1.49134
1.33093
1.19211
1.0947
1.04369
1.93548
1.69947
1.72525
1.74565
1.79906
1.84128
1.83203
1.78209
1.6889
1.40044
2.16657
1.7797
1.64077
1.66018
1.72588
1.79387
1.7897
1.75036
1.66448
1.38549
2.09751
1.73969
1.55655
1.53804
1.59372
1.6801
1.69718
1.67708
1.60242
1.34641
2.03822
1.75204
1.55822
1.43046
1.4702
1.5475
1.58131
1.5746
1.50788
1.28488
1.98965
1.77185
1.55609
1.37633
1.41717
1.50385
1.54676
1.5239
1.44416
1.25982
1.8997
1.76727
1.56035
1.41065
1.45613
1.54138
1.5354
1.46011
1.35164
1.21716
1.78314
1.74561
1.59089
1.50844
1.53201
1.52565
1.46576
1.35271
1.24782
1.14625
1.56176
1.69887
1.68009
1.68713
1.63302
1.52124
1.39169
1.2738
1.17851
1.09916
1.25102
1.59595
1.79115
1.71817
1.59431
1.4585
1.32718
1.21311
1.12419
1.06255
1.06636
1.5028
1.87841
1.81501
1.66502
1.49134
1.33093
1.19211
1.0947
1.04369
1.93548
1.69947
1.72525
1.74565
1.79906
1.84128
1.83203
1.78209
1.6889
1.40044
2.16657
1.7797
1.64077
1.66018
1.72588
1.79387
1.7897
1.75036
1.66448
1.38549
2.09751
1.73969
1.55655
1.53804
1.59372
1.6801
1.69718
1.67708
1.60242
1.34641
2.03822
1.75204
1.55822
1.43046
1.4702
1.5475
1.58131
1.5746
1.50788
1.28488
1.98965
1.77185
1.55609
1.37633
1.41717
1.50385
1.54676
1.5239
1.44416
1.25982
1.8997
1.76727
1.56035
1.41065
1.45613
1.54138
1.5354
1.46011
1.35164
1.21716
1.78314
1.74561
1.59089
1.50844
1.53201
1.52565
1.46576
1.35271
1.24782
1.14625
1.56176
1.69887
1.68009
1.68713
1.63302
1.52124
1.39169
1.2738
1.17851
1.09916
1.25102
1.59595
1.79115
1.71817
1.59431
1.4585
1.32718
1.21311
1.12419
1.06255
1.06636
1.5028
1.87841
1.81501
1.66502
1.49134
1.33093
1.19211
1.0947
1.04369
1.93548
1.69947
1.72525
1.74565
1.79906
1.84128
1.83203
1.78209
1.6889
1.40044
2.16657
1.7797
1.64077
1.66018
1.72588
1.79387
1.7897
1.75036
1.66448
1.38549
2.09751
1.73969
1.55655
1.53804
1.59372
1.6801
1.69718
1.67708
1.60242
1.34641
2.03822
1.75204
1.55822
1.43046
1.4702
1.5475
1.58131
1.5746
1.50788
1.28488
1.98965
1.77185
1.55609
1.37633
1.41717
1.50385
1.54676
1.5239
1.44416
1.25982
1.8997
1.76727
1.56035
1.41065
1.45613
1.54138
1.5354
1.46011
1.35164
1.21716
1.78314
1.74561
1.59089
1.50844
1.53201
1.52565
1.46576
1.35271
1.24782
1.14625
1.56176
1.69887
1.68009
1.68713
1.63302
1.52124
1.39169
1.2738
1.17851
1.09916
1.25102
1.59595
1.79115
1.71817
1.59431
1.4585
1.32718
1.21311
1.12419
1.06255
1.06636
1.5028
1.87841
1.81501
1.66502
1.49134
1.33093
1.19211
1.0947
1.04369
)
;

boundaryField
{
    inlet
    {
        type            fixedValue;
        value           uniform 1;
    }
    outlet
    {
        type            inletOutlet;
        inletValue      uniform 1;
        value           nonuniform List<scalar> 
100
(
1.39383
1.37851
1.33937
1.27619
1.25142
1.21336
1.14552
1.09938
1.06416
1.04761
1.39383
1.37851
1.33937
1.27619
1.25142
1.21336
1.14552
1.09938
1.06416
1.04761
1.39383
1.37851
1.33937
1.27619
1.25142
1.21336
1.14552
1.09938
1.06416
1.04761
1.39383
1.37851
1.33937
1.27619
1.25142
1.21336
1.14552
1.09938
1.06416
1.04761
1.39383
1.37851
1.33937
1.27619
1.25142
1.21336
1.14552
1.09938
1.06416
1.04761
1.39383
1.37851
1.33937
1.27619
1.25142
1.21336
1.14552
1.09938
1.06416
1.04761
1.39383
1.37851
1.33937
1.27619
1.25142
1.21336
1.14552
1.09938
1.06416
1.04761
1.39383
1.37851
1.33937
1.27619
1.25142
1.21336
1.14552
1.09938
1.06416
1.04761
1.39383
1.37851
1.33937
1.27619
1.25142
1.21336
1.14552
1.09938
1.06416
1.04761
1.39383
1.37851
1.33937
1.27619
1.25142
1.21336
1.14552
1.09938
1.06416
1.04761
)
;
    }
    top
    {
        type            symmetryPlane;
    }
    bottom
    {
        type            symmetryPlane;
    }
    step
    {
        type            zeroGradient;
    }
    defaultFaces
    {
        type            empty;
    }
}


// ************************************************************************* //
