/*--------------------------------*- C++ -*----------------------------------*\
  =========                 |
  \\      /  F ield         | OpenFOAM: The Open Source CFD Toolbox
   \\    /   O peration     | Website:  https://openfoam.org
    \\  /    A nd           | Version:  6.0
     \\/     M anipulation  |
\*---------------------------------------------------------------------------*/
FoamFile
{
    version     2.0;
    format      ascii;
    class       volVectorField;
    location    "2.9988457";
    object      U;
}
// * * * * * * * * * * * * * * * * * * * * * * * * * * * * * * * * * * * * * //

dimensions      [0 1 -1 0 0 0 0];

internalField   nonuniform List<vector> 
3000
(
(3 -2.14596e-17 0)
(3 -1.79445e-16 0)
(3 4.29094e-16 0)
(3 1.33046e-15 0)
(2.97947 0.00259662 0)
(1.02358 0.0176443 0)
(0.609729 0.0165115 0)
(0.481054 0.0223456 0)
(0.315868 0.026961 0)
(0.139448 0.0375343 0)
(3 -8.29755e-16 0)
(3 -5.95542e-16 0)
(3 1.77367e-15 0)
(3 -1.26784e-16 0)
(2.98642 0.00924314 0)
(1.03072 0.0632527 0)
(0.607163 0.0538518 0)
(0.473476 0.0696843 0)
(0.304609 0.0829302 0)
(0.131285 0.113225 0)
(3 -1.7039e-16 0)
(3 -4.71503e-16 0)
(3 1.72547e-15 0)
(3 -1.50534e-16 0)
(3.00037 0.00942029 0)
(1.05689 0.104241 0)
(0.622761 0.090481 0)
(0.482738 0.119137 0)
(0.305002 0.140097 0)
(0.131574 0.186044 0)
(3 2.66544e-16 0)
(3 1.27295e-15 0)
(3 9.15284e-16 0)
(3 5.08059e-16 0)
(3.00506 0.00228033 0)
(1.08781 0.140908 0)
(0.634155 0.1292 0)
(0.491136 0.171353 0)
(0.306097 0.200431 0)
(0.126878 0.259499 0)
(3 1.39419e-16 0)
(3 -6.86288e-16 0)
(3 -1.03784e-15 0)
(3 -5.7019e-16 0)
(3.00127 0.000297957 0)
(1.12417 0.179115 0)
(0.641452 0.168401 0)
(0.502287 0.22401 0)
(0.317717 0.262649 0)
(0.137945 0.334872 0)
(3 -4.41474e-16 0)
(3 5.81551e-17 0)
(3 -2.67897e-16 0)
(3 -3.1629e-16 0)
(3.00008 1.42195e-05 0)
(1.17653 0.218036 0)
(0.65225 0.207524 0)
(0.514053 0.276639 0)
(0.326379 0.328675 0)
(0.136055 0.416208 0)
(3 4.41272e-16 0)
(3 3.93581e-16 0)
(3 5.44528e-17 0)
(3 -1.13885e-16 0)
(3 1.8581e-07 0)
(1.24484 0.256653 0)
(0.668412 0.246742 0)
(0.535988 0.327239 0)
(0.353285 0.395336 0)
(0.158263 0.502641 0)
(3 2.31699e-16 0)
(3 -1.71288e-15 0)
(3 -6.83498e-16 0)
(3 -5.19604e-16 0)
(3 2.59737e-10 0)
(1.32639 0.298951 0)
(0.68114 0.286943 0)
(0.551969 0.377149 0)
(0.373282 0.469358 0)
(0.159454 0.605898 0)
(3 -6.62412e-16 0)
(3 -7.77329e-16 0)
(3 -9.07819e-17 0)
(3 -4.06248e-16 0)
(3 -4.75076e-12 0)
(1.43824 0.343655 0)
(0.703755 0.332674 0)
(0.581113 0.425227 0)
(0.419329 0.539794 0)
(0.195391 0.713058 0)
(3 -6.15514e-17 0)
(3 -2.48414e-16 0)
(3 1.74935e-16 0)
(3 -1.87785e-16 0)
(3 -2.0121e-12 0)
(1.60585 0.384629 0)
(0.763365 0.37064 0)
(0.627274 0.460387 0)
(0.476092 0.614901 0)
(0.270597 0.88242 0)
(3 2.1134e-16 0)
(3 2.51702e-17 0)
(3 -1.70838e-16 0)
(3 2.0682e-16 0)
(2.97947 0.00259662 0)
(1.02358 0.0176443 0)
(0.609729 0.0165115 0)
(0.481054 0.0223456 0)
(0.315868 0.026961 0)
(0.139448 0.0375343 0)
(3 7.14576e-17 0)
(3 2.79815e-17 0)
(3 2.28097e-16 0)
(3 5.76405e-16 0)
(2.98642 0.00924314 0)
(1.03072 0.0632527 0)
(0.607163 0.0538518 0)
(0.473476 0.0696843 0)
(0.304609 0.0829302 0)
(0.131285 0.113225 0)
(3 -2.61712e-16 0)
(3 1.86977e-16 0)
(3 1.06382e-15 0)
(3 1.28451e-15 0)
(3.00037 0.00942029 0)
(1.05689 0.104241 0)
(0.622761 0.090481 0)
(0.482738 0.119137 0)
(0.305002 0.140097 0)
(0.131574 0.186044 0)
(3 2.58959e-16 0)
(3 6.64871e-16 0)
(3 1.30462e-15 0)
(3 1.68235e-15 0)
(3.00506 0.00228033 0)
(1.08781 0.140908 0)
(0.634155 0.1292 0)
(0.491136 0.171353 0)
(0.306097 0.200431 0)
(0.126878 0.259499 0)
(3 3.60419e-16 0)
(3 5.73379e-16 0)
(3 5.34118e-16 0)
(3 4.82864e-16 0)
(3.00127 0.000297957 0)
(1.12417 0.179115 0)
(0.641452 0.168401 0)
(0.502287 0.22401 0)
(0.317717 0.262649 0)
(0.137945 0.334872 0)
(3 -3.15065e-16 0)
(3 -1.34354e-16 0)
(3 -3.18939e-16 0)
(3 -2.36546e-16 0)
(3.00008 1.42195e-05 0)
(1.17653 0.218036 0)
(0.65225 0.207524 0)
(0.514053 0.276639 0)
(0.326379 0.328675 0)
(0.136055 0.416208 0)
(3 -1.53554e-16 0)
(3 -2.0228e-16 0)
(3 -3.14327e-17 0)
(3 -1.29516e-16 0)
(3 1.8581e-07 0)
(1.24484 0.256653 0)
(0.668412 0.246742 0)
(0.535988 0.327239 0)
(0.353285 0.395336 0)
(0.158263 0.502641 0)
(3 2.1072e-16 0)
(3 -6.78968e-16 0)
(3 -4.7616e-16 0)
(3 -9.57525e-16 0)
(3 2.59738e-10 0)
(1.32639 0.298951 0)
(0.68114 0.286943 0)
(0.551969 0.377149 0)
(0.373282 0.469358 0)
(0.159454 0.605898 0)
(3 -2.34823e-16 0)
(3 -1.75637e-16 0)
(3 -5.65997e-16 0)
(3 -7.29962e-16 0)
(3 -4.75171e-12 0)
(1.43824 0.343655 0)
(0.703755 0.332674 0)
(0.581113 0.425227 0)
(0.419329 0.539794 0)
(0.195391 0.713058 0)
(3 -1.41769e-16 0)
(3 -3.22321e-16 0)
(3 -4.32937e-16 0)
(3 -1.40134e-16 0)
(3 -2.0124e-12 0)
(1.60585 0.384629 0)
(0.763365 0.37064 0)
(0.627274 0.460387 0)
(0.476092 0.614901 0)
(0.270597 0.88242 0)
(3 1.89648e-16 0)
(3 8.9829e-17 0)
(3 -4.2942e-16 0)
(3 -1.27338e-16 0)
(2.97947 0.00259662 0)
(1.02358 0.0176443 0)
(0.609729 0.0165115 0)
(0.481054 0.0223456 0)
(0.315868 0.026961 0)
(0.139448 0.0375343 0)
(3 1.35464e-16 0)
(3 3.29882e-16 0)
(3 -1.08568e-17 0)
(3 2.08226e-16 0)
(2.98642 0.00924314 0)
(1.03072 0.0632527 0)
(0.607163 0.0538518 0)
(0.473476 0.0696843 0)
(0.304609 0.0829302 0)
(0.131285 0.113225 0)
(3 -2.94076e-16 0)
(3 2.33404e-16 0)
(3 9.86755e-16 0)
(3 1.4627e-15 0)
(3.00037 0.00942029 0)
(1.05689 0.104241 0)
(0.622761 0.090481 0)
(0.482738 0.119137 0)
(0.305002 0.140097 0)
(0.131574 0.186044 0)
(3 -6.56414e-17 0)
(3 3.04004e-16 0)
(3 1.4759e-15 0)
(3 1.60559e-15 0)
(3.00506 0.00228033 0)
(1.08781 0.140908 0)
(0.634155 0.1292 0)
(0.491136 0.171353 0)
(0.306097 0.200431 0)
(0.126878 0.259499 0)
(3 8.63142e-17 0)
(3 4.45267e-17 0)
(3 5.59916e-16 0)
(3 3.01646e-16 0)
(3.00127 0.000297957 0)
(1.12417 0.179115 0)
(0.641452 0.168401 0)
(0.502287 0.22401 0)
(0.317717 0.262649 0)
(0.137945 0.334872 0)
(3 -3.36663e-16 0)
(3 -2.82434e-16 0)
(3 -2.38943e-16 0)
(3 -5.03173e-16 0)
(3.00008 1.42195e-05 0)
(1.17653 0.218036 0)
(0.65225 0.207524 0)
(0.514053 0.276639 0)
(0.326379 0.328675 0)
(0.136055 0.416208 0)
(3 -1.08901e-16 0)
(3 -1.50744e-16 0)
(3 -7.87893e-17 0)
(3 -8.90723e-17 0)
(3 1.8581e-07 0)
(1.24484 0.256653 0)
(0.668412 0.246742 0)
(0.535988 0.327239 0)
(0.353285 0.395336 0)
(0.158263 0.502641 0)
(3 1.45014e-16 0)
(3 -4.41783e-16 0)
(3 -7.46915e-16 0)
(3 -5.07887e-16 0)
(3 2.59738e-10 0)
(1.32639 0.298951 0)
(0.68114 0.286943 0)
(0.551969 0.377149 0)
(0.373282 0.469358 0)
(0.159454 0.605898 0)
(3 -4.85919e-17 0)
(3 -1.05605e-16 0)
(3 -8.69577e-16 0)
(3 -1.03627e-15 0)
(3 -4.75111e-12 0)
(1.43824 0.343655 0)
(0.703755 0.332674 0)
(0.581113 0.425227 0)
(0.419329 0.539794 0)
(0.195391 0.713058 0)
(3 3.00001e-18 0)
(3 -5.75297e-17 0)
(3 -3.67291e-16 0)
(3 -5.53172e-16 0)
(3 -2.01204e-12 0)
(1.60585 0.384629 0)
(0.763365 0.37064 0)
(0.627274 0.460387 0)
(0.476092 0.614901 0)
(0.270597 0.88242 0)
(3 4.38105e-16 0)
(3 -1.475e-16 0)
(3 -1.6969e-16 0)
(3 3.9791e-16 0)
(2.97947 0.00259662 0)
(1.02358 0.0176443 0)
(0.609729 0.0165115 0)
(0.481054 0.0223456 0)
(0.315868 0.026961 0)
(0.139448 0.0375343 0)
(3 2.9734e-16 0)
(3 4.91442e-17 0)
(3 6.25072e-17 0)
(3 4.85845e-16 0)
(2.98642 0.00924314 0)
(1.03072 0.0632527 0)
(0.607163 0.0538518 0)
(0.473476 0.0696843 0)
(0.304609 0.0829302 0)
(0.131285 0.113225 0)
(3 -3.44179e-16 0)
(3 1.97949e-16 0)
(3 1.09526e-15 0)
(3 1.62176e-15 0)
(3.00037 0.00942029 0)
(1.05689 0.104241 0)
(0.622761 0.090481 0)
(0.482738 0.119137 0)
(0.305002 0.140097 0)
(0.131574 0.186044 0)
(3 3.34031e-17 0)
(3 4.63019e-16 0)
(3 1.10726e-15 0)
(3 1.51735e-15 0)
(3.00506 0.00228033 0)
(1.08781 0.140908 0)
(0.634155 0.1292 0)
(0.491136 0.171353 0)
(0.306097 0.200431 0)
(0.126878 0.259499 0)
(3 2.16345e-16 0)
(3 1.12885e-16 0)
(3 2.55636e-16 0)
(3 -5.23469e-17 0)
(3.00127 0.000297957 0)
(1.12417 0.179115 0)
(0.641452 0.168401 0)
(0.502287 0.22401 0)
(0.317717 0.262649 0)
(0.137945 0.334872 0)
(3 -2.62226e-16 0)
(3 -1.86098e-16 0)
(3 -9.6638e-17 0)
(3 -2.61611e-16 0)
(3.00008 1.42195e-05 0)
(1.17653 0.218036 0)
(0.65225 0.207524 0)
(0.514053 0.276639 0)
(0.326379 0.328675 0)
(0.136055 0.416208 0)
(3 -1.222e-16 0)
(3 7.59431e-18 0)
(3 1.43064e-16 0)
(3 -8.58762e-17 0)
(3 1.8581e-07 0)
(1.24484 0.256653 0)
(0.668412 0.246742 0)
(0.535988 0.327239 0)
(0.353285 0.395336 0)
(0.158263 0.502641 0)
(3 -1.22234e-16 0)
(3 -6.27281e-16 0)
(3 -6.37881e-16 0)
(3 -6.11852e-16 0)
(3 2.59738e-10 0)
(1.32639 0.298951 0)
(0.68114 0.286943 0)
(0.551969 0.377149 0)
(0.373282 0.469358 0)
(0.159454 0.605898 0)
(3 -1.46759e-16 0)
(3 -3.33985e-16 0)
(3 -7.56024e-16 0)
(3 -6.91742e-16 0)
(3 -4.75058e-12 0)
(1.43824 0.343655 0)
(0.703755 0.332674 0)
(0.581113 0.425227 0)
(0.419329 0.539794 0)
(0.195391 0.713058 0)
(3 3.98923e-16 0)
(3 1.03407e-16 0)
(3 -4.81581e-16 0)
(3 -5.93935e-16 0)
(3 -2.01251e-12 0)
(1.60585 0.384629 0)
(0.763365 0.37064 0)
(0.627274 0.460387 0)
(0.476092 0.614901 0)
(0.270597 0.88242 0)
(3 4.4314e-16 0)
(3 9.67405e-17 0)
(3 -7.71458e-17 0)
(3 3.62997e-16 0)
(2.97947 0.00259662 0)
(1.02358 0.0176443 0)
(0.609729 0.0165115 0)
(0.481054 0.0223456 0)
(0.315868 0.026961 0)
(0.139448 0.0375343 0)
(3 8.28224e-17 0)
(3 2.20257e-16 0)
(3 1.6362e-16 0)
(3 4.75318e-16 0)
(2.98642 0.00924314 0)
(1.03072 0.0632527 0)
(0.607163 0.0538518 0)
(0.473476 0.0696843 0)
(0.304609 0.0829302 0)
(0.131285 0.113225 0)
(3 -3.35867e-16 0)
(3 2.14255e-17 0)
(3 8.21411e-16 0)
(3 1.34372e-15 0)
(3.00037 0.00942029 0)
(1.05689 0.104241 0)
(0.622761 0.090481 0)
(0.482738 0.119137 0)
(0.305002 0.140097 0)
(0.131574 0.186044 0)
(3 4.00875e-16 0)
(3 7.18959e-16 0)
(3 8.46411e-16 0)
(3 1.20927e-15 0)
(3.00506 0.00228033 0)
(1.08781 0.140908 0)
(0.634155 0.1292 0)
(0.491136 0.171353 0)
(0.306097 0.200431 0)
(0.126878 0.259499 0)
(3 7.82985e-17 0)
(3 2.36688e-16 0)
(3 1.71195e-16 0)
(3 4.32791e-17 0)
(3.00127 0.000297957 0)
(1.12417 0.179115 0)
(0.641452 0.168401 0)
(0.502287 0.22401 0)
(0.317717 0.262649 0)
(0.137945 0.334872 0)
(3 -2.80031e-16 0)
(3 -2.99146e-16 0)
(3 1.89043e-16 0)
(3 -2.77426e-16 0)
(3.00008 1.42195e-05 0)
(1.17653 0.218036 0)
(0.65225 0.207524 0)
(0.514053 0.276639 0)
(0.326379 0.328675 0)
(0.136055 0.416208 0)
(3 2.92527e-16 0)
(3 4.94792e-17 0)
(3 3.14019e-16 0)
(3 -3.58319e-18 0)
(3 1.8581e-07 0)
(1.24484 0.256653 0)
(0.668412 0.246742 0)
(0.535988 0.327239 0)
(0.353285 0.395336 0)
(0.158263 0.502641 0)
(3 7.46477e-17 0)
(3 -3.42656e-16 0)
(3 -1.9557e-16 0)
(3 -6.02555e-16 0)
(3 2.59738e-10 0)
(1.32639 0.298951 0)
(0.68114 0.286943 0)
(0.551969 0.377149 0)
(0.373282 0.469358 0)
(0.159454 0.605898 0)
(3 -2.29586e-17 0)
(3 -5.14364e-17 0)
(3 -7.02285e-16 0)
(3 -6.69885e-16 0)
(3 -4.75088e-12 0)
(1.43824 0.343655 0)
(0.703755 0.332674 0)
(0.581113 0.425227 0)
(0.419329 0.539794 0)
(0.195391 0.713058 0)
(3 1.68886e-16 0)
(3 1.44742e-17 0)
(3 -5.10057e-16 0)
(3 -3.418e-16 0)
(3 -2.0135e-12 0)
(1.60585 0.384629 0)
(0.763365 0.37064 0)
(0.627274 0.460387 0)
(0.476092 0.614901 0)
(0.270597 0.88242 0)
(3 3.99138e-16 0)
(3 1.29869e-16 0)
(3 3.59774e-17 0)
(3 4.74818e-16 0)
(2.97947 0.00259662 0)
(1.02358 0.0176443 0)
(0.609729 0.0165115 0)
(0.481054 0.0223456 0)
(0.315868 0.026961 0)
(0.139448 0.0375343 0)
(3 4.87707e-17 0)
(3 2.14859e-16 0)
(3 1.58875e-16 0)
(3 8.4951e-16 0)
(2.98642 0.00924314 0)
(1.03072 0.0632527 0)
(0.607163 0.0538518 0)
(0.473476 0.0696843 0)
(0.304609 0.0829302 0)
(0.131285 0.113225 0)
(3 -2.25483e-16 0)
(3 1.66532e-16 0)
(3 6.76528e-16 0)
(3 9.86607e-16 0)
(3.00037 0.00942029 0)
(1.05689 0.104241 0)
(0.622761 0.090481 0)
(0.482738 0.119137 0)
(0.305002 0.140097 0)
(0.131574 0.186044 0)
(3 3.43453e-16 0)
(3 5.69089e-16 0)
(3 1.0945e-15 0)
(3 9.24951e-16 0)
(3.00506 0.00228033 0)
(1.08781 0.140908 0)
(0.634155 0.1292 0)
(0.491136 0.171353 0)
(0.306097 0.200431 0)
(0.126878 0.259499 0)
(3 1.53304e-16 0)
(3 6.63049e-17 0)
(3 2.89424e-16 0)
(3 2.12849e-16 0)
(3.00127 0.000297957 0)
(1.12417 0.179115 0)
(0.641452 0.168401 0)
(0.502287 0.22401 0)
(0.317717 0.262649 0)
(0.137945 0.334872 0)
(3 -2.71025e-16 0)
(3 -1.89773e-16 0)
(3 2.52224e-17 0)
(3 -3.77358e-19 0)
(3.00008 1.42195e-05 0)
(1.17653 0.218036 0)
(0.65225 0.207524 0)
(0.514053 0.276639 0)
(0.326379 0.328675 0)
(0.136055 0.416208 0)
(3 3.30013e-16 0)
(3 -1.92679e-17 0)
(3 3.79802e-16 0)
(3 2.83889e-16 0)
(3 1.8581e-07 0)
(1.24484 0.256653 0)
(0.668412 0.246742 0)
(0.535988 0.327239 0)
(0.353285 0.395336 0)
(0.158263 0.502641 0)
(3 4.19856e-16 0)
(3 1.61312e-16 0)
(3 -1.82987e-16 0)
(3 -4.4394e-16 0)
(3 2.59738e-10 0)
(1.32639 0.298951 0)
(0.68114 0.286943 0)
(0.551969 0.377149 0)
(0.373282 0.469358 0)
(0.159454 0.605898 0)
(3 -1.62052e-16 0)
(3 -2.04903e-18 0)
(3 -3.06413e-16 0)
(3 -1.04362e-15 0)
(3 -4.75128e-12 0)
(1.43824 0.343655 0)
(0.703755 0.332674 0)
(0.581113 0.425227 0)
(0.419329 0.539794 0)
(0.195391 0.713058 0)
(3 -2.39869e-16 0)
(3 -3.58948e-17 0)
(3 -4.09351e-16 0)
(3 -5.01251e-16 0)
(3 -2.01322e-12 0)
(1.60585 0.384629 0)
(0.763365 0.37064 0)
(0.627274 0.460387 0)
(0.476092 0.614901 0)
(0.270597 0.88242 0)
(3 3.15877e-17 0)
(3 -7.1539e-17 0)
(3 3.96203e-18 0)
(3 5.20456e-16 0)
(2.97947 0.00259662 0)
(1.02358 0.0176443 0)
(0.609729 0.0165115 0)
(0.481054 0.0223456 0)
(0.315868 0.026961 0)
(0.139448 0.0375343 0)
(3 -7.89222e-17 0)
(3 2.42061e-16 0)
(3 2.06106e-16 0)
(3 4.95679e-16 0)
(2.98642 0.00924314 0)
(1.03072 0.0632527 0)
(0.607163 0.0538518 0)
(0.473476 0.0696843 0)
(0.304609 0.0829302 0)
(0.131285 0.113225 0)
(3 -2.76952e-16 0)
(3 2.0166e-16 0)
(3 5.35917e-16 0)
(3 8.93993e-16 0)
(3.00037 0.00942029 0)
(1.05689 0.104241 0)
(0.622761 0.090481 0)
(0.482738 0.119137 0)
(0.305002 0.140097 0)
(0.131574 0.186044 0)
(3 4.22065e-17 0)
(3 3.47437e-16 0)
(3 1.23551e-15 0)
(3 1.15544e-15 0)
(3.00506 0.00228033 0)
(1.08781 0.140908 0)
(0.634155 0.1292 0)
(0.491136 0.171353 0)
(0.306097 0.200431 0)
(0.126878 0.259499 0)
(3 2.79701e-16 0)
(3 1.68978e-16 0)
(3 4.09247e-16 0)
(3 6.36331e-16 0)
(3.00127 0.000297957 0)
(1.12417 0.179115 0)
(0.641452 0.168401 0)
(0.502287 0.22401 0)
(0.317717 0.262649 0)
(0.137945 0.334872 0)
(3 -2.36447e-16 0)
(3 -8.18362e-17 0)
(3 -1.55016e-16 0)
(3 -1.93839e-16 0)
(3.00008 1.42195e-05 0)
(1.17653 0.218036 0)
(0.65225 0.207524 0)
(0.514053 0.276639 0)
(0.326379 0.328675 0)
(0.136055 0.416208 0)
(3 1.01695e-16 0)
(3 8.98036e-17 0)
(3 5.95837e-16 0)
(3 7.52627e-17 0)
(3 1.8581e-07 0)
(1.24484 0.256653 0)
(0.668412 0.246742 0)
(0.535988 0.327239 0)
(0.353285 0.395336 0)
(0.158263 0.502641 0)
(3 1.90498e-16 0)
(3 -2.37204e-16 0)
(3 -2.32727e-16 0)
(3 -6.66617e-16 0)
(3 2.59738e-10 0)
(1.32639 0.298951 0)
(0.68114 0.286943 0)
(0.551969 0.377149 0)
(0.373282 0.469358 0)
(0.159454 0.605898 0)
(3 -2.29066e-16 0)
(3 -1.30495e-16 0)
(3 -4.7763e-16 0)
(3 -8.17175e-16 0)
(3 -4.75099e-12 0)
(1.43824 0.343655 0)
(0.703755 0.332674 0)
(0.581113 0.425227 0)
(0.419329 0.539794 0)
(0.195391 0.713058 0)
(3 -7.52593e-17 0)
(3 1.01167e-17 0)
(3 -4.16169e-16 0)
(3 -3.4439e-16 0)
(3 -2.01305e-12 0)
(1.60585 0.384629 0)
(0.763365 0.37064 0)
(0.627274 0.460387 0)
(0.476092 0.614901 0)
(0.270597 0.88242 0)
(3 1.52271e-16 0)
(3 5.891e-17 0)
(3 8.13346e-17 0)
(3 7.71429e-16 0)
(2.97947 0.00259662 0)
(1.02358 0.0176443 0)
(0.609729 0.0165115 0)
(0.481054 0.0223456 0)
(0.315868 0.026961 0)
(0.139448 0.0375343 0)
(3 5.83113e-17 0)
(3 -7.66751e-17 0)
(3 1.30145e-16 0)
(3 6.52441e-16 0)
(2.98642 0.00924314 0)
(1.03072 0.0632527 0)
(0.607163 0.0538518 0)
(0.473476 0.0696843 0)
(0.304609 0.0829302 0)
(0.131285 0.113225 0)
(3 -2.8452e-16 0)
(3 6.16454e-17 0)
(3 4.51537e-16 0)
(3 6.96595e-16 0)
(3.00037 0.00942029 0)
(1.05689 0.104241 0)
(0.622761 0.090481 0)
(0.482738 0.119137 0)
(0.305002 0.140097 0)
(0.131574 0.186044 0)
(3 1.6916e-16 0)
(3 7.28224e-16 0)
(3 1.1922e-15 0)
(3 9.03456e-16 0)
(3.00506 0.00228033 0)
(1.08781 0.140908 0)
(0.634155 0.1292 0)
(0.491136 0.171353 0)
(0.306097 0.200431 0)
(0.126878 0.259499 0)
(3 7.69134e-18 0)
(3 -4.75554e-17 0)
(3 4.7807e-16 0)
(3 5.97548e-16 0)
(3.00127 0.000297957 0)
(1.12417 0.179115 0)
(0.641452 0.168401 0)
(0.502287 0.22401 0)
(0.317717 0.262649 0)
(0.137945 0.334872 0)
(3 -2.07379e-16 0)
(3 -3.29777e-16 0)
(3 -3.08776e-16 0)
(3 2.29292e-16 0)
(3.00008 1.42195e-05 0)
(1.17653 0.218036 0)
(0.65225 0.207524 0)
(0.514053 0.276639 0)
(0.326379 0.328675 0)
(0.136055 0.416208 0)
(3 -6.91304e-17 0)
(3 -8.35009e-17 0)
(3 9.91879e-17 0)
(3 -2.03207e-17 0)
(3 1.8581e-07 0)
(1.24484 0.256653 0)
(0.668412 0.246742 0)
(0.535988 0.327239 0)
(0.353285 0.395336 0)
(0.158263 0.502641 0)
(3 -1.00722e-16 0)
(3 -9.46054e-17 0)
(3 5.4446e-17 0)
(3 -5.58026e-16 0)
(3 2.59738e-10 0)
(1.32639 0.298951 0)
(0.68114 0.286943 0)
(0.551969 0.377149 0)
(0.373282 0.469358 0)
(0.159454 0.605898 0)
(3 -1.89139e-17 0)
(3 -6.85794e-17 0)
(3 -1.70848e-16 0)
(3 -6.01433e-16 0)
(3 -4.75095e-12 0)
(1.43824 0.343655 0)
(0.703755 0.332674 0)
(0.581113 0.425227 0)
(0.419329 0.539794 0)
(0.195391 0.713058 0)
(3 4.02745e-16 0)
(3 4.42772e-17 0)
(3 -5.02273e-16 0)
(3 -5.94824e-16 0)
(3 -2.01295e-12 0)
(1.60585 0.384629 0)
(0.763365 0.37064 0)
(0.627274 0.460387 0)
(0.476092 0.614901 0)
(0.270597 0.88242 0)
(3 2.92252e-16 0)
(3 -1.61117e-16 0)
(3 6.35667e-17 0)
(3 5.63502e-16 0)
(2.97947 0.00259662 0)
(1.02358 0.0176443 0)
(0.609729 0.0165115 0)
(0.481054 0.0223456 0)
(0.315868 0.026961 0)
(0.139448 0.0375343 0)
(3 1.9862e-16 0)
(3 -1.28204e-16 0)
(3 -3.10106e-16 0)
(3 2.69451e-16 0)
(2.98642 0.00924314 0)
(1.03072 0.0632527 0)
(0.607163 0.0538518 0)
(0.473476 0.0696843 0)
(0.304609 0.0829302 0)
(0.131285 0.113225 0)
(3 1.42912e-16 0)
(3 2.02123e-16 0)
(3 2.67417e-16 0)
(3 3.67249e-16 0)
(3.00037 0.00942029 0)
(1.05689 0.104241 0)
(0.622761 0.090481 0)
(0.482738 0.119137 0)
(0.305002 0.140097 0)
(0.131574 0.186044 0)
(3 2.83219e-16 0)
(3 2.44872e-16 0)
(3 8.74871e-16 0)
(3 8.01967e-16 0)
(3.00506 0.00228033 0)
(1.08781 0.140908 0)
(0.634155 0.1292 0)
(0.491136 0.171353 0)
(0.306097 0.200431 0)
(0.126878 0.259499 0)
(3 -3.3529e-16 0)
(3 -3.70762e-16 0)
(3 4.40996e-16 0)
(3 6.03789e-16 0)
(3.00127 0.000297957 0)
(1.12417 0.179115 0)
(0.641452 0.168401 0)
(0.502287 0.22401 0)
(0.317717 0.262649 0)
(0.137945 0.334872 0)
(3 -3.256e-16 0)
(3 -5.41751e-16 0)
(3 4.5341e-18 0)
(3 1.13887e-16 0)
(3.00008 1.42195e-05 0)
(1.17653 0.218036 0)
(0.65225 0.207524 0)
(0.514053 0.276639 0)
(0.326379 0.328675 0)
(0.136055 0.416208 0)
(3 -3.37709e-16 0)
(3 1.38498e-16 0)
(3 -2.55938e-16 0)
(3 -2.27588e-16 0)
(3 1.8581e-07 0)
(1.24484 0.256653 0)
(0.668412 0.246742 0)
(0.535988 0.327239 0)
(0.353285 0.395336 0)
(0.158263 0.502641 0)
(3 3.0275e-16 0)
(3 5.00539e-16 0)
(3 2.6937e-16 0)
(3 -6.1938e-16 0)
(3 2.59736e-10 0)
(1.32639 0.298951 0)
(0.68114 0.286943 0)
(0.551969 0.377149 0)
(0.373282 0.469358 0)
(0.159454 0.605898 0)
(3 1.77601e-16 0)
(3 -2.61929e-16 0)
(3 5.13079e-17 0)
(3 -2.70701e-16 0)
(3 -4.75066e-12 0)
(1.43824 0.343655 0)
(0.703755 0.332674 0)
(0.581113 0.425227 0)
(0.419329 0.539794 0)
(0.195391 0.713058 0)
(3 4.21333e-16 0)
(3 3.28228e-17 0)
(3 -3.62923e-16 0)
(3 -5.7552e-16 0)
(3 -2.01279e-12 0)
(1.60585 0.384629 0)
(0.763365 0.37064 0)
(0.627274 0.460387 0)
(0.476092 0.614901 0)
(0.270597 0.88242 0)
(3 8.7191e-17 0)
(3 9.12332e-17 0)
(3 4.77025e-16 0)
(3 -5.66566e-16 0)
(2.97947 0.00259662 0)
(1.02358 0.0176443 0)
(0.609729 0.0165115 0)
(0.481054 0.0223456 0)
(0.315868 0.026961 0)
(0.139448 0.0375343 0)
(3 2.09876e-16 0)
(3 3.06957e-16 0)
(3 7.82509e-16 0)
(3 -3.0532e-17 0)
(2.98642 0.00924314 0)
(1.03072 0.0632527 0)
(0.607163 0.0538518 0)
(0.473476 0.0696843 0)
(0.304609 0.0829302 0)
(0.131285 0.113225 0)
(3 2.38419e-17 0)
(3 -1.6569e-17 0)
(3 4.27016e-16 0)
(3 3.36792e-17 0)
(3.00037 0.00942029 0)
(1.05689 0.104241 0)
(0.622761 0.090481 0)
(0.482738 0.119137 0)
(0.305002 0.140097 0)
(0.131574 0.186044 0)
(3 -6.78295e-16 0)
(3 -1.26239e-15 0)
(3 1.16487e-16 0)
(3 1.49214e-16 0)
(3.00506 0.00228033 0)
(1.08781 0.140908 0)
(0.634155 0.1292 0)
(0.491136 0.171353 0)
(0.306097 0.200431 0)
(0.126878 0.259499 0)
(3 -1.54493e-16 0)
(3 -3.67016e-16 0)
(3 -2.05785e-16 0)
(3 1.65862e-16 0)
(3.00127 0.000297957 0)
(1.12417 0.179115 0)
(0.641452 0.168401 0)
(0.502287 0.22401 0)
(0.317717 0.262649 0)
(0.137945 0.334872 0)
(3 2.12979e-16 0)
(3 3.06697e-16 0)
(3 5.3724e-16 0)
(3 5.38691e-17 0)
(3.00008 1.42195e-05 0)
(1.17653 0.218036 0)
(0.65225 0.207524 0)
(0.514053 0.276639 0)
(0.326379 0.328675 0)
(0.136055 0.416208 0)
(3 -9.72375e-16 0)
(3 3.9383e-16 0)
(3 1.54959e-15 0)
(3 7.54257e-16 0)
(3 1.8581e-07 0)
(1.24484 0.256653 0)
(0.668412 0.246742 0)
(0.535988 0.327239 0)
(0.353285 0.395336 0)
(0.158263 0.502641 0)
(3 9.29672e-17 0)
(3 1.40291e-16 0)
(3 7.44502e-16 0)
(3 -5.69681e-17 0)
(3 2.59738e-10 0)
(1.32639 0.298951 0)
(0.68114 0.286943 0)
(0.551969 0.377149 0)
(0.373282 0.469358 0)
(0.159454 0.605898 0)
(3 5.73022e-16 0)
(3 5.24419e-17 0)
(3 -1.56642e-16 0)
(3 -3.65674e-16 0)
(3 -4.75345e-12 0)
(1.43824 0.343655 0)
(0.703755 0.332674 0)
(0.581113 0.425227 0)
(0.419329 0.539794 0)
(0.195391 0.713058 0)
(3 4.45384e-16 0)
(3 1.03041e-15 0)
(3 2.83282e-16 0)
(3 3.14243e-17 0)
(3 -2.01343e-12 0)
(1.60585 0.384629 0)
(0.763365 0.37064 0)
(0.627274 0.460387 0)
(0.476092 0.614901 0)
(0.270597 0.88242 0)
(3 5.29063e-17 0)
(3 1.89638e-16 0)
(3 7.2658e-17 0)
(3 1.97544e-16 0)
(3 -5.32587e-14 0)
(2.10379 0.416377 0)
(0.864535 0.528435 0)
(0.689906 0.562849 0)
(0.661856 0.723266 0)
(0.752451 0.988063 0)
(3 -3.63543e-17 0)
(3 -1.96747e-16 0)
(3 1.69745e-18 0)
(3 1.49457e-16 0)
(3 1.95365e-16 0)
(3.04661 0.0992286 0)
(1.2961 0.655187 0)
(0.91159 0.631008 0)
(0.950752 0.744731 0)
(1.11678 0.830697 0)
(3 -1.86412e-17 0)
(3 -3.56541e-17 0)
(3 -1.46391e-16 0)
(3 -2.03361e-16 0)
(3 -1.98402e-16 0)
(3.01313 0.000890135 0)
(2.0641 0.576239 0)
(1.12302 0.788585 0)
(1.12757 0.802406 0)
(1.29317 0.837061 0)
(3 2.64288e-16 0)
(3 3.63693e-16 0)
(3 -5.2903e-16 0)
(3 -3.24726e-16 0)
(3 -1.24904e-15 0)
(3.00007 4.87471e-06 0)
(2.9854 0.109832 0)
(1.71067 0.765201 0)
(1.26153 0.854768 0)
(1.40752 0.848214 0)
(3 5.47962e-16 0)
(3 -5.11029e-16 0)
(3 -2.42248e-16 0)
(3 -6.83088e-16 0)
(3 1.11853e-15 0)
(3.00001 -2.04755e-06 0)
(3.00415 0.00433007 0)
(2.76333 0.327308 0)
(1.6475 0.868402 0)
(1.46219 0.889949 0)
(3 6.60779e-17 0)
(3 9.50786e-18 0)
(3 -2.28512e-16 0)
(3 -4.54514e-16 0)
(3 7.41623e-17 0)
(3 -3.06655e-07 0)
(3.00001 1.71735e-05 0)
(3.00555 0.0218651 0)
(2.56124 0.498852 0)
(1.68919 0.87935 0)
(3 1.47574e-17 0)
(3 2.90893e-16 0)
(3 2.21557e-16 0)
(3 1.17817e-16 0)
(3 1.51811e-15 0)
(3 -1.3677e-08 0)
(3 -9.14806e-09 0)
(3.00003 0.000326047 0)
(3.00223 0.0452861 0)
(2.32111 0.635788 0)
(3 8.37901e-18 0)
(3 9.73505e-17 0)
(3 7.57663e-17 0)
(3 -7.18694e-17 0)
(3 4.24796e-16 0)
(3 -7.2292e-11 0)
(3 -1.73867e-09 0)
(3 2.29494e-07 0)
(3.00016 0.00128156 0)
(3.01047 0.114611 0)
(3 8.42583e-17 0)
(3 -8.87375e-17 0)
(3 2.78593e-17 0)
(3 8.81637e-16 0)
(3 4.1944e-16 0)
(3 -4.90843e-14 0)
(3 -1.16149e-10 0)
(3 -8.29406e-11 0)
(3 3.45719e-06 0)
(3.00592 0.00152939 0)
(3 -5.81844e-17 0)
(3 -2.71756e-16 0)
(3 1.51172e-17 0)
(3 4.02769e-16 0)
(3 3.73568e-16 0)
(3 7.22318e-18 0)
(3 -1.15759e-12 0)
(3 -1.36238e-11 0)
(3 1.00434e-09 0)
(3.00002 6.18795e-06 0)
(3 -1.33678e-17 0)
(3 -2.033e-16 0)
(3 -7.89628e-17 0)
(3 1.07068e-18 0)
(3 -5.21004e-14 0)
(2.10379 0.416377 0)
(0.864535 0.528435 0)
(0.689906 0.562849 0)
(0.661856 0.723266 0)
(0.752451 0.988063 0)
(3 2.31075e-17 0)
(3 -6.0975e-17 0)
(3 1.03452e-17 0)
(3 5.51625e-17 0)
(3 -1.56345e-16 0)
(3.04661 0.0992286 0)
(1.2961 0.655187 0)
(0.91159 0.631008 0)
(0.950752 0.744731 0)
(1.11678 0.830697 0)
(3 -1.90219e-19 0)
(3 7.8245e-17 0)
(3 -2.96534e-16 0)
(3 -3.08711e-16 0)
(3 -3.41242e-16 0)
(3.01313 0.000890135 0)
(2.0641 0.576239 0)
(1.12302 0.788585 0)
(1.12757 0.802406 0)
(1.29317 0.837061 0)
(3 -1.58728e-17 0)
(3 1.47233e-16 0)
(3 1.8864e-16 0)
(3 9.201e-17 0)
(3 3.57427e-16 0)
(3.00007 4.87471e-06 0)
(2.9854 0.109832 0)
(1.71067 0.765201 0)
(1.26153 0.854768 0)
(1.40752 0.848214 0)
(3 2.37913e-18 0)
(3 -2.05278e-16 0)
(3 -8.14827e-18 0)
(3 -5.7255e-17 0)
(3 4.64113e-16 0)
(3.00001 -2.04755e-06 0)
(3.00415 0.00433007 0)
(2.76333 0.327308 0)
(1.6475 0.868402 0)
(1.46219 0.889949 0)
(3 1.26483e-16 0)
(3 9.75839e-17 0)
(3 -4.87107e-17 0)
(3 -4.50868e-16 0)
(3 -7.08661e-16 0)
(3 -3.06655e-07 0)
(3.00001 1.71735e-05 0)
(3.00555 0.0218651 0)
(2.56124 0.498852 0)
(1.68919 0.87935 0)
(3 7.07771e-17 0)
(3 4.55762e-16 0)
(3 3.06714e-16 0)
(3 -4.65066e-17 0)
(3 4.94551e-16 0)
(3 -1.3677e-08 0)
(3 -9.14805e-09 0)
(3.00003 0.000326047 0)
(3.00223 0.0452861 0)
(2.32111 0.635788 0)
(3 -1.99809e-16 0)
(3 -2.89427e-16 0)
(3 1.79741e-16 0)
(3 3.72046e-16 0)
(3 3.46184e-16 0)
(3 -7.2293e-11 0)
(3 -1.73867e-09 0)
(3 2.29494e-07 0)
(3.00016 0.00128156 0)
(3.01047 0.114611 0)
(3 -1.11941e-16 0)
(3 -2.3572e-16 0)
(3 -2.11617e-16 0)
(3 2.2339e-16 0)
(3 6.3813e-17 0)
(3 -4.85145e-14 0)
(3 -1.16148e-10 0)
(3 -8.29402e-11 0)
(3 3.45719e-06 0)
(3.00592 0.00152939 0)
(3 -2.15612e-17 0)
(3 -5.13318e-18 0)
(3 -1.69974e-16 0)
(3 -1.79629e-17 0)
(3 1.70317e-16 0)
(3 3.55649e-17 0)
(3 -1.15747e-12 0)
(3 -1.36231e-11 0)
(3 1.00434e-09 0)
(3.00002 6.18795e-06 0)
(3 2.37954e-17 0)
(3 -9.36139e-17 0)
(3 -7.0394e-17 0)
(3 -2.06729e-16 0)
(3 -5.23499e-14 0)
(2.10379 0.416377 0)
(0.864535 0.528435 0)
(0.689906 0.562849 0)
(0.661856 0.723266 0)
(0.752451 0.988063 0)
(3 -1.30137e-17 0)
(3 -6.64134e-17 0)
(3 1.04451e-16 0)
(3 9.82672e-17 0)
(3 2.03536e-18 0)
(3.04661 0.0992286 0)
(1.2961 0.655187 0)
(0.91159 0.631008 0)
(0.950752 0.744731 0)
(1.11678 0.830697 0)
(3 2.12915e-17 0)
(3 1.38892e-17 0)
(3 -1.69771e-16 0)
(3 -1.53033e-16 0)
(3 -1.6578e-16 0)
(3.01313 0.000890135 0)
(2.0641 0.576239 0)
(1.12302 0.788585 0)
(1.12757 0.802406 0)
(1.29317 0.837061 0)
(3 -1.57976e-17 0)
(3 8.57358e-17 0)
(3 1.83721e-16 0)
(3 2.70323e-16 0)
(3 5.13173e-16 0)
(3.00007 4.87471e-06 0)
(2.9854 0.109832 0)
(1.71067 0.765201 0)
(1.26153 0.854768 0)
(1.40752 0.848214 0)
(3 -2.0381e-17 0)
(3 -6.76302e-17 0)
(3 5.42952e-17 0)
(3 2.5792e-16 0)
(3 2.49519e-16 0)
(3.00001 -2.04755e-06 0)
(3.00415 0.00433007 0)
(2.76333 0.327308 0)
(1.6475 0.868402 0)
(1.46219 0.889949 0)
(3 1.96252e-16 0)
(3 1.49395e-16 0)
(3 -5.33127e-17 0)
(3 -4.83339e-16 0)
(3 -7.9479e-16 0)
(3 -3.06655e-07 0)
(3.00001 1.71735e-05 0)
(3.00555 0.0218651 0)
(2.56124 0.498852 0)
(1.68919 0.87935 0)
(3 -1.9853e-18 0)
(3 4.69277e-16 0)
(3 3.44113e-16 0)
(3 7.81844e-17 0)
(3 4.5951e-16 0)
(3 -1.3677e-08 0)
(3 -9.14805e-09 0)
(3.00003 0.000326047 0)
(3.00223 0.0452861 0)
(2.32111 0.635788 0)
(3 -1.27619e-16 0)
(3 -1.73285e-16 0)
(3 1.29722e-16 0)
(3 3.57507e-16 0)
(3 4.43208e-16 0)
(3 -7.22926e-11 0)
(3 -1.73867e-09 0)
(3 2.29494e-07 0)
(3.00016 0.00128156 0)
(3.01047 0.114611 0)
(3 -1.73738e-16 0)
(3 -3.8129e-16 0)
(3 -3.76514e-16 0)
(3 -2.76179e-16 0)
(3 -3.25125e-17 0)
(3 -4.86585e-14 0)
(3 -1.16147e-10 0)
(3 -8.29404e-11 0)
(3 3.45719e-06 0)
(3.00592 0.00152939 0)
(3 -1.03455e-16 0)
(3 -9.13134e-17 0)
(3 -2.12228e-16 0)
(3 -1.22009e-16 0)
(3 -1.02407e-17 0)
(3 -9.84495e-18 0)
(3 -1.15732e-12 0)
(3 -1.36231e-11 0)
(3 1.00434e-09 0)
(3.00002 6.18795e-06 0)
(3 1.95754e-18 0)
(3 7.89879e-17 0)
(3 -4.24077e-17 0)
(3 -3.42608e-16 0)
(3 -5.23793e-14 0)
(2.10379 0.416377 0)
(0.864535 0.528435 0)
(0.689906 0.562849 0)
(0.661856 0.723266 0)
(0.752451 0.988063 0)
(3 -4.43988e-17 0)
(3 1.86766e-18 0)
(3 1.62647e-16 0)
(3 6.70246e-17 0)
(3 -1.95272e-16 0)
(3.04661 0.0992286 0)
(1.2961 0.655187 0)
(0.91159 0.631008 0)
(0.950752 0.744731 0)
(1.11678 0.830697 0)
(3 1.09581e-16 0)
(3 -7.91959e-17 0)
(3 -1.74582e-16 0)
(3 -1.42046e-16 0)
(3 -2.56975e-16 0)
(3.01313 0.000890135 0)
(2.0641 0.576239 0)
(1.12302 0.788585 0)
(1.12757 0.802406 0)
(1.29317 0.837061 0)
(3 -4.56596e-17 0)
(3 4.5563e-17 0)
(3 1.42464e-16 0)
(3 4.51244e-16 0)
(3 7.00157e-16 0)
(3.00007 4.87471e-06 0)
(2.9854 0.109832 0)
(1.71067 0.765201 0)
(1.26153 0.854768 0)
(1.40752 0.848214 0)
(3 -7.93384e-17 0)
(3 -1.13817e-16 0)
(3 7.49746e-17 0)
(3 3.67762e-16 0)
(3 2.73039e-16 0)
(3.00001 -2.04755e-06 0)
(3.00415 0.00433007 0)
(2.76333 0.327308 0)
(1.6475 0.868402 0)
(1.46219 0.889949 0)
(3 1.74044e-16 0)
(3 1.1406e-16 0)
(3 -2.81594e-17 0)
(3 -4.47139e-16 0)
(3 -7.7676e-16 0)
(3 -3.06655e-07 0)
(3.00001 1.71735e-05 0)
(3.00555 0.0218651 0)
(2.56124 0.498852 0)
(1.68919 0.87935 0)
(3 5.63092e-17 0)
(3 4.62149e-16 0)
(3 3.44364e-16 0)
(3 2.12664e-16 0)
(3 5.6405e-16 0)
(3 -1.3677e-08 0)
(3 -9.14805e-09 0)
(3.00003 0.000326047 0)
(3.00223 0.0452861 0)
(2.32111 0.635788 0)
(3 -1.62582e-16 0)
(3 -1.15093e-16 0)
(3 5.72767e-17 0)
(3 2.86329e-16 0)
(3 4.91251e-16 0)
(3 -7.22927e-11 0)
(3 -1.73867e-09 0)
(3 2.29494e-07 0)
(3.00016 0.00128156 0)
(3.01047 0.114611 0)
(3 -1.45816e-16 0)
(3 -4.54451e-16 0)
(3 -4.0374e-16 0)
(3 -4.9826e-16 0)
(3 -1.39155e-16 0)
(3 -4.88477e-14 0)
(3 -1.16147e-10 0)
(3 -8.29405e-11 0)
(3 3.45719e-06 0)
(3.00592 0.00152939 0)
(3 -4.59633e-17 0)
(3 -1.27776e-16 0)
(3 -2.09521e-16 0)
(3 -2.12655e-16 0)
(3 -1.19852e-16 0)
(3 1.4353e-17 0)
(3 -1.15724e-12 0)
(3 -1.36231e-11 0)
(3 1.00434e-09 0)
(3.00002 6.18795e-06 0)
(3 -3.67459e-17 0)
(3 7.83066e-18 0)
(3 5.49354e-17 0)
(3 -2.25631e-16 0)
(3 -5.22739e-14 0)
(2.10379 0.416377 0)
(0.864535 0.528435 0)
(0.689906 0.562849 0)
(0.661856 0.723266 0)
(0.752451 0.988063 0)
(3 -8.5983e-17 0)
(3 -2.51695e-18 0)
(3 1.33309e-16 0)
(3 1.65941e-17 0)
(3 -1.69926e-16 0)
(3.04661 0.0992286 0)
(1.2961 0.655187 0)
(0.91159 0.631008 0)
(0.950752 0.744731 0)
(1.11678 0.830697 0)
(3 9.50371e-17 0)
(3 -1.04572e-16 0)
(3 -1.58333e-16 0)
(3 -1.5294e-16 0)
(3 -1.84839e-16 0)
(3.01313 0.000890135 0)
(2.0641 0.576239 0)
(1.12302 0.788585 0)
(1.12757 0.802406 0)
(1.29317 0.837061 0)
(3 -6.99789e-17 0)
(3 4.62575e-18 0)
(3 7.87413e-17 0)
(3 6.46159e-16 0)
(3 7.91488e-16 0)
(3.00007 4.87471e-06 0)
(2.9854 0.109832 0)
(1.71067 0.765201 0)
(1.26153 0.854768 0)
(1.40752 0.848214 0)
(3 -1.01942e-16 0)
(3 -8.07098e-17 0)
(3 6.00087e-17 0)
(3 3.10388e-16 0)
(3 2.291e-16 0)
(3.00001 -2.04755e-06 0)
(3.00415 0.00433007 0)
(2.76333 0.327308 0)
(1.6475 0.868402 0)
(1.46219 0.889949 0)
(3 3.29482e-16 0)
(3 1.76269e-16 0)
(3 8.74399e-17 0)
(3 -3.9966e-16 0)
(3 -7.0558e-16 0)
(3 -3.06655e-07 0)
(3.00001 1.71735e-05 0)
(3.00555 0.0218651 0)
(2.56124 0.498852 0)
(1.68919 0.87935 0)
(3 9.51732e-17 0)
(3 2.91256e-16 0)
(3 3.75818e-16 0)
(3 2.89744e-16 0)
(3 4.23115e-16 0)
(3 -1.3677e-08 0)
(3 -9.14805e-09 0)
(3.00003 0.000326047 0)
(3.00223 0.0452861 0)
(2.32111 0.635788 0)
(3 -2.45124e-16 0)
(3 -1.11706e-16 0)
(3 -3.77063e-17 0)
(3 1.62761e-16 0)
(3 4.16096e-16 0)
(3 -7.22926e-11 0)
(3 -1.73867e-09 0)
(3 2.29494e-07 0)
(3.00016 0.00128156 0)
(3.01047 0.114611 0)
(3 -1.26856e-16 0)
(3 -2.47273e-16 0)
(3 -2.58539e-16 0)
(3 -5.17547e-16 0)
(3 -2.79191e-16 0)
(3 -4.90143e-14 0)
(3 -1.16147e-10 0)
(3 -8.29402e-11 0)
(3 3.45719e-06 0)
(3.00592 0.00152939 0)
(3 3.04077e-17 0)
(3 -3.6641e-17 0)
(3 -4.57651e-17 0)
(3 -1.53574e-16 0)
(3 -8.28342e-17 0)
(3 5.08618e-17 0)
(3 -1.15718e-12 0)
(3 -1.36231e-11 0)
(3 1.00434e-09 0)
(3.00002 6.18795e-06 0)
(3 -3.10464e-17 0)
(3 -1.83793e-16 0)
(3 -6.35105e-17 0)
(3 -1.16144e-16 0)
(3 -5.22628e-14 0)
(2.10379 0.416377 0)
(0.864535 0.528435 0)
(0.689906 0.562849 0)
(0.661856 0.723266 0)
(0.752451 0.988063 0)
(3 1.34261e-17 0)
(3 3.71464e-17 0)
(3 1.03477e-16 0)
(3 5.40329e-17 0)
(3 -2.2089e-16 0)
(3.04661 0.0992286 0)
(1.2961 0.655187 0)
(0.91159 0.631008 0)
(0.950752 0.744731 0)
(1.11678 0.830697 0)
(3 4.7862e-17 0)
(3 1.20265e-16 0)
(3 -6.94021e-17 0)
(3 6.66687e-18 0)
(3 -1.40797e-16 0)
(3.01313 0.000890135 0)
(2.0641 0.576239 0)
(1.12302 0.788585 0)
(1.12757 0.802406 0)
(1.29317 0.837061 0)
(3 -1.31014e-16 0)
(3 -2.99542e-17 0)
(3 9.60788e-17 0)
(3 6.37304e-16 0)
(3 8.15305e-16 0)
(3.00007 4.87471e-06 0)
(2.9854 0.109832 0)
(1.71067 0.765201 0)
(1.26153 0.854768 0)
(1.40752 0.848214 0)
(3 -1.05411e-17 0)
(3 1.48299e-17 0)
(3 4.15622e-17 0)
(3 1.25876e-16 0)
(3 2.42316e-16 0)
(3.00001 -2.04755e-06 0)
(3.00415 0.00433007 0)
(2.76333 0.327308 0)
(1.6475 0.868402 0)
(1.46219 0.889949 0)
(3 2.28214e-16 0)
(3 9.98373e-17 0)
(3 1.20251e-16 0)
(3 -3.1905e-16 0)
(3 -5.75475e-16 0)
(3 -3.06655e-07 0)
(3.00001 1.71735e-05 0)
(3.00555 0.0218651 0)
(2.56124 0.498852 0)
(1.68919 0.87935 0)
(3 1.32503e-16 0)
(3 7.58021e-17 0)
(3 2.98142e-16 0)
(3 3.55886e-16 0)
(3 4.68561e-16 0)
(3 -1.3677e-08 0)
(3 -9.14805e-09 0)
(3.00003 0.000326047 0)
(3.00223 0.0452861 0)
(2.32111 0.635788 0)
(3 -2.44788e-16 0)
(3 -1.25876e-18 0)
(3 -1.34102e-16 0)
(3 -1.21182e-16 0)
(3 1.84388e-16 0)
(3 -7.22932e-11 0)
(3 -1.73867e-09 0)
(3 2.29494e-07 0)
(3.00016 0.00128156 0)
(3.01047 0.114611 0)
(3 -1.72187e-16 0)
(3 -1.57147e-16 0)
(3 -2.8517e-16 0)
(3 -5.37521e-16 0)
(3 -4.92476e-16 0)
(3 -4.88997e-14 0)
(3 -1.16147e-10 0)
(3 -8.294e-11 0)
(3 3.45719e-06 0)
(3.00592 0.00152939 0)
(3 6.45889e-17 0)
(3 -4.73013e-17 0)
(3 1.2658e-17 0)
(3 -6.89574e-17 0)
(3 -8.71506e-17 0)
(3 2.00945e-16 0)
(3 -1.15741e-12 0)
(3 -1.3623e-11 0)
(3 1.00434e-09 0)
(3.00002 6.18795e-06 0)
(3 -1.36561e-17 0)
(3 -1.82164e-16 0)
(3 9.17216e-19 0)
(3 -2.2745e-16 0)
(3 -5.22516e-14 0)
(2.10379 0.416377 0)
(0.864535 0.528435 0)
(0.689906 0.562849 0)
(0.661856 0.723266 0)
(0.752451 0.988063 0)
(3 1.06198e-17 0)
(3 -2.47985e-17 0)
(3 4.17024e-17 0)
(3 1.70035e-17 0)
(3 -2.5636e-16 0)
(3.04661 0.0992286 0)
(1.2961 0.655187 0)
(0.91159 0.631008 0)
(0.950752 0.744731 0)
(1.11678 0.830697 0)
(3 1.10919e-16 0)
(3 2.417e-16 0)
(3 -6.63586e-17 0)
(3 3.87997e-18 0)
(3 -4.19154e-17 0)
(3.01313 0.000890135 0)
(2.0641 0.576239 0)
(1.12302 0.788585 0)
(1.12757 0.802406 0)
(1.29317 0.837061 0)
(3 -2.26255e-17 0)
(3 -2.77598e-17 0)
(3 2.28948e-16 0)
(3 6.58411e-16 0)
(3 8.04303e-16 0)
(3.00007 4.87471e-06 0)
(2.9854 0.109832 0)
(1.71067 0.765201 0)
(1.26153 0.854768 0)
(1.40752 0.848214 0)
(3 -5.94411e-17 0)
(3 4.79388e-17 0)
(3 7.34841e-17 0)
(3 1.53547e-16 0)
(3 1.97952e-16 0)
(3.00001 -2.04755e-06 0)
(3.00415 0.00433007 0)
(2.76333 0.327308 0)
(1.6475 0.868402 0)
(1.46219 0.889949 0)
(3 -4.15147e-17 0)
(3 9.01233e-18 0)
(3 1.80105e-18 0)
(3 -1.83069e-16 0)
(3 -4.27297e-16 0)
(3 -3.06655e-07 0)
(3.00001 1.71735e-05 0)
(3.00555 0.0218651 0)
(2.56124 0.498852 0)
(1.68919 0.87935 0)
(3 -1.38297e-18 0)
(3 2.93572e-17 0)
(3 1.5278e-16 0)
(3 3.39615e-16 0)
(3 4.71609e-16 0)
(3 -1.3677e-08 0)
(3 -9.14805e-09 0)
(3.00003 0.000326047 0)
(3.00223 0.0452861 0)
(2.32111 0.635788 0)
(3 -6.2875e-19 0)
(3 9.2293e-18 0)
(3 -1.75315e-16 0)
(3 -2.77741e-16 0)
(3 -1.39405e-17 0)
(3 -7.22934e-11 0)
(3 -1.73867e-09 0)
(3 2.29494e-07 0)
(3.00016 0.00128156 0)
(3.01047 0.114611 0)
(3 -7.5394e-17 0)
(3 -2.42918e-16 0)
(3 -2.94468e-16 0)
(3 -6.32705e-16 0)
(3 -6.41011e-16 0)
(3 -4.90396e-14 0)
(3 -1.16147e-10 0)
(3 -8.29403e-11 0)
(3 3.45719e-06 0)
(3.00592 0.00152939 0)
(3 1.64286e-18 0)
(3 -3.7696e-18 0)
(3 2.14516e-19 0)
(3 -5.58999e-17 0)
(3 -7.77237e-17 0)
(3 1.24576e-16 0)
(3 -1.15734e-12 0)
(3 -1.36231e-11 0)
(3 1.00434e-09 0)
(3.00002 6.18795e-06 0)
(3 6.11162e-18 0)
(3 -1.7675e-16 0)
(3 -7.77021e-17 0)
(3 -2.24776e-16 0)
(3 -5.23188e-14 0)
(2.10379 0.416377 0)
(0.864535 0.528435 0)
(0.689906 0.562849 0)
(0.661856 0.723266 0)
(0.752451 0.988063 0)
(3 -4.90457e-17 0)
(3 -1.42109e-16 0)
(3 -8.3103e-18 0)
(3 5.64155e-17 0)
(3 5.63527e-17 0)
(3.04661 0.0992286 0)
(1.2961 0.655187 0)
(0.91159 0.631008 0)
(0.950752 0.744731 0)
(1.11678 0.830697 0)
(3 1.15059e-16 0)
(3 2.63933e-16 0)
(3 2.98137e-18 0)
(3 1.19301e-16 0)
(3 1.14458e-16 0)
(3.01313 0.000890135 0)
(2.0641 0.576239 0)
(1.12302 0.788585 0)
(1.12757 0.802406 0)
(1.29317 0.837061 0)
(3 -7.83303e-17 0)
(3 1.15473e-16 0)
(3 1.98761e-16 0)
(3 4.47756e-16 0)
(3 6.36404e-16 0)
(3.00007 4.87471e-06 0)
(2.9854 0.109832 0)
(1.71067 0.765201 0)
(1.26153 0.854768 0)
(1.40752 0.848214 0)
(3 -5.79964e-17 0)
(3 7.89581e-18 0)
(3 9.936e-17 0)
(3 1.38272e-16 0)
(3 1.38651e-16 0)
(3.00001 -2.04755e-06 0)
(3.00415 0.00433007 0)
(2.76333 0.327308 0)
(1.6475 0.868402 0)
(1.46219 0.889949 0)
(3 -1.35557e-16 0)
(3 -8.71348e-17 0)
(3 -4.85554e-17 0)
(3 -1.49801e-16 0)
(3 -3.04016e-16 0)
(3 -3.06655e-07 0)
(3.00001 1.71735e-05 0)
(3.00555 0.0218651 0)
(2.56124 0.498852 0)
(1.68919 0.87935 0)
(3 -6.37619e-17 0)
(3 -1.21997e-16 0)
(3 1.1924e-16 0)
(3 2.98869e-16 0)
(3 3.29822e-16 0)
(3 -1.3677e-08 0)
(3 -9.14805e-09 0)
(3.00003 0.000326047 0)
(3.00223 0.0452861 0)
(2.32111 0.635788 0)
(3 1.38778e-16 0)
(3 1.13783e-16 0)
(3 -3.09017e-17 0)
(3 -1.25798e-16 0)
(3 -7.43715e-17 0)
(3 -7.22934e-11 0)
(3 -1.73867e-09 0)
(3 2.29494e-07 0)
(3.00016 0.00128156 0)
(3.01047 0.114611 0)
(3 9.32917e-18 0)
(3 -3.03915e-17 0)
(3 -1.88926e-16 0)
(3 -5.39568e-16 0)
(3 -6.82667e-16 0)
(3 -4.91536e-14 0)
(3 -1.16148e-10 0)
(3 -8.29403e-11 0)
(3 3.45719e-06 0)
(3.00592 0.00152939 0)
(3 -4.17856e-18 0)
(3 8.82202e-18 0)
(3 -2.85639e-17 0)
(3 -1.17569e-16 0)
(3 -1.66109e-16 0)
(3 1.61497e-16 0)
(3 -1.15743e-12 0)
(3 -1.36231e-11 0)
(3 1.00434e-09 0)
(3.00002 6.18795e-06 0)
(3 5.69585e-17 0)
(3 -8.5994e-17 0)
(3 -1.41158e-16 0)
(3 -2.33333e-16 0)
(3 -5.19529e-14 0)
(2.10379 0.416377 0)
(0.864535 0.528435 0)
(0.689906 0.562849 0)
(0.661856 0.723266 0)
(0.752451 0.988063 0)
(3 -6.32041e-17 0)
(3 -1.44242e-16 0)
(3 2.74018e-17 0)
(3 1.03205e-16 0)
(3 6.55491e-17 0)
(3.04661 0.0992286 0)
(1.2961 0.655187 0)
(0.91159 0.631008 0)
(0.950752 0.744731 0)
(1.11678 0.830697 0)
(3 7.51345e-17 0)
(3 1.53568e-16 0)
(3 2.64551e-17 0)
(3 6.86661e-17 0)
(3 1.43547e-16 0)
(3.01313 0.000890135 0)
(2.0641 0.576239 0)
(1.12302 0.788585 0)
(1.12757 0.802406 0)
(1.29317 0.837061 0)
(3 -2.93514e-17 0)
(3 2.25564e-16 0)
(3 1.8086e-16 0)
(3 2.59817e-16 0)
(3 4.46957e-16 0)
(3.00007 4.87471e-06 0)
(2.9854 0.109832 0)
(1.71067 0.765201 0)
(1.26153 0.854768 0)
(1.40752 0.848214 0)
(3 -7.4084e-17 0)
(3 1.96822e-16 0)
(3 6.23127e-17 0)
(3 1.94838e-16 0)
(3 1.14679e-16 0)
(3.00001 -2.04755e-06 0)
(3.00415 0.00433007 0)
(2.76333 0.327308 0)
(1.6475 0.868402 0)
(1.46219 0.889949 0)
(3 -1.11085e-16 0)
(3 -1.06311e-16 0)
(3 -1.42736e-16 0)
(3 -1.44314e-16 0)
(3 -2.49355e-16 0)
(3 -3.06655e-07 0)
(3.00001 1.71735e-05 0)
(3.00555 0.0218651 0)
(2.56124 0.498852 0)
(1.68919 0.87935 0)
(3 -8.37824e-18 0)
(3 -1.63446e-16 0)
(3 9.35481e-18 0)
(3 2.87757e-16 0)
(3 3.23338e-16 0)
(3 -1.3677e-08 0)
(3 -9.14805e-09 0)
(3.00003 0.000326047 0)
(3.00223 0.0452861 0)
(2.32111 0.635788 0)
(3 7.84109e-17 0)
(3 5.26511e-17 0)
(3 -1.50994e-17 0)
(3 1.0443e-17 0)
(3 -3.30377e-16 0)
(3 -7.22933e-11 0)
(3 -1.73867e-09 0)
(3 2.29494e-07 0)
(3.00016 0.00128156 0)
(3.01047 0.114611 0)
(3 9.61586e-17 0)
(3 4.02027e-17 0)
(3 -5.73578e-17 0)
(3 -3.49946e-16 0)
(3 -7.35064e-16 0)
(3 -4.95219e-14 0)
(3 -1.16148e-10 0)
(3 -8.29403e-11 0)
(3 3.45719e-06 0)
(3.00592 0.00152939 0)
(3 1.07097e-16 0)
(3 1.04931e-16 0)
(3 7.28123e-17 0)
(3 3.37699e-17 0)
(3 -3.07479e-16 0)
(3 2.40333e-16 0)
(3 -1.1574e-12 0)
(3 -1.36231e-11 0)
(3 1.00434e-09 0)
(3.00002 6.18795e-06 0)
(3 6.79727e-17 0)
(3 8.61331e-17 0)
(3 -4.42036e-16 0)
(3 -2.49605e-16 0)
(3 -5.20658e-14 0)
(2.10379 0.416377 0)
(0.864535 0.528435 0)
(0.689906 0.562849 0)
(0.661856 0.723266 0)
(0.752451 0.988063 0)
(3 -2.66237e-16 0)
(3 -2.4995e-16 0)
(3 -5.5127e-17 0)
(3 -1.50463e-16 0)
(3 1.07886e-15 0)
(3.04661 0.0992286 0)
(1.2961 0.655187 0)
(0.91159 0.631008 0)
(0.950752 0.744731 0)
(1.11678 0.830697 0)
(3 1.09139e-17 0)
(3 5.15547e-18 0)
(3 3.03559e-17 0)
(3 -3.12775e-16 0)
(3 4.21259e-16 0)
(3.01313 0.000890135 0)
(2.0641 0.576239 0)
(1.12302 0.788585 0)
(1.12757 0.802406 0)
(1.29317 0.837061 0)
(3 3.42858e-16 0)
(3 -3.71824e-16 0)
(3 -4.04933e-16 0)
(3 4.71473e-16 0)
(3 2.90184e-16 0)
(3.00007 4.87471e-06 0)
(2.9854 0.109832 0)
(1.71067 0.765201 0)
(1.26153 0.854768 0)
(1.40752 0.848214 0)
(3 -1.18157e-16 0)
(3 2.71153e-16 0)
(3 1.55728e-16 0)
(3 6.44685e-16 0)
(3 -1.13448e-15 0)
(3.00001 -2.04755e-06 0)
(3.00415 0.00433007 0)
(2.76333 0.327308 0)
(1.6475 0.868402 0)
(1.46219 0.889949 0)
(3 -2.89984e-16 0)
(3 -2.80147e-16 0)
(3 -4.55603e-16 0)
(3 -3.60519e-16 0)
(3 7.64863e-16 0)
(3 -3.06655e-07 0)
(3.00001 1.71735e-05 0)
(3.00555 0.0218651 0)
(2.56124 0.498852 0)
(1.68919 0.87935 0)
(3 3.22098e-17 0)
(3 -3.33384e-16 0)
(3 -2.40318e-16 0)
(3 3.69521e-16 0)
(3 9.1306e-16 0)
(3 -1.3677e-08 0)
(3 -9.14806e-09 0)
(3.00003 0.000326047 0)
(3.00223 0.0452861 0)
(2.32111 0.635788 0)
(3 1.37054e-16 0)
(3 1.05472e-16 0)
(3 -9.89723e-17 0)
(3 -1.0677e-15 0)
(3 -1.15013e-15 0)
(3 -7.22921e-11 0)
(3 -1.73867e-09 0)
(3 2.29494e-07 0)
(3.00016 0.00128156 0)
(3.01047 0.114611 0)
(3 3.01417e-16 0)
(3 1.89944e-16 0)
(3 6.59446e-17 0)
(3 -3.83843e-16 0)
(3 -1.07177e-15 0)
(3 -4.98991e-14 0)
(3 -1.16149e-10 0)
(3 -8.29405e-11 0)
(3 3.45719e-06 0)
(3.00592 0.00152939 0)
(3 2.01568e-16 0)
(3 -4.23317e-17 0)
(3 2.52891e-16 0)
(3 1.46981e-16 0)
(3 -5.07145e-16 0)
(3 -4.40064e-16 0)
(3 -1.15785e-12 0)
(3 -1.36235e-11 0)
(3 1.00434e-09 0)
(3.00002 6.18795e-06 0)
(1.78394 0.774241 0)
(2.62312 0.301392 0)
(2.5539 -0.00442281 0)
(1.86668 -0.125982 0)
(1.41904 -0.104787 0)
(1.56549 -0.0352059 0)
(1.74252 -0.0015392 0)
(1.89685 0.00539663 0)
(2.03065 0.0147765 0)
(2.22211 0.0217014 0)
(1.81254 0.386031 0)
(2.63972 0.158981 0)
(2.47641 -0.252301 0)
(2.09575 -0.392904 0)
(1.59278 -0.0922107 0)
(1.62656 0.00963797 0)
(1.7795 0.0161124 0)
(1.93035 0.0256121 0)
(2.06351 0.0481842 0)
(2.25189 0.0613813 0)
(1.78178 0.549092 0)
(2.49581 0.490945 0)
(2.2707 -0.101293 0)
(2.22098 -0.688002 0)
(1.85933 -0.257824 0)
(1.75777 -0.00388384 0)
(1.87863 0.0111773 0)
(2.00623 0.0340987 0)
(2.12493 0.0766032 0)
(2.29398 0.101151 0)
(1.82614 0.624686 0)
(2.39281 0.570307 0)
(2.25383 -0.164649 0)
(2.25392 -0.780555 0)
(2.06715 -0.501103 0)
(1.89931 -0.0893428 0)
(1.97273 0.0891889 0)
(2.08545 0.0946953 0)
(2.18721 0.126725 0)
(2.33168 0.148605 0)
(1.82537 0.749552 0)
(2.25523 0.521984 0)
(2.22938 -0.133168 0)
(2.15156 -0.630976 0)
(2.1722 -0.589205 0)
(2.08934 -0.224941 0)
(2.08932 0.0407118 0)
(2.16144 0.145891 0)
(2.23783 0.183962 0)
(2.36256 0.188015 0)
(1.84179 0.850334 0)
(2.1102 0.475707 0)
(2.08238 -0.210649 0)
(2.0737 -0.532577 0)
(2.18168 -0.545154 0)
(2.24233 -0.353615 0)
(2.20704 -0.0360652 0)
(2.25676 0.165769 0)
(2.29531 0.244447 0)
(2.38108 0.241657 0)
(1.89624 0.90345 0)
(1.87249 0.381712 0)
(1.91393 -0.183272 0)
(2.00456 -0.354836 0)
(2.17095 -0.453986 0)
(2.33262 -0.400336 0)
(2.34805 -0.129052 0)
(2.35538 0.157173 0)
(2.33858 0.307734 0)
(2.40435 0.286149 0)
(2.10948 0.982128 0)
(1.58425 0.220097 0)
(1.7946 -0.167529 0)
(1.99729 -0.24357 0)
(2.22958 -0.318518 0)
(2.39189 -0.364228 0)
(2.50475 -0.192305 0)
(2.51852 0.0792503 0)
(2.42307 0.353619 0)
(2.44075 0.292514 0)
(2.62417 0.872612 0)
(1.57897 0.0387499 0)
(1.80652 -0.204949 0)
(2.07152 -0.204592 0)
(2.30078 -0.200707 0)
(2.4692 -0.228648 0)
(2.59767 -0.19516 0)
(2.61544 0.0450683 0)
(2.59367 0.306308 0)
(2.50259 0.225402 0)
(3.32003 0.811765 0)
(1.74843 0.144934 0)
(1.91959 -0.0277363 0)
(2.15651 -0.0711946 0)
(2.34313 -0.0597336 0)
(2.51582 -0.073556 0)
(2.64633 -0.112941 0)
(2.70859 -0.0136561 0)
(2.62559 0.0976372 0)
(2.52992 0.0973048 0)
(1.78394 0.774241 0)
(2.62312 0.301392 0)
(2.5539 -0.00442281 0)
(1.86668 -0.125982 0)
(1.41904 -0.104787 0)
(1.56549 -0.0352059 0)
(1.74252 -0.0015392 0)
(1.89685 0.00539663 0)
(2.03065 0.0147765 0)
(2.22211 0.0217014 0)
(1.81254 0.386031 0)
(2.63972 0.158981 0)
(2.47641 -0.252301 0)
(2.09575 -0.392904 0)
(1.59278 -0.0922107 0)
(1.62656 0.00963797 0)
(1.7795 0.0161124 0)
(1.93035 0.0256121 0)
(2.06351 0.0481842 0)
(2.25189 0.0613813 0)
(1.78178 0.549092 0)
(2.49581 0.490945 0)
(2.2707 -0.101293 0)
(2.22098 -0.688002 0)
(1.85933 -0.257824 0)
(1.75777 -0.00388384 0)
(1.87863 0.0111773 0)
(2.00623 0.0340987 0)
(2.12493 0.0766032 0)
(2.29398 0.101151 0)
(1.82614 0.624686 0)
(2.39281 0.570307 0)
(2.25383 -0.164649 0)
(2.25392 -0.780555 0)
(2.06715 -0.501103 0)
(1.89931 -0.0893428 0)
(1.97273 0.0891889 0)
(2.08545 0.0946953 0)
(2.18721 0.126725 0)
(2.33168 0.148605 0)
(1.82537 0.749552 0)
(2.25523 0.521984 0)
(2.22938 -0.133168 0)
(2.15156 -0.630976 0)
(2.1722 -0.589205 0)
(2.08934 -0.224941 0)
(2.08932 0.0407118 0)
(2.16144 0.145891 0)
(2.23783 0.183962 0)
(2.36256 0.188015 0)
(1.84179 0.850334 0)
(2.1102 0.475707 0)
(2.08238 -0.210649 0)
(2.0737 -0.532577 0)
(2.18168 -0.545154 0)
(2.24233 -0.353615 0)
(2.20704 -0.0360652 0)
(2.25676 0.165769 0)
(2.29531 0.244447 0)
(2.38108 0.241657 0)
(1.89624 0.90345 0)
(1.87249 0.381712 0)
(1.91393 -0.183272 0)
(2.00456 -0.354836 0)
(2.17095 -0.453986 0)
(2.33262 -0.400336 0)
(2.34805 -0.129052 0)
(2.35538 0.157173 0)
(2.33858 0.307734 0)
(2.40435 0.286149 0)
(2.10948 0.982128 0)
(1.58425 0.220097 0)
(1.7946 -0.167529 0)
(1.99729 -0.24357 0)
(2.22958 -0.318518 0)
(2.39189 -0.364228 0)
(2.50475 -0.192305 0)
(2.51852 0.0792503 0)
(2.42307 0.353619 0)
(2.44075 0.292514 0)
(2.62417 0.872612 0)
(1.57897 0.0387499 0)
(1.80652 -0.204949 0)
(2.07152 -0.204592 0)
(2.30078 -0.200707 0)
(2.4692 -0.228648 0)
(2.59767 -0.19516 0)
(2.61544 0.0450683 0)
(2.59367 0.306308 0)
(2.50259 0.225402 0)
(3.32003 0.811765 0)
(1.74843 0.144934 0)
(1.91959 -0.0277363 0)
(2.15651 -0.0711946 0)
(2.34313 -0.0597336 0)
(2.51582 -0.073556 0)
(2.64633 -0.112941 0)
(2.70859 -0.0136561 0)
(2.62559 0.0976372 0)
(2.52992 0.0973048 0)
(1.78394 0.774241 0)
(2.62312 0.301392 0)
(2.5539 -0.00442281 0)
(1.86668 -0.125982 0)
(1.41904 -0.104787 0)
(1.56549 -0.0352059 0)
(1.74252 -0.0015392 0)
(1.89685 0.00539663 0)
(2.03065 0.0147765 0)
(2.22211 0.0217014 0)
(1.81254 0.386031 0)
(2.63972 0.158981 0)
(2.47641 -0.252301 0)
(2.09575 -0.392904 0)
(1.59278 -0.0922107 0)
(1.62656 0.00963797 0)
(1.7795 0.0161124 0)
(1.93035 0.0256121 0)
(2.06351 0.0481842 0)
(2.25189 0.0613813 0)
(1.78178 0.549092 0)
(2.49581 0.490945 0)
(2.2707 -0.101293 0)
(2.22098 -0.688002 0)
(1.85933 -0.257824 0)
(1.75777 -0.00388384 0)
(1.87863 0.0111773 0)
(2.00623 0.0340987 0)
(2.12493 0.0766032 0)
(2.29398 0.101151 0)
(1.82614 0.624686 0)
(2.39281 0.570307 0)
(2.25383 -0.164649 0)
(2.25392 -0.780555 0)
(2.06715 -0.501103 0)
(1.89931 -0.0893428 0)
(1.97273 0.0891889 0)
(2.08545 0.0946953 0)
(2.18721 0.126725 0)
(2.33168 0.148605 0)
(1.82537 0.749552 0)
(2.25523 0.521984 0)
(2.22938 -0.133168 0)
(2.15156 -0.630976 0)
(2.1722 -0.589205 0)
(2.08934 -0.224941 0)
(2.08932 0.0407118 0)
(2.16144 0.145891 0)
(2.23783 0.183962 0)
(2.36256 0.188015 0)
(1.84179 0.850334 0)
(2.1102 0.475707 0)
(2.08238 -0.210649 0)
(2.0737 -0.532577 0)
(2.18168 -0.545154 0)
(2.24233 -0.353615 0)
(2.20704 -0.0360652 0)
(2.25676 0.165769 0)
(2.29531 0.244447 0)
(2.38108 0.241657 0)
(1.89624 0.90345 0)
(1.87249 0.381712 0)
(1.91393 -0.183272 0)
(2.00456 -0.354836 0)
(2.17095 -0.453986 0)
(2.33262 -0.400336 0)
(2.34805 -0.129052 0)
(2.35538 0.157173 0)
(2.33858 0.307734 0)
(2.40435 0.286149 0)
(2.10948 0.982128 0)
(1.58425 0.220097 0)
(1.7946 -0.167529 0)
(1.99729 -0.24357 0)
(2.22958 -0.318518 0)
(2.39189 -0.364228 0)
(2.50475 -0.192305 0)
(2.51852 0.0792503 0)
(2.42307 0.353619 0)
(2.44075 0.292514 0)
(2.62417 0.872612 0)
(1.57897 0.0387499 0)
(1.80652 -0.204949 0)
(2.07152 -0.204592 0)
(2.30078 -0.200707 0)
(2.4692 -0.228648 0)
(2.59767 -0.19516 0)
(2.61544 0.0450683 0)
(2.59367 0.306308 0)
(2.50259 0.225402 0)
(3.32003 0.811765 0)
(1.74843 0.144934 0)
(1.91959 -0.0277363 0)
(2.15651 -0.0711946 0)
(2.34313 -0.0597336 0)
(2.51582 -0.073556 0)
(2.64633 -0.112941 0)
(2.70859 -0.0136561 0)
(2.62559 0.0976372 0)
(2.52992 0.0973048 0)
(1.78394 0.774241 0)
(2.62312 0.301392 0)
(2.5539 -0.00442281 0)
(1.86668 -0.125982 0)
(1.41904 -0.104787 0)
(1.56549 -0.0352059 0)
(1.74252 -0.0015392 0)
(1.89685 0.00539663 0)
(2.03065 0.0147765 0)
(2.22211 0.0217014 0)
(1.81254 0.386031 0)
(2.63972 0.158981 0)
(2.47641 -0.252301 0)
(2.09575 -0.392904 0)
(1.59278 -0.0922107 0)
(1.62656 0.00963797 0)
(1.7795 0.0161124 0)
(1.93035 0.0256121 0)
(2.06351 0.0481842 0)
(2.25189 0.0613813 0)
(1.78178 0.549092 0)
(2.49581 0.490945 0)
(2.2707 -0.101293 0)
(2.22098 -0.688002 0)
(1.85933 -0.257824 0)
(1.75777 -0.00388384 0)
(1.87863 0.0111773 0)
(2.00623 0.0340987 0)
(2.12493 0.0766032 0)
(2.29398 0.101151 0)
(1.82614 0.624686 0)
(2.39281 0.570307 0)
(2.25383 -0.164649 0)
(2.25392 -0.780555 0)
(2.06715 -0.501103 0)
(1.89931 -0.0893428 0)
(1.97273 0.0891889 0)
(2.08545 0.0946953 0)
(2.18721 0.126725 0)
(2.33168 0.148605 0)
(1.82537 0.749552 0)
(2.25523 0.521984 0)
(2.22938 -0.133168 0)
(2.15156 -0.630976 0)
(2.1722 -0.589205 0)
(2.08934 -0.224941 0)
(2.08932 0.0407118 0)
(2.16144 0.145891 0)
(2.23783 0.183962 0)
(2.36256 0.188015 0)
(1.84179 0.850334 0)
(2.1102 0.475707 0)
(2.08238 -0.210649 0)
(2.0737 -0.532577 0)
(2.18168 -0.545154 0)
(2.24233 -0.353615 0)
(2.20704 -0.0360652 0)
(2.25676 0.165769 0)
(2.29531 0.244447 0)
(2.38108 0.241657 0)
(1.89624 0.90345 0)
(1.87249 0.381712 0)
(1.91393 -0.183272 0)
(2.00456 -0.354836 0)
(2.17095 -0.453986 0)
(2.33262 -0.400336 0)
(2.34805 -0.129052 0)
(2.35538 0.157173 0)
(2.33858 0.307734 0)
(2.40435 0.286149 0)
(2.10948 0.982128 0)
(1.58425 0.220097 0)
(1.7946 -0.167529 0)
(1.99729 -0.24357 0)
(2.22958 -0.318518 0)
(2.39189 -0.364228 0)
(2.50475 -0.192305 0)
(2.51852 0.0792503 0)
(2.42307 0.353619 0)
(2.44075 0.292514 0)
(2.62417 0.872612 0)
(1.57897 0.0387499 0)
(1.80652 -0.204949 0)
(2.07152 -0.204592 0)
(2.30078 -0.200707 0)
(2.4692 -0.228648 0)
(2.59767 -0.19516 0)
(2.61544 0.0450683 0)
(2.59367 0.306308 0)
(2.50259 0.225402 0)
(3.32003 0.811765 0)
(1.74843 0.144934 0)
(1.91959 -0.0277363 0)
(2.15651 -0.0711946 0)
(2.34313 -0.0597336 0)
(2.51582 -0.073556 0)
(2.64633 -0.112941 0)
(2.70859 -0.0136561 0)
(2.62559 0.0976372 0)
(2.52992 0.0973048 0)
(1.78394 0.774241 0)
(2.62312 0.301392 0)
(2.5539 -0.00442281 0)
(1.86668 -0.125982 0)
(1.41904 -0.104787 0)
(1.56549 -0.0352059 0)
(1.74252 -0.0015392 0)
(1.89685 0.00539663 0)
(2.03065 0.0147765 0)
(2.22211 0.0217014 0)
(1.81254 0.386031 0)
(2.63972 0.158981 0)
(2.47641 -0.252301 0)
(2.09575 -0.392904 0)
(1.59278 -0.0922107 0)
(1.62656 0.00963797 0)
(1.7795 0.0161124 0)
(1.93035 0.0256121 0)
(2.06351 0.0481842 0)
(2.25189 0.0613813 0)
(1.78178 0.549092 0)
(2.49581 0.490945 0)
(2.2707 -0.101293 0)
(2.22098 -0.688002 0)
(1.85933 -0.257824 0)
(1.75777 -0.00388384 0)
(1.87863 0.0111773 0)
(2.00623 0.0340987 0)
(2.12493 0.0766032 0)
(2.29398 0.101151 0)
(1.82614 0.624686 0)
(2.39281 0.570307 0)
(2.25383 -0.164649 0)
(2.25392 -0.780555 0)
(2.06715 -0.501103 0)
(1.89931 -0.0893428 0)
(1.97273 0.0891889 0)
(2.08545 0.0946953 0)
(2.18721 0.126725 0)
(2.33168 0.148605 0)
(1.82537 0.749552 0)
(2.25523 0.521984 0)
(2.22938 -0.133168 0)
(2.15156 -0.630976 0)
(2.1722 -0.589205 0)
(2.08934 -0.224941 0)
(2.08932 0.0407118 0)
(2.16144 0.145891 0)
(2.23783 0.183962 0)
(2.36256 0.188015 0)
(1.84179 0.850334 0)
(2.1102 0.475707 0)
(2.08238 -0.210649 0)
(2.0737 -0.532577 0)
(2.18168 -0.545154 0)
(2.24233 -0.353615 0)
(2.20704 -0.0360652 0)
(2.25676 0.165769 0)
(2.29531 0.244447 0)
(2.38108 0.241657 0)
(1.89624 0.90345 0)
(1.87249 0.381712 0)
(1.91393 -0.183272 0)
(2.00456 -0.354836 0)
(2.17095 -0.453986 0)
(2.33262 -0.400336 0)
(2.34805 -0.129052 0)
(2.35538 0.157173 0)
(2.33858 0.307734 0)
(2.40435 0.286149 0)
(2.10948 0.982128 0)
(1.58425 0.220097 0)
(1.7946 -0.167529 0)
(1.99729 -0.24357 0)
(2.22958 -0.318518 0)
(2.39189 -0.364228 0)
(2.50475 -0.192305 0)
(2.51852 0.0792503 0)
(2.42307 0.353619 0)
(2.44075 0.292514 0)
(2.62417 0.872612 0)
(1.57897 0.0387499 0)
(1.80652 -0.204949 0)
(2.07152 -0.204592 0)
(2.30078 -0.200707 0)
(2.4692 -0.228648 0)
(2.59767 -0.19516 0)
(2.61544 0.0450683 0)
(2.59367 0.306308 0)
(2.50259 0.225402 0)
(3.32003 0.811765 0)
(1.74843 0.144934 0)
(1.91959 -0.0277363 0)
(2.15651 -0.0711946 0)
(2.34313 -0.0597336 0)
(2.51582 -0.073556 0)
(2.64633 -0.112941 0)
(2.70859 -0.0136561 0)
(2.62559 0.0976372 0)
(2.52992 0.0973048 0)
(1.78394 0.774241 0)
(2.62312 0.301392 0)
(2.5539 -0.00442281 0)
(1.86668 -0.125982 0)
(1.41904 -0.104787 0)
(1.56549 -0.0352059 0)
(1.74252 -0.0015392 0)
(1.89685 0.00539663 0)
(2.03065 0.0147765 0)
(2.22211 0.0217014 0)
(1.81254 0.386031 0)
(2.63972 0.158981 0)
(2.47641 -0.252301 0)
(2.09575 -0.392904 0)
(1.59278 -0.0922107 0)
(1.62656 0.00963797 0)
(1.7795 0.0161124 0)
(1.93035 0.0256121 0)
(2.06351 0.0481842 0)
(2.25189 0.0613813 0)
(1.78178 0.549092 0)
(2.49581 0.490945 0)
(2.2707 -0.101293 0)
(2.22098 -0.688002 0)
(1.85933 -0.257824 0)
(1.75777 -0.00388384 0)
(1.87863 0.0111773 0)
(2.00623 0.0340987 0)
(2.12493 0.0766032 0)
(2.29398 0.101151 0)
(1.82614 0.624686 0)
(2.39281 0.570307 0)
(2.25383 -0.164649 0)
(2.25392 -0.780555 0)
(2.06715 -0.501103 0)
(1.89931 -0.0893428 0)
(1.97273 0.0891889 0)
(2.08545 0.0946953 0)
(2.18721 0.126725 0)
(2.33168 0.148605 0)
(1.82537 0.749552 0)
(2.25523 0.521984 0)
(2.22938 -0.133168 0)
(2.15156 -0.630976 0)
(2.1722 -0.589205 0)
(2.08934 -0.224941 0)
(2.08932 0.0407118 0)
(2.16144 0.145891 0)
(2.23783 0.183962 0)
(2.36256 0.188015 0)
(1.84179 0.850334 0)
(2.1102 0.475707 0)
(2.08238 -0.210649 0)
(2.0737 -0.532577 0)
(2.18168 -0.545154 0)
(2.24233 -0.353615 0)
(2.20704 -0.0360652 0)
(2.25676 0.165769 0)
(2.29531 0.244447 0)
(2.38108 0.241657 0)
(1.89624 0.90345 0)
(1.87249 0.381712 0)
(1.91393 -0.183272 0)
(2.00456 -0.354836 0)
(2.17095 -0.453986 0)
(2.33262 -0.400336 0)
(2.34805 -0.129052 0)
(2.35538 0.157173 0)
(2.33858 0.307734 0)
(2.40435 0.286149 0)
(2.10948 0.982128 0)
(1.58425 0.220097 0)
(1.7946 -0.167529 0)
(1.99729 -0.24357 0)
(2.22958 -0.318518 0)
(2.39189 -0.364228 0)
(2.50475 -0.192305 0)
(2.51852 0.0792503 0)
(2.42307 0.353619 0)
(2.44075 0.292514 0)
(2.62417 0.872612 0)
(1.57897 0.0387499 0)
(1.80652 -0.204949 0)
(2.07152 -0.204592 0)
(2.30078 -0.200707 0)
(2.4692 -0.228648 0)
(2.59767 -0.19516 0)
(2.61544 0.0450683 0)
(2.59367 0.306308 0)
(2.50259 0.225402 0)
(3.32003 0.811765 0)
(1.74843 0.144934 0)
(1.91959 -0.0277363 0)
(2.15651 -0.0711946 0)
(2.34313 -0.0597336 0)
(2.51582 -0.073556 0)
(2.64633 -0.112941 0)
(2.70859 -0.0136561 0)
(2.62559 0.0976372 0)
(2.52992 0.0973048 0)
(1.78394 0.774241 0)
(2.62312 0.301392 0)
(2.5539 -0.00442281 0)
(1.86668 -0.125982 0)
(1.41904 -0.104787 0)
(1.56549 -0.0352059 0)
(1.74252 -0.0015392 0)
(1.89685 0.00539663 0)
(2.03065 0.0147765 0)
(2.22211 0.0217014 0)
(1.81254 0.386031 0)
(2.63972 0.158981 0)
(2.47641 -0.252301 0)
(2.09575 -0.392904 0)
(1.59278 -0.0922107 0)
(1.62656 0.00963797 0)
(1.7795 0.0161124 0)
(1.93035 0.0256121 0)
(2.06351 0.0481842 0)
(2.25189 0.0613813 0)
(1.78178 0.549092 0)
(2.49581 0.490945 0)
(2.2707 -0.101293 0)
(2.22098 -0.688002 0)
(1.85933 -0.257824 0)
(1.75777 -0.00388384 0)
(1.87863 0.0111773 0)
(2.00623 0.0340987 0)
(2.12493 0.0766032 0)
(2.29398 0.101151 0)
(1.82614 0.624686 0)
(2.39281 0.570307 0)
(2.25383 -0.164649 0)
(2.25392 -0.780555 0)
(2.06715 -0.501103 0)
(1.89931 -0.0893428 0)
(1.97273 0.0891889 0)
(2.08545 0.0946953 0)
(2.18721 0.126725 0)
(2.33168 0.148605 0)
(1.82537 0.749552 0)
(2.25523 0.521984 0)
(2.22938 -0.133168 0)
(2.15156 -0.630976 0)
(2.1722 -0.589205 0)
(2.08934 -0.224941 0)
(2.08932 0.0407118 0)
(2.16144 0.145891 0)
(2.23783 0.183962 0)
(2.36256 0.188015 0)
(1.84179 0.850334 0)
(2.1102 0.475707 0)
(2.08238 -0.210649 0)
(2.0737 -0.532577 0)
(2.18168 -0.545154 0)
(2.24233 -0.353615 0)
(2.20704 -0.0360652 0)
(2.25676 0.165769 0)
(2.29531 0.244447 0)
(2.38108 0.241657 0)
(1.89624 0.90345 0)
(1.87249 0.381712 0)
(1.91393 -0.183272 0)
(2.00456 -0.354836 0)
(2.17095 -0.453986 0)
(2.33262 -0.400336 0)
(2.34805 -0.129052 0)
(2.35538 0.157173 0)
(2.33858 0.307734 0)
(2.40435 0.286149 0)
(2.10948 0.982128 0)
(1.58425 0.220097 0)
(1.7946 -0.167529 0)
(1.99729 -0.24357 0)
(2.22958 -0.318518 0)
(2.39189 -0.364228 0)
(2.50475 -0.192305 0)
(2.51852 0.0792503 0)
(2.42307 0.353619 0)
(2.44075 0.292514 0)
(2.62417 0.872612 0)
(1.57897 0.0387499 0)
(1.80652 -0.204949 0)
(2.07152 -0.204592 0)
(2.30078 -0.200707 0)
(2.4692 -0.228648 0)
(2.59767 -0.19516 0)
(2.61544 0.0450683 0)
(2.59367 0.306308 0)
(2.50259 0.225402 0)
(3.32003 0.811765 0)
(1.74843 0.144934 0)
(1.91959 -0.0277363 0)
(2.15651 -0.0711946 0)
(2.34313 -0.0597336 0)
(2.51582 -0.073556 0)
(2.64633 -0.112941 0)
(2.70859 -0.0136561 0)
(2.62559 0.0976372 0)
(2.52992 0.0973048 0)
(1.78394 0.774241 0)
(2.62312 0.301392 0)
(2.5539 -0.00442281 0)
(1.86668 -0.125982 0)
(1.41904 -0.104787 0)
(1.56549 -0.0352059 0)
(1.74252 -0.0015392 0)
(1.89685 0.00539663 0)
(2.03065 0.0147765 0)
(2.22211 0.0217014 0)
(1.81254 0.386031 0)
(2.63972 0.158981 0)
(2.47641 -0.252301 0)
(2.09575 -0.392904 0)
(1.59278 -0.0922107 0)
(1.62656 0.00963797 0)
(1.7795 0.0161124 0)
(1.93035 0.0256121 0)
(2.06351 0.0481842 0)
(2.25189 0.0613813 0)
(1.78178 0.549092 0)
(2.49581 0.490945 0)
(2.2707 -0.101293 0)
(2.22098 -0.688002 0)
(1.85933 -0.257824 0)
(1.75777 -0.00388384 0)
(1.87863 0.0111773 0)
(2.00623 0.0340987 0)
(2.12493 0.0766032 0)
(2.29398 0.101151 0)
(1.82614 0.624686 0)
(2.39281 0.570307 0)
(2.25383 -0.164649 0)
(2.25392 -0.780555 0)
(2.06715 -0.501103 0)
(1.89931 -0.0893428 0)
(1.97273 0.0891889 0)
(2.08545 0.0946953 0)
(2.18721 0.126725 0)
(2.33168 0.148605 0)
(1.82537 0.749552 0)
(2.25523 0.521984 0)
(2.22938 -0.133168 0)
(2.15156 -0.630976 0)
(2.1722 -0.589205 0)
(2.08934 -0.224941 0)
(2.08932 0.0407118 0)
(2.16144 0.145891 0)
(2.23783 0.183962 0)
(2.36256 0.188015 0)
(1.84179 0.850334 0)
(2.1102 0.475707 0)
(2.08238 -0.210649 0)
(2.0737 -0.532577 0)
(2.18168 -0.545154 0)
(2.24233 -0.353615 0)
(2.20704 -0.0360652 0)
(2.25676 0.165769 0)
(2.29531 0.244447 0)
(2.38108 0.241657 0)
(1.89624 0.90345 0)
(1.87249 0.381712 0)
(1.91393 -0.183272 0)
(2.00456 -0.354836 0)
(2.17095 -0.453986 0)
(2.33262 -0.400336 0)
(2.34805 -0.129052 0)
(2.35538 0.157173 0)
(2.33858 0.307734 0)
(2.40435 0.286149 0)
(2.10948 0.982128 0)
(1.58425 0.220097 0)
(1.7946 -0.167529 0)
(1.99729 -0.24357 0)
(2.22958 -0.318518 0)
(2.39189 -0.364228 0)
(2.50475 -0.192305 0)
(2.51852 0.0792503 0)
(2.42307 0.353619 0)
(2.44075 0.292514 0)
(2.62417 0.872612 0)
(1.57897 0.0387499 0)
(1.80652 -0.204949 0)
(2.07152 -0.204592 0)
(2.30078 -0.200707 0)
(2.4692 -0.228648 0)
(2.59767 -0.19516 0)
(2.61544 0.0450683 0)
(2.59367 0.306308 0)
(2.50259 0.225402 0)
(3.32003 0.811765 0)
(1.74843 0.144934 0)
(1.91959 -0.0277363 0)
(2.15651 -0.0711946 0)
(2.34313 -0.0597336 0)
(2.51582 -0.073556 0)
(2.64633 -0.112941 0)
(2.70859 -0.0136561 0)
(2.62559 0.0976372 0)
(2.52992 0.0973048 0)
(1.78394 0.774241 0)
(2.62312 0.301392 0)
(2.5539 -0.00442281 0)
(1.86668 -0.125982 0)
(1.41904 -0.104787 0)
(1.56549 -0.0352059 0)
(1.74252 -0.0015392 0)
(1.89685 0.00539663 0)
(2.03065 0.0147765 0)
(2.22211 0.0217014 0)
(1.81254 0.386031 0)
(2.63972 0.158981 0)
(2.47641 -0.252301 0)
(2.09575 -0.392904 0)
(1.59278 -0.0922107 0)
(1.62656 0.00963797 0)
(1.7795 0.0161124 0)
(1.93035 0.0256121 0)
(2.06351 0.0481842 0)
(2.25189 0.0613813 0)
(1.78178 0.549092 0)
(2.49581 0.490945 0)
(2.2707 -0.101293 0)
(2.22098 -0.688002 0)
(1.85933 -0.257824 0)
(1.75777 -0.00388384 0)
(1.87863 0.0111773 0)
(2.00623 0.0340987 0)
(2.12493 0.0766032 0)
(2.29398 0.101151 0)
(1.82614 0.624686 0)
(2.39281 0.570307 0)
(2.25383 -0.164649 0)
(2.25392 -0.780555 0)
(2.06715 -0.501103 0)
(1.89931 -0.0893428 0)
(1.97273 0.0891889 0)
(2.08545 0.0946953 0)
(2.18721 0.126725 0)
(2.33168 0.148605 0)
(1.82537 0.749552 0)
(2.25523 0.521984 0)
(2.22938 -0.133168 0)
(2.15156 -0.630976 0)
(2.1722 -0.589205 0)
(2.08934 -0.224941 0)
(2.08932 0.0407118 0)
(2.16144 0.145891 0)
(2.23783 0.183962 0)
(2.36256 0.188015 0)
(1.84179 0.850334 0)
(2.1102 0.475707 0)
(2.08238 -0.210649 0)
(2.0737 -0.532577 0)
(2.18168 -0.545154 0)
(2.24233 -0.353615 0)
(2.20704 -0.0360652 0)
(2.25676 0.165769 0)
(2.29531 0.244447 0)
(2.38108 0.241657 0)
(1.89624 0.90345 0)
(1.87249 0.381712 0)
(1.91393 -0.183272 0)
(2.00456 -0.354836 0)
(2.17095 -0.453986 0)
(2.33262 -0.400336 0)
(2.34805 -0.129052 0)
(2.35538 0.157173 0)
(2.33858 0.307734 0)
(2.40435 0.286149 0)
(2.10948 0.982128 0)
(1.58425 0.220097 0)
(1.7946 -0.167529 0)
(1.99729 -0.24357 0)
(2.22958 -0.318518 0)
(2.39189 -0.364228 0)
(2.50475 -0.192305 0)
(2.51852 0.0792503 0)
(2.42307 0.353619 0)
(2.44075 0.292514 0)
(2.62417 0.872612 0)
(1.57897 0.0387499 0)
(1.80652 -0.204949 0)
(2.07152 -0.204592 0)
(2.30078 -0.200707 0)
(2.4692 -0.228648 0)
(2.59767 -0.19516 0)
(2.61544 0.0450683 0)
(2.59367 0.306308 0)
(2.50259 0.225402 0)
(3.32003 0.811765 0)
(1.74843 0.144934 0)
(1.91959 -0.0277363 0)
(2.15651 -0.0711946 0)
(2.34313 -0.0597336 0)
(2.51582 -0.073556 0)
(2.64633 -0.112941 0)
(2.70859 -0.0136561 0)
(2.62559 0.0976372 0)
(2.52992 0.0973048 0)
(1.78394 0.774241 0)
(2.62312 0.301392 0)
(2.5539 -0.00442281 0)
(1.86668 -0.125982 0)
(1.41904 -0.104787 0)
(1.56549 -0.0352059 0)
(1.74252 -0.0015392 0)
(1.89685 0.00539663 0)
(2.03065 0.0147765 0)
(2.22211 0.0217014 0)
(1.81254 0.386031 0)
(2.63972 0.158981 0)
(2.47641 -0.252301 0)
(2.09575 -0.392904 0)
(1.59278 -0.0922107 0)
(1.62656 0.00963797 0)
(1.7795 0.0161124 0)
(1.93035 0.0256121 0)
(2.06351 0.0481842 0)
(2.25189 0.0613813 0)
(1.78178 0.549092 0)
(2.49581 0.490945 0)
(2.2707 -0.101293 0)
(2.22098 -0.688002 0)
(1.85933 -0.257824 0)
(1.75777 -0.00388384 0)
(1.87863 0.0111773 0)
(2.00623 0.0340987 0)
(2.12493 0.0766032 0)
(2.29398 0.101151 0)
(1.82614 0.624686 0)
(2.39281 0.570307 0)
(2.25383 -0.164649 0)
(2.25392 -0.780555 0)
(2.06715 -0.501103 0)
(1.89931 -0.0893428 0)
(1.97273 0.0891889 0)
(2.08545 0.0946953 0)
(2.18721 0.126725 0)
(2.33168 0.148605 0)
(1.82537 0.749552 0)
(2.25523 0.521984 0)
(2.22938 -0.133168 0)
(2.15156 -0.630976 0)
(2.1722 -0.589205 0)
(2.08934 -0.224941 0)
(2.08932 0.0407118 0)
(2.16144 0.145891 0)
(2.23783 0.183962 0)
(2.36256 0.188015 0)
(1.84179 0.850334 0)
(2.1102 0.475707 0)
(2.08238 -0.210649 0)
(2.0737 -0.532577 0)
(2.18168 -0.545154 0)
(2.24233 -0.353615 0)
(2.20704 -0.0360652 0)
(2.25676 0.165769 0)
(2.29531 0.244447 0)
(2.38108 0.241657 0)
(1.89624 0.90345 0)
(1.87249 0.381712 0)
(1.91393 -0.183272 0)
(2.00456 -0.354836 0)
(2.17095 -0.453986 0)
(2.33262 -0.400336 0)
(2.34805 -0.129052 0)
(2.35538 0.157173 0)
(2.33858 0.307734 0)
(2.40435 0.286149 0)
(2.10948 0.982128 0)
(1.58425 0.220097 0)
(1.7946 -0.167529 0)
(1.99729 -0.24357 0)
(2.22958 -0.318518 0)
(2.39189 -0.364228 0)
(2.50475 -0.192305 0)
(2.51852 0.0792503 0)
(2.42307 0.353619 0)
(2.44075 0.292514 0)
(2.62417 0.872612 0)
(1.57897 0.0387499 0)
(1.80652 -0.204949 0)
(2.07152 -0.204592 0)
(2.30078 -0.200707 0)
(2.4692 -0.228648 0)
(2.59767 -0.19516 0)
(2.61544 0.0450683 0)
(2.59367 0.306308 0)
(2.50259 0.225402 0)
(3.32003 0.811765 0)
(1.74843 0.144934 0)
(1.91959 -0.0277363 0)
(2.15651 -0.0711946 0)
(2.34313 -0.0597336 0)
(2.51582 -0.073556 0)
(2.64633 -0.112941 0)
(2.70859 -0.0136561 0)
(2.62559 0.0976372 0)
(2.52992 0.0973048 0)
)
;

boundaryField
{
    inlet
    {
        type            fixedValue;
        value           uniform (3 0 0);
    }
    outlet
    {
        type            inletOutlet;
        inletValue      uniform (3 0 0);
        value           nonuniform List<vector> 
100
(
(2.22211 0.0217014 0)
(2.25189 0.0613813 0)
(2.29398 0.101151 0)
(2.33168 0.148605 0)
(2.36256 0.188015 0)
(2.38108 0.241657 0)
(2.40435 0.286149 0)
(2.44075 0.292514 0)
(2.50259 0.225402 0)
(2.52992 0.0973048 0)
(2.22211 0.0217014 0)
(2.25189 0.0613813 0)
(2.29398 0.101151 0)
(2.33168 0.148605 0)
(2.36256 0.188015 0)
(2.38108 0.241657 0)
(2.40435 0.286149 0)
(2.44075 0.292514 0)
(2.50259 0.225402 0)
(2.52992 0.0973048 0)
(2.22211 0.0217014 0)
(2.25189 0.0613813 0)
(2.29398 0.101151 0)
(2.33168 0.148605 0)
(2.36256 0.188015 0)
(2.38108 0.241657 0)
(2.40435 0.286149 0)
(2.44075 0.292514 0)
(2.50259 0.225402 0)
(2.52992 0.0973048 0)
(2.22211 0.0217014 0)
(2.25189 0.0613813 0)
(2.29398 0.101151 0)
(2.33168 0.148605 0)
(2.36256 0.188015 0)
(2.38108 0.241657 0)
(2.40435 0.286149 0)
(2.44075 0.292514 0)
(2.50259 0.225402 0)
(2.52992 0.0973048 0)
(2.22211 0.0217014 0)
(2.25189 0.0613813 0)
(2.29398 0.101151 0)
(2.33168 0.148605 0)
(2.36256 0.188015 0)
(2.38108 0.241657 0)
(2.40435 0.286149 0)
(2.44075 0.292514 0)
(2.50259 0.225402 0)
(2.52992 0.0973048 0)
(2.22211 0.0217014 0)
(2.25189 0.0613813 0)
(2.29398 0.101151 0)
(2.33168 0.148605 0)
(2.36256 0.188015 0)
(2.38108 0.241657 0)
(2.40435 0.286149 0)
(2.44075 0.292514 0)
(2.50259 0.225402 0)
(2.52992 0.0973048 0)
(2.22211 0.0217014 0)
(2.25189 0.0613813 0)
(2.29398 0.101151 0)
(2.33168 0.148605 0)
(2.36256 0.188015 0)
(2.38108 0.241657 0)
(2.40435 0.286149 0)
(2.44075 0.292514 0)
(2.50259 0.225402 0)
(2.52992 0.0973048 0)
(2.22211 0.0217014 0)
(2.25189 0.0613813 0)
(2.29398 0.101151 0)
(2.33168 0.148605 0)
(2.36256 0.188015 0)
(2.38108 0.241657 0)
(2.40435 0.286149 0)
(2.44075 0.292514 0)
(2.50259 0.225402 0)
(2.52992 0.0973048 0)
(2.22211 0.0217014 0)
(2.25189 0.0613813 0)
(2.29398 0.101151 0)
(2.33168 0.148605 0)
(2.36256 0.188015 0)
(2.38108 0.241657 0)
(2.40435 0.286149 0)
(2.44075 0.292514 0)
(2.50259 0.225402 0)
(2.52992 0.0973048 0)
(2.22211 0.0217014 0)
(2.25189 0.0613813 0)
(2.29398 0.101151 0)
(2.33168 0.148605 0)
(2.36256 0.188015 0)
(2.38108 0.241657 0)
(2.40435 0.286149 0)
(2.44075 0.292514 0)
(2.50259 0.225402 0)
(2.52992 0.0973048 0)
)
;
    }
    top
    {
        type            symmetryPlane;
    }
    bottom
    {
        type            symmetryPlane;
    }
    step
    {
        type            slip;
    }
    defaultFaces
    {
        type            empty;
    }
}


// ************************************************************************* //
