/*--------------------------------*- C++ -*----------------------------------*\
  =========                 |
  \\      /  F ield         | OpenFOAM: The Open Source CFD Toolbox
   \\    /   O peration     | Website:  https://openfoam.org
    \\  /    A nd           | Version:  6.0
     \\/     M anipulation  |
\*---------------------------------------------------------------------------*/
FoamFile
{
    version     2.0;
    format      ascii;
    class       volScalarField;
    location    "1.50049";
    object      rho;
}
// * * * * * * * * * * * * * * * * * * * * * * * * * * * * * * * * * * * * * //

dimensions      [1 -3 0 0 0 0 0];

internalField   nonuniform List<scalar> 
4800
(
1.39997
1.39997
1.39997
1.39997
1.39997
1.39997
1.39997
1.39997
1.39997
1.39997
1.39997
1.39997
1.39997
1.39997
1.39997
1.39997
1.39997
1.39997
1.39997
1.39997
1.39997
2.77148
5.17407
5.4254
5.59697
5.66658
5.59337
5.42381
5.34396
5.5553
5.94399
6.16239
6.03404
5.61669
5.36143
5.60679
6.21849
6.47963
6.2464
5.95515
1.39997
1.39997
1.39997
1.39997
1.39997
1.39997
1.39997
1.39997
1.39997
1.39997
1.39997
1.39997
1.39997
1.39997
1.39997
1.39997
1.39997
1.39997
1.39997
1.39997
1.39997
2.79123
5.24587
5.43877
5.4639
5.55868
5.59747
5.62217
5.67212
5.7062
5.73927
5.75313
5.78906
5.82611
5.83221
5.81448
5.79383
5.7727
5.70161
5.71178
1.39997
1.39997
1.39997
1.39997
1.39997
1.39997
1.39997
1.39997
1.39997
1.39997
1.39997
1.39997
1.39997
1.39997
1.39997
1.39997
1.39997
1.39997
1.39997
1.39997
1.39997
2.80344
5.30962
5.4554
5.40503
5.40622
5.54787
5.78349
5.96521
5.89271
5.61242
5.4298
5.51111
5.86908
6.1667
6.06464
5.50507
5.18418
5.32455
5.56728
1.39997
1.39997
1.39997
1.39997
1.39997
1.39997
1.39997
1.39997
1.39997
1.39997
1.39997
1.39997
1.39997
1.39997
1.39997
1.39997
1.39997
1.39997
1.39997
1.39997
1.39997
2.78839
5.30903
5.47702
5.40819
5.37072
5.51691
5.81961
5.96699
5.91997
5.64316
5.44836
5.55289
5.91155
6.17273
6.05686
5.49284
5.13112
5.30692
5.69732
1.39997
1.39997
1.39997
1.39997
1.39997
1.39997
1.39997
1.39997
1.39997
1.39997
1.39997
1.39997
1.39997
1.39997
1.39997
1.39997
1.39997
1.39997
1.39997
1.39997
1.39997
2.75553
5.26074
5.45608
5.43754
5.4608
5.58176
5.6853
5.77757
5.76214
5.7809
5.80025
5.88776
5.95109
5.93
5.81671
5.76871
5.72684
5.78094
5.86789
1.39997
1.39997
1.39997
1.39997
1.39997
1.39997
1.39997
1.39997
1.39997
1.39997
1.39997
1.39997
1.39997
1.39997
1.39997
1.39997
1.39997
1.39997
1.39997
1.39997
1.39997
2.71372
5.19126
5.39818
5.49809
5.62326
5.61761
5.55246
5.47148
5.59082
5.8939
6.19039
6.18628
5.92732
5.58785
5.57148
5.96917
6.33493
6.22942
5.97424
1.39997
1.39997
1.39997
1.39997
1.39997
1.39997
1.39997
1.39997
1.39997
1.39997
1.39997
1.39997
1.39997
1.39997
1.39997
1.39997
1.39997
1.39997
1.39997
1.39997
1.39997
2.67033
5.147
5.38415
5.58521
5.67308
5.62879
5.46308
5.33653
5.4985
5.8976
6.23548
6.26285
5.84849
5.4797
5.55062
6.02542
6.36514
6.26125
5.86329
1.39997
1.39997
1.39997
1.39997
1.39997
1.39997
1.39997
1.39997
1.39997
1.39997
1.39997
1.39997
1.39997
1.39997
1.39997
1.39997
1.39997
1.39997
1.39997
1.39997
1.39997
2.6352
5.1419
5.44909
5.55997
5.63501
5.59184
5.45603
5.44812
5.65754
5.8831
5.92798
5.78638
5.75301
5.76776
5.79939
5.96842
5.95441
5.80263
5.84378
1.39997
1.39997
1.39997
1.39997
1.39997
1.39997
1.39997
1.39997
1.39997
1.39997
1.39997
1.39997
1.39997
1.39997
1.39997
1.39997
1.39997
1.39997
1.39997
1.39997
1.39997
2.6187
5.1969
5.51172
5.51278
5.49435
5.49626
5.55483
5.68134
5.76512
5.74107
5.49934
5.37347
5.62567
6.07689
6.16264
5.84152
5.56343
5.55817
5.89991
1.39997
1.39997
1.39997
1.39997
1.39997
1.39997
1.39997
1.39997
1.39997
1.39997
1.39997
1.39997
1.39997
1.39997
1.39997
1.39997
1.39997
1.39997
1.39997
1.39997
1.39997
2.5989
5.24764
5.52388
5.45119
5.38783
5.4206
5.65087
5.86835
5.88672
5.60251
5.33829
5.394
5.67679
6.08536
6.24974
5.8645
5.45289
5.62694
5.89477
1.39997
1.39997
1.39997
1.39997
1.39997
1.39997
1.39997
1.39997
1.39997
1.39997
1.39997
1.39997
1.39997
1.39997
1.39997
1.39997
1.39997
1.39997
1.39997
1.39997
1.39997
2.55123
5.22527
5.46481
5.36096
5.35074
5.49629
5.787
5.93089
5.81587
5.5346
5.54382
5.71479
5.93296
5.91625
5.91968
5.73477
5.78156
5.95604
6.21073
1.39997
1.39997
1.39997
1.39997
1.39997
1.39997
1.39997
1.39997
1.39997
1.39997
1.39997
1.39997
1.39997
1.39997
1.39997
1.39997
1.39997
1.39997
1.39997
1.39997
1.39997
2.47787
5.17106
5.36526
5.3513
5.46839
5.70784
5.82475
5.81104
5.61697
5.63062
5.8588
6.13497
6.12894
5.86472
5.36068
5.7041
6.11534
6.12253
6.06584
1.39997
1.39997
1.39997
1.39997
1.39997
1.39997
1.39997
1.39997
1.39997
1.39997
1.39997
1.39997
1.39997
1.39997
1.39997
1.39997
1.39997
1.39997
1.39997
1.39997
1.39997
2.39769
5.05551
5.30884
5.43213
5.64626
5.74002
5.74437
5.60138
5.50775
5.70072
6.04171
6.25354
6.16304
5.51832
5.34086
5.57956
5.99838
6.01688
5.81549
1.39997
1.39997
1.39997
1.39997
1.39997
1.39997
1.39997
1.39997
1.39997
1.39997
1.39997
1.39997
1.39997
1.39997
1.39997
1.39997
1.39997
1.39997
1.39997
1.39997
1.39997
2.32411
4.96918
5.36721
5.58957
5.67455
5.64928
5.52638
5.43959
5.59677
5.9339
6.05918
6.02107
5.67542
5.55724
5.50801
5.60363
5.74203
5.68838
5.47045
1.39997
1.39997
1.39997
1.39997
1.39997
1.39997
1.39997
1.39997
1.39997
1.39997
1.39997
1.39997
1.39997
1.39997
1.39997
1.39997
1.39997
1.39997
1.39997
1.39997
1.39997
2.26268
4.96166
5.5295
5.61688
5.62933
5.53229
5.31935
5.37228
5.75308
5.99212
6.02164
5.58694
5.38103
5.50368
5.89454
5.94051
5.71477
5.48737
5.45002
1.39997
1.39997
1.39997
1.39997
1.39997
1.39997
1.39997
1.39997
1.39997
1.39997
1.39997
1.39997
1.39997
1.39997
1.39997
1.39997
1.39997
1.39997
1.39997
1.39997
1.39997
2.23809
5.03649
5.5582
5.59596
5.57965
5.3678
5.31609
5.42479
5.7605
5.98404
5.83091
5.40125
5.42149
5.91723
6.16715
6.12826
5.72959
5.44195
5.45625
1.39997
1.39997
1.39997
1.39997
1.39997
1.39997
1.39997
1.39997
1.39997
1.39997
1.39997
1.39997
1.39997
1.39997
1.39997
1.39997
1.39997
1.39997
1.39997
1.39997
1.39997
2.18175
5.05769
5.53995
5.50634
5.38238
5.4038
5.47749
5.71017
5.75509
5.75753
5.46999
5.54913
5.67592
6.08372
6.14747
6.05163
5.71131
5.63146
5.80066
1.39997
1.39997
1.39997
1.39997
1.39997
1.39997
1.39997
1.39997
1.39997
1.39997
1.39997
1.39997
1.39997
1.39997
1.39997
1.39997
1.39997
1.39997
1.39997
1.39997
1.39997
2.11416
4.97632
5.50652
5.33358
5.28975
5.40015
5.76805
5.92001
5.82648
5.39876
5.31613
5.51804
6.0041
6.14496
6.21803
5.89164
5.89982
6.24543
6.3788
1.39997
1.39997
1.39997
1.39997
1.39997
1.39997
1.39997
1.39997
1.39997
1.39997
1.39997
1.39997
1.39997
1.39997
1.39997
1.39997
1.39997
1.39997
1.39997
1.39997
1.39997
2.01981
4.86401
5.35533
5.27016
5.28508
5.58125
5.84156
5.93612
5.73002
5.33593
5.31816
5.64134
6.0471
6.04495
5.60716
5.70928
5.96612
6.27109
6.48958
1.39997
1.39997
1.39997
1.39997
1.39997
1.39997
1.39997
1.39997
1.39997
1.39997
1.39997
1.39997
1.39997
1.39997
1.39997
1.39997
1.39997
1.39997
1.39997
1.39997
1.39997
1.9173
4.71158
5.31755
5.3184
5.53929
5.67417
5.71351
5.74688
5.54491
5.49954
5.68203
6.04494
5.96095
5.63145
5.37798
5.58025
6.03942
6.17252
6.00087
1.39997
1.39997
1.39997
1.39997
1.39997
1.39997
1.39997
1.39997
1.39997
1.39997
1.39997
1.39997
1.39997
1.39997
1.39997
1.39997
1.39997
1.39997
1.39997
1.39997
1.39997
1.83113
4.62196
5.28798
5.52873
5.71909
5.68482
5.6212
5.3698
5.40681
5.81001
6.21697
6.22486
5.93422
5.28423
5.18336
5.47762
5.67602
5.43449
5.19329
1.39997
1.39997
1.39997
1.39997
1.39997
1.39997
1.39997
1.39997
1.39997
1.39997
1.39997
1.39997
1.39997
1.39997
1.39997
1.39997
1.39997
1.39997
1.39997
1.39997
1.39997
1.77182
4.59177
5.46833
5.64431
5.74592
5.75078
5.4578
5.23993
5.41346
5.98802
6.24787
6.27117
5.80948
5.68128
5.66942
5.5835
5.42289
5.26844
5.12463
1.39997
1.39997
1.39997
1.39997
1.39997
1.39997
1.39997
1.39997
1.39997
1.39997
1.39997
1.39997
1.39997
1.39997
1.39997
1.39997
1.39997
1.39997
1.39997
1.39997
1.39997
1.71971
4.69711
5.61801
5.63816
5.68898
5.57366
5.31046
5.33253
5.6332
5.91625
6.05256
5.79067
5.67729
6.00984
6.0419
5.68396
5.18637
5.02786
5.10597
1.39997
1.39997
1.39997
1.39997
1.39997
1.39997
1.39997
1.39997
1.39997
1.39997
1.39997
1.39997
1.39997
1.39997
1.39997
1.39997
1.39997
1.39997
1.39997
1.39997
1.39997
1.65
4.64071
5.63615
5.58197
5.51799
5.30723
5.33426
5.47014
5.81461
5.89014
5.71606
5.25998
5.41008
5.76474
6.00373
5.84818
5.3728
5.21541
5.40479
1.39997
1.39997
1.39997
1.39997
1.39997
1.39997
1.39997
1.39997
1.39997
1.39997
1.39997
1.39997
1.39997
1.39997
1.39997
1.39997
1.39997
1.39997
1.39997
1.39997
1.39997
1.55718
4.53048
5.62151
5.509
5.27235
5.15506
5.33482
5.79902
5.88798
5.78582
5.2044
5.20199
5.26699
5.40047
5.69458
5.97542
6.12857
6.28849
6.3812
1.39997
1.39997
1.39997
1.39997
1.39997
1.39997
1.39997
1.39997
1.39997
1.39997
1.39997
1.39997
1.39997
1.39997
1.39997
1.39997
1.39997
1.39997
1.39997
1.39997
1.39997
1.50177
4.32371
5.48264
5.31257
5.20501
5.25025
5.66352
5.82706
5.81592
5.42603
5.19967
5.30385
5.40789
5.41886
5.54578
5.96131
6.39182
6.56601
6.59098
1.39997
1.39997
1.39997
1.39997
1.39997
1.39997
1.39997
1.39997
1.39997
1.39997
1.39997
1.39997
1.39997
1.39997
1.39997
1.39997
1.39997
1.39997
1.39997
1.39997
1.39997
1.4617
4.15985
5.32962
5.2679
5.2814
5.63924
5.74549
5.76802
5.6669
5.24847
5.15447
5.32575
5.62309
5.75874
5.7912
5.74895
6.14116
6.42983
6.48
1.39997
1.39997
1.39997
1.39997
1.39997
1.39997
1.39997
1.39997
1.39997
1.39997
1.39997
1.39997
1.39997
1.39997
1.39997
1.39997
1.39997
1.39997
1.39997
1.39997
1.39997
1.42189
4.04047
5.27701
5.25616
5.59613
5.73456
5.77833
5.77998
5.45422
5.28726
5.50702
6.06309
6.30475
6.30894
5.93739
5.42365
5.26534
5.15261
5.07866
1.39997
1.39997
1.39997
1.39997
1.39997
1.39997
1.39997
1.39997
1.39997
1.39997
1.39997
1.39997
1.39997
1.39997
1.39997
1.39997
1.39997
1.39997
1.39997
1.39997
1.39997
1.4047
3.91092
5.25562
5.46413
5.61197
5.69792
5.74978
5.55026
5.37008
5.58505
6.0724
6.27741
6.32777
6.22365
5.81061
5.38413
5.07735
4.85803
4.77966
1.39997
1.39997
1.39997
1.39997
1.39997
1.39997
1.39997
1.39997
1.39997
1.39997
1.39997
1.39997
1.39997
1.39997
1.39997
1.39997
1.39997
1.39997
1.39997
1.39997
1.39997
1.40019
3.8357
5.36492
5.51624
5.57496
5.59052
5.54237
5.16769
5.2985
5.65463
6.09485
6.25991
6.37545
5.96709
5.49141
5.33025
5.0858
4.85702
4.72223
1.39997
1.39997
1.39997
1.39997
1.39997
1.39997
1.39997
1.39997
1.39997
1.39997
1.39997
1.39997
1.39997
1.39997
1.39997
1.39997
1.39997
1.39997
1.39997
1.39997
1.39997
1.39996
3.69908
5.38502
5.4992
5.54284
5.5391
5.1572
5.07009
5.2065
5.62092
5.98548
6.04156
5.21975
5.23059
5.31839
5.21091
4.95106
4.81415
4.79156
1.39997
1.39997
1.39997
1.39997
1.39997
1.39997
1.39997
1.39997
1.39997
1.39997
1.39997
1.39997
1.39997
1.39997
1.39997
1.39997
1.39997
1.39997
1.39997
1.39997
1.39997
1.39996
3.50652
5.33215
5.473
5.50944
5.23812
5.06146
5.09604
5.26919
5.59582
5.67698
5.03796
4.94874
5.0267
5.24594
5.20274
4.8863
5.02753
5.52862
1.39997
1.39997
1.39997
1.39997
1.39997
1.39997
1.39997
1.39997
1.39997
1.39997
1.39997
1.39997
1.39997
1.39997
1.39997
1.39997
1.39997
1.39997
1.39997
1.39997
1.39997
1.39997
3.309
5.28051
5.35288
5.22191
5.15777
5.13235
5.40735
5.71672
5.59293
5.25202
4.90441
4.84612
4.86038
5.14666
5.44259
6.16128
6.35345
6.36109
1.39997
1.39997
1.39997
1.39997
1.39997
1.39997
1.39997
1.39997
1.39997
1.39997
1.39997
1.39997
1.39997
1.39997
1.39997
1.39997
1.39997
1.39997
1.39997
1.39997
1.39997
1.39997
3.1193
5.19371
5.19391
5.1235
5.12799
5.45673
5.75123
5.753
5.58435
5.14891
4.86161
4.7842
4.80608
5.03206
6.28105
6.71394
6.59777
6.33392
1.39997
1.39997
1.39997
1.39997
1.39997
1.39997
1.39997
1.39997
1.39997
1.39997
1.39997
1.39997
1.39997
1.39997
1.39997
1.39997
1.39997
1.39997
1.39997
1.39997
1.39997
1.39997
2.9352
5.10061
5.14762
5.11644
5.30472
5.65985
5.7462
5.74594
5.54592
5.07913
4.86003
4.88312
5.0562
5.90242
6.19847
6.73958
6.40413
6.07358
1.39997
1.39997
1.39997
1.39997
1.39997
1.39997
1.39997
1.39997
1.39997
1.39997
1.39997
1.39997
1.39997
1.39997
1.39997
1.39997
1.39997
1.39997
1.39997
1.39997
1.39997
1.39997
2.74932
5.03518
5.13958
5.28546
5.53359
5.61677
5.69583
5.72702
5.44448
5.01799
5.07843
5.83362
6.26866
6.03147
6.08526
4.91164
4.63556
4.74915
1.39997
1.39997
1.39997
1.39997
1.39997
1.39997
1.39997
1.39997
1.39997
1.39997
1.39997
1.39997
1.39997
1.39997
1.39997
1.39997
1.39997
1.39997
1.39997
1.39997
1.39997
1.39997
2.59689
4.95484
5.37416
5.51592
5.54759
5.5818
5.64079
5.5011
5.22338
5.29753
5.99961
6.28321
6.28025
5.96026
4.66413
4.39999
4.42845
4.51391
1.39997
1.39997
1.39997
1.39997
1.39997
1.39997
1.39997
1.39997
1.39997
1.39997
1.39997
1.39997
1.39997
1.39997
1.39997
1.39997
1.39997
1.39997
1.39997
1.39997
1.39997
1.39997
2.45374
5.03018
5.46983
5.50072
5.51883
5.55517
5.3249
5.0386
5.15135
5.58314
6.08536
6.23313
6.24514
5.30505
4.42781
4.32853
4.35721
4.37527
1.39997
1.39997
1.39997
1.39997
1.39997
1.39997
1.39997
1.39997
1.39997
1.39997
1.39997
1.39997
1.39997
1.39997
1.39997
1.39997
1.39997
1.39997
1.39997
1.39997
1.39997
1.39997
2.24448
4.99656
5.48751
5.49858
5.47835
5.33365
4.9863
5.00952
5.12231
5.65525
5.99509
6.2457
5.19314
4.5544
4.32648
4.20153
4.23406
4.2446
1.39997
1.39997
1.39997
1.39997
1.39997
1.39997
1.39997
1.39997
1.39997
1.39997
1.39997
1.39997
1.39997
1.39997
1.39997
1.39997
1.39997
1.39997
1.39997
1.39997
1.39997
1.39997
1.9887
4.90388
5.50235
5.46379
5.40894
5.07713
4.94273
5.03601
5.46087
5.64675
5.66405
4.61535
4.44397
4.536
4.3172
4.13981
4.09801
4.08227
1.39997
1.39997
1.39997
1.39997
1.39997
1.39997
1.39997
1.39997
1.39997
1.39997
1.39997
1.39997
1.39997
1.39997
1.39997
1.39997
1.39997
1.39997
1.39997
1.39997
1.39997
1.39997
1.55422
4.45332
5.4056
5.30666
5.26108
5.32691
5.4565
5.53121
5.53393
5.40932
5.06398
4.85642
4.87109
5.0744
5.29997
5.27246
4.90829
4.02099
1.39997
1.39997
1.39997
1.39997
1.39997
1.39997
1.39997
1.39997
1.39997
1.39997
1.39997
1.39997
1.39997
1.39997
1.39997
1.39997
1.39997
1.39997
1.39997
1.39997
1.39997
1.39997
1.40317
3.55608
5.22696
5.29175
5.36404
5.40178
5.41753
5.40112
5.32685
5.2362
5.23605
5.3097
5.25392
5.1239
4.9776
4.72487
4.27778
3.51063
1.39997
1.39997
1.39997
1.39997
1.39997
1.39997
1.39997
1.39997
1.39997
1.39997
1.39997
1.39997
1.39997
1.39997
1.39997
1.39997
1.39997
1.39997
1.39997
1.39997
1.39997
1.39997
1.39997
2.44346
4.98379
5.31502
5.318
5.30119
5.27516
5.25709
5.25741
5.27288
5.25266
5.17551
5.05485
4.88452
4.65478
4.35603
3.93032
3.33703
1.39997
1.39997
1.39997
1.39997
1.39997
1.39997
1.39997
1.39997
1.39997
1.39997
1.39997
1.39997
1.39997
1.39997
1.39997
1.39997
1.39997
1.39997
1.39997
1.39997
1.39997
1.39997
1.39997
1.54544
4.35819
5.32997
5.2721
5.23166
5.21374
5.21017
5.20646
5.18528
5.12882
5.0311
4.90559
4.76672
4.59865
4.3615
3.91692
3.41676
1.39997
1.39997
1.39997
1.39997
1.39997
1.39997
1.39997
1.39997
1.39997
1.39997
1.39997
1.39997
1.39997
1.39997
1.39997
1.39997
1.39997
1.39997
1.39997
1.39997
1.39997
1.39997
1.39997
1.40169
3.19503
5.14473
5.21101
5.20256
5.18518
5.14
5.08719
5.04593
5.00903
4.95311
4.8593
4.72972
4.54966
4.27587
3.8891
3.48667
1.39997
1.39997
1.39997
1.39997
1.39997
1.39997
1.39997
1.39997
1.39997
1.39997
1.39997
1.39997
1.39997
1.39997
1.39997
1.39997
1.39997
1.39997
1.39997
1.39997
1.39997
1.39997
1.39997
1.39996
1.9155
4.75765
5.25552
5.20207
5.14891
5.07842
5.00856
4.95331
4.89719
4.8349
4.75335
4.63182
4.4613
4.2083
3.88818
3.56483
1.39997
1.39997
1.39997
1.39997
1.39997
1.39997
1.39997
1.39997
1.39997
1.39997
1.39997
1.39997
1.39997
1.39997
1.39997
1.39997
1.39997
1.39997
1.39997
1.39997
1.39997
1.39997
1.39997
1.39997
1.42833
3.63608
5.16299
5.15398
5.11072
5.04719
4.97331
4.89585
4.80477
4.71626
4.62601
4.51621
4.37162
4.15729
3.89345
3.62137
1.39997
1.39997
1.39997
1.39997
1.39997
1.39997
1.39997
1.39997
1.39997
1.39997
1.39997
1.39997
1.39997
1.39997
1.39997
1.39997
1.39997
1.39997
1.39997
1.39997
1.39997
1.39997
1.39997
1.39997
1.40001
2.12057
4.80871
5.15475
5.09409
5.04008
4.96337
4.87215
4.76739
4.65964
4.54085
4.41786
4.27953
4.0996
3.87847
3.64294
1.39997
1.39997
1.39997
1.39997
1.39997
1.39997
1.39997
1.39997
1.39997
1.39997
1.39997
1.39997
1.39997
1.39997
1.39997
1.39997
1.39997
1.39997
1.39997
1.39997
1.39997
1.39997
1.39997
1.39997
1.39997
1.45304
3.62717
5.0589
5.04227
5.01249
4.95195
4.86311
4.75225
4.63118
4.49761
4.35821
4.21091
4.04934
3.8592
3.64675
1.39997
1.39997
1.39997
1.39997
1.39997
1.39997
1.39997
1.39997
1.39997
1.39997
1.39997
1.39997
1.39997
1.39997
1.39997
1.39997
1.39997
1.39997
1.39997
1.39997
1.39997
1.39997
1.39997
1.39997
1.39997
1.40014
1.97979
4.66744
5.05654
4.98085
4.93266
4.85149
4.74827
4.62734
4.49178
4.34812
4.19432
4.03478
3.85473
3.66166
1.39997
1.39997
1.39997
1.39997
1.39997
1.39997
1.39997
1.39997
1.39997
1.39997
1.39997
1.39997
1.39997
1.39997
1.39997
1.39997
1.39997
1.39997
1.39997
1.39997
1.39997
1.39997
1.39997
1.39997
1.39997
1.39997
1.43195
3.3234
4.92847
4.92216
4.86952
4.8095
4.728
4.6284
4.50343
4.36085
4.20634
4.04848
3.8764
3.69901
1.39997
1.39997
1.39997
1.39997
1.39997
1.39997
1.39997
1.39997
1.39997
1.39997
1.39997
1.39997
1.39997
1.39997
1.39997
1.39997
1.39997
1.39997
1.39997
1.39997
1.39997
1.39997
1.39997
1.39997
1.39997
1.39997
1.40005
1.76738
4.26528
4.94089
4.86235
4.78986
4.71001
4.62107
4.51402
4.38833
4.24812
4.09751
3.93098
3.7585
1.39997
1.39997
1.39997
1.39997
1.39997
1.39997
1.39997
1.39997
1.39997
1.39997
1.39997
1.39997
1.39997
1.39997
1.39997
1.39997
1.39997
1.39997
1.39997
1.39997
1.39997
1.39997
1.39997
1.39997
1.39997
1.39997
1.39997
1.41193
2.59073
4.71873
4.83751
4.75599
4.68038
4.59118
4.49548
4.38725
4.26453
4.13045
3.98364
3.82808
1.39997
1.39997
1.39997
1.39997
1.39997
1.39997
1.39997
1.39997
1.39997
1.39997
1.39997
1.39997
1.39997
1.39997
1.39997
1.39997
1.39997
1.39997
1.39997
1.39997
1.39997
1.39997
1.39997
1.39997
1.39997
1.39997
1.39997
1.40001
1.5364
3.55466
4.80443
4.76689
4.6801
4.58081
4.48384
4.37968
4.26341
4.13735
4.00678
3.87164
1.39997
1.39997
1.39997
1.39997
1.39997
1.39997
1.39997
1.39997
1.39997
1.39997
1.39997
1.39997
1.39997
1.39997
1.39997
1.39997
1.39997
1.39997
1.39997
1.39997
1.39997
1.39997
1.39997
1.39997
1.39997
1.39997
1.39997
1.39997
1.40165
1.89534
4.11914
4.79049
4.69204
4.59226
4.48872
4.37717
4.25921
4.1359
4.01253
3.88491
1.39997
1.39997
1.39997
1.39997
1.39997
1.39997
1.39997
1.39997
1.39997
1.39997
1.39997
1.39997
1.39997
1.39997
1.39997
1.39997
1.39997
1.39997
1.39997
1.39997
1.39997
1.39997
1.39997
1.39997
1.39997
1.39997
1.39997
1.39997
1.39997
1.42183
2.36264
4.46804
4.73427
4.627
4.52026
4.39804
4.2747
4.14893
4.02578
3.89837
1.39997
1.39997
1.39997
1.39997
1.39997
1.39997
1.39997
1.39997
1.39997
1.39997
1.39997
1.39997
1.39997
1.39997
1.39997
1.39997
1.39997
1.39997
1.39997
1.39997
1.39997
1.39997
1.39997
1.39997
1.39997
1.39997
1.39997
1.39997
1.39997
1.4001
1.48515
2.92006
4.60825
4.67957
4.56061
4.44757
4.32251
4.19218
4.06405
3.93405
1.39997
1.39997
1.39997
1.39997
1.39997
1.39997
1.39997
1.39997
1.39997
1.39997
1.39997
1.39997
1.39997
1.39997
1.39997
1.39997
1.39997
1.39997
1.39997
1.39997
1.39997
1.39997
1.39997
1.39997
1.39997
1.39997
1.39997
1.39997
1.39997
1.39997
1.40092
1.62481
3.44117
4.62777
4.59737
4.49056
4.37632
4.25162
4.12188
3.98782
1.39997
1.39997
1.39997
1.39997
1.39997
1.39997
1.39997
1.39997
1.39997
1.39997
1.39997
1.39997
1.39997
1.39997
1.39997
1.39997
1.39997
1.39997
1.39997
1.39997
1.39997
1.39997
1.39997
1.39997
1.39997
1.39997
1.39997
1.39997
1.39997
1.39997
1.39997
1.40479
1.84744
3.76096
4.59431
4.54504
4.42669
4.31101
4.19082
4.06275
1.39997
1.39997
1.39997
1.39997
1.39997
1.39997
1.39997
1.39997
1.39997
1.39997
1.39997
1.39997
1.39997
1.39997
1.39997
1.39997
1.39997
1.39997
1.39997
1.39997
1.39997
1.39997
1.39997
1.39997
1.39997
1.39997
1.39997
1.39997
1.39997
1.39997
1.39997
1.39999
1.41781
2.0737
3.96475
4.53631
4.47688
4.35897
4.24831
4.1338
1.39997
1.39997
1.39997
1.39997
1.39997
1.39997
1.39997
1.39997
1.39997
1.39997
1.39997
1.39997
1.39997
1.39997
1.39997
1.39997
1.39997
1.39997
1.39997
1.39997
1.39997
1.39997
1.39997
1.39997
1.39997
1.39997
1.39997
1.39997
1.39997
1.39997
1.39997
1.39997
1.40008
1.44032
2.28661
4.06315
4.48261
4.41753
4.30237
4.19268
1.39997
1.39997
1.39997
1.39997
1.39997
1.39997
1.39997
1.39997
1.39997
1.39997
1.39997
1.39997
1.39997
1.39997
1.39997
1.39997
1.39997
1.39997
1.39997
1.39997
1.39997
1.39997
1.39997
1.39997
1.39997
1.39997
1.39997
1.39997
1.39997
1.39997
1.39997
1.39997
1.39997
1.40033
1.4715
2.45009
4.10836
4.42699
4.36156
4.24929
1.39997
1.39997
1.39997
1.39997
1.39997
1.39997
1.39997
1.39997
1.39997
1.39997
1.39997
1.39997
1.39997
1.39997
1.39997
1.39997
1.39997
1.39997
1.39997
1.39997
1.39997
1.39997
1.39997
1.39997
1.39997
1.39997
1.39997
1.39997
1.39997
1.39997
1.39997
1.39997
1.39997
1.39997
1.40083
1.50337
2.56522
4.10495
4.37219
4.31692
1.39997
1.39997
1.39997
1.39997
1.39997
1.39997
1.39997
1.39997
1.39997
1.39997
1.39997
1.39997
1.39997
1.39997
1.39997
1.39997
1.39997
1.39997
1.39997
1.39997
1.39997
1.39997
1.39997
1.39997
1.39997
1.39997
1.39997
1.39997
1.39997
1.39997
1.39997
1.39997
1.39997
1.39997
1.39997
1.40151
1.53064
2.61882
4.06778
4.32663
1.39997
1.39997
1.39997
1.39997
1.39997
1.39997
1.39997
1.39997
1.39997
1.39997
1.39997
1.39997
1.39997
1.39997
1.39997
1.39997
1.39997
1.39997
1.39997
1.39997
1.39997
1.39997
1.39997
1.39997
1.39997
1.39997
1.39997
1.39997
1.39997
1.39997
1.39997
1.39997
1.39997
1.39997
1.39997
1.39997
1.40222
1.54638
2.6185
4.02961
1.39997
1.39997
1.39997
1.39997
1.39997
1.39997
1.39997
1.39997
1.39997
1.39997
1.39997
1.39997
1.39997
1.39997
1.39997
1.39997
1.39997
1.39997
1.39997
1.39997
1.39997
1.39997
1.39997
1.39997
1.39997
1.39997
1.39997
1.39997
1.39997
1.39997
1.39997
1.39997
1.39997
1.39997
1.39997
1.39997
1.39998
1.40289
1.54445
2.71458
1.39997
1.39997
1.39997
1.39997
1.39997
1.39997
1.39997
1.39997
1.39997
1.39997
1.39997
1.39997
1.39997
1.39997
1.39997
1.39997
1.39997
1.39997
1.39997
1.39997
1.39997
1.39997
1.39997
1.39997
1.39997
1.39997
1.39997
1.39997
1.39997
1.39997
1.39997
1.39997
1.39997
1.39997
1.39997
1.39997
1.39997
1.39998
1.40245
1.59146
1.39997
1.39997
1.39997
1.39997
1.39997
1.39997
1.39997
1.39997
1.39997
1.39997
1.39997
1.39997
1.39997
1.39997
1.39997
1.39997
1.39997
1.39997
1.39997
1.39997
1.39997
1.39997
1.39997
1.39997
1.39997
1.39997
1.39997
1.39997
1.39997
1.39997
1.39997
1.39997
1.39997
1.39997
1.39997
1.39997
1.39997
1.39997
1.39998
1.40375
1.39997
1.39997
1.39997
1.39997
1.39997
1.39997
1.39997
1.39997
1.39997
1.39997
1.39997
1.39997
1.39997
1.39997
1.39997
1.39997
1.39997
1.39997
1.39997
1.39997
1.39997
1.39997
1.39997
1.39997
1.39997
1.39997
1.39997
1.39997
1.39997
1.39997
1.39997
1.39997
1.39997
1.39997
1.39997
1.39997
1.39997
1.39997
1.39997
1.39997
1.39997
1.39997
1.39997
1.39997
1.39997
1.39997
1.39997
1.39997
1.39997
1.39997
1.39997
1.39997
1.39997
1.39997
1.39997
1.39997
1.39997
1.39997
1.39997
1.39997
1.39997
1.39997
1.39997
1.39997
1.39997
1.39997
1.39997
1.39997
1.39997
1.39997
1.39997
1.39997
1.39997
1.39997
1.39997
1.39997
1.39997
1.39997
1.39997
1.39997
1.39997
1.39997
1.39997
1.39997
1.39997
1.39997
1.39997
1.39997
1.39997
1.39997
1.39997
1.39997
1.39997
1.39997
1.39997
1.39997
1.39997
1.39997
1.39997
1.39997
1.39997
1.39997
1.39997
1.39997
1.39997
1.39997
1.39997
1.39997
1.39997
1.39997
1.39997
1.39997
1.39997
1.39997
1.39997
1.39997
1.39997
1.39997
1.39997
1.39997
1.39997
1.39997
1.39997
1.39997
1.39997
1.39997
1.39997
1.39997
1.39997
1.39997
1.39997
1.39997
1.39997
1.39997
1.39997
1.39997
1.39997
1.39997
1.39997
1.39997
1.39997
1.39997
1.39997
1.39997
1.39997
1.39997
1.39997
1.39997
1.39997
1.39997
1.39997
1.39997
1.39997
1.39997
1.39997
1.39997
1.39997
1.39997
1.39997
1.39997
1.39997
1.39997
1.39997
1.39997
1.39997
1.39997
1.39997
1.39997
1.39997
1.39997
1.39997
1.39997
1.39997
1.39997
1.39997
1.39997
1.39997
1.39997
1.39997
1.39997
1.39997
1.39997
1.39997
1.39997
1.39997
1.39997
1.39997
1.39997
1.39997
1.39997
1.39997
1.39997
1.39997
1.39997
1.39997
1.39997
1.39997
1.39997
1.39997
1.39997
1.39997
1.39997
1.39997
1.39997
1.39997
1.39997
1.39997
1.39997
1.39997
1.39997
1.39997
1.39997
1.39997
1.39997
1.39997
1.39997
1.39997
1.39997
1.39997
1.39997
1.39997
1.39997
1.39997
1.39997
1.39997
1.39997
1.39997
1.39997
1.39997
1.39997
1.39997
1.39997
1.39997
1.39997
1.39997
1.39997
1.39997
1.39997
1.39997
1.39997
1.39997
1.39997
1.39997
1.39997
1.39997
1.39997
1.39997
1.39997
1.39997
1.39997
1.39997
1.39997
1.39997
1.39997
1.39997
1.39997
1.39997
1.39997
1.39997
1.39997
1.39997
1.39997
1.39997
1.39997
1.39997
1.39997
1.39997
1.39997
1.39997
1.39997
1.39997
1.39997
1.39997
1.39997
1.39997
1.39997
1.39997
1.39997
1.39997
1.39997
1.39997
1.39997
1.39997
1.39997
1.39997
1.39997
1.39997
1.39997
1.39997
1.39997
1.39997
1.39997
1.39997
1.39997
1.39997
1.39997
1.39997
1.39997
1.39997
1.39997
1.39997
1.39997
1.39997
1.39997
1.39997
1.39997
1.39997
1.39997
1.39997
1.39997
1.39997
1.39997
1.39997
1.39997
1.39997
1.39997
1.39997
1.39997
1.39997
1.39997
1.39997
1.39997
1.39997
1.39997
1.39997
1.39997
1.39997
1.39997
1.39997
1.39997
1.39997
1.39997
1.39997
1.39997
1.39997
1.39997
1.39997
1.39997
1.39997
1.39997
1.39997
1.39997
1.39997
1.39997
1.39997
1.39997
1.39997
1.39997
1.39997
1.39997
1.39997
1.39997
1.39997
1.39997
1.39997
1.39997
1.39997
1.39997
1.39997
1.39997
1.39997
1.39997
1.39997
1.39997
1.39997
1.39997
1.39997
1.39997
1.39997
1.39997
1.39997
1.39997
1.39997
1.39997
1.39997
1.39997
1.39997
1.39997
1.39997
1.39997
1.39997
1.39997
1.39997
1.39997
1.39997
1.39997
1.39997
1.39997
1.39997
1.39997
1.39997
1.39997
1.39997
1.39997
1.39997
1.39997
1.39997
1.39997
1.39997
1.39997
1.39997
1.39997
1.39997
1.39997
1.39997
1.39997
1.39997
1.39997
1.39997
1.39997
1.39997
1.39997
1.39997
1.39997
1.39997
1.39997
1.39997
1.39997
1.39997
1.39997
1.39997
1.39997
1.39997
1.39997
1.39997
1.39997
1.39997
1.39997
1.39997
1.39997
1.39997
1.39997
1.39997
1.39997
1.39997
1.39997
1.39997
1.39997
1.39997
1.39997
1.39997
1.39997
1.39997
1.39997
1.39997
1.39997
1.39997
1.39997
1.39997
1.39997
1.39997
1.39997
1.39997
1.39997
1.39997
1.39997
1.39997
1.39997
1.39997
1.39997
1.39997
1.39997
1.39997
1.39997
1.39997
1.39997
1.39997
1.39997
1.39997
1.39997
1.39997
1.39997
1.39997
1.39997
1.39997
1.39997
1.39997
1.39997
1.39997
1.39997
0.852214
0.375132
0.481053
0.60762
0.709921
0.752915
0.806408
0.867618
0.894014
0.907781
0.914974
0.922299
0.937251
0.950702
0.951034
0.94292
0.925641
0.90271
0.881911
0.863784
0.855764
0.923114
1.38334
2.07623
2.41647
2.3639
2.27116
2.1924
2.11222
2.04197
1.96959
1.90864
1.85795
1.81148
1.76089
1.7059
1.65041
1.59274
1.54305
1.46696
1.56453
0.678441
0.569769
0.620029
0.724895
0.801881
0.844092
0.885557
0.903818
0.912266
0.92042
0.930661
0.94221
0.951241
0.950098
0.941115
0.924872
0.907008
0.886449
0.865879
0.875821
1.06131
1.41716
1.84521
2.22231
2.34131
2.33369
2.25644
2.16882
2.08964
2.01699
1.9457
1.88269
1.83226
1.78337
1.73032
1.67383
1.61382
1.56201
1.48411
1.96937
1.03224
0.645444
0.678671
0.778687
0.882751
0.939838
0.970506
0.979152
0.97563
0.978397
0.986212
0.995827
1.00197
0.999243
0.986173
0.964715
0.943672
0.919071
0.909451
0.984606
1.30821
1.55195
1.65684
2.03841
2.3694
2.46896
2.41552
2.31789
2.1989
2.10056
2.01943
1.95649
1.90825
1.85369
1.79081
1.72388
1.6564
1.59862
1.51714
2.27108
1.37814
0.895531
0.780756
0.824933
0.908324
0.980189
1.02035
1.04337
1.02782
1.02323
1.03466
1.05101
1.05676
1.05119
1.03438
1.01429
0.993128
0.972432
0.984735
1.20239
1.54075
1.71174
1.70531
1.7818
2.13054
2.40452
2.46496
2.4503
2.34943
2.2234
2.12868
2.05118
1.98953
1.93577
1.87657
1.81351
1.74436
1.68126
1.58985
2.56061
1.67122
1.17412
0.883434
0.878632
0.903535
0.962895
1.01215
1.04894
1.05611
1.05798
1.06943
1.08857
1.09436
1.08766
1.07112
1.05094
1.03175
1.02472
1.10668
1.48162
1.75194
1.77124
1.7357
1.69809
1.76758
2.07214
2.37307
2.45105
2.39848
2.33434
2.24677
2.14066
2.04711
1.98766
1.94191
1.89268
1.83203
1.76822
1.66816
2.80992
1.93653
1.41151
1.06502
0.957726
0.908319
0.928002
0.972268
1.02459
1.05743
1.08215
1.10932
1.13133
1.13596
1.12765
1.11327
1.09133
1.07002
1.08558
1.33635
1.71874
1.85831
1.82929
1.77317
1.70594
1.65932
1.71966
2.00251
2.2912
2.38117
2.34955
2.30614
2.21609
2.10937
2.02782
1.97646
1.93286
1.88281
1.828
1.72977
2.97492
2.17055
1.59826
1.25475
1.04596
0.953255
0.925006
0.934903
0.972006
1.03451
1.08325
1.13766
1.16325
1.16237
1.14989
1.12734
1.10342
1.10013
1.20317
1.64514
1.88465
1.88282
1.84783
1.77746
1.70794
1.64176
1.60365
1.65131
1.88834
2.19463
2.31281
2.28878
2.24767
2.1705
2.07975
1.99778
1.93668
1.89274
1.85147
1.76668
3.03988
2.34763
1.74859
1.41869
1.17835
1.06217
0.946646
0.941181
0.946997
0.998952
1.06881
1.13632
1.16438
1.16279
1.15075
1.12457
1.10352
1.12676
1.44097
1.85825
1.93404
1.90221
1.84215
1.77091
1.70014
1.6355
1.58549
1.5505
1.57665
1.78739
2.08537
2.22603
2.22052
2.19016
2.12851
2.03595
1.95127
1.89552
1.85172
1.77906
3.0932
2.45841
1.91145
1.56218
1.31498
1.14933
0.997158
0.957711
0.955506
0.979462
1.04259
1.12267
1.15151
1.14884
1.13944
1.11118
1.09547
1.21731
1.71662
1.95808
1.9476
1.90686
1.83898
1.76636
1.69312
1.63212
1.57833
1.53607
1.50894
1.5231
1.68624
1.96769
2.14205
2.16132
2.13198
2.07088
1.98093
1.91089
1.85931
1.78539
3.15
2.5515
2.06349
1.69823
1.44633
1.26278
1.09228
1.00082
0.964255
0.970687
1.00754
1.07844
1.12996
1.12977
1.11939
1.08931
1.10624
1.45105
1.88968
1.99424
1.96788
1.91017
1.8384
1.76633
1.69274
1.6331
1.58267
1.53681
1.49831
1.47682
1.47885
1.59181
1.85479
2.04701
2.09342
2.06754
2.01152
1.93897
1.87948
1.79811
3.21415
2.64955
2.20228
1.82285
1.56892
1.36218
1.18694
1.06075
0.986994
0.988324
0.987724
1.01021
1.06362
1.0973
1.08828
1.07406
1.19695
1.74546
1.9826
2.0147
1.97824
1.91494
1.84282
1.77095
1.69907
1.63946
1.5917
1.54789
1.50489
1.46967
1.44455
1.42643
1.49468
1.71909
1.95451
2.03802
1.99344
1.95756
1.90207
1.81406
3.30268
2.75547
2.32547
1.94361
1.68772
1.45471
1.27606
1.1424
1.05199
1.01394
0.977159
0.967591
0.989176
1.03755
1.04833
1.07846
1.433
1.94688
2.04907
2.02878
1.97753
1.91576
1.8469
1.77623
1.70761
1.65015
1.6029
1.55536
1.51299
1.47583
1.43433
1.40037
1.37575
1.41749
1.60623
1.85598
1.94158
1.93226
1.91085
1.841
3.40834
2.86772
2.44239
2.06202
1.7929
1.54435
1.36223
1.2176
1.12194
1.04767
0.982014
0.961006
0.95868
0.980227
1.01289
1.17118
1.72042
2.04483
2.06615
2.02792
1.96425
1.89796
1.83236
1.77215
1.71757
1.66736
1.61947
1.56895
1.51612
1.46661
1.42843
1.3929
1.36694
1.35149
1.37126
1.49007
1.71361
1.85906
1.89887
1.84558
3.49664
2.97413
2.55477
2.17129
1.8903
1.63162
1.44808
1.29176
1.20224
1.10488
1.00992
0.971167
0.953857
0.95996
1.01354
1.38358
1.94438
2.08645
2.06413
2.00422
1.93986
1.87102
1.8121
1.7678
1.72388
1.67875
1.63299
1.58368
1.5205
1.46093
1.42458
1.39469
1.36665
1.34554
1.32763
1.31082
1.38034
1.55192
1.74926
1.81345
3.542
3.05499
2.64622
2.27109
1.96929
1.71573
1.5366
1.37659
1.27573
1.1506
1.05399
0.991387
0.95676
0.960233
1.07433
1.62663
2.02255
2.07782
2.03771
1.9631
1.90274
1.83796
1.79184
1.7631
1.73361
1.69714
1.65173
1.59788
1.52542
1.45807
1.42884
1.40745
1.38145
1.35493
1.31927
1.28344
1.26203
1.29191
1.41136
1.64951
3.57172
3.1165
2.71214
2.3543
2.03874
1.80281
1.6152
1.46228
1.34488
1.20617
1.11973
1.01891
0.972018
0.984029
1.25059
1.78991
1.98405
2.02879
1.97622
1.90959
1.87245
1.82462
1.78116
1.76868
1.75434
1.71636
1.6641
1.60317
1.52889
1.47081
1.44051
1.40655
1.37084
1.34165
1.30916
1.27237
1.24717
1.22414
1.22691
1.3723
3.6078
3.17098
2.76652
2.42307
2.10644
1.89201
1.69131
1.5413
1.40515
1.26699
1.17316
1.0592
0.999073
1.04701
1.49948
1.89482
1.92939
1.92748
1.89621
1.86374
1.85448
1.82116
1.79223
1.78034
1.76168
1.71429
1.65721
1.59677
1.53208
1.48887
1.45256
1.4076
1.36642
1.33472
1.30012
1.26715
1.24143
1.21354
1.19137
1.1901
3.65578
3.22367
2.81988
2.48593
2.18501
1.97503
1.76466
1.61387
1.45611
1.33368
1.22602
1.11204
1.04371
1.20368
1.7547
1.92095
1.89624
1.86442
1.83393
1.82617
1.83906
1.82989
1.80799
1.77924
1.73642
1.68131
1.62615
1.57826
1.53214
1.49851
1.46006
1.409
1.36362
1.32895
1.29321
1.26362
1.23826
1.20989
1.18422
1.15358
3.72969
3.28447
2.88512
2.55242
2.27938
2.05442
1.84027
1.67893
1.50417
1.39945
1.27212
1.16769
1.1207
1.48397
1.96585
1.95844
1.90749
1.84961
1.80989
1.79127
1.80522
1.80658
1.78225
1.74729
1.70264
1.63642
1.58598
1.55788
1.52954
1.50233
1.4638
1.41036
1.3635
1.3265
1.28801
1.26446
1.23959
1.21221
1.18607
1.14639
3.8155
3.35892
2.96821
2.63548
2.37945
2.12877
1.91498
1.73573
1.56708
1.46161
1.31063
1.22104
1.29077
1.82175
2.08418
2.02983
1.9378
1.86159
1.80646
1.75568
1.74075
1.73917
1.72043
1.70323
1.66296
1.5966
1.55494
1.54116
1.53048
1.50701
1.46692
1.41586
1.37136
1.33257
1.28822
1.25623
1.22614
1.20193
1.18322
1.14346
3.89491
3.44236
3.06642
2.73604
2.4803
2.20437
1.99158
1.78338
1.64196
1.51336
1.36089
1.29663
1.59706
2.14635
2.15142
2.08019
1.975
1.88157
1.80738
1.74904
1.71147
1.67143
1.63678
1.63304
1.61512
1.568
1.54408
1.5354
1.52088
1.50137
1.47031
1.42382
1.37996
1.32693
1.28213
1.24899
1.21624
1.19559
1.18084
1.14257
3.9636
3.53318
3.17439
2.84734
2.56728
2.27779
2.05873
1.83848
1.71781
1.55347
1.42427
1.44232
1.99521
2.34644
2.26238
2.14103
2.02385
1.91263
1.81284
1.74378
1.69808
1.65162
1.59777
1.57314
1.5699
1.54435
1.54013
1.54223
1.51731
1.48166
1.44848
1.41749
1.37288
1.3169
1.27562
1.24206
1.20936
1.19138
1.17831
1.14046
4.02967
3.62911
3.2746
2.9503
2.6297
2.34984
2.11004
1.91123
1.78013
1.59723
1.49985
1.74792
2.38597
2.44467
2.35137
2.21121
2.07992
1.96349
1.85348
1.76641
1.70075
1.64308
1.58723
1.54841
1.52881
1.51118
1.51355
1.51599
1.48714
1.4558
1.42744
1.39527
1.35022
1.30497
1.27149
1.23707
1.205
1.19227
1.17775
1.13565
4.11717
3.72937
3.35556
3.0157
2.67138
2.41439
2.15734
1.99249
1.82585
1.6619
1.61787
2.20541
2.66958
2.56571
2.41896
2.27055
2.12828
1.99931
1.88871
1.80037
1.72379
1.65162
1.58946
1.54112
1.50122
1.46341
1.45837
1.45694
1.43062
1.41687
1.39798
1.37083
1.32625
1.29374
1.26951
1.23679
1.21023
1.20076
1.18524
1.13716
4.19265
3.84756
3.42697
3.0561
2.71597
2.46996
2.22122
2.06894
1.85982
1.73332
1.92056
2.65608
2.80642
2.67728
2.50334
2.34634
2.20113
2.06284
1.93953
1.83758
1.7495
1.6647
1.59377
1.5434
1.49082
1.43863
1.39994
1.38238
1.36402
1.36073
1.3615
1.34322
1.31116
1.28987
1.27358
1.24508
1.22091
1.20251
1.17625
1.12441
4.18353
3.9528
3.47969
3.08429
2.77797
2.5219
2.30322
2.12886
1.91814
1.83569
2.43453
3.03732
2.90484
2.734
2.56292
2.4016
2.25101
2.11161
1.98682
1.87803
1.78175
1.69344
1.6172
1.55179
1.48806
1.42903
1.3835
1.34814
1.31872
1.30799
1.32114
1.31216
1.30541
1.30065
1.29104
1.26399
1.23416
1.20645
1.17114
1.11768
3.89154
3.83635
3.5107
3.1364
2.8672
2.58494
2.39782
2.16911
1.99589
2.12574
2.97612
3.19292
3.01428
2.81358
2.63594
2.46865
2.31134
2.16777
2.03885
1.92
1.80967
1.71091
1.63295
1.5648
1.494
1.42607
1.37395
1.33756
1.30565
1.28056
1.28159
1.28174
1.28483
1.29271
1.28174
1.2502
1.21922
1.19168
1.15981
1.11084
3.01995
3.74449
3.54389
3.23577
2.96266
2.67538
2.48411
2.22259
2.10958
2.70815
3.45408
3.29495
3.08492
2.88282
2.69445
2.51797
2.35629
2.21258
2.08509
1.96713
1.85485
1.75096
1.6619
1.58489
1.51084
1.44061
1.38817
1.34073
1.29878
1.27388
1.2571
1.24974
1.25283
1.26978
1.2607
1.22609
1.19948
1.17671
1.14719
1.10341
2.66085
3.68218
3.58628
3.3355
3.05462
2.79052
2.53963
2.3064
2.3796
3.36125
3.63858
3.4095
3.16899
2.95108
2.74747
2.56101
2.39568
2.25146
2.12297
2.00384
1.89131
1.78692
1.69491
1.61059
1.53116
1.46299
1.41029
1.35941
1.31115
1.27726
1.25217
1.22356
1.20978
1.2197
1.20992
1.18047
1.17043
1.1581
1.13337
1.09746
2.17165
3.66894
3.63586
3.40643
3.09976
2.87848
2.59004
2.42316
3.00679
3.92437
3.75809
3.48919
3.23848
3.0124
2.79815
2.59954
2.42966
2.29028
2.16904
2.05405
1.94086
1.83278
1.73645
1.64871
1.56819
1.49958
1.43793
1.37736
1.32443
1.28634
1.25381
1.21675
1.18305
1.17333
1.15908
1.13677
1.13748
1.1342
1.11695
1.09096
1.68504
3.46964
3.65314
3.4473
3.1636
2.93979
2.67107
2.63653
3.767
4.14992
3.87028
3.57352
3.30864
3.06569
2.84042
2.63743
2.46278
2.31573
2.1913
2.0808
1.97507
1.87187
1.77461
1.68261
1.60124
1.53576
1.4774
1.41553
1.35503
1.30063
1.25539
1.21226
1.17658
1.152
1.12775
1.10476
1.1078
1.10298
1.09567
1.08265
1.41691
3.02923
3.60027
3.47648
3.24972
2.96389
2.74217
3.25546
4.4144
4.26304
3.94656
3.64231
3.37036
3.11622
2.87985
2.67621
2.51056
2.3696
2.24079
2.12002
2.00979
1.90961
1.8154
1.72389
1.6361
1.55794
1.49425
1.43768
1.38158
1.3206
1.25977
1.20803
1.17272
1.14279
1.11101
1.07955
1.07856
1.06787
1.06897
1.06467
1.39966
2.50595
3.5947
3.55251
3.33571
3.00926
2.86709
4.12829
4.69856
4.36288
4.0193
3.70593
3.42027
3.16088
2.92858
2.72746
2.56089
2.4199
2.29016
2.16571
2.05073
1.94775
1.85292
1.76562
1.68236
1.6021
1.5299
1.46124
1.39317
1.32871
1.26521
1.20761
1.17057
1.13699
1.10047
1.06902
1.05399
1.03533
1.03502
1.03418
1.39986
1.9616
3.46773
3.58822
3.37677
3.06803
3.42415
4.89203
4.84223
4.45732
4.08715
3.76688
3.47186
3.20819
2.98652
2.80154
2.64038
2.49009
2.34801
2.2174
2.0996
1.99331
1.8901
1.79018
1.705
1.63166
1.56156
1.48576
1.4138
1.3476
1.28099
1.22087
1.1767
1.13305
1.092
1.06307
1.03954
1.0058
0.999856
0.994417
1.39993
1.54756
3.13433
3.56318
3.41739
3.16584
4.35275
5.35061
4.95183
4.5313
4.15558
3.82774
3.52957
3.26518
3.04451
2.8651
2.70951
2.55539
2.40348
2.26372
2.1417
2.03553
1.93245
1.82657
1.73408
1.65138
1.56408
1.48851
1.4368
1.37459
1.2995
1.23584
1.18704
1.13762
1.09276
1.06073
1.03017
0.996925
0.972082
0.948666
1.39996
1.41736
2.5968
3.58426
3.48144
3.58575
5.3492
5.57018
5.0864
4.63956
4.25706
3.9219
3.6224
3.35941
3.13299
2.94411
2.7791
2.61455
2.45319
2.30476
2.17303
2.05218
1.95401
1.87485
1.77846
1.67656
1.57931
1.50875
1.44158
1.3708
1.31991
1.26788
1.21548
1.15555
1.09942
1.0605
1.02509
0.990512
0.959502
0.924836
1.39997
1.40121
2.00011
3.4482
3.47625
4.58989
6.16087
5.74224
5.22345
4.75512
4.35675
4.01541
3.71503
3.45027
3.21582
3.01177
2.83446
2.66494
2.49969
2.34819
2.20995
2.08645
1.97751
1.86676
1.76111
1.66353
1.59341
1.52759
1.44859
1.38018
1.31602
1.25908
1.20284
1.14424
1.09369
1.05416
1.01494
0.979625
0.94955
0.909313
1.39997
1.40004
1.5623
2.92511
3.50432
5.93201
6.70159
5.99278
5.37406
4.87062
4.45197
4.09922
3.79739
3.52952
3.28453
3.0611
2.8605
2.67807
2.51052
2.36009
2.22358
2.10322
1.98803
1.87291
1.76516
1.67855
1.60901
1.53434
1.45864
1.38989
1.3227
1.26434
1.20534
1.14875
1.09892
1.05614
1.01376
0.978242
0.946978
0.903806
1.39997
1.39997
1.41847
2.28998
4.22227
7.03405
6.93423
6.17392
5.49357
4.95981
4.52619
4.16265
3.85396
3.57661
3.34763
3.13862
2.91903
2.72223
2.55315
2.4045
2.2702
2.14328
2.01748
1.90228
1.80406
1.72151
1.63896
1.55891
1.48618
1.4173
1.35092
1.28708
1.22219
1.1678
1.11986
1.07439
1.02886
0.990084
0.955718
0.906873
1.39997
1.39997
1.40092
2.16379
5.22291
8.26161
7.2038
6.24353
5.52142
4.97974
4.54597
4.17951
3.86315
3.59639
3.34881
3.10745
2.87761
2.67589
2.5081
2.36457
2.23503
2.10724
1.97922
1.86678
1.7745
1.69206
1.60892
1.53218
1.46002
1.39361
1.32878
1.26502
1.19781
1.14625
1.10056
1.05645
1.01048
0.97278
0.938089
0.889722
)
;

boundaryField
{
    inlet
    {
        type            calculated;
        value           uniform 1.39997;
    }
    outlet
    {
        type            calculated;
        value           nonuniform List<scalar> 
40
(
1.46648
1.48344
1.51651
1.58982
1.66836
1.73008
1.7669
1.77917
1.78587
1.79841
1.81377
1.84007
1.84728
1.8155
1.6546
1.37913
1.19249
1.15381
1.14659
1.14373
1.14284
1.14073
1.13603
1.13768
1.12486
1.11819
1.11129
1.10365
1.09748
1.09095
1.08256
1.06456
1.03413
0.994557
0.9489
0.925041
0.90949
0.903984
0.907053
0.889923
)
;
    }
    top
    {
        type            symmetryPlane;
    }
    bottom
    {
        type            symmetryPlane;
    }
    step
    {
        type            calculated;
        value           nonuniform List<scalar> 
80
(
5.95515
5.71178
5.56728
5.69732
5.86789
5.97424
5.86329
5.84378
5.89991
5.89477
6.21073
6.06584
5.81549
5.47045
5.45002
5.45625
5.80066
6.3788
6.48958
6.00087
5.19329
5.12463
5.10597
5.40479
6.3812
6.59098
6.48
5.07866
4.77966
4.72223
4.79156
5.52862
6.36109
6.33392
6.07358
4.74915
4.51391
4.37527
4.2446
4.08227
0.852214
0.375132
0.481053
0.60762
0.709921
0.752915
0.806408
0.867618
0.894014
0.907781
0.914974
0.922299
0.937251
0.950702
0.951034
0.94292
0.925641
0.90271
0.881911
0.863784
0.855764
0.923114
1.38334
2.07623
2.41647
2.3639
2.27116
2.1924
2.11222
2.04197
1.96959
1.90864
1.85795
1.81148
1.76089
1.7059
1.65041
1.59274
1.54305
1.46696
)
;
    }
    defaultFaces
    {
        type            empty;
    }
}


// ************************************************************************* //
