/*--------------------------------*- C++ -*----------------------------------*\
  =========                 |
  \\      /  F ield         | OpenFOAM: The Open Source CFD Toolbox
   \\    /   O peration     | Website:  https://openfoam.org
    \\  /    A nd           | Version:  6.0
     \\/     M anipulation  |
\*---------------------------------------------------------------------------*/
FoamFile
{
    version     2.0;
    format      ascii;
    class       volVectorField;
    location    "3";
    object      U;
}
// * * * * * * * * * * * * * * * * * * * * * * * * * * * * * * * * * * * * * //

dimensions      [0 1 -1 0 0 0 0];

internalField   nonuniform List<vector> 
3000
(
(3.09249 1.15644e-05 -0.0762317)
(3.11483 2.16181e-05 -0.0830692)
(3.11847 7.56737e-05 -0.0851073)
(3.11409 0.000143164 -0.0865022)
(3.09377 0.000251827 -0.0911046)
(3.0006 0.000424339 -0.104183)
(2.56286 0.00179505 -0.159019)
(1.53682 -0.00160298 -0.282911)
(0.24346 0.0129232 -0.317654)
(0.253544 0.0326731 -0.309074)
(3.09249 4.52276e-05 -0.0762335)
(3.11484 7.25601e-05 -0.0830614)
(3.11851 0.0002619 -0.085106)
(3.11413 0.000509514 -0.0864904)
(3.09385 0.000972061 -0.091078)
(3.0008 0.00217936 -0.10413)
(2.56365 0.00783776 -0.159245)
(1.50795 0.0187903 -0.287877)
(0.225126 0.0529767 -0.321095)
(0.252078 0.080954 -0.304672)
(3.09251 9.05042e-05 -0.0762445)
(3.11488 0.000133518 -0.0830356)
(3.11859 0.000489516 -0.0851116)
(3.11428 0.000963477 -0.086465)
(3.09423 0.00189789 -0.0910195)
(3.0023 0.00466337 -0.103931)
(2.57141 0.014846 -0.158724)
(1.53881 0.0439793 -0.280091)
(0.253412 0.0950099 -0.318563)
(0.264346 0.129232 -0.300319)
(3.09253 0.000135549 -0.0762638)
(3.11494 0.000199141 -0.0829929)
(3.11873 0.000735185 -0.0851228)
(3.11451 0.0014421 -0.0864269)
(3.09486 0.00279725 -0.0909355)
(3.00451 0.00655946 -0.103612)
(2.57947 0.0204307 -0.158048)
(1.57285 0.0527451 -0.275818)
(0.251596 0.137768 -0.31709)
(0.266359 0.189678 -0.297629)
(3.09257 0.000195888 -0.0762871)
(3.11502 0.000281815 -0.082936)
(3.11893 0.00105438 -0.0851352)
(3.11483 0.00206891 -0.0863741)
(3.09562 0.00398758 -0.0908078)
(3.00699 0.00917476 -0.103296)
(2.58927 0.0280073 -0.15689)
(1.59935 0.0673306 -0.273737)
(0.25891 0.198304 -0.314506)
(0.271992 0.268546 -0.294381)
(3.09262 0.000279102 -0.0763247)
(3.11514 0.000402342 -0.0828468)
(3.11922 0.00149479 -0.0851579)
(3.11531 0.00291235 -0.0862965)
(3.09678 0.00553386 -0.0906477)
(3.01073 0.0124591 -0.102649)
(2.6024 0.0381243 -0.156738)
(1.63312 0.0897524 -0.269527)
(0.278017 0.272588 -0.310822)
(0.282758 0.361504 -0.290272)
(3.09269 0.000398165 -0.0763677)
(3.11531 0.000616147 -0.082733)
(3.11962 0.00215207 -0.0851818)
(3.11592 0.00408568 -0.0861984)
(3.09819 0.00755414 -0.0904134)
(3.01534 0.0169571 -0.102057)
(2.62078 0.0513016 -0.154316)
(1.6851 0.119394 -0.264386)
(0.310185 0.362208 -0.306422)
(0.298594 0.470601 -0.285363)
(3.09281 0.00054462 -0.0764028)
(3.11557 0.000975036 -0.0825847)
(3.12018 0.00297785 -0.0852159)
(3.11676 0.00539549 -0.0860827)
(3.10023 0.00946964 -0.0901762)
(3.02238 0.019975 -0.100753)
(2.64608 0.0650446 -0.154241)
(1.74406 0.14589 -0.255563)
(0.353462 0.467412 -0.300221)
(0.318383 0.598892 -0.278675)
(3.09298 0.000712192 -0.0763826)
(3.11593 0.00137144 -0.0824444)
(3.12085 0.00387363 -0.0852163)
(3.11766 0.00682955 -0.0859722)
(3.10208 0.0116269 -0.0898187)
(3.02949 0.0234304 -0.0999997)
(2.68083 0.0812392 -0.14761)
(1.81457 0.181615 -0.251028)
(0.414705 0.599628 -0.293292)
(0.343034 0.759519 -0.271233)
(3.09321 0.000932741 -0.0763661)
(3.11639 0.00176646 -0.0822595)
(3.1217 0.0049788 -0.0852298)
(3.11882 0.00879338 -0.0858306)
(3.10462 0.0150975 -0.0894012)
(3.03945 0.0308989 -0.0986486)
(2.72915 0.101043 -0.14143)
(1.91179 0.231006 -0.242227)
(0.493404 0.758407 -0.284453)
(0.361239 0.961125 -0.260257)
(3.00388 1.39201e-05 -0.0133123)
(3.01117 3.78466e-05 -0.0199185)
(3.01104 9.4175e-05 -0.0219524)
(3.00247 0.000218526 -0.0240756)
(2.9682 0.000475825 -0.0277147)
(2.86478 0.000996246 -0.0341953)
(2.50777 0.00238406 -0.0488279)
(0.746657 0.0117326 -0.103856)
(-0.431915 0.0260131 -0.100017)
(0.495687 -0.08538 -0.0902735)
(3.00389 5.23591e-05 -0.0133132)
(3.0112 0.000132034 -0.0199176)
(3.01109 0.000313536 -0.021952)
(3.00257 0.000711108 -0.0240706)
(2.96844 0.00154927 -0.0276991)
(2.86517 0.00335678 -0.0341704)
(2.5101 0.00804144 -0.0486837)
(0.737185 0.0295199 -0.103265)
(-0.510311 0.0727717 -0.100995)
(0.0182496 0.039414 -0.0940062)
(3.00391 0.000102302 -0.0133161)
(3.01127 0.000248655 -0.0199152)
(3.01117 0.000573774 -0.0219533)
(3.00278 0.00127377 -0.0240641)
(2.96892 0.00274052 -0.0276791)
(2.86648 0.00592476 -0.0341224)
(2.51392 0.0138653 -0.0485782)
(0.786979 0.0449711 -0.10301)
(-0.485734 0.125357 -0.101236)
(0.0120083 0.165231 -0.0929405)
(3.00394 0.000152158 -0.0133212)
(3.01138 0.000374007 -0.0199103)
(3.0113 0.000866668 -0.0219559)
(3.00308 0.00191298 -0.0240555)
(2.9696 0.00406182 -0.0276528)
(2.86852 0.00862772 -0.0340475)
(2.52008 0.0198445 -0.0483667)
(0.80049 0.0668128 -0.102915)
(-0.468298 0.191268 -0.100343)
(0.0159959 0.285312 -0.0911134)
(3.00399 0.00022068 -0.0133283)
(3.01154 0.000544667 -0.0199018)
(3.01149 0.00126056 -0.0219581)
(3.00354 0.00275841 -0.0240416)
(2.97067 0.00578646 -0.0276052)
(2.871 0.0121313 -0.0339419)
(2.52791 0.0278374 -0.0480412)
(0.821007 0.0944686 -0.102424)
(-0.443883 0.267243 -0.0990752)
(0.0223906 0.400816 -0.0891475)
(3.00405 0.00033001 -0.013339)
(3.01177 0.000806968 -0.0198866)
(3.01176 0.00182404 -0.0219614)
(3.00416 0.00389638 -0.0240248)
(2.97206 0.00802639 -0.027551)
(2.87502 0.016659 -0.033782)
(2.54055 0.0381004 -0.0474971)
(0.872084 0.127015 -0.101433)
(-0.399574 0.352412 -0.097628)
(0.0327481 0.517131 -0.0868257)
(3.00417 0.000569367 -0.0133532)
(3.01209 0.00130905 -0.0198612)
(3.01214 0.0026752 -0.0219688)
(3.00503 0.00536059 -0.0240059)
(2.97407 0.010776 -0.0274701)
(2.87988 0.0222425 -0.0335777)
(2.55608 0.0511979 -0.0468566)
(0.930081 0.167962 -0.100284)
(-0.345656 0.450411 -0.0959693)
(0.0424619 0.641913 -0.084471)
(3.0044 0.0010048 -0.0133717)
(3.01254 0.00216957 -0.0198214)
(3.01267 0.00392689 -0.022015)
(3.00613 0.00720512 -0.0239941)
(2.97643 0.0140032 -0.0273786)
(2.888 0.0288239 -0.0332424)
(2.58105 0.0672067 -0.0458065)
(1.04804 0.215646 -0.0981224)
(-0.260572 0.562366 -0.0941693)
(0.0521402 0.778719 -0.0816298)
(3.00485 0.00143926 -0.0133916)
(3.01314 0.00303503 -0.0197717)
(3.0134 0.00523735 -0.0220743)
(3.00757 0.00921556 -0.023969)
(2.98003 0.0175915 -0.0271968)
(2.89644 0.0365286 -0.0328252)
(2.60821 0.0869372 -0.0447141)
(1.17542 0.27775 -0.0949695)
(-0.15821 0.699112 -0.0921801)
(0.0596606 0.93463 -0.0789375)
(3.0054 0.00179804 -0.0134176)
(3.0139 0.00376668 -0.0197134)
(3.0143 0.00647501 -0.0221566)
(3.00932 0.0113193 -0.0239453)
(2.98435 0.0214542 -0.0269902)
(2.90839 0.0443464 -0.0322822)
(2.64794 0.104427 -0.0431581)
(1.38857 0.323841 -0.0905159)
(-0.0164274 0.851224 -0.0898896)
(0.0682526 1.11279 -0.0762245)
(2.97274 6.17772e-06 0.000726875)
(2.96463 3.05853e-05 -0.00225883)
(2.95789 8.78496e-05 -0.0034336)
(2.93797 0.000212285 -0.00514437)
(2.88799 0.00048242 -0.00769579)
(2.75969 0.0010905 -0.0118392)
(2.36514 0.00265688 -0.020432)
(0.78874 0.00925344 -0.0442337)
(-0.437166 0.0261664 -0.0458243)
(-0.315771 0.0442015 -0.0453356)
(2.97275 2.1599e-05 0.000725649)
(2.96465 0.000104675 -0.0022595)
(2.95795 0.000284188 -0.00343422)
(2.93809 0.000666293 -0.00514435)
(2.88826 0.00149463 -0.00769343)
(2.76029 0.00337105 -0.0118314)
(2.36743 0.00811197 -0.0203948)
(0.797456 0.0249882 -0.044376)
(-0.437563 0.0695202 -0.0459136)
(-0.265619 0.115995 -0.0438007)
(2.97277 3.93391e-05 0.000722321)
(2.96471 0.000201474 -0.00226064)
(2.95807 0.000519743 -0.00343782)
(2.93834 0.00117943 -0.00514599)
(2.88881 0.00260273 -0.00769099)
(2.76159 0.00582988 -0.011821)
(2.37107 0.0139414 -0.0203551)
(0.807025 0.0417325 -0.044252)
(-0.430209 0.130223 -0.0456581)
(-0.24768 0.224542 -0.0426704)
(2.97281 5.546e-05 0.000716744)
(2.9648 0.000322895 -0.00226114)
(2.95826 0.000812871 -0.00344621)
(2.93875 0.00180333 -0.00514886)
(2.88968 0.00392426 -0.00768349)
(2.76369 0.0087292 -0.0117904)
(2.37746 0.0208909 -0.0202455)
(0.83056 0.0637604 -0.0439724)
(-0.405716 0.202356 -0.0450544)
(-0.229662 0.341948 -0.0414387)
(2.97287 7.86481e-05 0.000708902)
(2.96495 0.000504338 -0.00225979)
(2.95855 0.00122694 -0.00345855)
(2.93934 0.00263493 -0.00515304)
(2.89098 0.0056142 -0.00767092)
(2.76678 0.0123704 -0.0117427)
(2.38723 0.0296245 -0.0200614)
(0.870143 0.0904712 -0.0435667)
(-0.36683 0.279624 -0.044372)
(-0.208698 0.453822 -0.0401669)
(2.97296 0.000125089 0.000697219)
(2.96517 0.000801725 -0.00225494)
(2.95896 0.00180472 -0.00347743)
(2.94017 0.00370406 -0.00516136)
(2.89277 0.00771553 -0.00765595)
(2.77121 0.0168825 -0.011671)
(2.40137 0.0404198 -0.0197995)
(0.925747 0.121868 -0.0430071)
(-0.315191 0.362506 -0.0436521)
(-0.183711 0.566008 -0.0389409)
(2.97311 0.000244713 0.000680179)
(2.9655 0.00133087 -0.00224402)
(2.9595 0.00233872 -0.00350985)
(2.94127 0.00468513 -0.0051782)
(2.89523 0.0099605 -0.00763908)
(2.77726 0.0222094 -0.0115824)
(2.42034 0.0536586 -0.0194594)
(0.998557 0.159137 -0.0422352)
(-0.250668 0.454509 -0.0430023)
(-0.153364 0.683027 -0.037537)
(2.97337 0.0004766 0.000647569)
(2.96585 0.002112 -0.00222843)
(2.96001 0.0030256 -0.0035742)
(2.94255 0.00585768 -0.00521295)
(2.89823 0.0126678 -0.00762553)
(2.78499 0.0287775 -0.011463)
(2.44459 0.0700779 -0.0190497)
(1.08998 0.204184 -0.0413168)
(-0.17267 0.559156 -0.0422995)
(-0.119259 0.808854 -0.0362411)
(2.97376 0.000712437 0.000590837)
(2.96629 0.00286354 -0.00221672)
(2.96059 0.00389039 -0.00366785)
(2.94417 0.00734755 -0.00525876)
(2.90219 0.0158667 -0.00760496)
(2.7949 0.0363343 -0.0113411)
(2.475 0.0893152 -0.0185962)
(1.20554 0.25805 -0.0402795)
(-0.0792516 0.682205 -0.041792)
(-0.0821963 0.949202 -0.0347845)
(2.97425 0.000892666 0.000519248)
(2.96682 0.0034701 -0.00220546)
(2.96128 0.00473826 -0.00378948)
(2.94614 0.008934 -0.00531842)
(2.90711 0.0192325 -0.00758137)
(2.80773 0.0439397 -0.0111907)
(2.5154 0.107578 -0.0180772)
(1.36495 0.305265 -0.039257)
(0.0384035 0.82573 -0.0416506)
(-0.043394 1.10868 -0.0338842)
(2.97613 1.79878e-06 0.00241239)
(2.95967 2.24525e-05 0.00255704)
(2.94434 7.39238e-05 0.00201233)
(2.91356 0.000192327 0.00107066)
(2.8474 0.000462884 -0.000526323)
(2.69223 0.00108364 -0.00318351)
(2.24659 0.00263494 -0.00824898)
(0.586968 0.00783813 -0.0206443)
(-0.647486 0.0213774 -0.0219732)
(-0.42731 0.0604008 -0.0207661)
(2.97614 5.2239e-06 0.00241218)
(2.95969 7.74311e-05 0.00255633)
(2.9444 0.000217731 0.00200865)
(2.91369 0.000574937 0.00106788)
(2.84771 0.0014099 -0.000527883)
(2.69294 0.0033345 -0.003183)
(2.24851 0.00814247 -0.00824876)
(0.589311 0.0240764 -0.0207211)
(-0.649017 0.0676115 -0.0220092)
(-0.404055 0.149658 -0.0203665)
(2.97616 7.77047e-06 0.00241182)
(2.95974 0.000157647 0.00255508)
(2.94451 0.000360799 0.00199863)
(2.91396 0.000970755 0.00106121)
(2.84833 0.0024401 -0.000530063)
(2.69442 0.00584815 -0.003178)
(2.25277 0.0144317 -0.00823009)
(0.600981 0.0437108 -0.0206629)
(-0.637037 0.133477 -0.0219051)
(-0.37482 0.267456 -0.0196389)
(2.9762 9.77181e-06 0.00241169)
(2.95981 0.000274584 0.00255382)
(2.94467 0.000556671 0.00197952)
(2.91437 0.00146746 0.00104959)
(2.8493 0.00368668 -0.000531532)
(2.6968 0.00885307 -0.00316334)
(2.2601 0.0219934 -0.00817541)
(0.628673 0.0676322 -0.0204661)
(-0.607225 0.210291 -0.0216775)
(-0.346932 0.388851 -0.0189095)
(2.97626 1.43133e-05 0.00241221)
(2.95992 0.00045818 0.00255301)
(2.94491 0.00085795 0.00194952)
(2.91498 0.00213511 0.00103094)
(2.85073 0.00524707 -0.000534735)
(2.70033 0.012526 -0.003143)
(2.27117 0.0311951 -0.00808676)
(0.670685 0.0957394 -0.020245)
(-0.564065 0.290566 -0.0214277)
(-0.315914 0.504215 -0.0181202)
(2.97635 2.84248e-05 0.00241354)
(2.9601 0.000757715 0.00255313)
(2.94523 0.00124974 0.00190244)
(2.9158 0.00292823 0.00100146)
(2.85271 0.00709645 -0.000540428)
(2.70532 0.0169549 -0.00311335)
(2.28688 0.0423757 -0.00796039)
(0.727796 0.128587 -0.0199678)
(-0.509349 0.374362 -0.0212012)
(-0.282691 0.618777 -0.0174245)
(2.97652 6.52281e-05 0.00241533)
(2.96033 0.00123042 0.00255392)
(2.94562 0.00156112 0.00183088)
(2.91688 0.00352663 0.000956374)
(2.85536 0.00889531 -0.000551655)
(2.71212 0.0219461 -0.00307727)
(2.30798 0.0556536 -0.00779991)
(0.801341 0.166714 -0.0196176)
(-0.442834 0.465834 -0.0210263)
(-0.247277 0.736998 -0.0166023)
(2.97678 0.000135447 0.00241381)
(2.96059 0.00183133 0.00255071)
(2.94598 0.00188222 0.00175739)
(2.91819 0.0041308 0.000902826)
(2.85881 0.0109222 -0.000572592)
(2.72091 0.0278484 -0.00304441)
(2.3346 0.0715303 -0.00762446)
(0.892855 0.210965 -0.0192292)
(-0.363634 0.568019 -0.020877)
(-0.210298 0.863006 -0.0159098)
(2.97715 0.000209801 0.00240431)
(2.9609 0.00238686 0.00254063)
(2.94637 0.00227982 0.0016612)
(2.91983 0.00497199 0.000831666)
(2.86323 0.0134309 -0.000604958)
(2.73224 0.0347473 -0.00301964)
(2.36818 0.0898801 -0.00745332)
(1.00696 0.262164 -0.018871)
(-0.269984 0.68475 -0.0208486)
(-0.17248 0.998839 -0.0149251)
(2.97759 0.00026101 0.00239018)
(2.96126 0.00281107 0.00252569)
(2.94682 0.00271335 0.00154241)
(2.92185 0.00604443 0.000745193)
(2.86873 0.0164152 -0.000642349)
(2.74648 0.0424899 -0.0029907)
(2.41095 0.109532 -0.007281)
(1.15821 0.31373 -0.0186249)
(-0.156402 0.828924 -0.0212553)
(-0.133292 1.1491 -0.0144668)
(2.98597 3.27927e-06 0.00102773)
(2.96966 2.05662e-05 0.00165342)
(2.95061 4.11003e-05 0.00142238)
(2.91414 0.000141584 0.00105097)
(2.83989 0.000399938 0.000474096)
(2.67054 0.0010133 -0.000433534)
(2.19124 0.00251019 -0.00211924)
(0.457749 0.00726498 -0.00616218)
(-0.785771 0.0199488 -0.00664349)
(-0.527414 0.0735319 -0.00608897)
(2.98598 1.16621e-05 0.00102789)
(2.96968 7.33883e-05 0.00165312)
(2.95065 0.000111698 0.00141929)
(2.91426 0.000407381 0.00104903)
(2.84018 0.00120789 0.000473118)
(2.67122 0.00313885 -0.000433667)
(2.19303 0.00791903 -0.00212279)
(0.459566 0.0235343 -0.00617876)
(-0.783807 0.067548 -0.00664927)
(-0.490866 0.169361 -0.0060035)
(2.98599 2.50066e-05 0.00102843)
(2.9697 0.000157699 0.00165258)
(2.95073 0.000171533 0.00141232)
(2.91452 0.000658917 0.00104459)
(2.8408 0.00206797 0.000471569)
(2.67271 0.00552665 -0.000431392)
(2.19738 0.014308 -0.00212042)
(0.471302 0.0444507 -0.00616713)
(-0.76919 0.135385 -0.00661951)
(-0.455676 0.293588 -0.0057692)
(2.98603 4.59161e-05 0.00102972)
(2.96973 0.00028934 0.00165185)
(2.95083 0.000267713 0.00140115)
(2.91491 0.000973086 0.00103682)
(2.84181 0.00309024 0.000468611)
(2.67516 0.00833659 -0.00042775)
(2.20505 0.0219655 -0.0021076)
(0.499709 0.0696586 -0.00611314)
(-0.737325 0.21422 -0.00654695)
(-0.423678 0.419113 -0.00550879)
(2.98609 7.89406e-05 0.00103215)
(2.96978 0.000498491 0.00165104)
(2.95097 0.000420634 0.00138359)
(2.91549 0.00137342 0.00102438)
(2.84327 0.00432642 0.000463354)
(2.67882 0.0117197 -0.000423756)
(2.21668 0.0311662 -0.00208267)
(0.544077 0.098657 -0.00603449)
(-0.69106 0.295364 -0.0064795)
(-0.387614 0.537622 -0.00524007)
(2.9862 0.000129867 0.00103633)
(2.96985 0.000821812 0.00165009)
(2.95115 0.000591328 0.001356)
(2.91626 0.00177731 0.00100499)
(2.84528 0.00570617 0.000455449)
(2.68395 0.0157222 -0.000417563)
(2.23303 0.0421888 -0.00204685)
(0.603284 0.132103 -0.00593507)
(-0.63332 0.378683 -0.00643216)
(-0.349458 0.654431 -0.00499642)
(2.98636 0.000199685 0.0010426)
(2.96994 0.00126625 0.00164815)
(2.95133 0.000723113 0.00131553)
(2.91725 0.00208008 0.000976433)
(2.84798 0.0071126 0.000443431)
(2.69089 0.0202728 -0.000410076)
(2.2548 0.0551311 -0.00200171)
(0.678428 0.170346 -0.00581085)
(-0.563852 0.469225 -0.00641762)
(-0.307744 0.775334 -0.00470586)
(2.98662 0.00027829 0.00105061)
(2.97004 0.00176769 0.00164193)
(2.95147 0.00080513 0.00127452)
(2.91848 0.00233323 0.000947321)
(2.85145 0.00867076 0.000429311)
(2.69993 0.0255826 -0.000406252)
(2.28251 0.0703241 -0.00195659)
(0.7711 0.2139 -0.00569492)
(-0.482815 0.570003 -0.00640837)
(-0.266249 0.903102 -0.00447009)
(2.98695 0.000348606 0.00105885)
(2.97013 0.00221497 0.00163108)
(2.95158 0.000842074 0.00122268)
(2.92 0.00263701 0.000910626)
(2.85588 0.0105394 0.000410406)
(2.71146 0.0318076 -0.00040598)
(2.3171 0.0879238 -0.00191542)
(0.885308 0.263557 -0.00560606)
(-0.387071 0.68305 -0.00644117)
(-0.222352 1.04203 -0.00402974)
(2.98735 0.000398637 0.00106761)
(2.97021 0.00253824 0.00161649)
(2.95169 0.000948692 0.00115976)
(2.92187 0.00325656 0.000866776)
(2.86138 0.013107 0.000389094)
(2.72587 0.0394783 -0.000404617)
(2.36028 0.108505 -0.00187573)
(1.03026 0.318355 -0.00557918)
(-0.272825 0.829583 -0.00665249)
(-0.17378 1.20152 -0.00381141)
(2.98597 3.29124e-06 -0.00102799)
(2.96966 2.06825e-05 -0.00165491)
(2.95061 4.1146e-05 -0.0014236)
(2.91414 0.000141515 -0.00105135)
(2.8399 0.000399512 -0.000472533)
(2.67058 0.00101193 0.000439798)
(2.19141 0.00250605 0.00214005)
(0.457946 0.00725927 0.00623557)
(-0.785845 0.0199269 0.00664828)
(-0.527076 0.0734313 0.00606796)
(2.98598 1.17239e-05 -0.00102815)
(2.96967 7.38557e-05 -0.00165461)
(2.95065 0.000110822 -0.00142058)
(2.91426 0.000405883 -0.00104957)
(2.84019 0.00120653 -0.000471819)
(2.67126 0.00313822 0.000439458)
(2.1932 0.00791808 0.00214242)
(0.459756 0.0235092 0.00624923)
(-0.783881 0.0674771 0.00665519)
(-0.490578 0.169264 0.00598351)
(2.98599 2.51067e-05 -0.0010287)
(2.96969 0.000158383 -0.00165404)
(2.95072 0.000171106 -0.00141405)
(2.91452 0.000657917 -0.00104534)
(2.84081 0.00206681 -0.000470264)
(2.67275 0.00552407 0.000437473)
(2.19753 0.0142983 0.00214096)
(0.471441 0.044381 0.00623745)
(-0.769289 0.135279 0.00662659)
(-0.455442 0.293514 0.00574906)
(2.98603 4.6012e-05 -0.00102999)
(2.96972 0.000290035 -0.00165327)
(2.95083 0.000269129 -0.00140287)
(2.91491 0.000974173 -0.00103759)
(2.84181 0.00308872 -0.000467406)
(2.67519 0.00832592 0.000433372)
(2.20518 0.0219266 0.00212639)
(0.499821 0.06952 0.00617593)
(-0.737434 0.214063 0.00655588)
(-0.423464 0.419066 0.005489)
(2.98609 7.90366e-05 -0.0010324)
(2.96977 0.000499236 -0.00165239)
(2.95097 0.000422536 -0.0013852)
(2.91549 0.00137447 -0.00102527)
(2.84327 0.00432271 -0.000462745)
(2.67884 0.0117017 0.000427723)
(2.21678 0.0311051 0.00209655)
(0.544169 0.0984683 0.00608044)
(-0.691155 0.295183 0.00648626)
(-0.387399 0.537615 0.00521881)
(2.98619 0.000129968 -0.00103657)
(2.96985 0.000822574 -0.00165134)
(2.95115 0.000593268 -0.00135745)
(2.91626 0.00177804 -0.00100601)
(2.84528 0.00570126 -0.000455614)
(2.68397 0.0157012 0.000419205)
(2.23309 0.042121 0.00205391)
(0.603377 0.131902 0.00595992)
(-0.633381 0.378501 0.00643708)
(-0.349248 0.654463 0.00497581)
(2.98636 0.000199779 -0.00104282)
(2.96994 0.00126696 -0.00164926)
(2.95133 0.000724973 -0.0013168)
(2.91725 0.00208079 -0.0009776)
(2.84797 0.00710814 -0.000444397)
(2.69089 0.020254 0.00040948)
(2.25483 0.0550705 0.0020025)
(0.678515 0.170167 0.00581706)
(-0.563873 0.469061 0.00642129)
(-0.30751 0.775423 0.00468602)
(2.98662 0.000278362 -0.00105081)
(2.97003 0.00176829 -0.00164288)
(2.95147 0.000806689 -0.00127559)
(2.91848 0.00233439 -0.000948559)
(2.85145 0.00866902 -0.000430918)
(2.69992 0.0255723 0.000403785)
(2.28252 0.0702878 0.00195208)
(0.771179 0.213777 0.00568644)
(-0.482804 0.569864 0.00641157)
(-0.266016 0.903222 0.0044523)
(2.98695 0.000348665 -0.00105904)
(2.97013 0.00221548 -0.00163191)
(2.95158 0.000843208 -0.00122361)
(2.91999 0.00263862 -0.000911815)
(2.85587 0.010541 -0.000412133)
(2.71146 0.0318078 0.000403096)
(2.31709 0.0879168 0.00190985)
(0.885367 0.263504 0.00559422)
(-0.387041 0.682957 0.00644384)
(-0.222111 1.04218 0.00401389)
(2.98735 0.0003987 -0.00106779)
(2.97021 0.00253873 -0.00161723)
(2.95169 0.000949607 -0.00116059)
(2.92186 0.00325821 -0.000867833)
(2.86138 0.0131098 -0.000390603)
(2.72586 0.0394826 0.000402187)
(2.36027 0.10851 0.00187134)
(1.03031 0.318344 0.00557045)
(-0.272795 0.829519 0.00665918)
(-0.173582 1.20163 0.00379227)
(2.97613 1.93597e-06 -0.00241294)
(2.95966 2.29764e-05 -0.0025582)
(2.94434 7.45707e-05 -0.00201361)
(2.91356 0.000192397 -0.00107243)
(2.84742 0.000460847 0.000523834)
(2.69234 0.00107598 0.00318032)
(2.24714 0.00260913 0.00824943)
(0.588141 0.00773175 0.0207244)
(-0.647201 0.0211541 0.0219875)
(-0.426433 0.0600206 0.0207315)
(2.97614 5.30808e-06 -0.00241272)
(2.95969 7.83132e-05 -0.0025575)
(2.94439 0.000216178 -0.00200999)
(2.91369 0.000571879 -0.00106982)
(2.84772 0.00140482 0.000524987)
(2.69304 0.00332415 0.00317899)
(2.24904 0.00811684 0.00824692)
(0.590475 0.0239856 0.0207772)
(-0.64868 0.0673816 0.0220153)
(-0.403047 0.149191 0.0203334)
(2.97616 7.70782e-06 -0.00241243)
(2.95973 0.000158443 -0.00255634)
(2.9445 0.000359766 -0.00199999)
(2.91396 0.000970142 -0.00106341)
(2.84835 0.00244151 0.000526529)
(2.69452 0.0058514 0.00317256)
(2.25329 0.0144246 0.00822621)
(0.602059 0.0435597 0.0207388)
(-0.636712 0.133214 0.0219193)
(-0.373823 0.266948 0.019606)
(2.97619 9.9938e-06 -0.00241236)
(2.9598 0.000276379 -0.0025551)
(2.94466 0.000560754 -0.0019808)
(2.91437 0.0014733 -0.00105149)
(2.84932 0.00369191 0.000528721)
(2.69688 0.00884885 0.00315961)
(2.26053 0.0219323 0.00817387)
(0.629548 0.0672221 0.0205301)
(-0.607041 0.20987 0.0216936)
(-0.345976 0.388352 0.0188766)
(2.97625 1.47669e-05 -0.00241283)
(2.95992 0.000460876 -0.00255421)
(2.9449 0.00086399 -0.00195073)
(2.91497 0.00214207 -0.00103268)
(2.85074 0.00524868 0.000532201)
(2.70039 0.0125041 0.00313958)
(2.27148 0.0310781 0.00808443)
(0.671348 0.0951717 0.0202891)
(-0.563954 0.290071 0.0214399)
(-0.31503 0.503764 0.0180845)
(2.97635 2.88171e-05 -0.00241413)
(2.96009 0.000760456 -0.00255422)
(2.94522 0.0012556 -0.00190349)
(2.9158 0.00293404 -0.00100278)
(2.85271 0.0070949 0.000538799)
(2.70535 0.016926 0.00311161)
(2.28706 0.0422436 0.0079588)
(0.728284 0.128003 0.019982)
(-0.509226 0.373879 0.0212123)
(-0.281879 0.618423 0.0173877)
(2.97651 6.55181e-05 -0.00241584)
(2.96033 0.00123304 -0.00255484)
(2.94561 0.00156641 -0.00183179)
(2.91687 0.00353107 -0.00095748)
(2.85535 0.00889101 0.00055026)
(2.71212 0.021913 0.0030755)
(2.30804 0.0555198 0.0077965)
(0.801702 0.166185 0.0196126)
(-0.442677 0.465391 0.0210346)
(-0.246559 0.736726 0.0165694)
(2.97677 0.000135596 -0.00241424)
(2.96059 0.00183358 -0.00255144)
(2.94597 0.00188682 -0.00175813)
(2.91819 0.00413535 -0.000903777)
(2.85879 0.0109215 0.000571244)
(2.72089 0.0278296 0.00304219)
(2.33456 0.0714509 0.00761853)
(0.893134 0.210635 0.019202)
(-0.363418 0.567641 0.0208831)
(-0.209686 0.862789 0.0158794)
(2.97714 0.000209881 -0.00240468)
(2.9609 0.00238868 -0.00254123)
(2.94636 0.00228331 -0.00166183)
(2.91983 0.00497659 -0.000832506)
(2.86322 0.0134357 0.000603685)
(2.73221 0.0347508 0.00301739)
(2.36812 0.0898767 0.00744785)
(1.00716 0.26208 0.0188498)
(-0.269764 0.684489 0.0208544)
(-0.171964 0.998649 0.0149013)
(2.97759 0.00026116 -0.00239051)
(2.96125 0.00281265 -0.00252622)
(2.94681 0.00271615 -0.00154297)
(2.92184 0.00604897 -0.000745968)
(2.86871 0.0164227 0.000641147)
(2.74646 0.0425028 0.00298859)
(2.41091 0.109554 0.00727667)
(1.15835 0.313747 0.0186132)
(-0.156202 0.828745 0.0212613)
(-0.132892 1.14897 0.0144483)
(2.97273 6.9507e-06 -0.000728209)
(2.96461 3.22913e-05 0.00225821)
(2.95787 9.00187e-05 0.00343198)
(2.93796 0.000213385 0.00514075)
(2.88799 0.000478944 0.00768797)
(2.75976 0.00107493 0.011822)
(2.3662 0.00260304 0.0203813)
(0.794731 0.00870305 0.0442886)
(-0.433983 0.0250251 0.0458154)
(-0.315494 0.0433184 0.0452402)
(2.97274 2.17032e-05 -0.000726889)
(2.96464 0.000105395 0.00225888)
(2.95793 0.000284317 0.00343254)
(2.93808 0.00066257 0.0051406)
(2.88825 0.00147867 0.00768549)
(2.76038 0.00331968 0.0118129)
(2.36838 0.00797027 0.0203481)
(0.802145 0.024736 0.0443634)
(-0.433497 0.0689439 0.0458901)
(-0.263843 0.114614 0.0437047)
(2.97276 3.7922e-05 -0.000723765)
(2.9647 0.000199736 0.00225983)
(2.95805 0.000518331 0.00343612)
(2.93833 0.00117933 0.00514169)
(2.8888 0.00260522 0.00768116)
(2.76166 0.00583654 0.0117972)
(2.37229 0.0139355 0.0202866)
(0.814071 0.0415818 0.0442844)
(-0.424628 0.129664 0.0456729)
(-0.245826 0.223168 0.0425858)
(2.9728 5.57838e-05 -0.000718381)
(2.96479 0.000325251 0.00226024)
(2.95825 0.000819109 0.00344456)
(2.93874 0.0018166 0.00514484)
(2.88969 0.00395087 0.0076745)
(2.76374 0.00878406 0.0117718)
(2.37828 0.0209527 0.0201907)
(0.835733 0.0629845 0.0439844)
(-0.401605 0.201545 0.0450538)
(-0.227477 0.340658 0.0413553)
(2.97286 8.04554e-05 -0.000710374)
(2.96494 0.000510186 0.00225898)
(2.95854 0.00123841 0.00345706)
(2.93933 0.00265436 0.00514954)
(2.89098 0.0056456 0.00766331)
(2.76682 0.0124216 0.0117267)
(2.38784 0.0296411 0.020016)
(0.874123 0.0894539 0.0435635)
(-0.363671 0.278667 0.0443748)
(-0.206289 0.452686 0.0400878)
(2.97296 0.000126728 -0.000698632)
(2.96516 0.000807352 0.00225424)
(2.95895 0.00181544 0.00347624)
(2.94016 0.00372198 0.00515887)
(2.89277 0.00774418 0.00765108)
(2.7712 0.0169285 0.0116652)
(2.40155 0.0404301 0.0197789)
(0.927766 0.120946 0.0429789)
(-0.312929 0.361602 0.04366)
(-0.181495 0.56514 0.0388664)
(2.97311 0.000246439 -0.000681365)
(2.96549 0.00133623 0.00224348)
(2.9595 0.00234785 0.003509)
(2.94126 0.00469751 0.00517659)
(2.89522 0.00997436 0.00763614)
(2.77722 0.0222154 0.01158)
(2.42029 0.0535939 0.0194497)
(0.999392 0.158291 0.0422074)
(-0.249063 0.453662 0.0430024)
(-0.151484 0.682317 0.0374811)
(2.97336 0.000478226 -0.0006485)
(2.96584 0.00211685 0.00222806)
(2.96 0.00303371 0.00357367)
(2.94254 0.00586789 0.00521211)
(2.89822 0.0126772 0.00762422)
(2.78493 0.0287766 0.0114625)
(2.44429 0.0700361 0.019052)
(1.08941 0.203847 0.0412748)
(-0.171696 0.558505 0.0422991)
(-0.1177 0.808244 0.0361897)
(2.97376 0.000713729 -0.000591538)
(2.96628 0.00286745 0.00221645)
(2.96059 0.00389669 0.00366751)
(2.94416 0.00735599 0.00525831)
(2.90217 0.0158764 0.00760439)
(2.79485 0.0363431 0.0113411)
(2.47481 0.0893336 0.0185979)
(1.20518 0.258182 0.0402573)
(-0.0785204 0.681789 0.0417902)
(-0.0808647 0.948585 0.0347583)
(2.97424 0.000893598 -0.00051984)
(2.96681 0.00347303 0.00220521)
(2.96127 0.00474301 0.00378918)
(2.94613 0.00894122 0.00531797)
(2.90709 0.0192435 0.00758064)
(2.80769 0.0439576 0.0111896)
(2.51531 0.107618 0.0180746)
(1.36505 0.305417 0.0392458)
(0.0390731 0.825426 0.041644)
(-0.0421572 1.108 0.0338685)
(3.00387 1.57201e-05 0.0133112)
(3.01115 4.08014e-05 0.019919)
(3.01103 9.75509e-05 0.0219497)
(3.00245 0.000220553 0.0240713)
(2.96815 0.000475554 0.0277053)
(2.86457 0.00099726 0.0341789)
(2.50808 0.00240031 0.0487178)
(0.751252 0.0103661 0.10336)
(-0.444061 0.0248668 0.0997655)
(0.48285 -0.0945086 0.0905195)
(3.00388 5.21093e-05 0.0133122)
(3.01118 0.000131902 0.0199181)
(3.01107 0.000311538 0.0219494)
(3.00255 0.000700126 0.0240665)
(2.96835 0.00150996 0.0276926)
(2.86513 0.00322483 0.0341485)
(2.51073 0.00760328 0.0485752)
(0.761894 0.0281171 0.102644)
(-0.491558 0.0721197 0.100889)
(0.00204487 0.0384512 0.0940854)
(3.0039 9.79493e-05 0.0133148)
(3.01125 0.000242925 0.0199157)
(3.01116 0.000567468 0.0219502)
(3.00275 0.0012655 0.0240595)
(2.96882 0.00272047 0.0276706)
(2.86626 0.00587048 0.0341007)
(2.51433 0.0136965 0.0484328)
(0.778818 0.0447328 0.102464)
(-0.488142 0.125559 0.100795)
(-0.0114727 0.165333 0.0930341)
(3.00393 0.000152321 0.0133197)
(3.01136 0.000376193 0.0199109)
(3.01129 0.000874523 0.0219525)
(3.00307 0.00193391 0.0240502)
(2.96958 0.00411312 0.0276395)
(2.86816 0.00877926 0.0340281)
(2.51971 0.0202491 0.0482668)
(0.808987 0.0662151 0.102319)
(-0.461653 0.189894 0.100081)
(-0.00655504 0.285326 0.0912781)
(3.00398 0.000224449 0.013327)
(3.01152 0.000553474 0.0199023)
(3.01148 0.00127896 0.0219551)
(3.00352 0.00279654 0.024037)
(2.97064 0.00586922 0.0275946)
(2.87076 0.0123612 0.0339224)
(2.52769 0.0283521 0.0479533)
(0.824564 0.0940467 0.101962)
(-0.437833 0.266184 0.0988356)
(0.00260556 0.400839 0.0893357)
(3.00405 0.000333583 0.0133378)
(3.01175 0.000815393 0.0198871)
(3.01175 0.00184288 0.021959)
(3.00416 0.00393747 0.0240209)
(2.97209 0.00811535 0.0275392)
(2.87469 0.0169037 0.033772)
(2.53977 0.0386647 0.0474951)
(0.874184 0.127046 0.101232)
(-0.395014 0.351374 0.0973974)
(0.015463 0.517421 0.0870418)
(3.00416 0.000573781 0.0133522)
(3.01208 0.00131742 0.0198616)
(3.01214 0.00269215 0.0219671)
(3.00502 0.00539549 0.0240033)
(2.9741 0.0108466 0.0274618)
(2.87962 0.0223905 0.0335727)
(2.55535 0.0515522 0.0468723)
(0.929255 0.168213 0.100235)
(-0.342818 0.449305 0.0958089)
(0.027669 0.642708 0.0846966)
(3.00439 0.00100951 0.0133709)
(3.01253 0.00217751 0.0198217)
(3.01267 0.00394128 0.0220142)
(3.00613 0.00723246 0.023993)
(2.97645 0.0140549 0.0273745)
(2.88784 0.0289269 0.033243)
(2.5803 0.0674105 0.0458233)
(1.05391 0.215563 0.0980889)
(-0.256057 0.561022 0.0940489)
(0.039295 0.779981 0.0818747)
(3.00484 0.00144317 0.0133912)
(3.01313 0.00304134 0.0197719)
(3.01339 0.00524756 0.022074)
(3.00756 0.00923247 0.0239687)
(2.98002 0.0176195 0.0271961)
(2.89636 0.0365745 0.0328269)
(2.60784 0.0869669 0.0447327)
(1.17674 0.278163 0.0950106)
(-0.154791 0.69805 0.0920755)
(0.04855 0.936472 0.0791455)
(3.0054 0.00180032 0.0134173)
(3.01389 0.00377089 0.0197135)
(3.01429 0.00648174 0.0221564)
(3.00931 0.0113298 0.0239452)
(2.98433 0.0214698 0.02699)
(2.90832 0.0443705 0.0322832)
(2.64773 0.104453 0.043163)
(1.38798 0.324237 0.090526)
(-0.0144094 0.850444 0.089801)
(0.0582466 1.11509 0.0764345)
(3.09248 1.2965e-05 0.0762269)
(3.11481 2.22525e-05 0.0830781)
(3.11844 7.64036e-05 0.0851013)
(3.11403 0.000146023 0.0865031)
(3.0936 0.000269062 0.0911128)
(3 0.000568626 0.104199)
(2.56091 0.0018777 0.159584)
(1.50181 -0.000805034 0.286602)
(0.19894 0.0243133 0.320078)
(0.211167 0.045423 0.312967)
(3.09249 4.44451e-05 0.0762303)
(3.11483 7.19152e-05 0.0830689)
(3.11847 0.000255125 0.0851018)
(3.11408 0.00049489 0.0864913)
(3.09371 0.000941311 0.0910891)
(3.00033 0.00212809 0.104111)
(2.56148 0.00710046 0.159667)
(1.48062 0.0139169 0.289977)
(0.238668 0.057306 0.319258)
(0.246118 0.090551 0.30503)
(3.0925 8.60146e-05 0.0762398)
(3.11486 0.000131269 0.0830458)
(3.11856 0.000479381 0.0851061)
(3.11421 0.0009402 0.0864673)
(3.09403 0.00182645 0.0910322)
(3.00151 0.00430284 0.103951)
(2.56714 0.0142328 0.159193)
(1.49737 0.0422505 0.286544)
(0.232296 0.0972386 0.319723)
(0.251586 0.138649 0.301514)
(3.09253 0.000135318 0.0762573)
(3.11492 0.000200084 0.0830051)
(3.1187 0.000740001 0.0851156)
(3.11444 0.001453 0.0864293)
(3.09462 0.00281698 0.0909407)
(3.00364 0.00657115 0.103685)
(2.577 0.0209101 0.158257)
(1.54065 0.0579151 0.279485)
(0.244162 0.143146 0.317099)
(0.260415 0.19979 0.297659)
(3.09256 0.000198958 0.0762823)
(3.11501 0.000286057 0.0829461)
(3.1189 0.00107165 0.0851293)
(3.11477 0.00210472 0.0863756)
(3.09542 0.00406534 0.0908127)
(3.0063 0.0094055 0.103337)
(2.58722 0.0289753 0.157056)
(1.57597 0.0740149 0.276716)
(0.254402 0.202042 0.314515)
(0.269446 0.275405 0.293958)
(3.09261 0.000282418 0.0763196)
(3.11513 0.000407358 0.0828576)
(3.11919 0.00151867 0.0851513)
(3.11525 0.00296146 0.0862988)
(3.09659 0.0056363 0.0906403)
(3.01018 0.0127275 0.102775)
(2.60197 0.0391768 0.155697)
(1.62515 0.0963048 0.270207)
(0.276939 0.275232 0.310776)
(0.282222 0.365644 0.289722)
(3.09269 0.00040257 0.0763635)
(3.1153 0.00062115 0.0827412)
(3.1196 0.00218037 0.0851771)
(3.11588 0.00414579 0.0862)
(3.09805 0.00769044 0.0904067)
(3.01497 0.0173699 0.10215)
(2.62083 0.0521286 0.153493)
(1.68254 0.125864 0.264673)
(0.309643 0.364885 0.306449)
(0.298932 0.47319 0.284798)
(3.0928 0.000550016 0.0763988)
(3.11557 0.000979809 0.0825906)
(3.12017 0.00300161 0.0852137)
(3.11673 0.00544623 0.0860836)
(3.10015 0.00958844 0.090176)
(3.02217 0.0203715 0.100753)
(2.64684 0.065698 0.155124)
(1.74564 0.149385 0.254089)
(0.35256 0.46965 0.300074)
(0.318987 0.600453 0.278188)
(3.09298 0.000717059 0.076381)
(3.11593 0.00137566 0.0824472)
(3.12084 0.00388688 0.0852158)
(3.11764 0.00685678 0.0859727)
(3.10204 0.0116895 0.0898194)
(3.02943 0.0236558 0.100003)
(2.68125 0.0814446 0.147672)
(1.8159 0.18061 0.250495)
(0.413888 0.600437 0.2931)
(0.343746 0.760056 0.270784)
(3.0932 0.000935081 0.0763651)
(3.11639 0.00176954 0.0822616)
(3.12169 0.00498526 0.0852294)
(3.11881 0.00880502 0.0858312)
(3.10459 0.01512 0.0894025)
(3.03938 0.0309614 0.0986566)
(2.72912 0.101013 0.141426)
(1.9111 0.230117 0.242346)
(0.492518 0.758473 0.284327)
(0.362328 0.960562 0.259943)
(3.09394 0.000900216 -0.0763726)
(3.11784 0.00177282 -0.0816314)
(3.12446 0.00510943 -0.0853645)
(3.1227 0.00956074 -0.0854552)
(3.11314 0.0163736 -0.0882165)
(3.07062 0.0320479 -0.0949448)
(2.88577 0.0939135 -0.121154)
(2.26849 0.255012 -0.211451)
(1.19699 0.868086 -0.266233)
(0.847041 1.17436 -0.256434)
(3.09485 0.000628982 -0.0762247)
(3.11988 0.00228319 -0.0810722)
(3.12886 0.00564579 -0.0850651)
(3.12891 0.0112796 -0.0850541)
(3.12393 0.018531 -0.0868098)
(3.10254 0.0319243 -0.0915383)
(3.00852 0.0712924 -0.104158)
(2.5786 0.220572 -0.168585)
(1.96313 0.675805 -0.226024)
(1.59796 0.968986 -0.239765)
(3.09645 0.000541362 -0.0749611)
(3.12357 0.00205767 -0.0815082)
(3.13497 0.00434851 -0.0834788)
(3.1376 0.0115338 -0.0851288)
(3.13613 0.0205283 -0.0851651)
(3.12891 0.0333987 -0.0870977)
(3.09916 0.0599375 -0.090907)
(2.93044 0.157883 -0.115793)
(2.53694 0.437198 -0.159022)
(2.23414 0.664405 -0.19381)
(3.09709 0.000292848 -0.0752462)
(3.12406 0.000618939 -0.0808845)
(3.13985 0.00123888 -0.0832527)
(3.14841 0.00504139 -0.0834904)
(3.1497 0.0127268 -0.0843845)
(3.14826 0.0220792 -0.0842752)
(3.14102 0.0365095 -0.0852279)
(3.10799 0.0720452 -0.0880226)
(2.95344 0.197311 -0.105856)
(2.58425 0.484106 -0.127134)
(3.09718 -6.50846e-05 -0.0751302)
(3.12439 8.25636e-05 -0.0809353)
(3.14007 0.000300335 -0.0831505)
(3.15161 0.000320135 -0.0830953)
(3.157 0.00364116 -0.0840117)
(3.15737 0.00791252 -0.0842368)
(3.15551 0.0132968 -0.0844554)
(3.14775 0.0228515 -0.0859268)
(3.11528 0.0515777 -0.0896075)
(2.98184 0.138306 -0.111272)
(3.09715 -2.46257e-05 -0.0749119)
(3.12463 5.86752e-05 -0.0812179)
(3.14021 0.000152399 -0.0829737)
(3.15269 0.000335995 -0.0831852)
(3.1595 0.00119876 -0.0835912)
(3.16049 0.00441217 -0.0843067)
(3.15963 0.0081578 -0.0843158)
(3.15554 0.0132525 -0.0853848)
(3.1416 0.0226665 -0.0878556)
(3.08705 0.0469354 -0.0968083)
(3.09722 5.22698e-05 -0.075028)
(3.12461 5.62248e-05 -0.0810557)
(3.1404 0.000102725 -0.0831072)
(3.15289 0.000302759 -0.0830515)
(3.16214 0.000396659 -0.083248)
(3.16627 0.00304128 -0.0837349)
(3.16658 0.00639098 -0.083996)
(3.16551 0.0104934 -0.0840565)
(3.16114 0.0169386 -0.0852433)
(3.14536 0.0301503 -0.0870737)
(3.09723 3.1192e-05 -0.0749953)
(3.12461 -6.46874e-06 -0.0810018)
(3.14047 -2.68455e-05 -0.0830823)
(3.15299 -3.10336e-05 -0.0830476)
(3.16289 9.98392e-05 -0.0833334)
(3.16811 0.000608522 -0.0835277)
(3.16901 0.00275832 -0.0839135)
(3.16868 0.00512529 -0.084068)
(3.16637 0.00853404 -0.0844517)
(3.15286 0.0164647 -0.0865089)
(3.09725 -8.28951e-06 -0.075083)
(3.12453 -7.67563e-06 -0.0808192)
(3.1404 -2.12382e-05 -0.0830685)
(3.1531 -4.08013e-05 -0.0830337)
(3.16303 0.000116636 -0.0831641)
(3.16977 2.53544e-05 -0.0836082)
(3.17253 0.00162181 -0.0836354)
(3.17296 0.00351507 -0.0840295)
(3.17008 0.00670917 -0.0839732)
(3.14792 0.0137941 -0.0921375)
(3.09723 -3.68231e-05 -0.0749834)
(3.12461 -3.29478e-06 -0.080983)
(3.14044 -7.67819e-06 -0.0829202)
(3.15321 1.58683e-05 -0.083225)
(3.16303 4.60868e-05 -0.0830169)
(3.17011 -5.0398e-06 -0.0835815)
(3.17365 0.000294184 -0.0833827)
(3.17483 0.000827155 -0.0838551)
(3.1772 0.0021497 -0.0834573)
(3.15737 0.00527517 -0.0947699)
(3.00709 0.00171396 -0.0135125)
(3.01629 0.00357829 -0.0195502)
(3.01694 0.00668182 -0.0224209)
(3.01443 0.0118494 -0.023918)
(2.9971 0.0219805 -0.0264625)
(2.94384 0.0437938 -0.0307805)
(2.76185 0.0979353 -0.0395764)
(2.09194 0.27347 -0.0693741)
(0.868451 0.925199 -0.0869525)
(0.576137 1.2541 -0.0809727)
(3.00918 0.0018965 -0.0136297)
(3.01962 0.00413174 -0.0193998)
(3.02202 0.00822202 -0.0226312)
(3.02123 0.0141432 -0.023956)
(3.01118 0.024663 -0.0259382)
(2.9759 0.0458812 -0.0294587)
(2.87279 0.0926892 -0.0357137)
(2.50903 0.221006 -0.0545477)
(1.69674 0.768243 -0.0785834)
(1.36553 1.04547 -0.078675)
(3.01357 0.00159851 -0.0135039)
(3.02464 0.00345704 -0.0196019)
(3.03017 0.00640295 -0.0225685)
(3.03038 0.0137643 -0.02418)
(3.02895 0.024949 -0.0252279)
(3.01777 0.0451686 -0.0269766)
(2.98312 0.086007 -0.029729)
(2.83378 0.186737 -0.0368306)
(2.41066 0.50431 -0.0522353)
(2.02026 0.807014 -0.0647462)
(3.01448 0.000496647 -0.0136147)
(3.02606 0.00099302 -0.0194879)
(3.03616 0.00164432 -0.0225488)
(3.04355 0.00587336 -0.0248741)
(3.04418 0.0133047 -0.0256356)
(3.04492 0.0245862 -0.0262351)
(3.04045 0.0445239 -0.0268235)
(3.01721 0.0862114 -0.0273225)
(2.88384 0.224734 -0.0297652)
(2.78053 0.397216 -0.0306082)
(3.01476 3.68678e-05 -0.0136035)
(3.02632 0.00011221 -0.0194861)
(3.03645 0.000259216 -0.0226006)
(3.04683 0.000542422 -0.0246844)
(3.05098 0.00355841 -0.0262435)
(3.05136 0.00727152 -0.0267367)
(3.04984 0.0126818 -0.0273436)
(3.04116 0.0218129 -0.02833)
(3.01098 0.0446874 -0.0300456)
(2.91504 0.0794714 -0.0347992)
(3.0149 4.08123e-05 -0.0135606)
(3.02623 0.000101432 -0.0195119)
(3.03659 0.00020133 -0.022606)
(3.04781 0.000392422 -0.0246513)
(3.05355 0.0014153 -0.0264539)
(3.05353 0.00421929 -0.0269487)
(3.05288 0.00805237 -0.0274654)
(3.04697 0.0142401 -0.0283618)
(3.02795 0.0257565 -0.0299179)
(2.96152 0.0490259 -0.0337822)
(3.01494 6.78779e-05 -0.0135627)
(3.02647 0.000124121 -0.0195154)
(3.03679 0.000213303 -0.0226008)
(3.04826 0.0003917 -0.024691)
(3.0566 0.000720097 -0.0263013)
(3.05981 0.00315163 -0.0274272)
(3.05976 0.00619739 -0.0277212)
(3.05874 0.0110181 -0.0281291)
(3.0524 0.0198665 -0.0289258)
(3.03386 0.0377313 -0.0301297)
(3.015 1.22374e-05 -0.0135685)
(3.0265 4.23333e-06 -0.0195256)
(3.03686 1.23619e-05 -0.0225824)
(3.04832 7.11906e-05 -0.0246808)
(3.05728 0.000256839 -0.0262407)
(3.0616 0.000860569 -0.0275659)
(3.06144 0.00247651 -0.0278926)
(3.06061 0.0045374 -0.0282836)
(3.05739 0.00783971 -0.0289244)
(3.04115 0.0137916 -0.0303006)
(3.01498 -4.03936e-06 -0.0135772)
(3.02659 -1.11476e-05 -0.0195286)
(3.03683 -1.11224e-05 -0.0225786)
(3.04848 1.59318e-05 -0.0246025)
(3.05752 0.000166689 -0.0262531)
(3.06313 0.00019368 -0.0274416)
(3.06476 0.00154308 -0.0282649)
(3.0633 0.00302671 -0.0287041)
(3.05932 0.00525672 -0.0293978)
(3.04573 0.00940877 -0.0314189)
(3.01503 -1.66749e-05 -0.013559)
(3.02653 -1.70021e-05 -0.0195389)
(3.03692 -9.03471e-06 -0.0225642)
(3.04849 2.10402e-05 -0.0246178)
(3.05753 4.10001e-05 -0.0262302)
(3.06354 5.1377e-07 -0.0273953)
(3.06598 0.000346474 -0.0283592)
(3.0648 0.000723655 -0.0288405)
(3.062 0.00132701 -0.0297986)
(3.05147 0.00261527 -0.032717)
(2.97568 0.000839418 0.000298865)
(2.96844 0.00313355 -0.00219437)
(2.96347 0.0049304 -0.0041425)
(2.95221 0.00944644 -0.00548084)
(2.92217 0.0196392 -0.0074679)
(2.84708 0.0430563 -0.0106027)
(2.639 0.101334 -0.0162923)
(1.94906 0.27699 -0.032494)
(0.780975 0.914992 -0.0411692)
(0.489412 1.23253 -0.0387508)
(2.97718 0.00132014 -5.27262e-06)
(2.97089 0.00307823 -0.00223873)
(2.96735 0.00637567 -0.00456839)
(2.96038 0.0113523 -0.00570039)
(2.93982 0.0218951 -0.0073941)
(2.88767 0.0450295 -0.0100371)
(2.74959 0.098923 -0.0145257)
(2.31212 0.245827 -0.0268809)
(1.4814 0.828661 -0.0403274)
(1.19787 1.07952 -0.0396553)
(2.97948 0.00120675 -0.000313333)
(2.97456 0.00263289 -0.00280199)
(2.9732 0.00497432 -0.00492186)
(2.97092 0.0100992 -0.0065236)
(2.96369 0.0203423 -0.00748006)
(2.94313 0.0417139 -0.0089234)
(2.89015 0.089568 -0.0112057)
(2.69056 0.212266 -0.0158957)
(2.47007 0.478742 -0.0225427)
(1.96727 0.834499 -0.0309239)
(2.98043 0.000317557 -0.000517232)
(2.97537 0.000899509 -0.00269318)
(2.9763 0.00110711 -0.00515689)
(2.97831 0.00380347 -0.00777393)
(2.97863 0.00919877 -0.00868262)
(2.9758 0.0195313 -0.00939459)
(2.96766 0.0404493 -0.00997915)
(2.94477 0.0867681 -0.010125)
(2.90673 0.179108 -0.00993616)
(2.79832 0.378316 -0.0120507)
(2.98059 8.82755e-05 -0.000520101)
(2.97552 6.83426e-05 -0.00270775)
(2.97694 0.000184107 -0.00524544)
(2.9803 0.000664456 -0.00775877)
(2.98163 0.00196518 -0.00930844)
(2.98098 0.00446178 -0.0100389)
(2.97579 0.00844369 -0.0105083)
(2.96157 0.0150082 -0.0112099)
(2.92727 0.0259358 -0.0123116)
(2.82023 0.0419092 -0.0152257)
(2.9806 5.26954e-05 -0.000504886)
(2.97554 5.81671e-05 -0.00271367)
(2.97711 0.00014325 -0.00526535)
(2.98082 0.000381483 -0.00775322)
(2.98235 0.000988291 -0.00954768)
(2.98251 0.00237611 -0.010277)
(2.97897 0.00514065 -0.0107167)
(2.96803 0.0106639 -0.0113813)
(2.94087 0.0220476 -0.0124374)
(2.8595 0.0465655 -0.0148521)
(2.98068 5.65642e-05 -0.000519354)
(2.97563 5.13211e-05 -0.00273343)
(2.97734 0.000164936 -0.00529745)
(2.98142 0.000386139 -0.00776663)
(2.98388 0.00080916 -0.00957012)
(2.98488 0.00179482 -0.0108043)
(2.98464 0.00387191 -0.0112845)
(2.98112 0.00810044 -0.0116492)
(2.97087 0.0169033 -0.0122256)
(2.94175 0.0359638 -0.0131804)
(2.98067 1.62251e-05 -0.000511635)
(2.97565 -2.70597e-05 -0.00275896)
(2.9775 5.01767e-05 -0.00530619)
(2.98162 0.000179629 -0.00775547)
(2.98428 0.000354228 -0.00954566)
(2.98528 0.00066023 -0.0109706)
(2.9855 0.00130743 -0.0114821)
(2.98295 0.00252902 -0.0118929)
(2.97463 0.00477552 -0.0125522)
(2.95107 0.00897315 -0.013723)
(2.98067 2.08493e-06 -0.000516927)
(2.97568 -1.19856e-05 -0.00277096)
(2.97762 2.75984e-05 -0.00530452)
(2.98183 9.2427e-05 -0.00773814)
(2.98456 0.00019541 -0.00958459)
(2.98586 0.000349575 -0.0109219)
(2.9861 0.000734553 -0.011794)
(2.98417 0.00152374 -0.0122387)
(2.97717 0.00303429 -0.0129978)
(2.95795 0.00595131 -0.0143416)
(2.98067 -1.14668e-06 -0.000511372)
(2.9757 -7.61193e-06 -0.00277134)
(2.97767 5.42038e-06 -0.00530355)
(2.98188 1.78056e-05 -0.00775151)
(2.98465 4.10912e-05 -0.00958977)
(2.98609 7.03707e-05 -0.0109066)
(2.98634 0.000161037 -0.0119366)
(2.98483 0.000375691 -0.0124215)
(2.97886 0.000844774 -0.013112)
(2.96204 0.00186105 -0.0143218)
(2.97887 0.000133599 0.00234244)
(2.96234 0.00231883 0.00246869)
(2.94833 0.00284039 0.00120287)
(2.92814 0.00656614 0.000515268)
(2.88578 0.0168453 -0.000693122)
(2.79126 0.0416968 -0.00275538)
(2.54792 0.104107 -0.0063929)
(1.77751 0.291365 -0.0155319)
(0.568882 0.934712 -0.021088)
(0.333406 1.25788 -0.0194127)
(2.97996 0.000560177 0.00215543)
(2.96411 0.00153407 0.00240879)
(2.95147 0.00390576 0.000809076)
(2.93663 0.007106 0.000235244)
(2.90581 0.0172223 -0.000777276)
(2.83843 0.0418539 -0.00250918)
(2.67177 0.100699 -0.00549516)
(2.16526 0.26169 -0.0128554)
(1.2635 0.882157 -0.0209861)
(0.999986 1.13329 -0.0204645)
(2.98086 0.000616539 0.00191323)
(2.96674 0.00137044 0.00194569)
(2.95558 0.00284718 0.000557089)
(2.94556 0.00519485 -0.000711987)
(2.9319 0.013267 -0.00121469)
(2.90257 0.0347662 -0.00211808)
(2.83485 0.0873905 -0.00370275)
(2.58771 0.227974 -0.0068406)
(2.34265 0.529996 -0.011349)
(1.78662 0.916986 -0.0160808)
(2.98169 0.000110616 0.00181638)
(2.96706 0.000677213 0.00199482)
(2.95654 0.000318465 0.000403287)
(2.95015 0.00177518 -0.00150383)
(2.94424 0.00474903 -0.00247232)
(2.93619 0.0129063 -0.00303878)
(2.92369 0.0341862 -0.00359731)
(2.89493 0.0870639 -0.00367279)
(2.8548 0.192846 -0.00410831)
(2.72167 0.441199 -0.00534178)
(2.98176 7.56862e-05 0.00180926)
(2.96706 -1.03595e-06 0.00198564)
(2.95715 2.0664e-05 0.000310667)
(2.95142 0.000556409 -0.00154557)
(2.94625 0.00118958 -0.00270752)
(2.94048 0.00237661 -0.00353111)
(2.93148 0.00542609 -0.00376306)
(2.91268 0.0105122 -0.00417733)
(2.87172 0.0193308 -0.00487292)
(2.74852 0.0353853 -0.00650038)
(2.98176 3.48859e-05 0.0018089)
(2.96705 -5.29441e-06 0.00198947)
(2.95731 4.57181e-05 0.000285818)
(2.95171 0.0003114 -0.00154276)
(2.94673 0.000602797 -0.00277397)
(2.94171 0.00118336 -0.0036875)
(2.93454 0.00256249 -0.00391917)
(2.9196 0.0070501 -0.00430551)
(2.88687 0.0180919 -0.00495215)
(2.79287 0.0435334 -0.00633955)
(2.98179 3.57124e-05 0.0017994)
(2.96709 -4.01202e-05 0.00196583)
(2.95757 7.34178e-05 0.000246721)
(2.95215 0.000323867 -0.00154041)
(2.94738 0.000576219 -0.00285316)
(2.94302 0.000970525 -0.00387856)
(2.93884 0.00174741 -0.00447294)
(2.93255 0.00497559 -0.00474594)
(2.91911 0.0133601 -0.00514056)
(2.88364 0.0330655 -0.00578095)
(2.98174 1.83731e-05 0.00180191)
(2.96711 -5.58385e-05 0.00195134)
(2.95779 4.38149e-05 0.000225607)
(2.95235 0.000179553 -0.00152967)
(2.94752 0.000279011 -0.00285664)
(2.94325 0.000420799 -0.00391535)
(2.9395 0.000584213 -0.00460564)
(2.9343 0.00128111 -0.00494589)
(2.92305 0.00298313 -0.00539523)
(2.89472 0.00673989 -0.00610612)
(2.98173 4.99105e-06 0.0018001)
(2.96713 -7.12221e-06 0.00194764)
(2.95787 2.32451e-05 0.000213277)
(2.95245 6.01864e-05 -0.00156323)
(2.94767 0.000107901 -0.00289736)
(2.9434 0.000227693 -0.00394079)
(2.93994 0.000308185 -0.00470839)
(2.93563 0.000665916 -0.00507113)
(2.92623 0.0019001 -0.00550699)
(2.90357 0.00485463 -0.00619375)
(2.98173 2.50077e-06 0.00180028)
(2.96714 1.39422e-06 0.00195094)
(2.95787 4.08616e-06 0.000207374)
(2.95246 1.12822e-07 -0.00157795)
(2.94772 1.23232e-05 -0.00291389)
(2.94347 4.12258e-05 -0.00396653)
(2.94007 7.32004e-05 -0.00473963)
(2.93636 0.000141596 -0.00523405)
(2.92858 0.000624364 -0.00555709)
(2.9101 0.00188286 -0.00599196)
(2.98846 2.11094e-05 0.00109043)
(2.97051 0.00186195 0.00156925)
(2.95225 0.00101825 0.000981815)
(2.92782 0.00379849 0.000748308)
(2.87879 0.0136841 0.000349069)
(2.77242 0.0391349 -0.000343258)
(2.50418 0.104382 -0.00159686)
(1.67757 0.300276 -0.00465957)
(0.436363 0.947538 -0.0065409)
(0.243018 1.28291 -0.00596099)
(2.98916 5.68853e-05 0.00102579)
(2.97141 0.000325815 0.00154012)
(2.95424 0.00187565 0.000783222)
(2.93585 0.00360126 0.000609984)
(2.89938 0.0129356 0.000295753)
(2.82219 0.0381453 -0.000274039)
(2.63579 0.100334 -0.00130834)
(2.08308 0.270403 -0.00378525)
(1.1401 0.912183 -0.00654902)
(0.881183 1.16959 -0.00634203)
(2.98886 0.000216489 0.000922211)
(2.97298 0.000292504 0.00133001)
(2.95668 0.00123124 0.000702495)
(2.943 0.00194458 0.000243472)
(2.92588 0.00809804 8.84135e-05)
(2.8911 0.0287609 -0.000206119)
(2.81338 0.0836291 -0.000759199)
(2.53095 0.235678 -0.00188154)
(2.26896 0.559349 -0.0034961)
(1.68217 0.963782 -0.00507941)
(2.98954 -4.56791e-06 0.000904713)
(2.97284 0.000448258 0.001335)
(2.95653 -0.000249568 0.000662166)
(2.9452 0.000627404 5.10015e-06)
(2.93555 0.00220195 -0.00039643)
(2.92426 0.00852114 -0.000618331)
(2.90911 0.0292193 -0.000853013)
(2.87604 0.0853959 -0.00089)
(2.83226 0.200544 -0.00108215)
(2.68631 0.472866 -0.00151292)
(2.98952 2.92902e-05 0.000901513)
(2.97272 -6.59775e-05 0.0013245)
(2.95705 -0.000107696 0.000630102)
(2.9463 0.000430992 -1.26297e-05)
(2.93656 0.000891107 -0.000450725)
(2.92758 0.00126467 -0.000798331)
(2.9163 0.00381808 -0.000868877)
(2.89467 0.00823205 -0.00100302)
(2.84953 0.0165156 -0.00123271)
(2.71596 0.0324402 -0.00176376)
(2.98951 6.71532e-06 0.000899002)
(2.9727 -5.80218e-05 0.00132698)
(2.95721 -2.53609e-05 0.00061998)
(2.94652 0.000252295 -1.29908e-05)
(2.93672 0.000359355 -0.000462295)
(2.92832 0.000627959 -0.000853014)
(2.91891 0.00103487 -0.000920188)
(2.90144 0.00469594 -0.00104521)
(2.86517 0.0153839 -0.00126626)
(2.7628 0.0411754 -0.00175114)
(2.98947 3.86035e-06 0.000893893)
(2.97269 -0.000116345 0.00131478)
(2.95747 -2.76646e-06 0.000604642)
(2.9468 0.000272915 -9.17028e-06)
(2.93708 0.000358398 -0.000495442)
(2.92853 0.000582224 -0.000890369)
(2.92175 0.000506432 -0.00114508)
(2.9139 0.00299177 -0.00125375)
(2.89862 0.011037 -0.00139762)
(2.85952 0.0310335 -0.00162871)
(2.98938 5.67267e-06 0.000896123)
(2.9727 -7.5147e-05 0.00130947)
(2.95771 2.46738e-05 0.000592915)
(2.94699 0.000168863 -5.56669e-06)
(2.93715 0.000205166 -0.000501771)
(2.92856 0.000250726 -0.000888459)
(2.92214 0.000216884 -0.00118909)
(2.91545 0.000695835 -0.00133505)
(2.90254 0.0021788 -0.00150243)
(2.87094 0.00575868 -0.00176623)
(2.98938 3.68873e-06 0.000894474)
(2.97271 1.4954e-06 0.00131064)
(2.95777 1.71041e-05 0.000584116)
(2.94704 3.57748e-05 -2.72846e-05)
(2.9372 4.59133e-05 -0.00051744)
(2.92857 8.78317e-05 -0.000924578)
(2.92236 0.000108717 -0.00122093)
(2.91654 0.000208358 -0.00134697)
(2.90544 0.00135087 -0.00144908)
(2.87947 0.00447217 -0.00162842)
(2.98938 1.5273e-06 0.00089221)
(2.97271 6.41809e-06 0.00131464)
(2.95775 2.75038e-06 0.00058129)
(2.94703 -9.30011e-06 -3.31471e-05)
(2.93722 -2.89503e-06 -0.000524973)
(2.92865 5.73111e-06 -0.000945874)
(2.92231 5.75143e-05 -0.00121393)
(2.91711 -3.47105e-05 -0.00143132)
(2.90826 0.000488114 -0.00149302)
(2.88768 0.0020558 -0.00159045)
(2.98846 2.10474e-05 -0.00109059)
(2.9705 0.00186221 -0.00156981)
(2.95225 0.00101867 -0.000982491)
(2.92782 0.00379913 -0.000749095)
(2.87879 0.0136851 -0.000350076)
(2.77242 0.0391364 0.000341801)
(2.50418 0.104384 0.0015945)
(1.6776 0.300274 0.00465576)
(0.436452 0.947483 0.00654474)
(0.243106 1.28296 0.00596337)
(2.98916 5.69673e-05 -0.00102603)
(2.97141 0.000326311 -0.0015405)
(2.95424 0.00187639 -0.000783845)
(2.93584 0.00360261 -0.000610736)
(2.89937 0.0129376 -0.000296763)
(2.82218 0.0381484 0.000272506)
(2.63578 0.100339 0.0013057)
(2.08308 0.27041 0.00378049)
(1.14016 0.912134 0.00655379)
(0.881252 1.16954 0.00634772)
(2.98886 0.000216704 -0.000922268)
(2.97298 0.000292989 -0.00132986)
(2.95668 0.00123247 -0.000702724)
(2.943 0.00194662 -0.000243477)
(2.92588 0.00810149 -8.85269e-05)
(2.8911 0.0287659 0.000205749)
(2.81338 0.0836388 0.000758177)
(2.53096 0.235691 0.00187798)
(2.26894 0.559369 0.00348661)
(1.68214 0.963804 0.00505114)
(2.98954 -4.49039e-06 -0.000904567)
(2.97284 0.000448309 -0.00133488)
(2.95653 -0.000249072 -0.00066177)
(2.9452 0.000628172 -4.50341e-06)
(2.93555 0.00220318 0.000397058)
(2.92426 0.00852299 0.00061952)
(2.90911 0.0292206 0.000856287)
(2.87603 0.0853977 0.00089144)
(2.83224 0.200539 0.00107928)
(2.68626 0.472853 0.00150008)
(2.98952 2.94184e-05 -0.000901374)
(2.97272 -6.57948e-05 -0.00132462)
(2.95705 -0.000107576 -0.000630082)
(2.9463 0.000431302 1.25526e-05)
(2.93656 0.000891219 0.000450619)
(2.92758 0.00126564 0.00079773)
(2.9163 0.00381487 0.000865736)
(2.89466 0.0082205 0.000994663)
(2.84951 0.0164859 0.00121379)
(2.71587 0.0323658 0.00172073)
(2.98951 5.41991e-06 -0.000898815)
(2.9727 -5.77854e-05 -0.00132717)
(2.95721 -2.43228e-05 -0.000620017)
(2.94652 0.000251091 1.28535e-05)
(2.93672 0.000359122 0.000461745)
(2.92831 0.000626474 0.000851609)
(2.9189 0.00103194 0.00091107)
(2.9014 0.00469698 0.00102026)
(2.86506 0.0153936 0.00120821)
(2.76249 0.0412079 0.00161694)
(2.98947 5.16234e-06 -0.000896447)
(2.97269 -0.000116606 -0.00131273)
(2.95747 -1.00434e-06 -0.000601494)
(2.9468 0.000275024 8.89903e-06)
(2.93708 0.000360721 0.000498592)
(2.92853 0.000590385 0.000891248)
(2.92175 0.000516774 0.00114491)
(2.91391 0.00301294 0.00124921)
(2.89863 0.0110729 0.00137947)
(2.8595 0.0311045 0.00158069)
(2.98939 8.20707e-06 -0.000891487)
(2.9727 -7.36805e-05 -0.0013118)
(2.95771 2.60159e-05 -0.000592483)
(2.94699 0.000165179 3.37592e-06)
(2.93715 0.000204253 0.000495332)
(2.92857 0.000229609 0.000890328)
(2.92214 0.000213964 0.00118223)
(2.91544 0.000724338 0.00128852)
(2.90248 0.00226461 0.00137738)
(2.87078 0.00595465 0.00150484)
(2.98938 1.67133e-06 -0.000892705)
(2.97271 3.7373e-06 -0.00131353)
(2.95776 1.70788e-05 -0.000586632)
(2.94703 2.665e-05 1.13314e-05)
(2.93718 3.96591e-05 0.000519794)
(2.92856 3.94204e-05 0.000892856)
(2.92242 8.57828e-05 0.00122894)
(2.91664 0.000190362 0.00139144)
(2.90563 0.00136818 0.00155844)
(2.87982 0.00458035 0.00185027)
(2.98938 -3.40703e-07 -0.000895053)
(2.97271 6.83398e-06 -0.00131101)
(2.95774 2.20012e-06 -0.000586732)
(2.94702 -1.13073e-05 1.37991e-05)
(2.93717 -5.76051e-06 0.000519212)
(2.92864 -1.16447e-05 0.000890323)
(2.92235 4.90223e-05 0.00122409)
(2.91713 -6.97721e-05 0.00141537)
(2.90833 0.000419319 0.00147905)
(2.88781 0.00193333 0.00157488)
(2.97886 0.000133505 -0.00234271)
(2.96233 0.00231973 -0.00246908)
(2.94832 0.00284168 -0.0012033)
(2.92813 0.00656795 -0.000515851)
(2.88577 0.0168482 0.000692236)
(2.79125 0.041702 0.00275388)
(2.5479 0.104116 0.00639003)
(1.77757 0.291375 0.0155239)
(0.569119 0.934566 0.0210828)
(0.33366 1.25778 0.0194056)
(2.97995 0.000560515 -0.00215565)
(2.96411 0.00153566 -0.00240905)
(2.95147 0.00390815 -0.000809528)
(2.93662 0.00710982 -0.000235804)
(2.9058 0.017228 0.000776493)
(2.83841 0.0418632 0.00250792)
(2.67174 0.100716 0.00549284)
(2.16526 0.261716 0.0128497)
(1.26359 0.882041 0.0209878)
(1.00012 1.13314 0.0204645)
(2.98085 0.000617308 -0.0019133)
(2.96674 0.00137213 -0.00194566)
(2.95558 0.00285095 -0.000557155)
(2.94556 0.00520099 0.000711935)
(2.9319 0.0132771 0.00121451)
(2.90257 0.0347814 0.00211763)
(2.83485 0.0874184 0.00370156)
(2.58779 0.228007 0.00683856)
(2.34263 0.530095 0.0113413)
(1.7867 0.917007 0.0160626)
(2.98169 0.000110886 -0.00181617)
(2.96706 0.000677277 -0.00199454)
(2.95654 0.000319475 -0.000402855)
(2.95015 0.00177684 0.00150441)
(2.94424 0.00475174 0.00247338)
(2.93619 0.01291 0.00303986)
(2.92369 0.0341884 0.00359907)
(2.8949 0.087073 0.00367427)
(2.85475 0.192838 0.00410855)
(2.72149 0.441214 0.00533788)
(2.98176 7.59733e-05 -0.00180927)
(2.96706 -9.26138e-07 -0.00198574)
(2.95715 2.04906e-05 -0.000310663)
(2.95142 0.000556479 0.00154564)
(2.94625 0.0011888 0.00270687)
(2.94048 0.00237599 0.00352927)
(2.93147 0.00541364 0.00375913)
(2.91265 0.0104783 0.00416853)
(2.87166 0.0192524 0.00485303)
(2.74828 0.0352106 0.00644993)
(2.98176 3.12648e-05 -0.00180904)
(2.96705 -3.6077e-06 -0.00198968)
(2.95731 4.89382e-05 -0.000285847)
(2.95171 0.000310803 0.00154324)
(2.94673 0.00060286 0.00277265)
(2.9417 0.0011798 0.00368306)
(2.9345 0.00255657 0.00390958)
(2.91948 0.00705145 0.00428398)
(2.88657 0.0181185 0.00490193)
(2.79193 0.0436262 0.00623167)
(2.98179 4.02575e-05 -0.00179845)
(2.9671 -3.98266e-05 -0.00196303)
(2.95756 7.83704e-05 -0.000245551)
(2.95214 0.000330272 0.00154154)
(2.94738 0.000579927 0.00285299)
(2.94301 0.000981021 0.00387827)
(2.93883 0.00174963 0.00447067)
(2.93257 0.00495651 0.00473829)
(2.91913 0.0133071 0.00512195)
(2.88354 0.032977 0.00573431)
(2.98174 2.55244e-05 -0.00180074)
(2.96711 -5.49881e-05 -0.00195318)
(2.9578 4.17232e-05 -0.000224653)
(2.95235 0.000167339 0.00153194)
(2.94753 0.00026816 0.00285016)
(2.94324 0.000365676 0.00388528)
(2.93943 0.000562288 0.00453902)
(2.93414 0.00132338 0.00482163)
(2.92272 0.00316583 0.00516658)
(2.89389 0.00726101 0.00568125)
(2.98173 -2.19609e-06 -0.0018023)
(2.96713 -2.12198e-06 -0.00195099)
(2.95786 1.61797e-05 -0.000216044)
(2.95244 3.17025e-05 0.00155956)
(2.94762 7.61739e-05 0.00288435)
(2.94339 0.000108282 0.00393664)
(2.94004 0.000236002 0.00468966)
(2.93588 0.000608951 0.00504437)
(2.9268 0.00192865 0.00549098)
(2.90475 0.00513941 0.00623594)
(2.98173 -3.41241e-06 -0.00180192)
(2.96713 4.41744e-06 -0.00195079)
(2.95784 1.00286e-06 -0.000216523)
(2.95243 -8.85205e-06 0.00156701)
(2.94762 -5.00142e-06 0.00288916)
(2.94343 -8.87817e-06 0.00395107)
(2.94006 2.58618e-05 0.00468519)
(2.93628 3.97619e-07 0.00515072)
(2.92864 0.000328729 0.00543723)
(2.91037 0.00128947 0.00587721)
(2.97567 0.00083988 -0.000299276)
(2.96844 0.00313532 0.00219419)
(2.96347 0.00493269 0.00414231)
(2.9522 0.00944962 0.0054805)
(2.92216 0.0196443 0.00746724)
(2.84706 0.0430659 0.0106014)
(2.63895 0.101354 0.0162898)
(1.94902 0.277042 0.0324812)
(0.781465 0.914774 0.0411457)
(0.49046 1.23197 0.0387212)
(2.97718 0.00132104 5.12303e-06)
(2.97089 0.00308078 0.00223855)
(2.96735 0.00637955 0.00456814)
(2.96037 0.0113582 0.00570009)
(2.93981 0.021904 0.00739369)
(2.88765 0.0450442 0.0100364)
(2.74953 0.0989524 0.0145255)
(2.31199 0.2459 0.0268697)
(1.4816 0.828565 0.0403284)
(1.19839 1.07919 0.0396372)
(2.97948 0.00120817 0.000313357)
(2.97456 0.00263595 0.00280186)
(2.9732 0.00498049 0.00492189)
(2.97091 0.0101096 0.00652345)
(2.96369 0.020359 0.0074798)
(2.94313 0.0417399 0.00892289)
(2.89014 0.0896138 0.0112039)
(2.69067 0.21233 0.0159006)
(2.47001 0.478943 0.022526)
(1.9676 0.834493 0.030923)
(2.98043 0.000317708 0.00051757)
(2.97537 0.000899486 0.00269355)
(2.97631 0.00110809 0.00515729)
(2.97832 0.00380541 0.00777468)
(2.97863 0.00920155 0.00868339)
(2.9758 0.0195349 0.00939517)
(2.96767 0.0404522 0.00997902)
(2.94475 0.0867818 0.0101276)
(2.90675 0.17907 0.00994438)
(2.79818 0.378318 0.0120606)
(2.98059 8.77943e-05 0.000519827)
(2.97552 6.70992e-05 0.00270773)
(2.97694 0.000182585 0.00524547)
(2.9803 0.000663146 0.00775905)
(2.98163 0.00196163 0.00930671)
(2.98097 0.00445411 0.0100366)
(2.97577 0.00842239 0.010505)
(2.96152 0.0149592 0.0112033)
(2.92712 0.0258227 0.0122951)
(2.81974 0.0416316 0.0151906)
(2.9806 5.20583e-05 0.000504224)
(2.97554 6.38807e-05 0.00271343)
(2.97711 0.000149289 0.0052654)
(2.98082 0.000384769 0.00775426)
(2.98234 0.000987836 0.00954397)
(2.98249 0.00237152 0.0102715)
(2.97891 0.00513578 0.0107096)
(2.96789 0.0106711 0.0113677)
(2.94051 0.0220964 0.0124045)
(2.85825 0.0467218 0.0147819)
(2.98069 6.20913e-05 0.000525824)
(2.97564 5.48707e-05 0.00273563)
(2.97733 0.000175365 0.0052971)
(2.98141 0.000400708 0.00776584)
(2.98388 0.000813333 0.00956731)
(2.98487 0.00175685 0.0107995)
(2.98463 0.00375018 0.0112793)
(2.98112 0.00782999 0.0116447)
(2.97087 0.0163634 0.0122218)
(2.94157 0.0349423 0.0131718)
(2.98068 1.56948e-05 0.000505409)
(2.97566 -3.68137e-05 0.00275982)
(2.97752 4.22288e-05 0.00530748)
(2.98162 0.000170236 0.00776135)
(2.98421 0.000322416 0.00955413)
(2.98525 0.000607087 0.0108672)
(2.98535 0.00119894 0.0113568)
(2.98255 0.0023472 0.0117217)
(2.97375 0.00457934 0.0122825)
(2.94885 0.00908021 0.0132468)
(2.98067 -6.17934e-06 0.000506311)
(2.97568 -1.07668e-05 0.00276729)
(2.97761 6.3642e-06 0.00530847)
(2.98178 4.66671e-05 0.00776405)
(2.98453 0.000112602 0.00954637)
(2.9857 0.000257317 0.0109648)
(2.98622 0.000604592 0.0116382)
(2.98472 0.00132693 0.0120219)
(2.97881 0.00282863 0.012633)
(2.96229 0.00603411 0.013688)
(2.98067 -2.80536e-06 0.000509407)
(2.97568 8.95133e-07 0.00276668)
(2.97761 -3.63487e-06 0.0053069)
(2.98178 -6.61783e-06 0.007764)
(2.98454 -4.86224e-06 0.00954778)
(2.98575 -1.80838e-06 0.0109684)
(2.9863 1.63936e-05 0.0117175)
(2.98501 6.0291e-05 0.0122236)
(2.97952 0.000182222 0.0129674)
(2.96405 0.000494326 0.0143635)
(3.00709 0.00171555 0.0135124)
(3.01629 0.00358094 0.0195504)
(3.01694 0.0066852 0.0224208)
(3.01443 0.0118542 0.0239179)
(2.99708 0.0219887 0.0264624)
(2.9438 0.0438104 0.0307804)
(2.76171 0.0979753 0.0395749)
(2.0915 0.273603 0.0694191)
(0.868706 0.924908 0.0868565)
(0.571558 1.25553 0.0810443)
(3.00917 0.00189802 0.01363)
(3.01961 0.00413481 0.0193998)
(3.02201 0.00822698 0.0226313)
(3.02123 0.0141508 0.023956)
(3.01117 0.024675 0.0259383)
(2.97589 0.0459007 0.0294585)
(2.8727 0.0927309 0.0357137)
(2.50878 0.221121 0.0545669)
(1.69664 0.768312 0.0785514)
(1.36331 1.04629 0.0786511)
(3.01357 0.00160026 0.013504)
(3.02464 0.00346096 0.0196019)
(3.03017 0.00641055 0.0225686)
(3.03037 0.0137781 0.0241797)
(3.02894 0.024971 0.0252276)
(3.01776 0.045204 0.0269764)
(2.98313 0.0860636 0.0297268)
(2.83364 0.186847 0.036835)
(2.4104 0.504517 0.0522107)
(2.01969 0.807384 0.0648001)
(3.01448 0.000496132 0.0136148)
(3.02606 0.000992647 0.0194879)
(3.03616 0.00164474 0.0225488)
(3.04356 0.00587519 0.0248749)
(3.04418 0.0133056 0.0256349)
(3.04492 0.0245884 0.0262344)
(3.04047 0.044528 0.0268215)
(3.01725 0.0862277 0.0273221)
(2.88399 0.2247 0.0297709)
(2.78073 0.3971 0.0306221)
(3.01476 3.40081e-05 0.013603)
(3.02632 0.000108395 0.019486)
(3.03645 0.000255568 0.0226011)
(3.04683 0.000539336 0.0246846)
(3.05097 0.00355089 0.0262428)
(3.05136 0.00726081 0.0267343)
(3.04982 0.0126591 0.0273423)
(3.04109 0.0217518 0.0283299)
(3.01075 0.0445312 0.0300434)
(2.9144 0.078979 0.0348379)
(3.0149 5.35478e-05 0.0135591)
(3.02623 0.000114265 0.019511)
(3.03659 0.000208963 0.0226067)
(3.04781 0.000396089 0.024652)
(3.05354 0.00140639 0.0264533)
(3.05352 0.00420602 0.0269426)
(3.05283 0.00804474 0.0274626)
(3.04682 0.0142527 0.0283626)
(3.02755 0.0258287 0.0299191)
(2.95998 0.0492538 0.0337995)
(3.01493 6.48718e-05 0.0135755)
(3.02652 0.000131208 0.0195163)
(3.03681 0.000231135 0.0225929)
(3.04819 0.000421199 0.0246845)
(3.05656 0.000747741 0.026303)
(3.05982 0.00296203 0.0274211)
(3.05979 0.00579617 0.0277197)
(3.05878 0.010277 0.0281292)
(3.05248 0.0184883 0.028954)
(3.03396 0.0350675 0.0301745)
(3.01503 -2.38496e-05 0.0135481)
(3.02646 -2.70213e-05 0.0195279)
(3.03695 8.91266e-06 0.0226056)
(3.04831 0.000115124 0.024676)
(3.05704 0.000209734 0.0262675)
(3.06084 0.000901386 0.0274825)
(3.06104 0.00206128 0.0277739)
(3.06036 0.0036092 0.0281649)
(3.05614 0.00611794 0.0288311)
(3.03511 0.0108803 0.0303883)
(3.01503 -3.28403e-06 0.0135605)
(3.0265 -1.64217e-05 0.0195177)
(3.03689 -2.31967e-05 0.0225948)
(3.04839 -5.31257e-06 0.0246465)
(3.05757 2.46371e-05 0.026208)
(3.06262 0.000373006 0.0275215)
(3.06317 0.00122316 0.0280642)
(3.06209 0.00228377 0.028455)
(3.06002 0.00424447 0.0290437)
(3.04761 0.00831808 0.0304625)
(3.01504 2.97092e-06 0.0135632)
(3.02649 1.47813e-06 0.01953)
(3.03695 -8.42705e-06 0.0225818)
(3.04835 -1.70184e-05 0.0246302)
(3.05752 -1.60914e-05 0.0261987)
(3.06268 -3.53082e-05 0.0275299)
(3.0635 5.49424e-05 0.0280783)
(3.06283 0.000146907 0.0287345)
(3.06118 0.000475595 0.0299108)
(3.05078 0.00146399 0.0329493)
(3.09394 0.000902094 0.0763722)
(3.11784 0.00177457 0.0816328)
(3.12445 0.00511268 0.0853643)
(3.12269 0.00956591 0.0854557)
(3.11313 0.0163835 0.0882175)
(3.07057 0.0320733 0.0949485)
(2.88558 0.0939606 0.12117)
(2.26794 0.255055 0.211554)
(1.195 0.868407 0.266268)
(0.846544 1.17402 0.256448)
(3.09484 0.000629859 0.0762276)
(3.11987 0.00228489 0.0810701)
(3.12885 0.00564975 0.0850666)
(3.1289 0.0112853 0.0850537)
(3.12392 0.0185407 0.0868104)
(3.1025 0.0319448 0.0915394)
(3.00838 0.0713547 0.104165)
(2.57825 0.2207 0.168699)
(1.96043 0.676853 0.226154)
(1.59552 0.969811 0.239759)
(3.09645 0.000541624 0.0749612)
(3.12357 0.00205983 0.0815087)
(3.13497 0.00435422 0.083479)
(3.1376 0.0115467 0.085128)
(3.13613 0.0205469 0.0851649)
(3.1289 0.0334294 0.0870994)
(3.09913 0.0600007 0.0909028)
(2.93015 0.15809 0.115878)
(2.53565 0.437905 0.159148)
(2.23255 0.665377 0.193978)
(3.09709 0.000291604 0.0752464)
(3.12406 0.000618463 0.0808819)
(3.13986 0.00123932 0.0832555)
(3.14842 0.00504346 0.0834884)
(3.1497 0.0127299 0.0843795)
(3.14827 0.0220776 0.0842728)
(3.14105 0.0365082 0.0852257)
(3.10801 0.0720923 0.0880263)
(2.95314 0.19763 0.105885)
(2.58394 0.484286 0.127197)
(3.09718 -6.94029e-05 0.0751272)
(3.12439 7.88672e-05 0.0809383)
(3.14008 0.000297078 0.0831543)
(3.15161 0.00031582 0.0830916)
(3.15699 0.00364223 0.0840158)
(3.15735 0.00789633 0.0842369)
(3.15549 0.0132691 0.0844611)
(3.1477 0.0228 0.0859416)
(3.11509 0.0514559 0.0896499)
(2.98106 0.137961 0.111367)
(3.09715 1.56108e-06 0.0749032)
(3.12463 6.85805e-05 0.0812227)
(3.14022 0.000142468 0.0829825)
(3.1527 0.000321731 0.0831883)
(3.15949 0.00117576 0.0835985)
(3.16046 0.00441241 0.0842938)
(3.1596 0.00817559 0.084332)
(3.15544 0.0132828 0.0854288)
(3.14124 0.0227531 0.0879429)
(3.08527 0.047218 0.0971076)
(3.09724 2.82004e-05 0.075084)
(3.12455 6.93041e-05 0.0810023)
(3.14035 0.000132648 0.0829966)
(3.15287 0.000331304 0.0831226)
(3.16216 0.000440402 0.0833206)
(3.1663 0.00291668 0.0837138)
(3.16659 0.00589278 0.0839395)
(3.16553 0.00950862 0.0840143)
(3.16124 0.0152399 0.0853236)
(3.14567 0.0270601 0.0871506)
(3.09722 -4.36443e-05 0.0749244)
(3.12471 -3.59994e-05 0.0811765)
(3.14049 -9.59512e-06 0.0829802)
(3.15301 6.94387e-05 0.083146)
(3.16267 9.97574e-05 0.0832971)
(3.16736 0.000782206 0.0836545)
(3.16785 0.00217849 0.0838125)
(3.16703 0.00383163 0.0840836)
(3.16328 0.00615829 0.0847582)
(3.14637 0.0105083 0.087805)
(3.0972 1.23354e-05 0.07495)
(3.12465 -1.56714e-05 0.0809697)
(3.14057 -4.20982e-05 0.0831691)
(3.15309 -3.44321e-05 0.0831213)
(3.16311 -5.08618e-05 0.0831358)
(3.16904 0.000301753 0.0833501)
(3.17058 0.00114619 0.0838215)
(3.17064 0.00277894 0.0841968)
(3.16963 0.00604338 0.0844421)
(3.16355 0.0140394 0.0865227)
(3.09722 5.81316e-06 0.0749433)
(3.12465 1.9058e-05 0.0810555)
(3.1405 -7.34969e-06 0.0829859)
(3.15305 -3.43767e-05 0.0831046)
(3.16316 -4.65158e-05 0.0831974)
(3.16898 -2.64991e-05 0.0834209)
(3.17115 -0.000124814 0.0835346)
(3.17356 0.000374475 0.084305)
(3.17828 0.00204078 0.0839618)
(3.16314 0.00655133 0.0937806)
(1.09163 1.16698 -0.250956)
(1.27683 1.11074 -0.25291)
(1.37597 0.924086 -0.264853)
(1.32749 0.586453 -0.280995)
(1.39821 -0.000436778 -0.293364)
(1.36147 0.00222742 -0.30074)
(1.34508 -0.109642 -0.309252)
(1.29603 -0.270605 -0.310887)
(1.51936 -0.300258 -0.299558)
(1.71565 -0.301945 -0.284422)
(1.48366 1.04631 -0.241791)
(1.54592 0.91381 -0.247467)
(1.49301 0.443974 -0.286659)
(1.45151 0.189322 -0.284378)
(1.47277 -0.00243115 -0.298032)
(1.42453 -0.00498785 -0.303893)
(1.3463 -0.379186 -0.327885)
(1.72416 -0.439905 -0.284216)
(1.81901 -0.383492 -0.265291)
(1.89296 -0.341911 -0.273805)
(1.84384 0.896025 -0.22689)
(1.79279 0.784109 -0.229177)
(1.73905 0.43785 -0.252698)
(1.79574 0.289483 -0.251967)
(1.78856 0.133363 -0.262396)
(1.6905 -0.0011563 -0.274999)
(1.65629 -0.305401 -0.284957)
(1.78459 -0.296884 -0.276709)
(1.91196 -0.30418 -0.271724)
(2.03777 -0.321496 -0.251927)
(2.11634 0.751408 -0.211161)
(2.01826 0.730315 -0.218685)
(2.03447 0.630245 -0.222153)
(2.05342 0.374288 -0.232115)
(2.03949 0.126278 -0.239885)
(2.00364 -0.0729533 -0.228792)
(2.04067 -0.109491 -0.232971)
(2.07874 -0.142493 -0.232636)
(2.12852 -0.200298 -0.227231)
(2.23468 -0.274041 -0.229076)
(2.37327 0.597032 -0.177669)
(2.16431 0.689825 -0.20806)
(2.12924 0.636229 -0.214677)
(2.14602 0.492985 -0.222397)
(2.16501 0.291194 -0.222623)
(2.16177 0.112963 -0.226017)
(2.18715 0.0128348 -0.225013)
(2.22175 -0.0814683 -0.221442)
(2.27478 -0.186003 -0.218181)
(2.33218 -0.23005 -0.218318)
(2.57856 0.5465 -0.163375)
(2.39826 0.628251 -0.179562)
(2.27887 0.62898 -0.198268)
(2.2355 0.536783 -0.210802)
(2.24623 0.414516 -0.211257)
(2.25188 0.274788 -0.212751)
(2.25676 0.121193 -0.216319)
(2.27503 -0.0924458 -0.215528)
(2.34556 -0.181036 -0.206538)
(2.38558 -0.183943 -0.204841)
(2.79723 0.444952 -0.134817)
(2.47081 0.630334 -0.180292)
(2.38102 0.593299 -0.188262)
(2.33478 0.503754 -0.186524)
(2.32903 0.369299 -0.189264)
(2.34808 0.233275 -0.188174)
(2.35313 0.0143278 -0.195134)
(2.39476 -0.152995 -0.19248)
(2.41989 -0.160596 -0.18939)
(2.44577 -0.137753 -0.189288)
(2.91811 0.241658 -0.131393)
(2.41217 0.66905 -0.208408)
(2.39631 0.413885 -0.202264)
(2.39414 0.292225 -0.190994)
(2.38999 0.193725 -0.189698)
(2.39248 0.0470877 -0.190473)
(2.3966 -0.0943549 -0.191302)
(2.42031 -0.107563 -0.187627)
(2.46168 -0.0983464 -0.182384)
(2.50309 -0.0910486 -0.1862)
(3.00576 0.206145 -0.120209)
(2.52321 0.321029 -0.199171)
(2.35023 0.200987 -0.217007)
(2.32056 0.117409 -0.216793)
(2.33584 0.0489755 -0.208385)
(2.36095 -0.0305014 -0.197562)
(2.38461 -0.0509404 -0.193538)
(2.43925 -0.0354771 -0.189676)
(2.49079 -0.00965186 -0.18517)
(2.52167 -0.0110867 -0.18902)
(3.11565 0.0389792 -0.128004)
(2.45098 0.0620623 -0.205051)
(2.33439 0.0612954 -0.206989)
(2.3155 0.0297796 -0.2076)
(2.32531 -0.00249066 -0.2022)
(2.35432 -0.0125343 -0.196884)
(2.4151 0.00773843 -0.191842)
(2.48393 0.052703 -0.184396)
(2.5364 0.0987753 -0.17938)
(2.56289 0.130238 -0.182278)
(0.943694 1.23248 -0.0777246)
(1.15575 1.16098 -0.0821054)
(1.24254 0.961726 -0.0885573)
(1.21964 0.571743 -0.0973146)
(1.28183 -0.0216817 -0.0953376)
(1.25159 -0.0145794 -0.0971721)
(1.23761 -0.115871 -0.0998214)
(1.18436 -0.327953 -0.101785)
(1.51546 -0.350763 -0.0986174)
(1.69268 -0.324125 -0.090126)
(1.31228 1.11183 -0.0752166)
(1.4021 0.947185 -0.0807057)
(1.36766 0.485441 -0.0900054)
(1.36345 0.123348 -0.0948653)
(1.41773 -0.0296127 -0.0926678)
(1.38798 -0.112164 -0.0941346)
(1.28598 -0.434669 -0.100552)
(1.5545 -0.494957 -0.0949215)
(1.66833 -0.394996 -0.0920632)
(1.81983 -0.353166 -0.0879755)
(1.68872 0.976511 -0.071112)
(1.634 0.764862 -0.0776265)
(1.59515 0.41737 -0.0846321)
(1.66622 0.251269 -0.0865628)
(1.6736 0.0631401 -0.0868845)
(1.59225 -0.207952 -0.0944901)
(1.68412 -0.363006 -0.0873433)
(1.79207 -0.319455 -0.0827933)
(1.90988 -0.312938 -0.0809892)
(2.049 -0.336664 -0.0770466)
(1.93697 0.836977 -0.0662043)
(1.87204 0.780323 -0.0692312)
(1.91648 0.668746 -0.0715052)
(1.93499 0.377974 -0.0783136)
(1.90788 0.0400866 -0.0828939)
(1.95141 -0.141517 -0.078055)
(1.98944 -0.175943 -0.0762836)
(2.04753 -0.216127 -0.0743567)
(2.10959 -0.268678 -0.0729316)
(2.20877 -0.318035 -0.0720263)
(2.24787 0.627654 -0.0607343)
(2.03074 0.725182 -0.0664538)
(1.99422 0.652161 -0.0689862)
(2.00618 0.451352 -0.0732117)
(2.04371 0.214647 -0.075951)
(2.05932 0.0765039 -0.0730048)
(2.09103 -0.0405967 -0.0722923)
(2.1421 -0.152713 -0.0706896)
(2.21124 -0.249218 -0.0698502)
(2.30118 -0.28404 -0.0684811)
(2.41808 0.599141 -0.0558543)
(2.2425 0.669547 -0.0602748)
(2.13006 0.641616 -0.0650306)
(2.09875 0.517527 -0.0679503)
(2.11907 0.377797 -0.0694287)
(2.13311 0.213862 -0.0688216)
(2.15882 0.0318218 -0.0688777)
(2.22768 -0.169698 -0.0671666)
(2.30742 -0.237712 -0.0653898)
(2.36655 -0.241194 -0.0641693)
(2.70504 0.462303 -0.0454257)
(2.35663 0.647087 -0.0603589)
(2.25094 0.600951 -0.063614)
(2.21848 0.493016 -0.0637695)
(2.22701 0.361995 -0.0638713)
(2.26723 0.179822 -0.0641231)
(2.29301 -0.0571049 -0.0658969)
(2.34559 -0.167372 -0.062061)
(2.38107 -0.187572 -0.0610545)
(2.43276 -0.179252 -0.0607262)
(2.81871 0.213181 -0.0433554)
(2.3861 0.640068 -0.0652504)
(2.35277 0.443728 -0.0635648)
(2.33012 0.326628 -0.0606633)
(2.3163 0.202101 -0.0614388)
(2.32345 0.0279126 -0.0641748)
(2.34066 -0.0855934 -0.0620263)
(2.36794 -0.108301 -0.0598346)
(2.42733 -0.106086 -0.0574684)
(2.48613 -0.104602 -0.059984)
(2.95972 0.141445 -0.0385324)
(2.64031 0.309015 -0.0566048)
(2.34535 0.187438 -0.0635896)
(2.29849 0.127462 -0.0632681)
(2.29717 0.0666686 -0.062978)
(2.31655 -0.00635655 -0.061114)
(2.34161 -0.0331598 -0.0595896)
(2.40238 -0.0258746 -0.0580418)
(2.46119 -0.0150979 -0.0577275)
(2.51288 -0.0204355 -0.0594407)
(3.00059 0.0242761 -0.0429264)
(2.58759 0.0581362 -0.0574268)
(2.28888 0.0977643 -0.0620143)
(2.30346 0.0673029 -0.0609651)
(2.32327 0.0346686 -0.0593722)
(2.35589 0.0177697 -0.0581245)
(2.41273 0.0225796 -0.0569511)
(2.47975 0.0475973 -0.0559322)
(2.53303 0.0717646 -0.0568446)
(2.57272 0.0874721 -0.0585494)
(0.871118 1.218 -0.0354821)
(1.08225 1.14687 -0.0389882)
(1.15525 0.940121 -0.0434602)
(1.12324 0.452487 -0.0486706)
(1.22331 -0.0657505 -0.0476163)
(1.18926 -0.0491758 -0.0478941)
(1.164 -0.14538 -0.0489023)
(1.08991 -0.36732 -0.0506661)
(1.20772 -0.263844 -0.0527399)
(1.47504 -0.253659 -0.046786)
(1.20616 1.11816 -0.0344681)
(1.30122 0.941453 -0.0383375)
(1.27078 0.473952 -0.0439892)
(1.31575 0.084469 -0.0461707)
(1.38054 -0.0418647 -0.0448386)
(1.34918 -0.151731 -0.0453031)
(1.20739 -0.467725 -0.0486196)
(1.30939 -0.534779 -0.0490686)
(1.52004 -0.398903 -0.0467319)
(1.75901 -0.366886 -0.0424547)
(1.61898 0.984833 -0.0334759)
(1.51925 0.744564 -0.0373472)
(1.49334 0.407297 -0.0402125)
(1.54279 0.276752 -0.0416533)
(1.55686 0.0785458 -0.0420295)
(1.5048 -0.279716 -0.0468808)
(1.63024 -0.401087 -0.0429035)
(1.7316 -0.343121 -0.0400752)
(1.84124 -0.332733 -0.0398347)
(1.98264 -0.357292 -0.0375025)
(1.84871 0.857337 -0.0315177)
(1.78981 0.791803 -0.0327585)
(1.83261 0.687003 -0.0339225)
(1.83493 0.38619 -0.0376279)
(1.80022 0.0244143 -0.0401129)
(1.85796 -0.173318 -0.0379639)
(1.89266 -0.213404 -0.0373594)
(1.9551 -0.254032 -0.0362118)
(2.02144 -0.308596 -0.0357752)
(2.12946 -0.350244 -0.0348724)
(2.11248 0.650243 -0.0299044)
(1.92747 0.739615 -0.0321905)
(1.90314 0.656593 -0.033183)
(1.90877 0.416312 -0.035572)
(1.93404 0.163066 -0.0383297)
(1.95561 0.0417618 -0.0352755)
(1.99148 -0.0744914 -0.0347856)
(2.05025 -0.194542 -0.0338616)
(2.12479 -0.291365 -0.0339522)
(2.22428 -0.320675 -0.0332878)
(2.28712 0.638963 -0.027376)
(2.1098 0.698525 -0.0299103)
(2.01393 0.650804 -0.0316933)
(1.98987 0.506735 -0.0333568)
(2.00773 0.364728 -0.0347683)
(2.02705 0.185056 -0.0338654)
(2.05865 -0.0199181 -0.0337205)
(2.13553 -0.217694 -0.0328801)
(2.22137 -0.271882 -0.0324639)
(2.28539 -0.275973 -0.0313975)
(2.51268 0.530133 -0.0222149)
(2.22269 0.672928 -0.0298657)
(2.12364 0.612872 -0.0309501)
(2.09424 0.498363 -0.0311312)
(2.11325 0.353034 -0.0315623)
(2.14883 0.141328 -0.0322311)
(2.1832 -0.118452 -0.0328674)
(2.24685 -0.200146 -0.0305236)
(2.2877 -0.21429 -0.0298031)
(2.35343 -0.207192 -0.0298375)
(2.67524 0.234944 -0.0223454)
(2.30357 0.613276 -0.0329601)
(2.23117 0.444088 -0.0316784)
(2.20668 0.316727 -0.0302788)
(2.19661 0.172009 -0.030909)
(2.1973 -0.0222643 -0.0324781)
(2.24013 -0.108992 -0.030855)
(2.27977 -0.130603 -0.029372)
(2.34998 -0.124752 -0.0275982)
(2.41742 -0.122087 -0.0294486)
(2.83324 0.100564 -0.0203766)
(2.47976 0.335204 -0.0362354)
(2.2762 0.229899 -0.0291898)
(2.2212 0.140693 -0.0296208)
(2.20398 0.0554189 -0.0308526)
(2.23762 -0.0163014 -0.0295771)
(2.27423 -0.0426885 -0.0288752)
(2.34408 -0.0361267 -0.0282071)
(2.40864 -0.0283545 -0.028248)
(2.46292 -0.0300284 -0.029699)
(2.88206 0.0180015 -0.0181167)
(2.57247 0.0609841 -0.0279611)
(2.23271 0.0990109 -0.0306965)
(2.22879 0.0622162 -0.0305618)
(2.24268 0.0260806 -0.029608)
(2.27824 0.00777732 -0.0285441)
(2.34943 0.0116341 -0.0277406)
(2.42667 0.0335341 -0.0272788)
(2.48705 0.0531287 -0.028138)
(2.53189 0.0695414 -0.0295679)
(0.770469 1.23728 -0.0169279)
(0.987806 1.15877 -0.0192841)
(1.0645 0.941378 -0.022064)
(0.98933 0.244486 -0.0254996)
(1.19169 -0.130115 -0.0238715)
(1.16285 -0.0928296 -0.0240256)
(1.12439 -0.187423 -0.0244196)
(1.02003 -0.414626 -0.0247985)
(1.08112 -0.326722 -0.0264349)
(1.27492 -0.272922 -0.023224)
(1.07072 1.14908 -0.0166507)
(1.17985 0.953806 -0.0190947)
(1.16184 0.466167 -0.0223516)
(1.25216 0.0370403 -0.023016)
(1.31222 -0.0651865 -0.022316)
(1.28265 -0.182894 -0.0225623)
(1.15451 -0.520031 -0.0243127)
(1.25541 -0.595418 -0.0239459)
(1.4599 -0.452634 -0.0229303)
(1.66402 -0.403451 -0.0215478)
(1.46035 1.03915 -0.016703)
(1.37518 0.756738 -0.0188555)
(1.36593 0.409085 -0.0201676)
(1.41284 0.28657 -0.020902)
(1.42901 0.0805234 -0.021164)
(1.37378 -0.33148 -0.0239358)
(1.55671 -0.440447 -0.0213333)
(1.66349 -0.375489 -0.0199954)
(1.7701 -0.366484 -0.0197773)
(1.91067 -0.393176 -0.0185335)
(1.6616 0.935631 -0.0159904)
(1.61886 0.852482 -0.0165617)
(1.68386 0.74194 -0.0170437)
(1.71057 0.421575 -0.018925)
(1.67965 0.0239948 -0.0201652)
(1.7097 -0.201656 -0.0193981)
(1.75939 -0.249497 -0.0191184)
(1.84124 -0.293355 -0.018176)
(1.9191 -0.348269 -0.0180024)
(2.03575 -0.386579 -0.0173488)
(1.9277 0.721628 -0.0154637)
(1.74325 0.806923 -0.0165049)
(1.74291 0.701669 -0.0169144)
(1.75849 0.412566 -0.0182312)
(1.77975 0.125054 -0.0202634)
(1.81134 0.0112773 -0.0178536)
(1.85858 -0.110912 -0.0174753)
(1.93069 -0.242508 -0.0170148)
(2.01535 -0.33734 -0.017402)
(2.12628 -0.35716 -0.0171992)
(2.12243 0.702949 -0.0142539)
(1.92015 0.765349 -0.0158747)
(1.83285 0.696166 -0.0165016)
(1.81963 0.517824 -0.0174024)
(1.84318 0.364447 -0.0183203)
(1.87365 0.162146 -0.0174263)
(1.92449 -0.0720208 -0.017224)
(2.01753 -0.266515 -0.0170968)
(2.11237 -0.306503 -0.0170268)
(2.18371 -0.305312 -0.0160758)
(2.33948 0.601237 -0.0111358)
(2.06557 0.724281 -0.0156059)
(1.95297 0.654826 -0.0159834)
(1.92975 0.526304 -0.0161866)
(1.95631 0.357055 -0.0166029)
(1.99193 0.100248 -0.0172089)
(2.04652 -0.176565 -0.0174095)
(2.12395 -0.236893 -0.0156349)
(2.17142 -0.240796 -0.0152087)
(2.24915 -0.226997 -0.0152228)
(2.57464 0.23488 -0.0112144)
(2.1623 0.642892 -0.0174682)
(2.0576 0.488221 -0.0159021)
(2.03158 0.336056 -0.0154831)
(2.0281 0.154358 -0.0162222)
(2.05664 -0.063601 -0.0167474)
(2.11314 -0.132532 -0.0161588)
(2.16618 -0.152087 -0.0153382)
(2.24745 -0.137718 -0.0140672)
(2.31855 -0.130887 -0.0147176)
(2.6946 0.0972555 -0.0102232)
(2.28196 0.445966 -0.0217048)
(2.13252 0.298749 -0.0131036)
(2.09375 0.173159 -0.0143426)
(2.07652 0.060898 -0.015435)
(2.1146 -0.0115389 -0.0151257)
(2.16304 -0.0420944 -0.0150481)
(2.24242 -0.0376183 -0.0146187)
(2.31444 -0.0306096 -0.0145358)
(2.37117 -0.0280704 -0.0154653)
(2.7635 0.0191051 -0.00803868)
(2.40841 0.0855704 -0.0143681)
(2.12391 0.116017 -0.0154101)
(2.1044 0.0768826 -0.0160036)
(2.113 0.0387327 -0.0155719)
(2.14605 0.0203995 -0.0148953)
(2.22667 0.023321 -0.0142978)
(2.31532 0.0435173 -0.0140647)
(2.38473 0.0607202 -0.0146187)
(2.43631 0.0790318 -0.0154741)
(0.702796 1.26107 -0.00507153)
(0.919658 1.1788 -0.00588938)
(1.00298 0.954363 -0.00684117)
(0.908028 0.0503125 -0.00805817)
(1.17673 -0.174185 -0.00735462)
(1.13623 -0.122893 -0.00742035)
(1.08756 -0.213962 -0.00749455)
(0.95899 -0.460975 -0.00784431)
(1.19743 -0.38727 -0.00751725)
(1.75637 -0.467871 -0.00535341)
(0.979066 1.17708 -0.00503219)
(1.09478 0.971654 -0.0058608)
(1.08735 0.46733 -0.0069468)
(1.22407 0.00626664 -0.00700137)
(1.26248 -0.0839368 -0.00683804)
(1.22051 -0.207901 -0.00697066)
(1.08917 -0.55873 -0.00743088)
(1.22097 -0.634338 -0.00703965)
(1.53346 -0.486769 -0.00669163)
(1.71508 -0.453516 -0.00646341)
(1.35949 1.07586 -0.0051633)
(1.27683 0.769505 -0.00585668)
(1.2771 0.416832 -0.00624747)
(1.32616 0.294347 -0.00649395)
(1.33691 0.0791485 -0.00658216)
(1.27079 -0.371392 -0.00742569)
(1.50326 -0.474813 -0.00645363)
(1.61824 -0.404952 -0.00598875)
(1.72674 -0.400063 -0.00584262)
(1.86836 -0.429557 -0.00548002)
(1.55801 0.978237 -0.00498618)
(1.51836 0.887027 -0.00516962)
(1.58552 0.7713 -0.00530582)
(1.61066 0.436384 -0.00591272)
(1.56312 0.0097051 -0.00630592)
(1.61359 -0.213809 -0.00595334)
(1.67484 -0.271987 -0.00584714)
(1.76832 -0.323055 -0.00546294)
(1.85525 -0.377942 -0.00544974)
(1.97605 -0.413102 -0.00517554)
(1.82367 0.765563 -0.00489308)
(1.63403 0.847671 -0.00523539)
(1.6342 0.730136 -0.00532888)
(1.65049 0.402626 -0.00573496)
(1.66964 0.10669 -0.00660642)
(1.70753 -0.00691449 -0.00545792)
(1.76798 -0.139832 -0.00526302)
(1.85409 -0.275436 -0.00508822)
(1.94653 -0.366078 -0.0052754)
(2.06263 -0.379159 -0.00547775)
(2.02233 0.745187 -0.00465056)
(1.80722 0.807517 -0.00523243)
(1.71787 0.724349 -0.00533283)
(1.70785 0.521712 -0.00551911)
(1.73722 0.358942 -0.00573319)
(1.77575 0.139916 -0.00528288)
(1.84155 -0.113507 -0.00526484)
(1.94385 -0.298078 -0.00548612)
(2.04109 -0.328846 -0.00560546)
(2.11679 -0.322992 -0.00482753)
(2.25203 0.640565 -0.00350035)
(1.9685 0.760278 -0.00518727)
(1.84472 0.684688 -0.00505788)
(1.82336 0.545968 -0.00510614)
(1.84642 0.359203 -0.00525189)
(1.87645 0.0666899 -0.00569618)
(1.95622 -0.21415 -0.0060092)
(2.0439 -0.260574 -0.00481282)
(2.09563 -0.257523 -0.00464907)
(2.17939 -0.238349 -0.00455999)
(2.5075 0.242632 -0.00363591)
(2.065 0.675014 -0.00575262)
(1.94509 0.527897 -0.00450779)
(1.91175 0.354203 -0.00456789)
(1.90628 0.143868 -0.00523212)
(1.96244 -0.0842479 -0.00539337)
(2.02749 -0.146091 -0.00541343)
(2.08953 -0.165123 -0.00510002)
(2.17495 -0.146679 -0.00436907)
(2.24706 -0.137068 -0.00414036)
(2.6251 0.104081 -0.00296506)
(2.18961 0.494124 -0.00693435)
(2.05465 0.336214 -0.00262538)
(2.00584 0.185711 -0.00371174)
(1.98709 0.0626542 -0.00414132)
(2.0299 -0.00608909 -0.00473135)
(2.08764 -0.0392243 -0.00519836)
(2.17376 -0.0368128 -0.00485415)
(2.2458 -0.0306193 -0.00458597)
(2.30241 -0.0271612 -0.00508012)
(2.69652 0.0230084 -0.00231862)
(2.31188 0.0850714 -0.00421291)
(2.03717 0.121558 -0.00430408)
(2.01325 0.0864304 -0.00539506)
(2.02553 0.0510336 -0.00521484)
(2.06276 0.0346524 -0.00490446)
(2.1441 0.0369173 -0.00460845)
(2.23706 0.0554813 -0.00451429)
(2.30785 0.0718614 -0.00475391)
(2.3608 0.0920402 -0.00518169)
(0.702782 1.26108 0.00508947)
(0.919628 1.17877 0.00591378)
(1.00305 0.954158 0.00683486)
(0.908086 0.0505363 0.00804817)
(1.17653 -0.173889 0.00721513)
(1.13604 -0.122523 0.00733194)
(1.08757 -0.213506 0.00742705)
(0.960043 -0.460424 0.00771563)
(1.20932 -0.391857 0.00817798)
(1.7679 -0.473469 0.00587816)
(0.979041 1.17701 0.00505587)
(1.09475 0.971696 0.00589193)
(1.08739 0.466971 0.00692361)
(1.22435 0.00624878 0.00692177)
(1.26272 -0.0835871 0.00684186)
(1.22067 -0.207009 0.00693593)
(1.09008 -0.556846 0.0077963)
(1.22341 -0.632402 0.00794764)
(1.54207 -0.486383 0.00718368)
(1.72085 -0.455798 0.00593543)
(1.35946 1.0758 0.00507532)
(1.27699 0.769581 0.0058929)
(1.27744 0.416958 0.00626457)
(1.32677 0.294642 0.00647816)
(1.3377 0.0799391 0.00667678)
(1.27196 -0.369116 0.00780865)
(1.50475 -0.472223 0.00674747)
(1.61861 -0.403507 0.00652499)
(1.72665 -0.399343 0.00641546)
(1.86804 -0.429299 0.0058029)
(1.55797 0.978177 0.00487827)
(1.5184 0.887006 0.005046)
(1.5858 0.77128 0.00525279)
(1.61058 0.436568 0.00595953)
(1.56305 0.0107515 0.0065075)
(1.61396 -0.211685 0.00616572)
(1.67527 -0.270139 0.00620056)
(1.76825 -0.321565 0.00591916)
(1.85531 -0.376761 0.00591257)
(1.97476 -0.412903 0.00569836)
(1.82388 0.765066 0.00469687)
(1.63389 0.847624 0.00494131)
(1.63409 0.730199 0.00514573)
(1.65079 0.402917 0.00573502)
(1.67005 0.108458 0.00622973)
(1.70785 -0.00529874 0.00585021)
(1.76749 -0.138616 0.00567938)
(1.85343 -0.274718 0.00559777)
(1.94585 -0.366432 0.00575868)
(2.06147 -0.380269 0.00517842)
(2.02277 0.745171 0.0041422)
(1.80743 0.807489 0.00456479)
(1.71771 0.724762 0.00494284)
(1.70764 0.522263 0.00544535)
(1.73778 0.359415 0.00598472)
(1.77572 0.138014 0.00581645)
(1.84094 -0.115595 0.00558657)
(1.94308 -0.300382 0.00523182)
(2.03967 -0.33057 0.00498034)
(2.11673 -0.323541 0.00533138)
(2.25315 0.640454 0.00320841)
(1.96761 0.761342 0.0042323)
(1.84423 0.68712 0.0049443)
(1.82238 0.547046 0.00512687)
(1.84451 0.356836 0.0053856)
(1.87424 0.0595865 0.00533598)
(1.95559 -0.220634 0.00479972)
(2.04341 -0.26531 0.00496863)
(2.09395 -0.260209 0.0049701)
(2.17869 -0.239001 0.0051331)
(2.50631 0.245331 0.00257818)
(2.06696 0.675164 0.00429077)
(1.94326 0.535942 0.00559849)
(1.90838 0.355671 0.00539279)
(1.90485 0.14219 0.00500715)
(1.96388 -0.0851651 0.00455933)
(2.02713 -0.14861 0.00425473)
(2.08984 -0.167988 0.00424293)
(2.1745 -0.148898 0.0046981)
(2.24616 -0.137841 0.00541305)
(2.62573 0.104537 0.00363433)
(2.18501 0.505422 0.0073643)
(2.04868 0.346495 0.00644128)
(2.00004 0.185542 0.00611661)
(1.98499 0.0603213 0.00587172)
(2.02791 -0.00527839 0.00497734)
(2.08903 -0.0386749 0.00399993)
(2.17645 -0.0370137 0.00421609)
(2.24746 -0.0316469 0.00460927)
(2.30264 -0.0270487 0.00457737)
(2.69635 0.0223731 0.00221391)
(2.30813 0.0914104 0.00411621)
(2.03737 0.125314 0.00577369)
(2.01188 0.0867983 0.0043539)
(2.0258 0.0526992 0.00432038)
(2.06395 0.0377327 0.00429106)
(2.14537 0.0388864 0.00432812)
(2.23899 0.0551024 0.00434733)
(2.30997 0.0700586 0.00442103)
(2.36198 0.0903867 0.00438196)
(0.770435 1.23717 0.0169426)
(0.98763 1.15864 0.0193015)
(1.06458 0.940939 0.0220545)
(0.989962 0.24518 0.0254832)
(1.19159 -0.129892 0.0237338)
(1.163 -0.092341 0.0239188)
(1.12486 -0.18671 0.0243619)
(1.02257 -0.413342 0.024754)
(1.07469 -0.323768 0.027134)
(1.28166 -0.278199 0.0237361)
(1.07063 1.14879 0.0166697)
(1.17962 0.953861 0.0191188)
(1.16188 0.465611 0.0223222)
(1.25295 0.0368635 0.0229217)
(1.31244 -0.0647783 0.0223068)
(1.28297 -0.18113 0.0225466)
(1.15632 -0.516037 0.024609)
(1.26766 -0.592048 0.0246954)
(1.46391 -0.456458 0.023339)
(1.6725 -0.409339 0.0208298)
(1.46026 1.03894 0.0166191)
(1.37517 0.756501 0.0188748)
(1.36698 0.410149 0.0201518)
(1.4139 0.288258 0.0208705)
(1.42972 0.0826143 0.0212692)
(1.37482 -0.326621 0.024235)
(1.55787 -0.435055 0.0215728)
(1.6637 -0.373091 0.0205277)
(1.77003 -0.36498 0.020279)
(1.91013 -0.391443 0.0188736)
(1.66132 0.935511 0.015898)
(1.61885 0.852361 0.016466)
(1.68501 0.742307 0.0169668)
(1.71274 0.423935 0.0189298)
(1.6827 0.0284868 0.0202827)
(1.71004 -0.196198 0.0195569)
(1.75911 -0.24535 0.0195073)
(1.83976 -0.290408 0.0185924)
(1.91855 -0.345983 0.0185132)
(2.03178 -0.386389 0.0179986)
(1.9286 0.719948 0.0152645)
(1.74295 0.806523 0.0162497)
(1.74343 0.701818 0.0167011)
(1.76149 0.412983 0.0181465)
(1.78134 0.126066 0.0199781)
(1.81121 0.0139378 0.0181456)
(1.8568 -0.107661 0.0178175)
(1.92892 -0.240397 0.0174488)
(2.01376 -0.339394 0.0178175)
(2.12447 -0.360272 0.0169997)
(2.12242 0.703438 0.0136421)
(1.92134 0.764439 0.0151813)
(1.83424 0.697216 0.0161081)
(1.82205 0.519779 0.0172536)
(1.84678 0.366387 0.0184893)
(1.87568 0.159137 0.0178807)
(1.92267 -0.076331 0.0175283)
(2.01584 -0.272034 0.0169241)
(2.11205 -0.312081 0.0166755)
(2.18654 -0.306783 0.0162027)
(2.34213 0.599852 0.0108272)
(2.06274 0.724914 0.0143214)
(1.95207 0.661191 0.0158114)
(1.92864 0.529999 0.0162059)
(1.95303 0.353558 0.0168085)
(1.9835 0.0840725 0.0170838)
(2.0434 -0.197378 0.0167374)
(2.12487 -0.251089 0.0156428)
(2.17189 -0.248011 0.0155134)
(2.25299 -0.228911 0.0153444)
(2.57174 0.244897 0.00950464)
(2.1789 0.643445 0.0132545)
(2.06585 0.51048 0.0166531)
(2.03103 0.34085 0.0161677)
(2.01999 0.147186 0.0160679)
(2.05808 -0.0691758 0.0153477)
(2.11446 -0.141538 0.0149291)
(2.17081 -0.162225 0.0145735)
(2.25224 -0.144854 0.0147419)
(2.32108 -0.134094 0.0156624)
(2.69011 0.100208 0.0107708)
(2.25783 0.507372 0.0247257)
(2.11779 0.335035 0.0172709)
(2.08203 0.174028 0.0167909)
(2.07421 0.0570815 0.0165918)
(2.11434 -0.0094106 0.0155378)
(2.16925 -0.0429768 0.0141943)
(2.25228 -0.0414036 0.0139528)
(2.32181 -0.0364575 0.0144484)
(2.37471 -0.03079 0.015026)
(2.76062 0.0161225 0.00818371)
(2.40181 0.101081 0.0144804)
(2.1283 0.117729 0.0168185)
(2.09981 0.0722174 0.014945)
(2.11194 0.0391078 0.0147488)
(2.1463 0.0251412 0.0144081)
(2.22515 0.0261754 0.0139943)
(2.31578 0.0411115 0.0139315)
(2.38711 0.0546262 0.0143494)
(2.43763 0.0735585 0.0147227)
(0.871335 1.21759 0.0354964)
(1.08214 1.14659 0.0390037)
(1.15533 0.939433 0.0434541)
(1.12332 0.451307 0.0486711)
(1.2236 -0.0663267 0.0474837)
(1.19022 -0.0490114 0.0477451)
(1.16678 -0.143588 0.0488243)
(1.09445 -0.359605 0.0507446)
(1.24018 -0.267462 0.0522193)
(1.49319 -0.259123 0.0464887)
(1.20631 1.11754 0.0344788)
(1.30093 0.941377 0.0383584)
(1.27071 0.473003 0.0439587)
(1.31691 0.0833441 0.0460826)
(1.38103 -0.0414825 0.0448222)
(1.34964 -0.149368 0.0453164)
(1.20803 -0.46165 0.0488341)
(1.32299 -0.529215 0.0493583)
(1.51725 -0.405605 0.0470997)
(1.76318 -0.37429 0.0419572)
(1.61905 0.984451 0.0333899)
(1.51891 0.743783 0.0373517)
(1.49289 0.407508 0.0401839)
(1.54242 0.279999 0.0416198)
(1.55733 0.0821808 0.0421434)
(1.5065 -0.272707 0.0470564)
(1.62955 -0.394309 0.0430919)
(1.73022 -0.340729 0.0404717)
(1.84015 -0.331276 0.0402239)
(1.97926 -0.355411 0.0378631)
(1.84834 0.857092 0.031514)
(1.79003 0.791569 0.0326965)
(1.83483 0.689652 0.0337435)
(1.83411 0.385582 0.0376873)
(1.80065 0.0281592 0.0401279)
(1.85745 -0.16601 0.0381174)
(1.89102 -0.208119 0.0377153)
(1.95155 -0.250579 0.0366095)
(2.01817 -0.305834 0.0363503)
(2.12063 -0.349926 0.0357025)
(2.11304 0.648204 0.0296749)
(1.92774 0.738443 0.0320694)
(1.90467 0.656446 0.0329769)
(1.91047 0.413459 0.0354075)
(1.93554 0.165303 0.0381838)
(1.95539 0.0460581 0.0353788)
(1.98864 -0.0695529 0.0349896)
(2.04694 -0.191357 0.0342105)
(2.1192 -0.295927 0.0344225)
(2.21934 -0.32579 0.0333015)
(2.28612 0.639723 0.0267546)
(2.11052 0.695875 0.0294457)
(2.01666 0.652377 0.0314356)
(1.99632 0.510512 0.0330235)
(2.01606 0.369029 0.0346863)
(2.03307 0.18132 0.0341283)
(2.05799 -0.026427 0.033959)
(2.1292 -0.225348 0.0327918)
(2.22135 -0.279932 0.0323279)
(2.28876 -0.277783 0.0311378)
(2.51539 0.523709 0.0221628)
(2.217 0.664748 0.028874)
(2.12257 0.618828 0.0307406)
(2.09394 0.503042 0.0310078)
(2.11059 0.349374 0.0319103)
(2.13826 0.116921 0.0325683)
(2.17707 -0.148866 0.032921)
(2.24716 -0.223401 0.0304528)
(2.28964 -0.223938 0.0299678)
(2.35774 -0.208445 0.0294443)
(2.67165 0.248914 0.019979)
(2.34272 0.610205 0.0276882)
(2.26939 0.4743 0.0316132)
(2.22165 0.321521 0.0305252)
(2.19128 0.157706 0.0307728)
(2.18975 -0.045898 0.0311803)
(2.24028 -0.130125 0.0298493)
(2.28878 -0.151319 0.0289132)
(2.36306 -0.135757 0.0283312)
(2.42516 -0.124418 0.0297432)
(2.80861 0.100567 0.0198275)
(2.45707 0.322449 0.0406001)
(2.25194 0.253419 0.0334728)
(2.20606 0.1351 0.0316743)
(2.20509 0.0460657 0.0312108)
(2.24131 -0.0185989 0.0299167)
(2.28444 -0.0487172 0.0284284)
(2.35967 -0.0450288 0.0274617)
(2.42543 -0.0376281 0.0279004)
(2.47481 -0.032159 0.0291808)
(2.86978 0.00974223 0.019304)
(2.56131 0.0489752 0.0297446)
(2.25402 0.0794849 0.0313911)
(2.23323 0.0418522 0.0292573)
(2.24981 0.0152935 0.0288704)
(2.28288 0.00478359 0.0281985)
(2.34847 0.00968496 0.0274635)
(2.42598 0.0277263 0.0271789)
(2.48929 0.0430588 0.0279459)
(2.53608 0.0606195 0.0287567)
(0.94054 1.23371 0.0778754)
(1.15276 1.16214 0.0822272)
(1.24068 0.961549 0.0886598)
(1.21791 0.569616 0.0974168)
(1.28138 -0.0229777 0.0952249)
(1.25241 -0.0141435 0.0972654)
(1.24312 -0.11286 0.0993131)
(1.18786 -0.315324 0.102226)
(1.4978 -0.344464 0.0996267)
(1.69593 -0.326337 0.0891575)
(1.30991 1.11238 0.0753097)
(1.39937 0.948293 0.0808282)
(1.36601 0.484613 0.090053)
(1.36423 0.120489 0.0948597)
(1.41763 -0.0296404 0.092688)
(1.38859 -0.109842 0.0942257)
(1.28905 -0.426509 0.100595)
(1.56028 -0.482092 0.094749)
(1.64561 -0.39247 0.0930246)
(1.81457 -0.357378 0.0878739)
(1.68677 0.977007 0.0710361)
(1.63202 0.764592 0.0777061)
(1.5928 0.418324 0.0847022)
(1.66346 0.254388 0.0866691)
(1.67304 0.0664746 0.0869698)
(1.59746 -0.199161 0.0944234)
(1.6849 -0.353122 0.0875015)
(1.79012 -0.315375 0.0828792)
(1.91004 -0.309107 0.080908)
(2.04471 -0.331735 0.0775357)
(1.93577 0.836891 0.0664736)
(1.8713 0.780487 0.0691506)
(1.91681 0.671182 0.0710623)
(1.93782 0.37936 0.0781171)
(1.91176 0.0437966 0.0828368)
(1.95233 -0.132086 0.0782213)
(1.9879 -0.169413 0.0764729)
(2.04519 -0.210219 0.0745556)
(2.10798 -0.261887 0.0732859)
(2.19841 -0.313692 0.0729736)
(2.24699 0.625649 0.0604616)
(2.03092 0.723685 0.0668562)
(1.99391 0.652113 0.0690889)
(2.00639 0.44809 0.0729472)
(2.04202 0.215799 0.0761716)
(2.0606 0.0832949 0.0731139)
(2.08915 -0.0346742 0.07248)
(2.14077 -0.148633 0.0707255)
(2.20403 -0.254517 0.0702044)
(2.29229 -0.29111 0.0687493)
(2.4177 0.599995 0.0554835)
(2.24502 0.665007 0.0604734)
(2.13417 0.643432 0.0650594)
(2.11114 0.524006 0.0671696)
(2.13232 0.38624 0.0688412)
(2.14647 0.211491 0.0687491)
(2.16259 0.0215658 0.0689754)
(2.21564 -0.180077 0.0671995)
(2.30114 -0.249537 0.0653857)
(2.36384 -0.246439 0.0639007)
(2.69962 0.448158 0.0464768)
(2.33315 0.635159 0.0606627)
(2.24038 0.603931 0.0637013)
(2.20914 0.495952 0.0638374)
(2.2228 0.356236 0.0646768)
(2.25342 0.150609 0.06558)
(2.27951 -0.0949864 0.0670731)
(2.33888 -0.194206 0.0625572)
(2.37758 -0.197607 0.0614212)
(2.42933 -0.182377 0.0603524)
(2.79161 0.231407 0.0431931)
(2.45685 0.603195 0.0597037)
(2.39523 0.484978 0.0611995)
(2.34605 0.340144 0.0597821)
(2.31033 0.194045 0.0612604)
(2.30738 0.00800373 0.0637053)
(2.33616 -0.103539 0.06142)
(2.37115 -0.126506 0.0596028)
(2.4344 -0.113485 0.0579743)
(2.49249 -0.102011 0.0600557)
(2.95534 0.104525 0.038983)
(2.69082 0.229303 0.0599251)
(2.29225 0.217118 0.0679331)
(2.27501 0.134484 0.0634305)
(2.2901 0.0635128 0.0617726)
(2.31583 -0.00577488 0.0608238)
(2.34996 -0.0372532 0.0595443)
(2.41688 -0.0324107 0.0579448)
(2.48031 -0.0196386 0.0575136)
(2.52818 -0.0172909 0.0591957)
(2.99012 0.0182609 0.0446555)
(2.67276 0.0267793 0.0561006)
(2.32048 0.0598289 0.0605672)
(2.30314 0.0359491 0.0594565)
(2.32016 0.0162622 0.0590683)
(2.3504 0.00985347 0.0584077)
(2.40542 0.0185746 0.0574337)
(2.47452 0.0420099 0.0563694)
(2.53257 0.0608563 0.0572298)
(2.57684 0.0762651 0.0583449)
(1.09159 1.16655 0.251074)
(1.27606 1.11077 0.252866)
(1.37508 0.922499 0.264814)
(1.32594 0.582898 0.281029)
(1.39711 -0.00178619 0.293462)
(1.36255 0.0027686 0.301384)
(1.34719 -0.112616 0.307211)
(1.29997 -0.259778 0.311994)
(1.61557 -0.338403 0.2915)
(1.73114 -0.31732 0.283562)
(1.48319 1.04614 0.241904)
(1.54475 0.914676 0.247528)
(1.49297 0.441522 0.286648)
(1.45352 0.184133 0.284142)
(1.47211 -0.00221961 0.298051)
(1.42517 -0.00221641 0.304114)
(1.34821 -0.368772 0.328742)
(1.72267 -0.427348 0.281009)
(1.80482 -0.380556 0.275211)
(1.87287 -0.337664 0.279404)
(1.84317 0.896095 0.227009)
(1.79183 0.783872 0.229074)
(1.73972 0.436844 0.252436)
(1.79688 0.291026 0.252067)
(1.78781 0.136467 0.262756)
(1.6956 0.00565827 0.274001)
(1.65739 -0.296689 0.2849)
(1.78167 -0.294088 0.277505)
(1.90594 -0.297474 0.269184)
(2.03345 -0.308307 0.249771)
(2.11721 0.750063 0.211304)
(2.01745 0.729837 0.218673)
(2.03457 0.630196 0.222166)
(2.05343 0.374635 0.231545)
(2.04067 0.125252 0.23876)
(2.00695 -0.0619811 0.228223)
(2.0386 -0.106683 0.233281)
(2.07804 -0.136567 0.232263)
(2.13038 -0.19365 0.226642)
(2.22534 -0.268645 0.230166)
(2.37633 0.592228 0.177717)
(2.16513 0.687654 0.208449)
(2.12628 0.635598 0.2153)
(2.14326 0.498036 0.222014)
(2.16136 0.297685 0.225902)
(2.16536 0.130338 0.227039)
(2.18609 0.0186268 0.226441)
(2.22063 -0.078501 0.220664)
(2.2679 -0.194714 0.219377)
(2.32399 -0.240518 0.220143)
(2.58095 0.547452 0.164434)
(2.39853 0.622429 0.17989)
(2.27965 0.624923 0.199147)
(2.24806 0.543582 0.205193)
(2.25668 0.411263 0.206588)
(2.26334 0.27678 0.20897)
(2.26106 0.112327 0.215156)
(2.2701 -0.100709 0.215189)
(2.34107 -0.198219 0.206174)
(2.3855 -0.198756 0.203639)
(2.80032 0.421257 0.136993)
(2.44901 0.605908 0.187058)
(2.3744 0.5788 0.192619)
(2.32385 0.495747 0.190712)
(2.31897 0.367995 0.190661)
(2.33452 0.198576 0.193611)
(2.33866 -0.0372529 0.19902)
(2.39274 -0.173196 0.194065)
(2.42186 -0.171021 0.191974)
(2.44649 -0.149755 0.190351)
(2.92802 0.209791 0.127738)
(2.48927 0.622144 0.202392)
(2.4307 0.485074 0.196439)
(2.38149 0.346579 0.189591)
(2.36029 0.211273 0.191584)
(2.36595 0.0363863 0.19398)
(2.38754 -0.10131 0.194298)
(2.41599 -0.111264 0.191179)
(2.46073 -0.0928145 0.186533)
(2.50883 -0.0761857 0.189022)
(3.02198 0.163684 0.103713)
(2.47931 0.36036 0.208763)
(2.23864 0.172182 0.229648)
(2.26271 0.107453 0.210273)
(2.3053 0.0441917 0.203438)
(2.34012 -0.0271462 0.200044)
(2.37697 -0.0485175 0.197335)
(2.4421 -0.0232423 0.195061)
(2.50012 0.0126368 0.187104)
(2.53679 0.0124617 0.189033)
(3.09559 0.063372 0.118178)
(2.50921 0.0251269 0.197942)
(2.33978 -0.00115872 0.202841)
(2.29817 -0.00399301 0.203586)
(2.31804 -0.00278893 0.201961)
(2.35556 0.0088039 0.19861)
(2.41517 0.0329095 0.192633)
(2.48622 0.0727239 0.182797)
(2.54297 0.104659 0.176063)
(2.57365 0.119075 0.179761)
)
;

boundaryField
{
    inlet
    {
        type            fixedValue;
        value           uniform (3 0 0);
    }
    outlet
    {
        type            inletOutlet;
        inletValue      uniform (3 0 0);
        value           nonuniform List<vector> 
100
(
(1.71565 -0.301945 -0.284422)
(1.89296 -0.341911 -0.273805)
(2.03777 -0.321496 -0.251927)
(2.23468 -0.274041 -0.229076)
(2.33218 -0.23005 -0.218318)
(2.38558 -0.183943 -0.204841)
(2.44577 -0.137753 -0.189288)
(2.50309 -0.0910486 -0.1862)
(2.52167 -0.0110867 -0.18902)
(2.56289 0.130238 -0.182278)
(1.69268 -0.324125 -0.090126)
(1.81983 -0.353166 -0.0879755)
(2.049 -0.336664 -0.0770466)
(2.20877 -0.318035 -0.0720263)
(2.30118 -0.28404 -0.0684811)
(2.36655 -0.241194 -0.0641693)
(2.43276 -0.179252 -0.0607262)
(2.48613 -0.104602 -0.059984)
(2.51288 -0.0204355 -0.0594407)
(2.57272 0.0874721 -0.0585494)
(1.47504 -0.253659 -0.046786)
(1.75901 -0.366886 -0.0424547)
(1.98264 -0.357292 -0.0375025)
(2.12946 -0.350244 -0.0348724)
(2.22428 -0.320675 -0.0332878)
(2.28539 -0.275973 -0.0313975)
(2.35343 -0.207192 -0.0298375)
(2.41742 -0.122087 -0.0294486)
(2.46292 -0.0300284 -0.029699)
(2.53189 0.0695414 -0.0295679)
(1.27492 -0.272922 -0.023224)
(1.66402 -0.403451 -0.0215478)
(1.91067 -0.393176 -0.0185335)
(2.03575 -0.386579 -0.0173488)
(2.12628 -0.35716 -0.0171992)
(2.18371 -0.305312 -0.0160758)
(2.24915 -0.226997 -0.0152228)
(2.31855 -0.130887 -0.0147176)
(2.37117 -0.0280704 -0.0154653)
(2.43631 0.0790318 -0.0154741)
(1.75637 -0.467871 -0.00535341)
(1.71508 -0.453516 -0.00646341)
(1.86836 -0.429557 -0.00548002)
(1.97605 -0.413102 -0.00517554)
(2.06263 -0.379159 -0.00547775)
(2.11679 -0.322992 -0.00482753)
(2.17939 -0.238349 -0.00455999)
(2.24706 -0.137068 -0.00414036)
(2.30241 -0.0271612 -0.00508012)
(2.3608 0.0920402 -0.00518169)
(1.7679 -0.473469 0.00587816)
(1.72085 -0.455798 0.00593543)
(1.86804 -0.429299 0.0058029)
(1.97476 -0.412903 0.00569836)
(2.06147 -0.380269 0.00517842)
(2.11673 -0.323541 0.00533138)
(2.17869 -0.239001 0.0051331)
(2.24616 -0.137841 0.00541305)
(2.30264 -0.0270487 0.00457737)
(2.36198 0.0903867 0.00438196)
(1.28166 -0.278199 0.0237361)
(1.6725 -0.409339 0.0208298)
(1.91013 -0.391443 0.0188736)
(2.03178 -0.386389 0.0179986)
(2.12447 -0.360272 0.0169997)
(2.18654 -0.306783 0.0162027)
(2.25299 -0.228911 0.0153444)
(2.32108 -0.134094 0.0156624)
(2.37471 -0.03079 0.015026)
(2.43763 0.0735585 0.0147227)
(1.49319 -0.259123 0.0464887)
(1.76318 -0.37429 0.0419572)
(1.97926 -0.355411 0.0378631)
(2.12063 -0.349926 0.0357025)
(2.21934 -0.32579 0.0333015)
(2.28876 -0.277783 0.0311378)
(2.35774 -0.208445 0.0294443)
(2.42516 -0.124418 0.0297432)
(2.47481 -0.032159 0.0291808)
(2.53608 0.0606195 0.0287567)
(1.69593 -0.326337 0.0891575)
(1.81457 -0.357378 0.0878739)
(2.04471 -0.331735 0.0775357)
(2.19841 -0.313692 0.0729736)
(2.29229 -0.29111 0.0687493)
(2.36384 -0.246439 0.0639007)
(2.42933 -0.182377 0.0603524)
(2.49249 -0.102011 0.0600557)
(2.52818 -0.0172909 0.0591957)
(2.57684 0.0762651 0.0583449)
(1.73114 -0.31732 0.283562)
(1.87287 -0.337664 0.279404)
(2.03345 -0.308307 0.249771)
(2.22534 -0.268645 0.230166)
(2.32399 -0.240518 0.220143)
(2.3855 -0.198756 0.203639)
(2.44649 -0.149755 0.190351)
(2.50883 -0.0761857 0.189022)
(2.53679 0.0124617 0.189033)
(2.57365 0.119075 0.179761)
)
;
    }
    top
    {
        type            symmetryPlane;
    }
    bottom
    {
        type            symmetryPlane;
    }
    step
    {
        type            slip;
    }
    defaultFaces
    {
        type            empty;
    }
}


// ************************************************************************* //
