/*--------------------------------*- C++ -*----------------------------------*\
  =========                 |
  \\      /  F ield         | OpenFOAM: The Open Source CFD Toolbox
   \\    /   O peration     | Website:  https://openfoam.org
    \\  /    A nd           | Version:  6.0
     \\/     M anipulation  |
\*---------------------------------------------------------------------------*/
FoamFile
{
    version     2.0;
    format      ascii;
    class       volScalarField;
    location    "2.9988457";
    object      rho;
}
// * * * * * * * * * * * * * * * * * * * * * * * * * * * * * * * * * * * * * //

dimensions      [1 -3 0 0 0 0 0];

internalField   nonuniform List<scalar> 
3000
(
1.39997
1.39997
1.39997
1.39997
1.42641
4.04087
5.51337
5.6141
5.74518
5.85043
1.39997
1.39997
1.39997
1.39997
1.42453
4.02114
5.50851
5.607
5.73294
5.83426
1.39997
1.39997
1.39997
1.39997
1.41327
3.98632
5.49652
5.59133
5.7124
5.81364
1.39997
1.39997
1.39997
1.39997
1.4042
3.92862
5.47559
5.56805
5.68391
5.77812
1.39997
1.39997
1.39997
1.39997
1.40056
3.84346
5.44149
5.53301
5.63808
5.73202
1.39997
1.39997
1.39997
1.39997
1.4
3.73514
5.39826
5.4946
5.58861
5.66498
1.39997
1.39997
1.39997
1.39997
1.39997
3.60425
5.342
5.44352
5.51584
5.5828
1.39997
1.39997
1.39997
1.39997
1.39997
3.45178
5.27242
5.38727
5.44335
5.47652
1.39997
1.39997
1.39997
1.39997
1.39997
3.27645
5.20067
5.3279
5.33728
5.30296
1.39997
1.39997
1.39997
1.39997
1.39997
3.09078
5.10647
5.25852
5.2339
5.13998
1.39997
1.39997
1.39997
1.39997
1.42641
4.04087
5.51337
5.6141
5.74518
5.85043
1.39997
1.39997
1.39997
1.39997
1.42453
4.02114
5.50851
5.607
5.73294
5.83426
1.39997
1.39997
1.39997
1.39997
1.41327
3.98632
5.49652
5.59133
5.7124
5.81364
1.39997
1.39997
1.39997
1.39997
1.4042
3.92862
5.47559
5.56805
5.68391
5.77812
1.39997
1.39997
1.39997
1.39997
1.40056
3.84346
5.44149
5.53301
5.63808
5.73202
1.39997
1.39997
1.39997
1.39997
1.4
3.73514
5.39826
5.4946
5.58861
5.66498
1.39997
1.39997
1.39997
1.39997
1.39997
3.60425
5.342
5.44352
5.51584
5.5828
1.39997
1.39997
1.39997
1.39997
1.39997
3.45178
5.27242
5.38727
5.44335
5.47652
1.39997
1.39997
1.39997
1.39997
1.39997
3.27645
5.20067
5.3279
5.33728
5.30296
1.39997
1.39997
1.39997
1.39997
1.39997
3.09078
5.10647
5.25852
5.2339
5.13998
1.39997
1.39997
1.39997
1.39997
1.42641
4.04087
5.51337
5.6141
5.74518
5.85043
1.39997
1.39997
1.39997
1.39997
1.42453
4.02114
5.50851
5.607
5.73294
5.83426
1.39997
1.39997
1.39997
1.39997
1.41327
3.98632
5.49652
5.59133
5.7124
5.81364
1.39997
1.39997
1.39997
1.39997
1.4042
3.92862
5.47559
5.56805
5.68391
5.77812
1.39997
1.39997
1.39997
1.39997
1.40056
3.84346
5.44149
5.53301
5.63808
5.73202
1.39997
1.39997
1.39997
1.39997
1.4
3.73514
5.39826
5.4946
5.58861
5.66498
1.39997
1.39997
1.39997
1.39997
1.39997
3.60425
5.342
5.44352
5.51584
5.5828
1.39997
1.39997
1.39997
1.39997
1.39997
3.45178
5.27242
5.38727
5.44335
5.47652
1.39997
1.39997
1.39997
1.39997
1.39997
3.27645
5.20067
5.3279
5.33728
5.30296
1.39997
1.39997
1.39997
1.39997
1.39997
3.09078
5.10647
5.25852
5.2339
5.13998
1.39997
1.39997
1.39997
1.39997
1.42641
4.04087
5.51337
5.6141
5.74518
5.85043
1.39997
1.39997
1.39997
1.39997
1.42453
4.02114
5.50851
5.607
5.73294
5.83426
1.39997
1.39997
1.39997
1.39997
1.41327
3.98632
5.49652
5.59133
5.7124
5.81364
1.39997
1.39997
1.39997
1.39997
1.4042
3.92862
5.47559
5.56805
5.68391
5.77812
1.39997
1.39997
1.39997
1.39997
1.40056
3.84346
5.44149
5.53301
5.63808
5.73202
1.39997
1.39997
1.39997
1.39997
1.4
3.73514
5.39826
5.4946
5.58861
5.66498
1.39997
1.39997
1.39997
1.39997
1.39997
3.60425
5.342
5.44352
5.51584
5.5828
1.39997
1.39997
1.39997
1.39997
1.39997
3.45178
5.27242
5.38727
5.44335
5.47652
1.39997
1.39997
1.39997
1.39997
1.39997
3.27645
5.20067
5.3279
5.33728
5.30296
1.39997
1.39997
1.39997
1.39997
1.39997
3.09078
5.10647
5.25852
5.2339
5.13998
1.39997
1.39997
1.39997
1.39997
1.42641
4.04087
5.51337
5.6141
5.74518
5.85043
1.39997
1.39997
1.39997
1.39997
1.42453
4.02114
5.50851
5.607
5.73294
5.83426
1.39997
1.39997
1.39997
1.39997
1.41327
3.98632
5.49652
5.59133
5.7124
5.81364
1.39997
1.39997
1.39997
1.39997
1.4042
3.92862
5.47559
5.56805
5.68391
5.77812
1.39997
1.39997
1.39997
1.39997
1.40056
3.84346
5.44149
5.53301
5.63808
5.73202
1.39997
1.39997
1.39997
1.39997
1.4
3.73514
5.39826
5.4946
5.58861
5.66498
1.39997
1.39997
1.39997
1.39997
1.39997
3.60425
5.342
5.44352
5.51584
5.5828
1.39997
1.39997
1.39997
1.39997
1.39997
3.45178
5.27242
5.38727
5.44335
5.47652
1.39997
1.39997
1.39997
1.39997
1.39997
3.27645
5.20067
5.3279
5.33728
5.30296
1.39997
1.39997
1.39997
1.39997
1.39997
3.09078
5.10647
5.25852
5.2339
5.13998
1.39997
1.39997
1.39997
1.39997
1.42641
4.04087
5.51337
5.6141
5.74518
5.85043
1.39997
1.39997
1.39997
1.39997
1.42453
4.02114
5.50851
5.607
5.73294
5.83426
1.39997
1.39997
1.39997
1.39997
1.41327
3.98632
5.49652
5.59133
5.7124
5.81364
1.39997
1.39997
1.39997
1.39997
1.4042
3.92862
5.47559
5.56805
5.68391
5.77812
1.39997
1.39997
1.39997
1.39997
1.40056
3.84346
5.44149
5.53301
5.63808
5.73202
1.39997
1.39997
1.39997
1.39997
1.4
3.73514
5.39826
5.4946
5.58861
5.66498
1.39997
1.39997
1.39997
1.39997
1.39997
3.60425
5.342
5.44352
5.51584
5.5828
1.39997
1.39997
1.39997
1.39997
1.39997
3.45178
5.27242
5.38727
5.44335
5.47652
1.39997
1.39997
1.39997
1.39997
1.39997
3.27645
5.20067
5.3279
5.33728
5.30296
1.39997
1.39997
1.39997
1.39997
1.39997
3.09078
5.10647
5.25852
5.2339
5.13998
1.39997
1.39997
1.39997
1.39997
1.42641
4.04087
5.51337
5.6141
5.74518
5.85043
1.39997
1.39997
1.39997
1.39997
1.42453
4.02114
5.50851
5.607
5.73294
5.83426
1.39997
1.39997
1.39997
1.39997
1.41327
3.98632
5.49652
5.59133
5.7124
5.81364
1.39997
1.39997
1.39997
1.39997
1.4042
3.92862
5.47559
5.56805
5.68391
5.77812
1.39997
1.39997
1.39997
1.39997
1.40056
3.84346
5.44149
5.53301
5.63808
5.73202
1.39997
1.39997
1.39997
1.39997
1.4
3.73514
5.39826
5.4946
5.58861
5.66498
1.39997
1.39997
1.39997
1.39997
1.39997
3.60425
5.342
5.44352
5.51584
5.5828
1.39997
1.39997
1.39997
1.39997
1.39997
3.45178
5.27242
5.38727
5.44335
5.47652
1.39997
1.39997
1.39997
1.39997
1.39997
3.27645
5.20067
5.3279
5.33728
5.30296
1.39997
1.39997
1.39997
1.39997
1.39997
3.09078
5.10647
5.25852
5.2339
5.13998
1.39997
1.39997
1.39997
1.39997
1.42641
4.04087
5.51337
5.6141
5.74518
5.85043
1.39997
1.39997
1.39997
1.39997
1.42453
4.02114
5.50851
5.607
5.73294
5.83426
1.39997
1.39997
1.39997
1.39997
1.41327
3.98632
5.49652
5.59133
5.7124
5.81364
1.39997
1.39997
1.39997
1.39997
1.4042
3.92862
5.47559
5.56805
5.68391
5.77812
1.39997
1.39997
1.39997
1.39997
1.40056
3.84346
5.44149
5.53301
5.63808
5.73202
1.39997
1.39997
1.39997
1.39997
1.4
3.73514
5.39826
5.4946
5.58861
5.66498
1.39997
1.39997
1.39997
1.39997
1.39997
3.60425
5.342
5.44352
5.51584
5.5828
1.39997
1.39997
1.39997
1.39997
1.39997
3.45178
5.27242
5.38727
5.44335
5.47652
1.39997
1.39997
1.39997
1.39997
1.39997
3.27645
5.20067
5.3279
5.33728
5.30296
1.39997
1.39997
1.39997
1.39997
1.39997
3.09078
5.10647
5.25852
5.2339
5.13998
1.39997
1.39997
1.39997
1.39997
1.42641
4.04087
5.51337
5.6141
5.74518
5.85043
1.39997
1.39997
1.39997
1.39997
1.42453
4.02114
5.50851
5.607
5.73294
5.83426
1.39997
1.39997
1.39997
1.39997
1.41327
3.98632
5.49652
5.59133
5.7124
5.81364
1.39997
1.39997
1.39997
1.39997
1.4042
3.92862
5.47559
5.56805
5.68391
5.77812
1.39997
1.39997
1.39997
1.39997
1.40056
3.84346
5.44149
5.53301
5.63808
5.73202
1.39997
1.39997
1.39997
1.39997
1.4
3.73514
5.39826
5.4946
5.58861
5.66498
1.39997
1.39997
1.39997
1.39997
1.39997
3.60425
5.342
5.44352
5.51584
5.5828
1.39997
1.39997
1.39997
1.39997
1.39997
3.45178
5.27242
5.38727
5.44335
5.47652
1.39997
1.39997
1.39997
1.39997
1.39997
3.27645
5.20067
5.3279
5.33728
5.30296
1.39997
1.39997
1.39997
1.39997
1.39997
3.09078
5.10647
5.25852
5.2339
5.13998
1.39997
1.39997
1.39997
1.39997
1.42641
4.04087
5.51337
5.6141
5.74518
5.85043
1.39997
1.39997
1.39997
1.39997
1.42453
4.02114
5.50851
5.607
5.73294
5.83426
1.39997
1.39997
1.39997
1.39997
1.41327
3.98632
5.49652
5.59133
5.7124
5.81364
1.39997
1.39997
1.39997
1.39997
1.4042
3.92862
5.47559
5.56805
5.68391
5.77812
1.39997
1.39997
1.39997
1.39997
1.40056
3.84346
5.44149
5.53301
5.63808
5.73202
1.39997
1.39997
1.39997
1.39997
1.4
3.73514
5.39826
5.4946
5.58861
5.66498
1.39997
1.39997
1.39997
1.39997
1.39997
3.60425
5.342
5.44352
5.51584
5.5828
1.39997
1.39997
1.39997
1.39997
1.39997
3.45178
5.27242
5.38727
5.44335
5.47652
1.39997
1.39997
1.39997
1.39997
1.39997
3.27645
5.20067
5.3279
5.33728
5.30296
1.39997
1.39997
1.39997
1.39997
1.39997
3.09078
5.10647
5.25852
5.2339
5.13998
1.39997
1.39997
1.39997
1.39997
1.39997
2.49995
4.91432
5.13658
4.95373
4.29295
1.39997
1.39997
1.39997
1.39997
1.39997
1.58705
4.20671
5.03445
4.69391
4.09145
1.39997
1.39997
1.39997
1.39997
1.39997
1.40343
2.84395
4.6451
4.5025
3.98671
1.39997
1.39997
1.39997
1.39997
1.39997
1.39995
1.63182
3.64874
4.54407
4.06654
1.39997
1.39997
1.39997
1.39997
1.39997
1.39996
1.40502
2.01776
3.95114
4.21125
1.39997
1.39997
1.39997
1.39997
1.39997
1.39997
1.39999
1.43677
2.38422
3.90992
1.39997
1.39997
1.39997
1.39997
1.39997
1.39997
1.39997
1.40029
1.49554
2.7318
1.39997
1.39997
1.39997
1.39997
1.39997
1.39997
1.39997
1.39997
1.40119
1.63072
1.39997
1.39997
1.39997
1.39997
1.39997
1.39997
1.39997
1.39997
1.39997
1.40514
1.39997
1.39997
1.39997
1.39997
1.39997
1.39997
1.39997
1.39997
1.39997
1.39997
1.39997
1.39997
1.39997
1.39997
1.39997
2.49995
4.91432
5.13658
4.95373
4.29295
1.39997
1.39997
1.39997
1.39997
1.39997
1.58705
4.20671
5.03445
4.69391
4.09145
1.39997
1.39997
1.39997
1.39997
1.39997
1.40343
2.84395
4.6451
4.5025
3.98671
1.39997
1.39997
1.39997
1.39997
1.39997
1.39995
1.63182
3.64874
4.54407
4.06654
1.39997
1.39997
1.39997
1.39997
1.39997
1.39996
1.40502
2.01776
3.95114
4.21125
1.39997
1.39997
1.39997
1.39997
1.39997
1.39997
1.39999
1.43677
2.38422
3.90992
1.39997
1.39997
1.39997
1.39997
1.39997
1.39997
1.39997
1.40029
1.49554
2.7318
1.39997
1.39997
1.39997
1.39997
1.39997
1.39997
1.39997
1.39997
1.40119
1.63072
1.39997
1.39997
1.39997
1.39997
1.39997
1.39997
1.39997
1.39997
1.39997
1.40514
1.39997
1.39997
1.39997
1.39997
1.39997
1.39997
1.39997
1.39997
1.39997
1.39997
1.39997
1.39997
1.39997
1.39997
1.39997
2.49995
4.91432
5.13658
4.95373
4.29295
1.39997
1.39997
1.39997
1.39997
1.39997
1.58705
4.20671
5.03445
4.69391
4.09145
1.39997
1.39997
1.39997
1.39997
1.39997
1.40343
2.84395
4.6451
4.5025
3.98671
1.39997
1.39997
1.39997
1.39997
1.39997
1.39995
1.63182
3.64874
4.54407
4.06654
1.39997
1.39997
1.39997
1.39997
1.39997
1.39996
1.40502
2.01776
3.95114
4.21125
1.39997
1.39997
1.39997
1.39997
1.39997
1.39997
1.39999
1.43677
2.38422
3.90992
1.39997
1.39997
1.39997
1.39997
1.39997
1.39997
1.39997
1.40029
1.49554
2.7318
1.39997
1.39997
1.39997
1.39997
1.39997
1.39997
1.39997
1.39997
1.40119
1.63072
1.39997
1.39997
1.39997
1.39997
1.39997
1.39997
1.39997
1.39997
1.39997
1.40514
1.39997
1.39997
1.39997
1.39997
1.39997
1.39997
1.39997
1.39997
1.39997
1.39997
1.39997
1.39997
1.39997
1.39997
1.39997
2.49995
4.91432
5.13658
4.95373
4.29295
1.39997
1.39997
1.39997
1.39997
1.39997
1.58705
4.20671
5.03445
4.69391
4.09145
1.39997
1.39997
1.39997
1.39997
1.39997
1.40343
2.84395
4.6451
4.5025
3.98671
1.39997
1.39997
1.39997
1.39997
1.39997
1.39995
1.63182
3.64874
4.54407
4.06654
1.39997
1.39997
1.39997
1.39997
1.39997
1.39996
1.40502
2.01776
3.95114
4.21125
1.39997
1.39997
1.39997
1.39997
1.39997
1.39997
1.39999
1.43677
2.38422
3.90992
1.39997
1.39997
1.39997
1.39997
1.39997
1.39997
1.39997
1.40029
1.49554
2.7318
1.39997
1.39997
1.39997
1.39997
1.39997
1.39997
1.39997
1.39997
1.40119
1.63072
1.39997
1.39997
1.39997
1.39997
1.39997
1.39997
1.39997
1.39997
1.39997
1.40514
1.39997
1.39997
1.39997
1.39997
1.39997
1.39997
1.39997
1.39997
1.39997
1.39997
1.39997
1.39997
1.39997
1.39997
1.39997
2.49995
4.91432
5.13658
4.95373
4.29295
1.39997
1.39997
1.39997
1.39997
1.39997
1.58705
4.20671
5.03445
4.69391
4.09145
1.39997
1.39997
1.39997
1.39997
1.39997
1.40343
2.84395
4.6451
4.5025
3.98671
1.39997
1.39997
1.39997
1.39997
1.39997
1.39995
1.63182
3.64874
4.54407
4.06654
1.39997
1.39997
1.39997
1.39997
1.39997
1.39996
1.40502
2.01776
3.95114
4.21125
1.39997
1.39997
1.39997
1.39997
1.39997
1.39997
1.39999
1.43677
2.38422
3.90992
1.39997
1.39997
1.39997
1.39997
1.39997
1.39997
1.39997
1.40029
1.49554
2.7318
1.39997
1.39997
1.39997
1.39997
1.39997
1.39997
1.39997
1.39997
1.40119
1.63072
1.39997
1.39997
1.39997
1.39997
1.39997
1.39997
1.39997
1.39997
1.39997
1.40514
1.39997
1.39997
1.39997
1.39997
1.39997
1.39997
1.39997
1.39997
1.39997
1.39997
1.39997
1.39997
1.39997
1.39997
1.39997
2.49995
4.91432
5.13658
4.95373
4.29295
1.39997
1.39997
1.39997
1.39997
1.39997
1.58705
4.20671
5.03445
4.69391
4.09145
1.39997
1.39997
1.39997
1.39997
1.39997
1.40343
2.84395
4.6451
4.5025
3.98671
1.39997
1.39997
1.39997
1.39997
1.39997
1.39995
1.63182
3.64874
4.54407
4.06654
1.39997
1.39997
1.39997
1.39997
1.39997
1.39996
1.40502
2.01776
3.95114
4.21125
1.39997
1.39997
1.39997
1.39997
1.39997
1.39997
1.39999
1.43677
2.38422
3.90992
1.39997
1.39997
1.39997
1.39997
1.39997
1.39997
1.39997
1.40029
1.49554
2.7318
1.39997
1.39997
1.39997
1.39997
1.39997
1.39997
1.39997
1.39997
1.40119
1.63072
1.39997
1.39997
1.39997
1.39997
1.39997
1.39997
1.39997
1.39997
1.39997
1.40514
1.39997
1.39997
1.39997
1.39997
1.39997
1.39997
1.39997
1.39997
1.39997
1.39997
1.39997
1.39997
1.39997
1.39997
1.39997
2.49995
4.91432
5.13658
4.95373
4.29295
1.39997
1.39997
1.39997
1.39997
1.39997
1.58705
4.20671
5.03445
4.69391
4.09145
1.39997
1.39997
1.39997
1.39997
1.39997
1.40343
2.84395
4.6451
4.5025
3.98671
1.39997
1.39997
1.39997
1.39997
1.39997
1.39995
1.63182
3.64874
4.54407
4.06654
1.39997
1.39997
1.39997
1.39997
1.39997
1.39996
1.40502
2.01776
3.95114
4.21125
1.39997
1.39997
1.39997
1.39997
1.39997
1.39997
1.39999
1.43677
2.38422
3.90992
1.39997
1.39997
1.39997
1.39997
1.39997
1.39997
1.39997
1.40029
1.49554
2.7318
1.39997
1.39997
1.39997
1.39997
1.39997
1.39997
1.39997
1.39997
1.40119
1.63072
1.39997
1.39997
1.39997
1.39997
1.39997
1.39997
1.39997
1.39997
1.39997
1.40514
1.39997
1.39997
1.39997
1.39997
1.39997
1.39997
1.39997
1.39997
1.39997
1.39997
1.39997
1.39997
1.39997
1.39997
1.39997
2.49995
4.91432
5.13658
4.95373
4.29295
1.39997
1.39997
1.39997
1.39997
1.39997
1.58705
4.20671
5.03445
4.69391
4.09145
1.39997
1.39997
1.39997
1.39997
1.39997
1.40343
2.84395
4.6451
4.5025
3.98671
1.39997
1.39997
1.39997
1.39997
1.39997
1.39995
1.63182
3.64874
4.54407
4.06654
1.39997
1.39997
1.39997
1.39997
1.39997
1.39996
1.40502
2.01776
3.95114
4.21125
1.39997
1.39997
1.39997
1.39997
1.39997
1.39997
1.39999
1.43677
2.38422
3.90992
1.39997
1.39997
1.39997
1.39997
1.39997
1.39997
1.39997
1.40029
1.49554
2.7318
1.39997
1.39997
1.39997
1.39997
1.39997
1.39997
1.39997
1.39997
1.40119
1.63072
1.39997
1.39997
1.39997
1.39997
1.39997
1.39997
1.39997
1.39997
1.39997
1.40514
1.39997
1.39997
1.39997
1.39997
1.39997
1.39997
1.39997
1.39997
1.39997
1.39997
1.39997
1.39997
1.39997
1.39997
1.39997
2.49995
4.91432
5.13658
4.95373
4.29295
1.39997
1.39997
1.39997
1.39997
1.39997
1.58705
4.20671
5.03445
4.69391
4.09145
1.39997
1.39997
1.39997
1.39997
1.39997
1.40343
2.84395
4.6451
4.5025
3.98671
1.39997
1.39997
1.39997
1.39997
1.39997
1.39995
1.63182
3.64874
4.54407
4.06654
1.39997
1.39997
1.39997
1.39997
1.39997
1.39996
1.40502
2.01776
3.95114
4.21125
1.39997
1.39997
1.39997
1.39997
1.39997
1.39997
1.39999
1.43677
2.38422
3.90992
1.39997
1.39997
1.39997
1.39997
1.39997
1.39997
1.39997
1.40029
1.49554
2.7318
1.39997
1.39997
1.39997
1.39997
1.39997
1.39997
1.39997
1.39997
1.40119
1.63072
1.39997
1.39997
1.39997
1.39997
1.39997
1.39997
1.39997
1.39997
1.39997
1.40514
1.39997
1.39997
1.39997
1.39997
1.39997
1.39997
1.39997
1.39997
1.39997
1.39997
1.39997
1.39997
1.39997
1.39997
1.39997
2.49995
4.91432
5.13658
4.95373
4.29295
1.39997
1.39997
1.39997
1.39997
1.39997
1.58705
4.20671
5.03445
4.69391
4.09145
1.39997
1.39997
1.39997
1.39997
1.39997
1.40343
2.84395
4.6451
4.5025
3.98671
1.39997
1.39997
1.39997
1.39997
1.39997
1.39995
1.63182
3.64874
4.54407
4.06654
1.39997
1.39997
1.39997
1.39997
1.39997
1.39996
1.40502
2.01776
3.95114
4.21125
1.39997
1.39997
1.39997
1.39997
1.39997
1.39997
1.39999
1.43677
2.38422
3.90992
1.39997
1.39997
1.39997
1.39997
1.39997
1.39997
1.39997
1.40029
1.49554
2.7318
1.39997
1.39997
1.39997
1.39997
1.39997
1.39997
1.39997
1.39997
1.40119
1.63072
1.39997
1.39997
1.39997
1.39997
1.39997
1.39997
1.39997
1.39997
1.39997
1.40514
1.39997
1.39997
1.39997
1.39997
1.39997
1.39997
1.39997
1.39997
1.39997
1.39997
1.48583
0.666473
0.806166
1.68192
2.70733
2.74064
2.46107
2.23072
2.02348
1.71389
2.28209
0.946598
0.984172
1.67636
2.66778
2.75162
2.49973
2.258
2.03797
1.72317
2.63859
1.20561
1.17526
1.6581
2.61066
2.92279
2.62163
2.33778
2.09223
1.75781
2.87788
1.5567
1.65184
1.85049
2.31741
2.85442
2.71767
2.43816
2.17335
1.82533
3.05096
1.90686
2.26843
2.19349
2.16746
2.54269
2.72354
2.51279
2.25963
1.9085
3.25273
2.39335
2.87138
2.58299
2.21742
2.20461
2.54835
2.50872
2.30669
1.98994
3.19557
3.19411
3.42843
2.94322
2.36837
2.09673
2.20141
2.39514
2.30012
2.07645
2.71148
4.10175
3.89715
3.30149
2.6078
2.10228
1.93819
2.11975
2.15627
2.16763
2.38238
4.98142
4.25396
3.47624
2.75912
2.16088
1.79498
1.77721
1.99866
2.32685
2.91341
6.0539
4.79636
3.56927
2.80343
2.24063
1.71384
1.58256
1.87256
2.40837
1.48583
0.666473
0.806166
1.68192
2.70733
2.74064
2.46107
2.23072
2.02348
1.71389
2.28209
0.946598
0.984172
1.67636
2.66778
2.75162
2.49973
2.258
2.03797
1.72317
2.63859
1.20561
1.17526
1.6581
2.61066
2.92279
2.62163
2.33778
2.09223
1.75781
2.87788
1.5567
1.65184
1.85049
2.31741
2.85442
2.71767
2.43816
2.17335
1.82533
3.05096
1.90686
2.26843
2.19349
2.16746
2.54269
2.72354
2.51279
2.25963
1.9085
3.25273
2.39335
2.87138
2.58299
2.21742
2.20461
2.54835
2.50872
2.30669
1.98994
3.19557
3.19411
3.42843
2.94322
2.36837
2.09673
2.20141
2.39514
2.30012
2.07645
2.71148
4.10175
3.89715
3.30149
2.6078
2.10228
1.93819
2.11975
2.15627
2.16763
2.38238
4.98142
4.25396
3.47624
2.75912
2.16088
1.79498
1.77721
1.99866
2.32685
2.91341
6.0539
4.79636
3.56927
2.80343
2.24063
1.71384
1.58256
1.87256
2.40837
1.48583
0.666473
0.806166
1.68192
2.70733
2.74064
2.46107
2.23072
2.02348
1.71389
2.28209
0.946598
0.984172
1.67636
2.66778
2.75162
2.49973
2.258
2.03797
1.72317
2.63859
1.20561
1.17526
1.6581
2.61066
2.92279
2.62163
2.33778
2.09223
1.75781
2.87788
1.5567
1.65184
1.85049
2.31741
2.85442
2.71767
2.43816
2.17335
1.82533
3.05096
1.90686
2.26843
2.19349
2.16746
2.54269
2.72354
2.51279
2.25963
1.9085
3.25273
2.39335
2.87138
2.58299
2.21742
2.20461
2.54835
2.50872
2.30669
1.98994
3.19557
3.19411
3.42843
2.94322
2.36837
2.09673
2.20141
2.39514
2.30012
2.07645
2.71148
4.10175
3.89715
3.30149
2.6078
2.10228
1.93819
2.11975
2.15627
2.16763
2.38238
4.98142
4.25396
3.47624
2.75912
2.16088
1.79498
1.77721
1.99866
2.32685
2.91341
6.0539
4.79636
3.56927
2.80343
2.24063
1.71384
1.58256
1.87256
2.40837
1.48583
0.666473
0.806166
1.68192
2.70733
2.74064
2.46107
2.23072
2.02348
1.71389
2.28209
0.946598
0.984172
1.67636
2.66778
2.75162
2.49973
2.258
2.03797
1.72317
2.63859
1.20561
1.17526
1.6581
2.61066
2.92279
2.62163
2.33778
2.09223
1.75781
2.87788
1.5567
1.65184
1.85049
2.31741
2.85442
2.71767
2.43816
2.17335
1.82533
3.05096
1.90686
2.26843
2.19349
2.16746
2.54269
2.72354
2.51279
2.25963
1.9085
3.25273
2.39335
2.87138
2.58299
2.21742
2.20461
2.54835
2.50872
2.30669
1.98994
3.19557
3.19411
3.42843
2.94322
2.36837
2.09673
2.20141
2.39514
2.30012
2.07645
2.71148
4.10175
3.89715
3.30149
2.6078
2.10228
1.93819
2.11975
2.15627
2.16763
2.38238
4.98142
4.25396
3.47624
2.75912
2.16088
1.79498
1.77721
1.99866
2.32685
2.91341
6.0539
4.79636
3.56927
2.80343
2.24063
1.71384
1.58256
1.87256
2.40837
1.48583
0.666473
0.806166
1.68192
2.70733
2.74064
2.46107
2.23072
2.02348
1.71389
2.28209
0.946598
0.984172
1.67636
2.66778
2.75162
2.49973
2.258
2.03797
1.72317
2.63859
1.20561
1.17526
1.6581
2.61066
2.92279
2.62163
2.33778
2.09223
1.75781
2.87788
1.5567
1.65184
1.85049
2.31741
2.85442
2.71767
2.43816
2.17335
1.82533
3.05096
1.90686
2.26843
2.19349
2.16746
2.54269
2.72354
2.51279
2.25963
1.9085
3.25273
2.39335
2.87138
2.58299
2.21742
2.20461
2.54835
2.50872
2.30669
1.98994
3.19557
3.19411
3.42843
2.94322
2.36837
2.09673
2.20141
2.39514
2.30012
2.07645
2.71148
4.10175
3.89715
3.30149
2.6078
2.10228
1.93819
2.11975
2.15627
2.16763
2.38238
4.98142
4.25396
3.47624
2.75912
2.16088
1.79498
1.77721
1.99866
2.32685
2.91341
6.0539
4.79636
3.56927
2.80343
2.24063
1.71384
1.58256
1.87256
2.40837
1.48583
0.666473
0.806166
1.68192
2.70733
2.74064
2.46107
2.23072
2.02348
1.71389
2.28209
0.946598
0.984172
1.67636
2.66778
2.75162
2.49973
2.258
2.03797
1.72317
2.63859
1.20561
1.17526
1.6581
2.61066
2.92279
2.62163
2.33778
2.09223
1.75781
2.87788
1.5567
1.65184
1.85049
2.31741
2.85442
2.71767
2.43816
2.17335
1.82533
3.05096
1.90686
2.26843
2.19349
2.16746
2.54269
2.72354
2.51279
2.25963
1.9085
3.25273
2.39335
2.87138
2.58299
2.21742
2.20461
2.54835
2.50872
2.30669
1.98994
3.19557
3.19411
3.42843
2.94322
2.36837
2.09673
2.20141
2.39514
2.30012
2.07645
2.71148
4.10175
3.89715
3.30149
2.6078
2.10228
1.93819
2.11975
2.15627
2.16763
2.38238
4.98142
4.25396
3.47624
2.75912
2.16088
1.79498
1.77721
1.99866
2.32685
2.91341
6.0539
4.79636
3.56927
2.80343
2.24063
1.71384
1.58256
1.87256
2.40837
1.48583
0.666473
0.806166
1.68192
2.70733
2.74064
2.46107
2.23072
2.02348
1.71389
2.28209
0.946598
0.984172
1.67636
2.66778
2.75162
2.49973
2.258
2.03797
1.72317
2.63859
1.20561
1.17526
1.6581
2.61066
2.92279
2.62163
2.33778
2.09223
1.75781
2.87788
1.5567
1.65184
1.85049
2.31741
2.85442
2.71767
2.43816
2.17335
1.82533
3.05096
1.90686
2.26843
2.19349
2.16746
2.54269
2.72354
2.51279
2.25963
1.9085
3.25273
2.39335
2.87138
2.58299
2.21742
2.20461
2.54835
2.50872
2.30669
1.98994
3.19557
3.19411
3.42843
2.94322
2.36837
2.09673
2.20141
2.39514
2.30012
2.07645
2.71148
4.10175
3.89715
3.30149
2.6078
2.10228
1.93819
2.11975
2.15627
2.16763
2.38238
4.98142
4.25396
3.47624
2.75912
2.16088
1.79498
1.77721
1.99866
2.32685
2.91341
6.0539
4.79636
3.56927
2.80343
2.24063
1.71384
1.58256
1.87256
2.40837
1.48583
0.666473
0.806166
1.68192
2.70733
2.74064
2.46107
2.23072
2.02348
1.71389
2.28209
0.946598
0.984172
1.67636
2.66778
2.75162
2.49973
2.258
2.03797
1.72317
2.63859
1.20561
1.17526
1.6581
2.61066
2.92279
2.62163
2.33778
2.09223
1.75781
2.87788
1.5567
1.65184
1.85049
2.31741
2.85442
2.71767
2.43816
2.17335
1.82533
3.05096
1.90686
2.26843
2.19349
2.16746
2.54269
2.72354
2.51279
2.25963
1.9085
3.25273
2.39335
2.87138
2.58299
2.21742
2.20461
2.54835
2.50872
2.30669
1.98994
3.19557
3.19411
3.42843
2.94322
2.36837
2.09673
2.20141
2.39514
2.30012
2.07645
2.71148
4.10175
3.89715
3.30149
2.6078
2.10228
1.93819
2.11975
2.15627
2.16763
2.38238
4.98142
4.25396
3.47624
2.75912
2.16088
1.79498
1.77721
1.99866
2.32685
2.91341
6.0539
4.79636
3.56927
2.80343
2.24063
1.71384
1.58256
1.87256
2.40837
1.48583
0.666473
0.806166
1.68192
2.70733
2.74064
2.46107
2.23072
2.02348
1.71389
2.28209
0.946598
0.984172
1.67636
2.66778
2.75162
2.49973
2.258
2.03797
1.72317
2.63859
1.20561
1.17526
1.6581
2.61066
2.92279
2.62163
2.33778
2.09223
1.75781
2.87788
1.5567
1.65184
1.85049
2.31741
2.85442
2.71767
2.43816
2.17335
1.82533
3.05096
1.90686
2.26843
2.19349
2.16746
2.54269
2.72354
2.51279
2.25963
1.9085
3.25273
2.39335
2.87138
2.58299
2.21742
2.20461
2.54835
2.50872
2.30669
1.98994
3.19557
3.19411
3.42843
2.94322
2.36837
2.09673
2.20141
2.39514
2.30012
2.07645
2.71148
4.10175
3.89715
3.30149
2.6078
2.10228
1.93819
2.11975
2.15627
2.16763
2.38238
4.98142
4.25396
3.47624
2.75912
2.16088
1.79498
1.77721
1.99866
2.32685
2.91341
6.0539
4.79636
3.56927
2.80343
2.24063
1.71384
1.58256
1.87256
2.40837
1.48583
0.666473
0.806166
1.68192
2.70733
2.74064
2.46107
2.23072
2.02348
1.71389
2.28209
0.946598
0.984172
1.67636
2.66778
2.75162
2.49973
2.258
2.03797
1.72317
2.63859
1.20561
1.17526
1.6581
2.61066
2.92279
2.62163
2.33778
2.09223
1.75781
2.87788
1.5567
1.65184
1.85049
2.31741
2.85442
2.71767
2.43816
2.17335
1.82533
3.05096
1.90686
2.26843
2.19349
2.16746
2.54269
2.72354
2.51279
2.25963
1.9085
3.25273
2.39335
2.87138
2.58299
2.21742
2.20461
2.54835
2.50872
2.30669
1.98994
3.19557
3.19411
3.42843
2.94322
2.36837
2.09673
2.20141
2.39514
2.30012
2.07645
2.71148
4.10175
3.89715
3.30149
2.6078
2.10228
1.93819
2.11975
2.15627
2.16763
2.38238
4.98142
4.25396
3.47624
2.75912
2.16088
1.79498
1.77721
1.99866
2.32685
2.91341
6.0539
4.79636
3.56927
2.80343
2.24063
1.71384
1.58256
1.87256
2.40837
)
;

boundaryField
{
    inlet
    {
        type            calculated;
        value           uniform 1.39997;
    }
    outlet
    {
        type            calculated;
        value           nonuniform List<scalar> 
100
(
1.71407
1.72324
1.75787
1.82544
1.9087
1.99025
2.07679
2.16821
2.32796
2.40982
1.71407
1.72324
1.75787
1.82544
1.9087
1.99025
2.07679
2.16821
2.32796
2.40982
1.71407
1.72324
1.75787
1.82544
1.9087
1.99025
2.07679
2.16821
2.32796
2.40982
1.71407
1.72324
1.75787
1.82544
1.9087
1.99025
2.07679
2.16821
2.32796
2.40982
1.71407
1.72324
1.75787
1.82544
1.9087
1.99025
2.07679
2.16821
2.32796
2.40982
1.71407
1.72324
1.75787
1.82544
1.9087
1.99025
2.07679
2.16821
2.32796
2.40982
1.71407
1.72324
1.75787
1.82544
1.9087
1.99025
2.07679
2.16821
2.32796
2.40982
1.71407
1.72324
1.75787
1.82544
1.9087
1.99025
2.07679
2.16821
2.32796
2.40982
1.71407
1.72324
1.75787
1.82544
1.9087
1.99025
2.07679
2.16821
2.32796
2.40982
1.71407
1.72324
1.75787
1.82544
1.9087
1.99025
2.07679
2.16821
2.32796
2.40982
)
;
    }
    top
    {
        type            symmetryPlane;
    }
    bottom
    {
        type            symmetryPlane;
    }
    step
    {
        type            calculated;
        value           nonuniform List<scalar> 
200
(
5.85043
5.83426
5.81364
5.77812
5.73202
5.66498
5.5828
5.47652
5.30296
5.13998
5.85043
5.83426
5.81364
5.77812
5.73202
5.66498
5.5828
5.47652
5.30296
5.13998
5.85043
5.83426
5.81364
5.77812
5.73202
5.66498
5.5828
5.47652
5.30296
5.13998
5.85043
5.83426
5.81364
5.77812
5.73202
5.66498
5.5828
5.47652
5.30296
5.13998
5.85043
5.83426
5.81364
5.77812
5.73202
5.66498
5.5828
5.47652
5.30296
5.13998
5.85043
5.83426
5.81364
5.77812
5.73202
5.66498
5.5828
5.47652
5.30296
5.13998
5.85043
5.83426
5.81364
5.77812
5.73202
5.66498
5.5828
5.47652
5.30296
5.13998
5.85043
5.83426
5.81364
5.77812
5.73202
5.66498
5.5828
5.47652
5.30296
5.13998
5.85043
5.83426
5.81364
5.77812
5.73202
5.66498
5.5828
5.47652
5.30296
5.13998
5.85043
5.83426
5.81364
5.77812
5.73202
5.66498
5.5828
5.47652
5.30296
5.13998
1.48583
1.48583
1.48583
1.48583
1.48583
1.48583
1.48583
1.48583
1.48583
1.48583
0.666473
0.666473
0.666473
0.666473
0.666473
0.666473
0.666473
0.666473
0.666473
0.666473
0.806166
0.806166
0.806166
0.806166
0.806166
0.806166
0.806166
0.806166
0.806166
0.806166
1.68192
1.68192
1.68192
1.68192
1.68192
1.68192
1.68192
1.68192
1.68192
1.68192
2.70733
2.70733
2.70733
2.70733
2.70733
2.70733
2.70733
2.70733
2.70733
2.70733
2.74064
2.74064
2.74064
2.74064
2.74064
2.74064
2.74064
2.74064
2.74064
2.74064
2.46107
2.46107
2.46107
2.46107
2.46107
2.46107
2.46107
2.46107
2.46107
2.46107
2.23072
2.23072
2.23072
2.23072
2.23072
2.23072
2.23072
2.23072
2.23072
2.23072
2.02348
2.02348
2.02348
2.02348
2.02348
2.02348
2.02348
2.02348
2.02348
2.02348
1.71389
1.71389
1.71389
1.71389
1.71389
1.71389
1.71389
1.71389
1.71389
1.71389
)
;
    }
    defaultFaces
    {
        type            empty;
    }
}


// ************************************************************************* //
