/*--------------------------------*- C++ -*----------------------------------*\
  =========                 |
  \\      /  F ield         | OpenFOAM: The Open Source CFD Toolbox
   \\    /   O peration     | Website:  https://openfoam.org
    \\  /    A nd           | Version:  6.0
     \\/     M anipulation  |
\*---------------------------------------------------------------------------*/
FoamFile
{
    version     2.0;
    format      ascii;
    class       surfaceScalarField;
    location    "2";
    object      phi;
}
// * * * * * * * * * * * * * * * * * * * * * * * * * * * * * * * * * * * * * //

dimensions      [1 0 -1 0 0 0 0];

internalField   nonuniform List<scalar> 
5280
(
0.00279994
-4.46379e-14
0.00279994
-2.72672e-13
0.00279994
-8.90204e-13
0.00279994
-2.35006e-12
0.00279994
-5.6455e-12
0.00279994
-1.29561e-11
0.00279994
-2.9067e-11
0.00279994
-6.44886e-11
0.00279994
-1.42322e-10
0.00279994
-3.13384e-10
0.00279994
-6.89616e-10
0.00279994
-1.51823e-09
0.00279995
-3.34774e-09
0.00279995
-7.40703e-09
0.00279997
-1.65033e-08
0.00280002
-3.73011e-08
0.00280012
-8.68092e-08
0.00280035
-2.13877e-07
0.002801
-5.8312e-07
0.00280274
-1.9663e-06
0.0028136
-9.27516e-06
0.00268935
9.89103e-05
0.00248073
0.000199761
0.00220719
0.000269061
0.00184408
0.000360394
0.00129064
0.000551743
0.000707178
0.000583099
-7.30906e-05
0.000779733
0.000244531
-0.000322059
0.000242722
0.00279994
-8.76823e-14
0.00279994
-5.3564e-13
0.00279994
-1.7487e-12
0.00279994
-4.61565e-12
0.00279994
-1.10847e-11
0.00279994
-2.54274e-11
0.00279994
-5.70131e-11
0.00279994
-1.26401e-10
0.00279994
-2.78723e-10
0.00279994
-6.13128e-10
0.00279994
-1.34768e-09
0.00279994
-2.96304e-09
0.00279994
-6.52332e-09
0.00279995
-1.44056e-08
0.00279997
-3.20186e-08
0.00280001
-7.213e-08
0.00280011
-1.67031e-07
0.00280032
-4.08005e-07
0.0028009
-1.09301e-06
0.00280229
-3.58776e-06
0.00281268
-1.80848e-05
0.00267425
0.000212021
0.00245948
0.000405682
0.00217977
0.000544284
0.00181543
0.000722014
0.00136101
0.00100446
0.000918453
0.00102521
0.000647721
0.00105018
-8.65158e-05
0.000413863
0.000156634
0.00279994
-1.27888e-13
0.00279994
-7.81341e-13
0.00279994
-2.55081e-12
0.00279994
-6.73153e-12
0.00279994
-1.61603e-11
0.00279994
-3.70514e-11
0.00279994
-8.30216e-11
0.00279994
-1.83916e-10
0.00279994
-4.05172e-10
0.00279994
-8.90346e-10
0.00279994
-1.95469e-09
0.00279994
-4.29186e-09
0.00279994
-9.43456e-09
0.00279995
-2.07987e-08
0.00279997
-4.61357e-08
0.00280001
-1.0368e-07
0.00280009
-2.39335e-07
0.00280029
-5.81939e-07
0.00280081
-1.54672e-06
0.00280202
-5.03098e-06
0.00281177
-2.6257e-05
0.00266177
0.000336755
0.00244007
0.00061855
0.00215947
0.000820397
0.00180637
0.00107235
0.00140326
0.00140579
0.00101472
0.00141322
0.000643406
0.00142172
-6.84637e-06
0.00106396
0.000150464
0.00279994
-1.64469e-13
0.00279994
-1.0049e-12
0.00279994
-3.2806e-12
0.00279994
-8.65593e-12
0.00279994
-2.07735e-11
0.00279994
-4.76069e-11
0.00279994
-1.06612e-10
0.00279994
-2.36013e-10
0.00279994
-5.19535e-10
0.00279994
-1.14065e-09
0.00279994
-2.50178e-09
0.00279994
-5.4873e-09
0.00279994
-1.20484e-08
0.00279995
-2.65271e-08
0.00279997
-5.87588e-08
0.0028
-1.3183e-07
0.00280008
-3.03707e-07
0.00280025
-7.36427e-07
0.00280072
-1.94857e-06
0.00280178
-6.31139e-06
0.00281089
-3.38122e-05
0.00265122
0.000471257
0.00242318
0.000837724
0.00214346
0.00109565
0.00180385
0.00140914
0.00143398
0.00177377
0.0010711
0.00177546
0.000705015
0.00178789
0.00015329
0.00161512
0.000300921
0.00279994
-1.96953e-13
0.00279994
-1.20345e-12
0.00279994
-3.92872e-12
0.00279994
-1.03646e-11
0.00279994
-2.48682e-11
0.00279994
-5.69714e-11
0.00279994
-1.27529e-10
0.00279994
-2.82176e-10
0.00279994
-6.20803e-10
0.00279994
-1.36214e-09
0.00279994
-2.98561e-09
0.00279994
-6.5439e-09
0.00279994
-1.43578e-08
0.00279995
-3.15868e-08
0.00279996
-6.99081e-08
0.00279999
-1.56702e-07
0.00280006
-3.60623e-07
0.00280022
-8.73233e-07
0.00280064
-2.30561e-06
0.00280156
-7.4565e-06
0.00280998
-4.06871e-05
0.00264173
0.000614439
0.00240849
0.00106222
0.00213118
0.00136833
0.00180263
0.00173487
0.00145827
0.00211631
0.00111215
0.00212085
0.00077725
0.00212284
0.000493419
0.00189843
0.000792267
0.00279994
-2.25062e-13
0.00279994
-1.37524e-12
0.00279994
-4.48942e-12
0.00279994
-1.18426e-11
0.00279994
-2.84097e-11
0.00279994
-6.50694e-11
0.00279994
-1.45614e-10
0.00279994
-3.22082e-10
0.00279994
-7.08329e-10
0.00279994
-1.55355e-09
0.00279994
-3.40363e-09
0.00279994
-7.45666e-09
0.00279994
-1.63525e-08
0.00279995
-3.59571e-08
0.00279996
-7.95379e-08
0.00279999
-1.78185e-07
0.00280005
-4.09793e-07
0.00280019
-9.91433e-07
0.00280056
-2.61401e-06
0.00280133
-8.44906e-06
0.00280908
-4.69153e-05
0.00263349
0.000765168
0.00239526
0.00129147
0.00212071
0.00163847
0.00180198
0.00205065
0.00147872
0.00243766
0.00114148
0.00245725
0.000816093
0.00244817
0.000505137
0.00220927
0.00129602
0.00279994
-2.48599e-13
0.00279994
-1.51908e-12
0.00279994
-4.95883e-12
0.00279994
-1.308e-11
0.00279994
-3.13747e-11
0.00279994
-7.18505e-11
0.00279994
-1.60761e-10
0.00279994
-3.55515e-10
0.00279994
-7.81677e-10
0.00279994
-1.71399e-09
0.00279994
-3.75411e-09
0.00279994
-8.22204e-09
0.00279994
-1.80252e-08
0.00279995
-3.96212e-08
0.00279996
-8.76091e-08
0.00279998
-1.96178e-07
0.00280003
-4.50928e-07
0.00280015
-1.09011e-06
0.00280047
-2.87026e-06
0.00280107
-9.27348e-06
0.00280817
-5.25071e-05
0.00262745
0.00092113
0.00238036
0.0015297
0.00211662
0.00189778
0.00179853
0.00236569
0.00149731
0.00273683
0.00115775
0.00279572
0.000832133
0.00277345
0.000502851
0.00253861
0.00179767
0.00279994
-2.67405e-13
0.00279994
-1.63396e-12
0.00279994
-5.33369e-12
0.00279994
-1.40682e-11
0.00279994
-3.3744e-11
0.00279994
-7.72735e-11
0.00279994
-1.72887e-10
0.00279994
-3.82314e-10
0.00279994
-8.40554e-10
0.00279994
-1.84297e-09
0.00279994
-4.03634e-09
0.00279994
-8.8395e-09
0.00279994
-1.93772e-08
0.00279995
-4.25893e-08
0.00279995
-9.41627e-08
0.00279997
-2.10829e-07
0.00280002
-4.84533e-07
0.00280012
-1.17106e-06
0.00280038
-3.08202e-06
0.00280086
-9.95952e-06
0.00280705
-5.72219e-05
0.00261874
0.00108483
0.00237345
0.00176655
0.00210297
0.00216317
0.00180038
0.00266552
0.00151619
0.00301896
0.00116397
0.0031466
0.000842263
0.00309464
0.000490414
0.00289064
0.00228704
0.00279994
-2.81272e-13
0.00279994
-1.71863e-12
0.00279994
-5.60984e-12
0.00279994
-1.47965e-11
0.00279994
-3.54917e-11
0.00279994
-8.12801e-11
0.00279994
-1.81865e-10
0.00279994
-4.02202e-10
0.00279994
-8.84365e-10
0.00279994
-1.93923e-09
0.00279994
-4.24758e-09
0.00279994
-9.30308e-09
0.00279994
-2.03956e-08
0.00279994
-4.48323e-08
0.00279995
-9.91325e-08
0.00279997
-2.2198e-07
0.0028
-5.10213e-07
0.00280008
-1.2332e-06
0.0028003
-3.24538e-06
0.00280062
-1.04901e-05
0.00280582
-6.09819e-05
0.00261034
0.00125601
0.0023682
0.00200013
0.00209203
0.0024345
0.00179791
0.00295653
0.00151938
0.00329557
0.00117892
0.00348555
0.000874107
0.00339878
0.000486116
0.00327874
0.00277192
0.00279994
-2.89926e-13
0.00279994
-1.77139e-12
0.00279994
-5.7818e-12
0.00279994
-1.52503e-11
0.00279994
-3.65831e-11
0.00279994
-8.37907e-11
0.00279994
-1.87515e-10
0.00279994
-4.14781e-10
0.00279994
-9.12225e-10
0.00279994
-2.00078e-09
0.00279994
-4.38342e-09
0.00279994
-9.60281e-09
0.00279994
-2.10575e-08
0.00279994
-4.62974e-08
0.00279995
-1.02394e-07
0.00279996
-2.29328e-07
0.00279998
-5.27194e-07
0.00280004
-1.27437e-06
0.0028002
-3.35352e-06
0.00280035
-1.08427e-05
0.0028046
-6.38244e-05
0.00260433
0.00143226
0.00235966
0.00223616
0.00208552
0.00270392
0.00179429
0.0032446
0.00151468
0.00357321
0.00119311
0.00380555
0.000881849
0.00370938
0.000479528
0.00368097
0.00324995
0.00279994
-2.9303e-13
0.00279994
-1.79021e-12
0.00279994
-5.84292e-12
0.00279994
-1.54121e-11
0.00279994
-3.69763e-11
0.00279994
-8.47094e-11
0.00279994
-1.89624e-10
0.00279994
-4.19582e-10
0.00279994
-9.23109e-10
0.00279994
-2.02539e-09
0.00279994
-4.439e-09
0.00279994
-9.72817e-09
0.00279994
-2.13402e-08
0.00279994
-4.69357e-08
0.00279994
-1.03842e-07
0.00279995
-2.32648e-07
0.00279997
-5.34999e-07
0.0028
-1.29358e-06
0.0028001
-3.40454e-06
0.00280008
-1.10162e-05
0.00280331
-6.56943e-05
0.00259852
0.00161335
0.00235218
0.00247387
0.00207837
0.00297301
0.00179195
0.00352782
0.00151272
0.00385033
0.00119989
0.00411663
0.00087631
0.00403223
0.00047424
0.00408281
0.00372234
0.00279994
-2.90185e-13
0.00279994
-1.77263e-12
0.00279994
-5.78518e-12
0.00279994
-1.52609e-11
0.00279994
-3.66208e-11
0.00279994
-8.39213e-11
0.00279994
-1.87936e-10
0.00279994
-4.16042e-10
0.00279994
-9.15785e-10
0.00279994
-2.01039e-09
0.00279994
-4.40849e-09
0.00279994
-9.66651e-09
0.00279994
-2.12162e-08
0.00279994
-4.66873e-08
0.00279994
-1.03345e-07
0.00279994
-2.3165e-07
0.00279995
-5.32959e-07
0.00279996
-1.28921e-06
0.00279999
-3.39408e-06
0.00279979
-1.09977e-05
0.00280195
-6.65407e-05
0.00259343
0.00179851
0.00234435
0.00271431
0.00207247
0.00324025
0.00178988
0.00380719
0.00151137
0.00412681
0.00120298
0.0044233
0.000869221
0.00436516
0.000466756
0.00448482
0.00418691
0.00279994
-2.80909e-13
0.00279994
-1.71573e-12
0.00279994
-5.59905e-12
0.00279994
-1.47715e-11
0.00279994
-3.54567e-11
0.00279994
-8.12898e-11
0.00279994
-1.82146e-10
0.00279994
-4.03491e-10
0.00279994
-8.88792e-10
0.00279994
-1.95259e-09
0.00279994
-4.28498e-09
0.00279994
-9.40277e-09
0.00279994
-2.06527e-08
0.00279994
-4.54805e-08
0.00279994
-1.00745e-07
0.00279993
-2.25979e-07
0.00279993
-5.20261e-07
0.00279991
-1.25926e-06
0.00279987
-3.31673e-06
0.00279947
-1.07709e-05
0.0028005
-6.62946e-05
0.00258875
0.00198728
0.00233679
0.0029577
0.00206697
0.00350542
0.00178853
0.00408238
0.00151145
0.00440167
0.00120761
0.00472524
0.000865053
0.0047068
0.000462311
0.00488693
0.00464674
0.00279994
-2.64641e-13
0.00279994
-1.61605e-12
0.00279994
-5.27329e-12
0.00279994
-1.39145e-11
0.00279994
-3.34134e-11
0.00279994
-7.66538e-11
0.00279994
-1.71898e-10
0.00279994
-3.81144e-10
0.00279994
-8.40421e-10
0.00279994
-1.84827e-09
0.00279994
-4.06042e-09
0.00279994
-8.91955e-09
0.00279994
-1.96121e-08
0.00279993
-4.32338e-08
0.00279993
-9.58658e-08
0.00279992
-2.15247e-07
0.0027999
-4.96037e-07
0.00279986
-1.20172e-06
0.00279974
-3.16752e-06
0.00279914
-1.03228e-05
0.0027989
-6.48363e-05
0.00258386
0.00217974
0.0023302
0.00320288
0.00206171
0.00376928
0.0017879
0.00435297
0.00151229
0.00467521
0.00120991
0.00502572
0.000860883
0.0050548
0.000457932
0.00528902
0.00510186
0.00279994
-2.40714e-13
0.00279994
-1.46953e-12
0.00279994
-4.79467e-12
0.00279994
-1.26549e-11
0.00279994
-3.04077e-11
0.00279994
-6.98242e-11
0.00279994
-1.56769e-10
0.00279994
-3.48078e-10
0.00279994
-7.68653e-10
0.00279994
-1.69305e-09
0.00279994
-3.72525e-09
0.00279994
-8.19604e-09
0.00279994
-1.80489e-08
0.00279993
-3.98475e-08
0.00279993
-8.84862e-08
0.00279991
-1.98958e-07
0.00279988
-4.59127e-07
0.0027998
-1.11371e-06
0.00279961
-2.93837e-06
0.00279876
-9.62757e-06
0.00279718
-6.20685e-05
0.00257945
0.00237533
0.00232366
0.00345031
0.00205689
0.0040315
0.0017881
0.00461852
0.00151497
0.00494616
0.00121555
0.0053233
0.000860268
0.00540907
0.000456762
0.00569149
0.00555556
0.00279994
-2.08353e-13
0.00279994
-1.27143e-12
0.00279994
-4.1477e-12
0.00279994
-1.09521e-11
0.00279994
-2.63426e-11
0.00279994
-6.05803e-11
0.00279994
-1.36272e-10
0.00279994
-3.03223e-10
0.00279994
-6.71166e-10
0.00279994
-1.48191e-09
0.00279994
-3.26863e-09
0.00279994
-7.20885e-09
0.00279993
-1.59127e-08
0.00279993
-3.52128e-08
0.00279992
-7.83701e-08
0.0027999
-1.76595e-07
0.00279985
-4.08375e-07
0.00279974
-9.92539e-07
0.00279946
-2.6226e-06
0.00279836
-8.66775e-06
0.00279528
-5.7848e-05
0.00257455
0.00257441
0.00231801
0.00369861
0.00205307
0.0042919
0.00178924
0.00487921
0.0015185
0.00521479
0.00121956
0.00562018
0.000860452
0.00576697
0.000456197
0.00609449
0.0060084
0.00279994
-1.66635e-13
0.00279994
-1.01613e-12
0.00279994
-3.31407e-12
0.00279994
-8.75807e-12
0.00279994
-2.11036e-11
0.00279994
-4.86621e-11
0.00279994
-1.0983e-10
0.00279994
-2.45323e-10
0.00279994
-5.45235e-10
0.00279994
-1.20894e-09
0.00279994
-2.67785e-09
0.00279994
-5.93056e-09
0.00279993
-1.31443e-08
0.00279993
-2.92012e-08
0.00279991
-6.5237e-08
0.00279989
-1.47534e-07
0.00279983
-3.42355e-07
0.00279968
-8.34737e-07
0.00279929
-2.21086e-06
0.00279791
-7.41511e-06
0.00279323
-5.20683e-05
0.00257039
0.00277609
0.00231167
0.00394928
0.0020493
0.00454992
0.00179197
0.00513342
0.00152424
0.0054805
0.00122806
0.00591446
0.000864974
0.00612915
0.000458821
0.00649927
0.00646386
0.00279994
-1.14469e-13
0.00279994
-6.9694e-13
0.00279994
-2.27197e-12
0.00279994
-6.01541e-12
0.00279994
-1.4554e-11
0.00279994
-3.37602e-11
0.00279994
-7.6761e-11
0.00279994
-1.72888e-10
0.00279994
-3.87641e-10
0.00279994
-8.67234e-10
0.00279994
-1.93804e-09
0.00279994
-4.32933e-09
0.00279993
-9.67547e-09
0.00279992
-2.16666e-08
0.00279991
-4.87728e-08
0.00279987
-1.11095e-07
0.00279979
-2.59556e-07
0.0027996
-6.36799e-07
0.00279911
-1.69421e-06
0.00279742
-5.84489e-06
0.00279101
-4.45858e-05
0.00256539
0.00298112
0.00230661
0.00420016
0.00204699
0.00480523
0.00179553
0.00538186
0.00153137
0.0057426
0.00123597
0.00620794
0.000870144
0.00649338
0.000462998
0.00690485
0.00692293
0.00279994
-5.05349e-14
0.00279994
-3.05748e-13
0.00279994
-9.94914e-13
0.00279994
-2.65459e-12
0.00279994
-6.52842e-12
0.00279994
-1.54992e-11
0.00279994
-3.62347e-11
0.00279994
-8.41118e-11
0.00279994
-1.9448e-10
0.00279994
-4.4838e-10
0.00279994
-1.03119e-09
0.00279993
-2.36653e-09
0.00279993
-5.42365e-09
0.00279992
-1.24326e-08
0.0027999
-2.86009e-08
0.00279986
-6.6471e-08
0.00279976
-1.58246e-07
0.00279952
-3.94975e-07
0.00279892
-1.06475e-06
0.00279691
-3.93962e-06
0.00278864
-3.52787e-05
0.00256132
0.00318838
0.00230015
0.00445368
0.00204432
0.00505694
0.00180151
0.00562171
0.00154145
0.00600077
0.00124868
0.00649897
0.000881135
0.00686016
0.000469938
0.00731442
0.00738937
0.00279994
2.68032e-14
0.00279994
1.67392e-13
0.00279994
5.49539e-13
0.00279994
1.4097e-12
0.00279994
3.17675e-12
0.00279994
6.58317e-12
0.00279994
1.27725e-11
0.00279994
2.32455e-11
0.00279994
3.9124e-11
0.00279994
5.82236e-11
0.00279994
6.58285e-11
0.00279993
8.41728e-12
0.00279993
-2.77329e-10
0.00279992
-1.25158e-09
0.00279989
-4.16647e-09
0.00279984
-1.24157e-08
0.00279972
-3.56491e-08
0.00279943
-1.03471e-07
0.00279871
-3.13797e-07
0.00279637
-1.70525e-06
0.00278608
-2.39793e-05
0.00255578
0.00339928
0.00229541
0.0047066
0.00204319
0.00530516
0.0018085
0.00585373
0.0015536
0.00625375
0.00126307
0.00678753
0.000892043
0.00722923
0.00048025
0.00772447
0.00786545
0.00279994
1.19496e-13
0.00279994
7.34508e-13
0.00279994
2.40066e-12
0.00279994
6.28049e-12
0.00279994
1.4806e-11
0.00279994
3.30377e-11
0.00279994
7.14657e-11
0.00279994
1.51768e-10
0.00279994
3.18628e-10
0.00279994
6.63918e-10
0.00279994
1.37617e-09
0.00279993
2.84177e-09
0.00279993
5.85321e-09
0.00279991
1.20438e-08
0.00279988
2.48246e-08
0.00279982
5.15425e-08
0.00279968
1.08857e-07
0.00279934
2.38004e-07
0.00279849
5.54734e-07
0.00279588
8.18148e-07
0.00278343
-1.05503e-05
0.0025513
0.00361258
0.00228802
0.0049627
0.00204206
0.00554734
0.00181872
0.00607434
0.00156982
0.00650102
0.00128232
0.00707362
0.000910918
0.00759991
0.000493004
0.00814066
0.00835491
0.00279994
2.30062e-13
0.00279994
1.41093e-12
0.00279994
4.60852e-12
0.00279994
1.20901e-11
0.00279994
2.86776e-11
0.00279994
6.4596e-11
0.00279994
1.41486e-10
0.00279994
3.05089e-10
0.00279994
6.51986e-10
0.00279994
1.38596e-09
0.00279994
2.93686e-09
0.00279993
6.21196e-09
0.00279992
1.31314e-08
0.00279991
2.77873e-08
0.00279987
5.9039e-08
0.0027998
1.26712e-07
0.00279963
2.7788e-07
0.00279924
6.35321e-07
0.00279825
1.55949e-06
0.0027953
3.69673e-06
0.00278027
5.42629e-06
0.00254457
0.00383018
0.00228273
0.00521758
0.00204195
0.00578449
0.00183071
0.00628316
0.00158982
0.0067402
0.00130677
0.00735493
0.000928999
0.00797585
0.000511768
0.00855619
0.00886253
0.00279994
3.61466e-13
0.00279994
2.21465e-12
0.00279994
7.23186e-12
0.00279994
1.89956e-11
0.00279994
4.51786e-11
0.00279994
1.02178e-10
0.00279994
2.2499e-10
0.00279994
4.88239e-10
0.00279994
1.05094e-09
0.00279994
2.25182e-09
0.00279993
4.81239e-09
0.00279993
1.02711e-08
0.00279992
2.19178e-08
0.0027999
4.68405e-08
0.00279986
1.00559e-07
0.00279977
2.18216e-07
0.00279957
4.84439e-07
0.00279908
1.12373e-06
0.00279785
2.80885e-06
0.00279414
7.3383e-06
0.00277588
2.46094e-05
0.00253873
0.00404993
0.00227343
0.00547626
0.00204283
0.0060117
0.00184672
0.00647699
0.00161545
0.00697
0.00133814
0.00763082
0.000957771
0.00835544
0.000524263
0.00898814
0.00938338
0.00279994
5.16175e-13
0.00279994
3.16059e-12
0.00279994
1.03193e-11
0.00279994
2.71281e-11
0.00279994
6.46354e-11
0.00279994
1.46572e-10
0.00279994
3.23858e-10
0.00279994
7.0568e-10
0.00279994
1.52607e-09
0.00279994
3.28652e-09
0.00279993
7.06199e-09
0.00279993
1.51593e-08
0.00279992
3.2545e-08
0.0027999
6.99942e-08
0.00279984
1.51276e-07
0.00279973
3.30645e-07
0.00279948
7.39972e-07
0.00279887
1.73318e-06
0.00279731
4.38811e-06
0.00279257
1.20163e-05
0.00277025
4.78231e-05
0.00252944
0.00427409
0.00226563
0.00573374
0.00204362
0.00623046
0.00186603
0.00665246
0.00164743
0.0071873
0.00138223
0.00789452
0.000996851
0.00873917
0.000560238
0.00942331
0.00993985
0.00279994
6.95077e-13
0.00279994
4.25399e-12
0.00279994
1.38882e-11
0.00279994
3.65351e-11
0.00279994
8.71726e-11
0.00279994
1.98097e-10
0.00279994
4.38897e-10
0.00279994
9.59439e-10
0.00279994
2.08239e-09
0.00279994
4.50239e-09
0.00279993
9.71549e-09
0.00279993
2.09479e-08
0.00279991
4.51808e-08
0.00279989
9.76387e-08
0.00279983
2.12089e-07
0.00279969
4.66046e-07
0.00279938
1.04913e-06
0.00279864
2.47421e-06
0.00279672
6.32044e-06
0.00279093
1.77571e-05
0.00276442
7.51908e-05
0.00251867
0.00450387
0.00225204
0.00599428
0.00204752
0.00643202
0.00189007
0.00680799
0.00168621
0.0073899
0.00142884
0.00815074
0.00105797
0.00910895
0.00059743
0.00988259
0.010534
0.00279994
8.96615e-13
0.00279994
5.48525e-12
0.00279994
1.79069e-11
0.00279994
4.7136e-11
0.00279994
1.12607e-10
0.00279994
2.56365e-10
0.00279994
5.69332e-10
0.00279994
1.24804e-09
0.00279994
2.71724e-09
0.00279994
5.89493e-09
0.00279993
1.27661e-08
0.00279993
2.76286e-08
0.00279991
5.98214e-08
0.00279988
1.29795e-07
0.00279981
2.83102e-07
0.00279965
6.2475e-07
0.00279929
1.41278e-06
0.00279841
3.34879e-06
0.00279613
8.60776e-06
0.00278927
2.45648e-05
0.00275772
0.000107573
0.00250095
0.00474536
0.00223774
0.0062517
0.00205093
0.00661586
0.00191996
0.00693714
0.00173433
0.00757457
0.00147313
0.00841092
0.00112994
0.00945084
0.000644923
0.0103665
0.0111755
0.00279994
1.116e-12
0.00279994
6.82499e-12
0.00279994
2.22799e-11
0.00279994
5.868e-11
0.00279994
1.40345e-10
0.00279994
3.20048e-10
0.00279994
7.12278e-10
0.00279994
1.56535e-09
0.00279994
3.41779e-09
0.00279994
7.43775e-09
0.00279993
1.61604e-08
0.00279992
3.50963e-08
0.00279991
7.62653e-08
0.00279987
1.66096e-07
0.00279979
3.63689e-07
0.00279961
8.05854e-07
0.00279919
1.83024e-06
0.00279818
4.35956e-06
0.00279552
1.12753e-05
0.00278744
3.25879e-05
0.0027508
0.000145011
0.00247684
0.0050047
0.00221669
0.00650628
0.00206155
0.00676852
0.00195634
0.00704072
0.00180431
0.00772559
0.00154941
0.00866487
0.00121719
0.00978214
0.000695372
0.0108875
0.0118678
0.00279994
1.34472e-12
0.00279994
8.22096e-12
0.00279994
2.68355e-11
0.00279994
7.07127e-11
0.00279994
1.6929e-10
0.00279994
3.86623e-10
0.00279994
8.62071e-10
0.00279994
1.89883e-09
0.00279994
4.15657e-09
0.00279993
9.07102e-09
0.00279993
1.97691e-08
0.00279992
4.30723e-08
0.00279991
9.39172e-08
0.00279987
2.05273e-07
0.00279978
4.51168e-07
0.00279958
1.00365e-06
0.00279912
2.28916e-06
0.002798
5.47844e-06
0.00279502
1.42499e-05
0.00278591
4.16454e-05
0.00274298
0.000188697
0.00242945
0.00530433
0.00219452
0.00673607
0.00207492
0.0068851
0.00200181
0.00711245
0.00187539
0.0078513
0.00163608
0.0089034
0.00126978
0.0101476
0.000763545
0.011393
0.0126285
0.00279994
1.56928e-12
0.00279994
9.59409e-12
0.00279994
3.13222e-11
0.00279994
8.2568e-11
0.00279994
1.97823e-10
0.00279994
4.52302e-10
0.00279994
1.01004e-09
0.00279994
2.22882e-09
0.00279994
4.88924e-09
0.00279993
1.06952e-08
0.00279993
2.33699e-08
0.00279992
5.10636e-08
0.00279991
1.11691e-07
0.00279987
2.44961e-07
0.00279978
5.40441e-07
0.00279957
1.20735e-06
0.00279909
2.76716e-06
0.0027979
6.66174e-06
0.00279468
1.74687e-05
0.00278451
5.17534e-05
0.00273749
0.000236431
0.00235025
0.00567824
0.00217278
0.00690833
0.00210148
0.00695416
0.00205665
0.00715559
0.00193185
0.0079754
0.00167731
0.00915722
0.00132791
0.0104961
0.000837457
0.0118827
0.0134633
0.00279994
1.79253e-12
0.00279994
1.09182e-11
0.00279994
3.55393e-11
0.00279994
9.35845e-11
0.00279994
2.24199e-10
0.00279994
5.12847e-10
0.00279994
1.14615e-09
0.00279994
2.53169e-09
0.00279994
5.56007e-09
0.00279994
1.21785e-08
0.00279993
2.66491e-08
0.00279992
5.83207e-08
0.00279991
1.27788e-07
0.00279987
2.80817e-07
0.00279979
6.20971e-07
0.0027996
1.39122e-06
0.00279917
3.20126e-06
0.00279806
7.75728e-06
0.00279491
2.06093e-05
0.00278398
6.26143e-05
0.00273553
0.000285538
0.00217768
0.00622349
0.00215469
0.00692601
0.00215693
0.00695
0.00212403
0.00718718
0.00200083
0.00809787
0.00175421
0.00940343
0.00142287
0.0108268
0.000930094
0.0123752
0.0143916
0.0111998
2.23642e-12
0.0111998
1.37859e-11
0.0111998
4.53081e-11
0.0111998
1.19722e-10
0.0111998
2.86783e-10
0.0111998
6.5444e-10
0.0111998
1.45684e-09
0.0111998
3.20182e-09
0.0111997
6.9909e-09
0.0111997
1.52141e-08
0.0111997
3.3061e-08
0.0111997
7.18198e-08
0.0111997
1.56137e-07
0.0111996
3.40264e-07
0.0111995
7.45677e-07
0.0111992
1.6539e-06
0.0111986
3.76067e-06
0.0111973
8.97182e-06
0.0111945
2.32794e-05
0.0111886
6.81795e-05
0.0111783
0.000298053
0.0119736
0.00538453
0.0110041
0.00787292
0.0101919
0.00775351
0.00951066
0.00786486
0.00916043
0.00844683
0.00902195
0.00953985
0.00925368
0.0105908
0.0104497
0.0111762
0.00929068
0.015542
0.0111998
3.14329e-12
0.0111998
1.93872e-11
0.0111998
6.37424e-11
0.0111998
1.68428e-10
0.0111998
4.03307e-10
0.0111998
9.19778e-10
0.0111998
2.04581e-09
0.0111997
4.49179e-09
0.0111997
9.7965e-09
0.0111997
2.1294e-08
0.0111997
4.62136e-08
0.0111997
1.00257e-07
0.0111996
2.17652e-07
0.0111995
4.73617e-07
0.0111992
1.03625e-06
0.0111985
2.29424e-06
0.011197
5.20552e-06
0.0111934
1.23861e-05
0.0111844
3.20361e-05
0.0111591
9.31681e-05
0.0110672
0.00038895
0.0106527
0.00576182
0.0103455
0.00816012
0.01017
0.00791912
0.0100559
0.00797176
0.010137
0.0083604
0.0105762
0.0091042
0.0115028
0.00967021
0.0127158
0.00997454
0.0081674
0.0138487
0.0111998
4.74581e-12
0.0111998
2.92299e-11
0.0111998
9.59943e-11
0.0111998
2.53528e-10
0.0111998
6.07017e-10
0.0111998
1.3845e-09
0.0111997
3.08026e-09
0.0111997
6.76544e-09
0.0111997
1.47616e-08
0.0111997
3.21017e-08
0.0111997
6.97043e-08
0.0111997
1.51296e-07
0.0111995
3.28621e-07
0.0111993
7.15409e-07
0.0111987
1.56578e-06
0.0111975
3.46677e-06
0.0111947
7.86223e-06
0.011188
1.86846e-05
0.0111713
4.82221e-05
0.0111237
0.000139936
0.0109672
0.000543511
0.0106846
0.00600541
0.0105089
0.00831696
0.0103403
0.00807954
0.0104286
0.00788343
0.0108035
0.00798824
0.011454
0.00845498
0.0123416
0.0087854
0.0133326
0.00898899
0.00768046
0.0138243
0.0111998
7.21863e-12
0.0111998
4.43117e-11
0.0111998
1.45122e-10
0.0111998
3.82823e-10
0.0111998
9.16304e-10
0.0111998
2.09044e-09
0.0111997
4.65368e-09
0.0111997
1.02302e-08
0.0111997
2.23445e-08
0.0111997
4.86475e-08
0.0111997
1.05758e-07
0.0111996
2.2983e-07
0.0111994
4.99785e-07
0.011199
1.08918e-06
0.0111981
2.38568e-06
0.0111962
5.28328e-06
0.0111918
1.19722e-05
0.0111815
2.83871e-05
0.0111556
7.29811e-05
0.0110816
0.000212135
0.010854
0.000769326
0.010268
0.00655895
0.010626
0.00793866
0.0105219
0.00817903
0.010765
0.00764133
0.0111773
0.00757707
0.0118318
0.00780303
0.01259
0.00802546
0.0134262
0.00815084
0.00754873
0.0135595
0.0111998
1.04054e-11
0.0111998
6.36896e-11
0.0111998
2.08102e-10
0.0111998
5.48573e-10
0.0111998
1.31359e-09
0.0111997
3.00054e-09
0.0111997
6.69223e-09
0.0111997
1.47456e-08
0.0111997
3.2292e-08
0.0111997
7.05045e-08
0.0111997
1.53728e-07
0.0111995
3.35082e-07
0.0111993
7.30825e-07
0.0111987
1.59712e-06
0.0111975
3.50653e-06
0.0111948
7.77711e-06
0.0111887
1.76212e-05
0.0111746
4.16766e-05
0.0111394
0.00010673
0.0110377
0.000311645
0.0107022
0.00110099
0.00972123
0.00750961
0.010683
0.006974
0.0112076
0.00765735
0.0112286
0.00762518
0.0114636
0.00734523
0.0119704
0.00729829
0.0126326
0.0073656
0.0133507
0.00743312
0.00705319
0.0138461
0.0111998
1.39341e-11
0.0111998
8.30516e-11
0.0111998
2.65212e-10
0.0111998
6.91921e-10
0.0111998
1.65108e-09
0.0111998
3.77291e-09
0.0111997
8.43708e-09
0.0111997
1.86643e-08
0.0111997
4.10692e-08
0.0111997
9.01409e-08
0.0111997
1.97632e-07
0.0111995
4.33197e-07
0.0111993
9.49937e-07
0.0111987
2.08579e-06
0.0111975
4.59335e-06
0.0111947
1.01805e-05
0.0111888
2.28765e-05
0.0111761
5.29535e-05
0.0111496
0.000130796
0.0110821
0.000376313
0.0104892
0.0016835
0.0135174
0.00442568
0.0124079
0.00809256
0.0118875
0.00818453
0.0117188
0.0077972
0.0119785
0.00708909
0.0122812
0.00700229
0.0127522
0.0069013
0.0133421
0.00685251
0.00649183
0.013911
0.0111998
8.72129e-12
0.0111998
5.44294e-11
0.0111998
1.8075e-10
0.0111998
4.80109e-10
0.0111998
1.1534e-09
0.0111998
2.63711e-09
0.0111998
5.87941e-09
0.0111998
1.29399e-08
0.0111998
2.82918e-08
0.0111998
6.16512e-08
0.0111999
1.34124e-07
0.0112
2.91574e-07
0.0112003
6.33758e-07
0.0112009
1.3781e-06
0.0112024
3.00066e-06
0.0112059
6.55411e-06
0.0112139
1.44149e-05
0.0112337
3.21781e-05
0.0112886
7.41463e-05
0.0114781
0.000183002
0.0126016
0.000567791
0.0157993
0.00120016
0.0136217
0.0102661
0.0138411
0.00796876
0.0135959
0.00805372
0.0127434
0.00794467
0.012895
0.00685437
0.0131322
0.00667223
0.0135074
0.00648753
0.00609372
0.013913
0.0111998
8.08646e-12
0.0111998
4.87218e-11
0.0111998
1.57045e-10
0.0111998
4.11301e-10
0.0111998
9.82011e-10
0.0111998
2.24065e-09
0.0111998
4.99636e-09
0.0111998
1.10116e-08
0.0111998
2.41259e-08
0.0111998
5.27035e-08
0.0111998
1.14972e-07
0.0111998
2.50665e-07
0.0111999
5.46469e-07
0.0112001
1.19181e-06
0.0112005
2.60206e-06
0.0112013
5.69476e-06
0.0112031
1.2529e-05
0.0112072
2.78845e-05
0.0112172
6.36909e-05
0.0112446
0.000154685
0.0113596
0.000452611
0.0107581
0.00179213
0.0139947
0.00703079
0.0144396
0.00752688
0.0144064
0.00809766
0.0132867
0.00906183
0.013486
0.00664671
0.0136408
0.00651556
0.0137853
0.00634776
0.00587707
0.0140074
0.0111998
4.53575e-12
0.0111998
2.84179e-11
0.0111998
9.46582e-11
0.0111998
2.51669e-10
0.0111998
6.04378e-10
0.0111998
1.38007e-09
0.0111998
3.07091e-09
0.0111998
6.74236e-09
0.0111998
1.47008e-08
0.0111998
3.1938e-08
0.0111998
6.92577e-08
0.0111999
1.50043e-07
0.0112002
3.24914e-07
0.0112006
7.03534e-07
0.0112017
1.52386e-06
0.0112041
3.30415e-06
0.0112094
7.18223e-06
0.0112215
1.56997e-05
0.0112503
3.47425e-05
0.0113256
7.90489e-05
0.0115863
0.000191591
0.012715
0.000658079
0.0184807
0.00126096
0.0151575
0.0108556
0.0155245
0.00773044
0.0165904
0.00799276
0.0143854
0.00884202
0.014226
0.0066652
0.0142105
0.00635483
0.0058457
0.0142375
0.0111998
3.80177e-12
0.0111998
2.30147e-11
0.0111998
7.44837e-11
0.0111998
1.95413e-10
0.0111998
4.66748e-10
0.0111998
1.06452e-09
0.0111998
2.37148e-09
0.0111998
5.21977e-09
0.0111998
1.14187e-08
0.0111998
2.49025e-08
0.0111998
5.42267e-08
0.0111998
1.18e-07
0.0111999
2.56715e-07
0.0112
5.58534e-07
0.0112003
1.21569e-06
0.011201
2.64856e-06
0.0112024
5.78226e-06
0.0112053
1.26806e-05
0.0112119
2.80867e-05
0.0112271
6.36441e-05
0.0112658
0.000152443
0.0114851
0.000438068
0.0110116
0.001731
0.0155665
0.00630398
0.0157531
0.00754156
0.0159007
0.00783991
0.0160217
0.0087066
0.0149236
0.00774533
0.014606
0.00666632
0.00592579
0.0145236
0.0111998
2.13349e-12
0.0111998
1.33263e-11
0.0111998
4.42777e-11
0.0111998
1.17577e-10
0.0111998
2.82177e-10
0.0111998
6.44098e-10
0.0111998
1.43286e-09
0.0111998
3.14526e-09
0.0111998
6.85645e-09
0.0111998
1.4893e-08
0.0111998
3.22894e-08
0.0111998
6.99383e-08
0.0111999
1.5141e-07
0.0112002
3.27712e-07
0.0112007
7.09291e-07
0.0112018
1.53556e-06
0.0112042
3.32691e-06
0.0112096
7.22098e-06
0.0112219
1.57367e-05
0.0112507
3.46076e-05
0.0113249
7.77512e-05
0.0115778
0.000184402
0.0127042
0.000601995
0.0177033
0.00130236
0.0164285
0.00880947
0.0169485
0.0073183
0.0178152
0.00783607
0.0155427
0.0100006
0.0151885
0.00701332
0.00612894
0.0149899
0.0111998
1.62587e-12
0.0111998
9.91272e-12
0.0111998
3.22767e-11
0.0111998
8.49212e-11
0.0111998
2.03072e-10
0.0111998
4.63267e-10
0.0111998
1.03176e-09
0.0111998
2.26966e-09
0.0111998
4.9613e-09
0.0111998
1.08102e-08
0.0111998
2.35168e-08
0.0111998
5.11192e-08
0.0111998
1.11081e-07
0.0111999
2.41352e-07
0.0112001
5.24444e-07
0.0112005
1.13993e-06
0.0112013
2.4795e-06
0.0112031
5.40154e-06
0.011207
1.18067e-05
0.0112154
2.60015e-05
0.0112346
5.82677e-05
0.011282
0.000136352
0.0115156
0.000367089
0.011321
0.00149588
0.0170774
0.00303634
0.0161785
0.00821562
0.016499
0.00751448
0.0186953
0.00779848
0.0161574
0.00954104
0.00673084
0.0155595
0.0111998
1.00889e-12
0.0111998
6.19988e-12
0.0111998
2.03235e-11
0.0111998
5.36431e-11
0.0111998
1.28464e-10
0.0111998
2.93232e-10
0.0111998
6.53144e-10
0.0111998
1.4366e-09
0.0111998
3.13945e-09
0.0111998
6.83823e-09
0.0111998
1.48701e-08
0.0111998
3.23094e-08
0.0111998
7.01729e-08
0.0111999
1.52381e-07
0.0112001
3.30877e-07
0.0112005
7.18467e-07
0.0112014
1.56021e-06
0.0112034
3.38881e-06
0.0112079
7.36369e-06
0.0112178
1.60161e-05
0.011241
3.49204e-05
0.0113004
7.67262e-05
0.0114934
0.000173824
0.0124978
0.000490527
0.0139385
0.00159739
0.0173458
0.00480281
0.0166436
0.00820655
0.0168984
0.00753914
0.0187391
0.00769379
0.00892769
0.0165403
0.0111998
5.26575e-13
0.0111998
3.26761e-12
0.0111998
1.07972e-11
0.0111998
2.85927e-11
0.0111998
6.85198e-11
0.0111998
1.56261e-10
0.0111998
3.47381e-10
0.0111998
7.62061e-10
0.0111998
1.66021e-09
0.0111998
3.60383e-09
0.0111998
7.80806e-09
0.0111998
1.68999e-08
0.0111998
3.65584e-08
0.0111999
7.90586e-08
0.0112
1.70931e-07
0.0112004
3.69507e-07
0.0112012
7.98664e-07
0.0112028
1.72598e-06
0.0112064
3.72916e-06
0.0112144
8.05425e-06
0.0112319
1.73848e-05
0.011271
3.74966e-05
0.0113636
8.09709e-05
0.0116732
0.000180921
0.012733
0.00053545
0.0161773
0.00135956
0.0177191
0.00665794
0.0176712
0.00758094
0.018047
0.00731247
0.00777137
0.0192011
0.0111998
2.44127e-13
0.0111998
1.53412e-12
0.0111998
5.12083e-12
0.0111998
1.36177e-11
0.0111998
3.26645e-11
0.0111998
7.44171e-11
0.0111998
1.65057e-10
0.0111998
3.60947e-10
0.0111998
7.83395e-10
0.0111998
1.69341e-09
0.0111998
3.65244e-09
0.0111998
7.86799e-09
0.0111998
1.69364e-08
0.0111998
3.64388e-08
0.0111999
7.83706e-08
0.0112001
1.68506e-07
0.0112006
3.62214e-07
0.0112015
7.78425e-07
0.0112035
1.67257e-06
0.011208
3.59334e-06
0.0112176
7.72037e-06
0.0112384
1.65964e-05
0.0112835
3.57502e-05
0.0113865
7.76139e-05
0.0117424
0.000179018
0.0125639
0.000538237
0.0178867
0.00133211
0.0179903
0.0074691
0.0190138
0.00628692
0.00691116
0.0198711
0.0111998
1.32903e-13
0.0111998
8.25446e-13
0.0111998
2.72936e-12
0.0111998
7.22855e-12
0.0111998
1.73156e-11
0.0111998
3.94544e-11
0.0111998
8.75984e-11
0.0111998
1.91863e-10
0.0111998
4.17234e-10
0.0111998
9.03952e-10
0.0111998
1.95465e-09
0.0111998
4.22243e-09
0.0111998
9.11674e-09
0.0111998
1.96796e-08
0.0111998
4.24765e-08
0.0111999
9.16797e-08
0.0112
1.97883e-07
0.0112004
4.27143e-07
0.0112011
9.22132e-07
0.0112027
1.99122e-06
0.011206
4.30194e-06
0.011213
9.30435e-06
0.0112281
2.01747e-05
0.0112607
4.40233e-05
0.0113401
9.784e-05
0.0116407
0.000234438
0.0122379
0.000730916
0.0180513
0.0016269
0.0177805
0.00655263
0.0061022
0.0185881
0.0111998
7.46315e-14
0.0111998
4.58919e-13
0.0111998
1.50502e-12
0.0111998
3.97176e-12
0.0111998
9.50375e-12
0.0111998
2.1662e-11
0.0111998
4.81538e-11
0.0111998
1.05658e-10
0.0111998
2.30273e-10
0.0111998
5.0012e-10
0.0111998
1.0843e-09
0.0111998
2.34891e-09
0.0111998
5.08657e-09
0.0111998
1.10137e-08
0.0111998
2.38478e-08
0.0111998
5.16412e-08
0.0111999
1.11839e-07
0.0112001
2.42235e-07
0.0112005
5.24715e-07
0.0112013
1.13665e-06
0.0112031
2.46198e-06
0.011207
5.33037e-06
0.0112156
1.1528e-05
0.0112344
2.48722e-05
0.0112783
5.34429e-05
0.0113971
0.00011445
0.0118645
0.000262758
0.0127348
0.00075284
0.0170835
0.00219013
0.005483
0.0177004
0.0111998
2.72615e-14
0.0111998
1.73931e-13
0.0111998
5.87633e-13
0.0111998
1.57089e-12
0.0111998
3.77452e-12
0.0111998
8.59655e-12
0.0111998
1.90375e-11
0.0111998
4.15336e-11
0.0111998
8.98869e-11
0.0111998
1.93685e-10
0.0111998
4.16343e-10
0.0111998
8.93733e-10
0.0111998
1.91692e-09
0.0111998
4.10924e-09
0.0111998
8.80522e-09
0.0111998
1.88612e-08
0.0111999
4.03884e-08
0.0112
8.64569e-08
0.0112004
1.85006e-07
0.0112011
3.95717e-07
0.0112027
8.45941e-07
0.0112062
1.80691e-06
0.0112139
3.85424e-06
0.0112305
8.20067e-06
0.0112665
1.73643e-05
0.0113444
3.6443e-05
0.0115316
7.55395e-05
0.0121095
0.000174453
0.0138431
0.000456491
0.000967484
0.0183563
0.0111998
9.54246e-15
0.0111998
6.16385e-14
0.0111998
2.10175e-13
0.0111998
5.63557e-13
0.0111998
1.35335e-12
0.0111998
3.07296e-12
0.0111998
6.772e-12
0.0111998
1.46811e-11
0.0111998
3.1537e-11
0.0111998
6.73905e-11
0.0111998
1.43555e-10
0.0111998
3.05196e-10
0.0111998
6.47955e-10
0.0111998
1.37422e-09
0.0111998
2.9119e-09
0.0111998
6.16505e-09
0.0111998
1.30419e-08
0.0111999
2.75666e-08
0.0112
5.82169e-08
0.0112003
1.22835e-07
0.0112008
2.58936e-07
0.0112021
5.45332e-07
0.0112048
1.14755e-06
0.0112106
2.41361e-06
0.0112228
5.07831e-06
0.0112484
1.07113e-05
0.011301
2.27668e-05
0.0114252
4.97535e-05
0.0117601
0.000120614
0.000308428
0.0124168
0.0111998
5.28488e-15
0.0111998
3.24913e-14
0.0111998
1.06508e-13
0.0111998
2.80785e-13
0.0111998
6.70564e-13
0.0111998
1.52391e-12
0.0111998
3.3744e-12
0.0111998
7.36941e-12
0.0111998
1.59763e-11
0.0111998
3.45016e-11
0.0111998
7.43614e-11
0.0111998
1.60122e-10
0.0111998
3.44666e-10
0.0111998
7.41874e-10
0.0111998
1.59708e-09
0.0111998
3.43903e-09
0.0111998
7.40778e-09
0.0111998
1.59627e-08
0.0111998
3.44117e-08
0.0111998
7.4217e-08
0.0111999
1.60146e-07
0.0112001
3.45753e-07
0.0112005
7.4695e-07
0.0112013
1.61497e-06
0.0112028
3.49573e-06
0.0112058
7.58146e-06
0.0112118
1.65064e-05
0.0112246
3.62583e-05
0.0112625
8.12889e-05
0.000207189
0.0113601
0.0111998
1.75597e-15
0.0111998
1.1419e-14
0.0111998
3.91515e-14
0.0111998
1.05297e-13
0.0111998
2.53433e-13
0.0111998
5.76712e-13
0.0111998
1.27403e-12
0.0111998
2.76978e-12
0.0111998
5.96919e-12
0.0111998
1.28024e-11
0.0111998
2.73841e-11
0.0111998
5.84844e-11
0.0111998
1.24792e-10
0.0111998
2.66125e-10
0.0111998
5.67307e-10
0.0111998
1.20899e-09
0.0111998
2.57587e-09
0.0111998
5.48692e-09
0.0111998
1.16853e-08
0.0111998
2.48806e-08
0.0112
5.29647e-08
0.0112002
1.12725e-07
0.0112007
2.39861e-07
0.0112018
5.103e-07
0.0112042
1.08556e-06
0.0112095
2.30965e-06
0.0112211
4.91732e-06
0.0112469
1.04905e-05
0.0113058
2.24597e-05
4.99762e-05
0.0114631
0.0111998
1.01163e-15
0.0111998
6.35348e-15
0.0111998
2.11979e-14
0.0111998
5.63273e-14
0.0111998
1.34934e-13
0.0111998
3.06824e-13
0.0111998
6.78862e-13
0.0111998
1.48025e-12
0.0111998
3.20244e-12
0.0111998
6.89917e-12
0.0111998
1.48296e-11
0.0111998
3.18373e-11
0.0111998
6.8307e-11
0.0111998
1.46504e-10
0.0111998
3.14167e-10
0.0111998
6.7366e-10
0.0111998
1.44448e-09
0.0111998
3.0973e-09
0.0111998
6.6415e-09
0.0111998
1.42418e-08
0.0111998
3.05412e-08
0.0111998
6.55006e-08
0.0112
1.40499e-07
0.0112002
3.01464e-07
0.0112007
6.47276e-07
0.0112017
1.39178e-06
0.0112038
3.00214e-06
0.0112082
6.51977e-06
0.0112172
1.4376e-05
3.26236e-05
0.0112361
0.0111998
9.62545e-16
0.0111998
5.77928e-15
0.0111998
1.85661e-14
0.0111998
4.85493e-14
0.0111998
1.1585e-13
0.0111998
2.64325e-13
0.0111998
5.89535e-13
0.0111998
1.29968e-12
0.0111998
2.84833e-12
0.0111998
6.22364e-12
0.0111998
1.35784e-11
0.0111998
2.9603e-11
0.0111998
6.45166e-11
0.0111998
1.40586e-10
0.0111998
3.06329e-10
0.0111998
6.67472e-10
0.0111998
1.45442e-09
0.0111998
3.16929e-09
0.0111998
6.90649e-09
0.0111998
1.50515e-08
0.0111998
3.28049e-08
0.0111998
7.1506e-08
0.0111998
1.55887e-07
0.0111998
3.39925e-07
0.0111998
7.41561e-07
0.0111997
1.6191e-06
0.0111996
3.54151e-06
0.0111993
7.7738e-06
0.0111986
1.7205e-05
3.89024e-05
0.0111958
0.0111998
4.82878e-16
0.0111998
3.05035e-15
0.0111998
1.02258e-14
0.0111998
2.72673e-14
0.0111998
6.55856e-14
0.0111998
1.49922e-13
0.0111998
3.33902e-13
0.0111998
7.33714e-13
0.0111998
1.60106e-12
0.0111998
3.48106e-12
0.0111998
7.55419e-12
0.0111998
1.63761e-11
0.0111998
3.54786e-11
0.0111998
7.68319e-11
0.0111998
1.66333e-10
0.0111998
3.59989e-10
0.0111998
7.78898e-10
0.0111998
1.68481e-09
0.0111998
3.64333e-09
0.0111998
7.87625e-09
0.0111998
1.70221e-08
0.0111998
3.67775e-08
0.0111999
7.94383e-08
0.0112001
1.71544e-07
0.0112004
3.70382e-07
0.0112013
7.99754e-07
0.0112031
1.72748e-06
0.0112072
3.73841e-06
0.0112166
8.1064e-06
1.76812e-05
0.0112377
0.0111998
4.1672e-16
0.0111998
2.507e-15
0.0111998
8.06563e-15
0.0111998
2.10996e-14
0.0111998
5.0347e-14
0.0111998
1.14854e-13
0.0111998
2.56125e-13
0.0111998
5.64598e-13
0.0111998
1.23734e-12
0.0111998
2.70378e-12
0.0111998
5.89975e-12
0.0111998
1.28647e-11
0.0111998
2.80436e-11
0.0111998
6.11238e-11
0.0111998
1.33219e-10
0.0111998
2.90346e-10
0.0111998
6.32795e-10
0.0111998
1.37914e-09
0.0111998
3.00569e-09
0.0111998
6.55038e-09
0.0111998
1.42749e-08
0.0111998
3.1107e-08
0.0111998
6.77847e-08
0.0111998
1.47711e-07
0.0111999
3.21917e-07
0.0112
7.01818e-07
0.0112002
1.53128e-06
0.0112006
3.34694e-06
0.0112014
7.34276e-06
1.62625e-05
0.011203
0.0111998
1.91183e-16
0.0111998
1.20858e-15
0.0111998
4.05792e-15
0.0111998
1.08252e-14
0.0111998
2.60469e-14
0.0111998
5.95663e-14
0.0111998
1.32758e-13
0.0111998
2.92009e-13
0.0111998
6.38004e-13
0.0111998
1.38929e-12
0.0111998
3.02023e-12
0.0111998
6.56047e-12
0.0111998
1.42448e-11
0.0111998
3.09233e-11
0.0111998
6.71219e-11
0.0111998
1.45682e-10
0.0111998
3.16172e-10
0.0111998
6.86149e-10
0.0111998
1.48902e-09
0.0111998
3.23131e-09
0.0111998
7.01228e-09
0.0111998
1.52177e-08
0.0111998
3.3026e-08
0.0111999
7.1676e-08
0.0112001
1.55562e-07
0.0112004
3.37637e-07
0.0112012
7.3297e-07
0.011203
1.59172e-06
0.0112069
3.46297e-06
7.57508e-06
0.0112158
0.0111998
1.39474e-16
0.0111998
8.61521e-16
0.0111998
2.83033e-15
0.0111998
7.49155e-15
0.0111998
1.79904e-14
0.0111998
4.11966e-14
0.0111998
9.20788e-14
0.0111998
2.03271e-13
0.0111998
4.45899e-13
0.0111998
9.75003e-13
0.0111998
2.12862e-12
0.0111998
4.64399e-12
0.0111998
1.01295e-11
0.0111998
2.20954e-11
0.0111998
4.82072e-11
0.0111998
1.05211e-10
0.0111998
2.29704e-10
0.0111998
5.01706e-10
0.0111998
1.0962e-09
0.0111998
2.39593e-09
0.0111998
5.23806e-09
0.0111998
1.14538e-08
0.0111998
2.50493e-08
0.0111998
5.47895e-08
0.0111999
1.1986e-07
0.0112
2.62281e-07
0.0112002
5.74271e-07
0.0112006
1.25844e-06
0.0112015
2.76529e-06
6.11454e-06
0.0112032
0.0111998
1.14677e-16
0.0111998
6.90977e-16
0.0111998
2.23524e-15
0.0111998
5.8487e-15
0.0111998
1.39092e-14
0.0111998
3.15276e-14
0.0111998
6.96903e-14
0.0111998
1.51994e-13
0.0111998
3.29101e-13
0.0111998
7.09714e-13
0.0111998
1.52697e-12
0.0111998
3.28063e-12
0.0111998
7.04129e-12
0.0111998
1.51009e-11
0.0111998
3.2363e-11
0.0111998
6.93108e-11
0.0111998
1.48347e-10
0.0111998
3.17328e-10
0.0111998
6.78478e-10
0.0111998
1.45017e-09
0.0111998
3.09907e-09
0.0111998
6.62288e-09
0.0111998
1.41559e-08
0.0111998
3.02664e-08
0.0111999
6.47402e-08
0.0112001
1.38563e-07
0.0112005
2.96787e-07
0.0112014
6.36736e-07
0.0112032
1.3667e-06
2.94944e-06
0.0112072
0.0111998
6.50186e-17
0.0111998
3.96017e-16
0.0111998
1.28548e-15
0.0111998
3.37906e-15
0.0111998
8.07253e-15
0.0111998
1.83769e-14
0.0111998
4.07797e-14
0.0111998
8.92504e-14
0.0111998
1.93854e-13
0.0111998
4.19276e-13
0.0111998
9.04642e-13
0.0111998
1.94913e-12
0.0111998
4.19598e-12
0.0111998
9.0278e-12
0.0111998
1.94148e-11
0.0111998
4.17322e-11
0.0111998
8.9647e-11
0.0111998
1.92411e-10
0.0111998
4.12506e-10
0.0111998
8.83089e-10
0.0111998
1.88722e-09
0.0111998
4.02499e-09
0.0111998
8.56508e-09
0.0111998
1.81825e-08
0.0111999
3.85016e-08
0.0112
8.1328e-08
0.0112003
1.71338e-07
0.0112009
3.60666e-07
0.0112022
7.54608e-07
1.58145e-06
0.0112052
0.0111998
0.0111998
0.0111998
0.0111998
0.0111998
0.0111998
0.0111998
0.0111998
0.0111998
0.0111998
0.0111998
0.0111998
0.0111998
0.0111998
0.0111998
0.0111998
0.0111998
0.0111998
0.0111998
0.0111998
0.0111998
0.0111998
0.0111998
0.0111998
0.0111998
0.0111999
0.0112
0.0112003
0.0112008
0.011202
0.00731799
0.00822926
0.00381339
0.00350925
0.00175557
0.00208583
0.000500166
0.00125782
0.00347548
-0.00297371
0.00365506
-0.00017154
0.00371109
-5.34348e-05
0.00357466
0.000131761
0.00336246
0.0002007
0.00334401
-1.02743e-05
0.0034747
-0.000183406
0.00373493
-0.00030444
0.0039424
-0.000360731
0.00412964
-0.000425854
0.00466636
-0.000755111
0.0054494
-0.0017426
0.00630146
-0.00182
0.00681685
-0.000290562
0.00741049
0.00010895
0.00726751
0.00117753
0.00804265
0.000769639
0.0093084
-4.65686e-05
0.0110937
-0.000334481
0.0117832
0.000614011
0.0115499
-0.00103688
0.0102416
-0.00107649
0.00952316
-0.000966904
0.0100204
0.0010305
0.0114262
0.00130416
0.000292294
0.00680496
0.0152866
0.00415393
0.00617011
0.00348571
0.00276088
0.00610674
-0.00136685
0.00386816
-0.000734467
0.00409149
-0.000399213
0.00396115
6.96778e-05
0.00390235
0.000173115
0.00406919
6.38987e-06
0.00423456
-0.00022155
0.00436753
-0.000363628
0.0044401
-0.000463282
0.00446087
-0.000499751
0.00458654
-0.000725008
0.00563978
-0.00206973
0.00613386
-0.00219287
0.00734857
-0.00204257
0.00855561
-0.0017004
0.00894379
-0.000650264
0.00950328
0.000148818
0.00932973
0.000780764
0.00918655
0.000874973
0.00967314
0.00103159
0.0123107
0.00109608
0.0120942
0.00137934
0.0116905
0.00169264
0.011338
0.0016889
0.00942701
0.00117237
0.00925247
0.000287748
0.000643715
0.00857921
0.0205466
0.00682743
0.00792938
0.00728736
0.00227886
0.00567678
0.000243765
0.00504571
-9.42382e-05
0.00457368
4.35996e-05
0.00471924
-0.000114984
0.00507123
-0.000221527
0.00522172
-0.000206713
0.00523138
-0.000286261
0.0051462
-0.000334331
0.00508097
-0.000457475
0.0053638
-0.000862065
0.00599858
-0.00172747
0.00668588
-0.00245931
0.00715773
-0.00223283
0.00771569
-0.00320413
0.00884715
-0.00277648
0.0117423
-0.00324435
0.0106785
-0.000604402
0.0104265
0.000476896
0.0111706
0.00121782
0.0131195
0.000305868
0.0155565
0.000710867
0.0159013
0.00335699
0.0162046
0.00342645
0.0129209
0.00295043
0.0116031
0.00174587
0.00928156
0.00154671
0.00181383
0.0127527
0.0213658
0.0101609
0.0105294
0.00805668
0.0043649
0.00650973
0.00178713
0.00584425
0.000581372
0.00580157
7.32177e-05
0.0056787
-3.39989e-05
0.00566618
-0.00025734
0.00572747
-0.000310577
0.00574004
-0.000331056
0.00579085
-0.000414405
0.00592114
-0.000614148
0.00614557
-0.00111956
0.00640383
-0.00184405
0.00642641
-0.00267282
0.00764127
-0.00322526
0.00854139
-0.00365346
0.00978217
-0.0044794
0.0087194
-0.00372125
0.0118557
-0.00311875
0.013634
-0.000658835
0.0140122
0.000258419
0.0143947
9.51814e-05
0.0150265
6.19545e-05
0.0165705
0.000122621
0.0149022
0.00165147
0.0127378
0.00374995
0.0111005
0.00355059
0.0116836
0.0032611
0.00175699
0.0136148
0.0216046
0.0112665
0.0129158
0.00889447
0.0067164
0.00761251
0.00306881
0.00703851
0.00120958
0.00668332
0.00044693
0.00644405
0.000163215
0.00617015
-2.75582e-05
0.00603388
-0.000181558
0.00607699
-0.000352233
0.00627675
-0.000587178
0.00665316
-0.000914855
0.00705353
-0.00142252
0.00729675
-0.00202536
0.00765616
-0.00279145
0.00811484
-0.00361707
0.00884047
-0.00447501
0.00966365
-0.00502747
0.0106485
-0.00512339
0.0122811
-0.00517893
0.0144861
-0.00512147
0.0159005
-0.00453916
0.0167649
-0.00455933
0.0183424
-0.00378505
0.0184557
-0.00107064
0.0158268
0.000849472
0.0137899
0.00450531
0.0121344
0.00552497
0.0104757
0.00494958
0.00357268
0.013944
0.0216032
0.0121891
0.0147066
0.0103237
0.00854922
0.00886134
0.00453044
0.0078325
0.00229032
0.00718835
0.00109767
0.00682643
0.000475024
0.00649601
0.000276816
0.00627732
4.24747e-05
0.00632697
-0.000357338
0.00663248
-0.000808437
0.00710901
-0.00123273
0.00741064
-0.0017078
0.0077083
-0.00223275
0.00800961
-0.0035227
0.00840345
-0.00399858
0.0090708
-0.005093
0.00970588
-0.00510724
0.0104052
-0.00497583
0.0113726
-0.0052828
0.0124989
-0.00640575
0.0134134
-0.00669092
0.0132825
-0.00691467
0.011539
-0.00537046
0.0131093
-0.00345451
0.0149399
-0.0015846
0.0143773
0.00287485
0.0118616
0.00461133
0.00995757
0.00437983
0.00567324
0.0142289
0.0213196
0.0130386
0.0159191
0.0112869
0.0102554
0.00973365
0.00606563
0.00861215
0.00346258
0.0078279
0.00187352
0.00729339
0.000944043
0.00692787
0.000637613
0.00691184
7.67385e-05
0.00703904
-0.000440715
0.00720543
-0.000922058
0.00743149
-0.0013941
0.00769758
-0.00189118
0.0080407
-0.00250417
0.0083419
-0.00366778
0.00881068
-0.00448821
0.00932756
-0.00559541
0.00997206
-0.00616396
0.0106159
-0.00660165
0.0111374
-0.00705716
0.0115784
-0.00786094
0.0117619
-0.00803213
0.0117767
-0.00728665
0.0115676
-0.00586555
0.0124554
-0.00350184
0.0118168
-0.00153893
0.0136239
-0.000226387
0.0121116
0.00280805
0.0104263
0.0029958
0.00581663
0.0143626
0.0209886
0.0135472
0.0167522
0.0120017
0.01174
0.0104915
0.0075354
0.00934355
0.0046686
0.00845312
0.00277846
0.00777874
0.00154396
0.00748666
0.00091996
0.00721199
0.000347779
0.00705571
-0.000265676
0.00705801
-0.000910002
0.00725294
-0.00157744
0.00760854
-0.00225345
0.00811353
-0.00298014
0.0085245
-0.0038319
0.00900344
-0.00516798
0.00960147
-0.00714144
0.0102837
-0.00749608
0.0108556
-0.00784485
0.0111991
-0.00829653
0.0112426
-0.00884288
0.0109542
-0.00878411
0.0109381
-0.00781496
0.0119924
-0.0066042
0.0112267
-0.00479121
0.00739445
-0.00061137
0.0106517
0.00037608
0.0150971
-6.81253e-05
0.0165183
0.00411391
0.00919567
0.0144033
0.0208309
0.0138077
0.0173632
0.0125076
0.0129673
0.0111144
0.00887726
0.0100024
0.00586566
0.00904423
0.0037706
0.00827272
0.00223641
0.00785514
0.00129221
0.00755175
0.000633335
0.00745224
-0.000148901
0.00746813
-0.000930532
0.0075774
-0.00171081
0.00776859
-0.00248744
0.00806434
-0.00328217
0.00880667
-0.00441415
0.00950609
-0.00661999
0.010094
-0.00915616
0.0106354
-0.00877446
0.0111633
-0.00899667
0.0116091
-0.00923267
0.0116694
-0.00855463
0.0116892
-0.00920184
0.0112004
-0.00796905
0.0112715
-0.00715595
0.0110593
-0.00567635
0.0129566
-0.00401995
0.0122822
-0.00301908
0.00798722
-0.00185357
0.00776544
-0.00176793
-0.00236827
0.0144609
0.0209155
0.0139916
0.0178674
0.012896
0.0139975
0.0116313
0.0100994
0.010566
0.00703441
0.00960873
0.00477511
0.00877253
0.00297752
0.00825312
0.00173686
0.00794872
0.000897049
0.00779969
1.15097e-05
0.00772767
-0.000876234
0.00775804
-0.00178889
0.00792368
-0.00273075
0.00820802
-0.00374326
0.00858126
-0.00525686
0.00984789
-0.00799123
0.0103509
-0.00916856
0.0111381
-0.00926135
0.0119191
-0.00972849
0.0124228
-0.00987115
0.0119916
-0.00852311
0.012961
-0.00720946
0.0125083
-0.00790036
0.0119835
-0.00724239
0.0127338
-0.00633408
0.0142274
-0.00508173
0.0168772
-0.00418976
0.0132187
-0.00297251
0.0105217
-0.00220222
-0.00156316
0.0146294
0.0213177
0.0141672
0.0183486
0.0132152
0.0148704
0.0120672
0.0111918
0.0110754
0.00812409
0.0101554
0.00574567
0.00929179
0.00374593
0.00868371
0.00223647
0.00831609
0.0012071
0.0081412
0.000186204
0.0080953
-0.000824173
0.00814111
-0.00186768
0.00828893
-0.00300859
0.0086287
-0.00439343
0.00940583
-0.00642129
0.0101046
-0.00862271
0.0105729
-0.0097399
0.0115719
-0.010223
0.012814
-0.011055
0.0134346
-0.010963
0.0133347
-0.00928641
0.01169
-0.00725622
0.0128047
-0.0066413
0.0123082
-0.00729155
0.0124129
-0.00672656
0.0131674
-0.00468235
0.0138745
-0.00453418
0.0141207
-0.00353282
0.0118968
-0.00349489
-0.002324
0.0148984
0.0219988
0.0143279
0.0189188
0.0134469
0.0156563
0.0124189
0.0121493
0.0115168
0.00911938
0.0106627
0.00665422
0.0098151
0.00449717
0.009148
0.00279721
0.0087291
0.00152451
0.00849629
0.000366342
0.00839865
-0.000781274
0.0084116
-0.0019987
0.00845795
-0.00343277
0.00931351
-0.00620851
0.0100272
-0.00763629
0.0104571
-0.00906867
0.0109703
-0.0102349
0.012281
-0.0114686
0.0133858
-0.012062
0.0136708
-0.0112414
0.0141828
-0.010179
0.0118548
-0.00787944
0.010828
-0.00565549
0.0131011
-0.00616026
0.0141362
-0.00654427
0.0123046
-0.00534956
0.0114204
-0.00457336
0.0125844
-0.00376836
0.0141709
-0.00348226
-0.00267773
0.0153409
0.0232203
0.0145328
0.0197115
0.0136399
0.0164257
0.0127124
0.0129972
0.0119223
0.0100024
0.0111624
0.00747469
0.010341
0.00521192
0.00964822
0.00337338
0.00911521
0.00173083
0.00881789
0.000379256
0.00873482
-0.000988333
0.00887995
-0.00250834
0.00966051
-0.00479898
0.01014
-0.0064011
0.0105025
-0.00814718
0.0109477
-0.00945988
0.0116908
-0.0109194
0.0124167
-0.0121552
0.0128763
-0.0125514
0.0136367
-0.0122784
0.0130842
-0.0102663
0.0117716
-0.00828183
0.0111262
-0.00653974
0.0111239
-0.00550199
0.0127399
-0.00639425
0.0128979
-0.0056643
0.011819
-0.0047925
0.011097
-0.00423118
0.0110686
-0.00352218
-0.00310334
0.0158123
0.026637
0.0147387
0.0207733
0.0138414
0.0171889
0.0130105
0.0137502
0.0123401
0.0107738
0.0116737
0.00819413
0.0108917
0.00588736
0.010128
0.00365801
0.00970047
0.00185434
0.00933142
0.000298371
0.00947875
-0.00154405
0.00995676
-0.00300651
0.0103667
-0.00476804
0.010663
-0.00653636
0.0109449
-0.00839061
0.0115642
-0.0101251
0.0123055
-0.011785
0.0127041
-0.0129054
0.0142541
-0.0143032
0.0139702
-0.0121715
0.0123921
-0.00970862
0.0118042
-0.00819995
0.0113618
-0.00700097
0.0109673
-0.00577478
0.010613
-0.00587025
0.0120381
-0.00541936
0.012278
-0.0049921
0.0115468
-0.00450594
0.0101542
-0.00404256
-0.00364034
0.016041
0.0305102
0.0150358
0.0217436
0.0141292
0.0179667
0.0133642
0.0144174
0.0128296
0.0114125
0.0122157
0.0088415
0.0114202
0.0064949
0.0107517
0.00431177
0.0102928
0.00258401
0.010191
0.000851882
0.00992547
-0.00100242
0.00996712
-0.00277921
0.0105135
-0.00459355
0.0110464
-0.00670451
0.0115343
-0.00911831
0.0121992
-0.0110909
0.0130741
-0.0127638
0.0149129
-0.0149197
0.0143396
-0.0141187
0.0129441
-0.0107471
0.0121043
-0.00886864
0.0116882
-0.00778692
0.0115107
-0.00701809
0.0111253
-0.00601642
0.0107413
-0.00497985
0.0111457
-0.00536339
0.0123259
-0.00464842
0.0123576
-0.00432069
0.0105456
-0.00406823
-0.00374044
0.0174387
0.031666
0.0156392
0.0235359
0.0146788
0.0188269
0.0138668
0.0151219
0.0133473
0.0120239
0.0127214
0.00950109
0.0118585
0.00725182
0.0111013
0.00513666
0.010712
0.00325933
0.0105013
0.00145432
0.0104031
-0.000392629
0.0105198
-0.00246011
0.0109665
-0.00454844
0.0116882
-0.00726572
0.0122185
-0.0101405
0.0132665
-0.0121445
0.0150248
-0.0140964
0.0164691
-0.0160728
0.0136763
-0.0117411
0.0125153
-0.00920915
0.0117792
-0.00820154
0.0114848
-0.0073758
0.0114821
-0.00665436
0.0114205
-0.00621773
0.0108803
-0.00510221
0.0106531
-0.00466829
0.0114285
-0.00439027
0.011819
-0.00402147
0.0104192
-0.00381992
-0.00355787
0.0245264
0.0248639
0.0177154
0.0303301
0.0155192
0.020954
0.0147038
0.0158283
0.0139956
0.0128415
0.0132025
0.0103658
0.0122841
0.00807157
0.0115104
0.00598672
0.0111167
0.00403379
0.0108353
0.00211658
0.0106601
0.000171159
0.0106753
-0.00212002
0.0112273
-0.00484982
0.0123037
-0.00835478
0.0134206
-0.0113422
0.0146707
-0.0134638
0.0178377
-0.0173318
0.0145493
-0.0125953
0.0133561
-0.0104445
0.0124066
-0.00881175
0.01161
-0.00738924
0.0113698
-0.00697666
0.0114554
-0.00643157
0.011609
-0.0060324
0.0114069
-0.00533517
0.0111907
-0.0044675
0.0112677
-0.00410598
0.0112374
-0.00385463
0.0102426
-0.00360944
-0.00320579
0.0175683
0.0256447
0.0236944
0.0241821
0.0190375
0.0255725
0.0157877
0.019019
0.0147644
0.0139603
0.0136921
0.0114697
0.0127222
0.00900065
0.011936
0.00681342
0.0114889
0.00469085
0.0111451
0.00267042
0.0109234
0.000584529
0.0108014
-0.00187415
0.011437
-0.00539568
0.0131227
-0.0103942
0.014822
-0.0135911
0.0207186
-0.0203394
0.0151695
-0.0127597
0.0141312
-0.0111155
0.0135742
-0.00959188
0.0125816
-0.00837231
0.011708
-0.0071948
0.0113869
-0.00626776
0.0113675
-0.00598708
0.0112625
-0.00553633
0.0110552
-0.00506928
0.0108444
-0.00447135
0.0110299
-0.00411914
0.0111299
-0.00327017
0.0116292
-0.00343876
-0.00306944
0.0184181
0.0196054
0.0193358
0.0232508
0.0216452
0.0232067
0.0186456
0.0219785
0.0157221
0.0169098
0.0142676
0.0129615
0.0131572
0.0100388
0.0124559
0.00741338
0.0119346
0.00531029
0.0114948
0.00315507
0.0110122
0.000985685
0.009442
-0.000750705
0.0127604
-0.0108291
0.0166176
-0.0162568
0.0234603
-0.0211512
0.0158203
-0.0136809
0.0146302
-0.0116279
0.0143965
-0.010427
0.0137918
-0.00911684
0.0128277
-0.00801703
0.0119216
-0.00705534
0.0115022
-0.00568488
0.0114456
-0.0054411
0.0113385
-0.00498375
0.0111115
-0.0046147
0.0107938
-0.00429417
0.0105481
-0.00400159
0.0103244
-0.0031927
0.0103029
-0.00315997
-0.00212365
0.0214806
0.00942523
0.0196448
0.0250917
0.0194035
0.0234173
0.0180368
0.0233039
0.0161301
0.0187856
0.0149475
0.0141252
0.0137654
0.0111097
0.0130164
0.00773754
0.0123381
0.00555363
0.0118309
0.00311922
0.0100069
0.00198225
0.00956873
-0.00195555
0.0208333
-0.0224509
0.0221867
-0.0175936
0.0174522
-0.016391
0.0151506
-0.0124189
0.0148981
-0.0109255
0.0147494
-0.00971829
0.0140863
-0.00854396
0.0131415
-0.00762519
0.0123094
-0.00666804
0.0116925
-0.00560057
0.011501
-0.00457861
0.0113839
-0.00443541
0.0112203
-0.00415434
0.0108214
-0.00398477
0.0105566
-0.0037635
0.0103675
-0.0032528
0.0101337
-0.00303308
-0.00227995
0.018138
0.00276502
0.0182276
0.0250201
0.0192177
0.0223908
0.0201538
0.0223168
0.0184819
0.0204832
0.0158546
0.0167713
0.0143104
0.0119253
0.0130651
0.00828935
0.0126679
0.00529664
0.011552
0.00347102
0.0125847
-0.00174515
0.0254182
-0.013472
0.0189018
-0.015296
0.0185437
-0.0165638
0.0166934
-0.0158454
0.0155232
-0.0117292
0.0153865
-0.0101148
0.01511
-0.00899654
0.0143901
-0.00789599
0.0134585
-0.00703001
0.0126256
-0.00608873
0.0119457
-0.00520159
0.0114973
-0.0042826
0.0112886
-0.00363313
0.011126
-0.00352512
0.0108239
-0.0035988
0.010598
-0.00342472
0.0104537
-0.00309146
0.0103228
-0.00295704
-0.00243008
0.011637
0.00239407
0.018381
0.018384
0.0186725
0.0220966
0.0187548
0.0222392
0.0180926
0.0211585
0.0164883
0.018399
0.0144126
0.0139037
0.013093
0.00964537
0.01254
0.00618679
0.014788
0.00198049
0.0207752
-0.00666186
0.0202974
-0.0117632
0.0200607
-0.0142239
0.0222719
-0.0190596
0.0173576
-0.0130111
0.0161598
-0.0104151
0.0158283
-0.00917085
0.0154605
-0.00814238
0.014758
-0.00717899
0.0138219
-0.00642052
0.0129104
-0.00557424
0.0121851
-0.00471351
0.011595
-0.00398571
0.0111813
-0.00338769
0.0109591
-0.00281007
0.0108211
-0.00301021
0.0106345
-0.00305731
0.010509
-0.00282725
0.0103145
-0.0027081
-0.00236038
0.0110534
0.00261734
0.0200064
0.00979608
0.01819
0.0237876
0.0181601
0.0221708
0.0179746
0.0212803
0.0168579
0.0195459
0.0146939
0.0160406
0.0127384
0.0117426
0.011823
0.0074443
0.0173343
-0.00240656
0.0198351
-0.00943248
0.0211816
-0.0138822
0.0301142
-0.0245838
0.0216741
-0.0123823
0.0178357
-0.00955327
0.0167707
-0.00903026
0.0162824
-0.00809201
0.0158028
-0.00727148
0.0150612
-0.00651557
0.0141333
-0.00581598
0.0131629
-0.00501675
0.0123719
-0.00420802
0.0117156
-0.00358705
0.0112618
-0.00308335
0.0109125
-0.00268891
0.0107178
-0.00254396
0.0105845
-0.00237253
0.0104809
-0.00230128
0.0102793
-0.00237473
-0.00216767
0.0128915
0.0010087
0.0185851
0.00404515
0.0187511
0.0235135
0.0181471
0.0227572
0.0178802
0.021678
0.0172848
0.0202102
0.0173645
0.0159224
0.0166963
0.0121359
0.0176005
0.00644622
0.0196554
-0.00387134
0.0239396
-0.0179433
0.0361361
-0.0283646
0.023555
-0.0124825
0.0197312
-0.00873331
0.018334
-0.00842044
0.0173536
-0.00766814
0.0168158
-0.0070035
0.0161656
-0.00634508
0.015377
-0.00572105
0.0144406
-0.00516428
0.0134074
-0.0044365
0.0125327
-0.00362874
0.0118018
-0.003122
0.0113139
-0.00268619
0.0109785
-0.00240562
0.0107075
-0.00227473
0.0104974
-0.00208762
0.0103632
-0.00197095
0.0103252
-0.00201076
-0.00188844
0.0113991
0.000801763
0.0111696
0.00425313
0.0197323
0.0150154
0.0188738
0.0236765
0.018783
0.0221855
0.01898
0.0202422
0.0198299
0.0148866
0.0199331
0.0109586
0.0208854
0.00452711
0.0302886
-0.0118275
0.0387103
-0.0251926
0.0251275
-0.0141787
0.0214574
-0.00968014
0.0202754
-0.00777357
0.0189459
-0.00707942
0.0179827
-0.0064192
0.017278
-0.00589142
0.0165105
-0.00540313
0.0156382
-0.00487832
0.0147072
-0.00436013
0.0136433
-0.00377641
0.0126743
-0.00306901
0.0118734
-0.0026158
0.0113258
-0.00224324
0.0109869
-0.0020107
0.0107486
-0.00192225
0.0105332
-0.00182233
0.0103443
-0.00175384
0.010171
-0.00173237
-0.00139806
0.0118162
0.00021592
0.0142353
0.00186882
0.0240523
0.00519673
0.0199197
0.028005
0.0208521
0.0215946
0.0233415
0.0185012
0.0241619
0.0127924
0.0245375
0.00710514
0.0365243
-0.0081016
0.0382833
-0.0141229
0.0273011
-0.0132924
0.0243004
-0.00999481
0.0223149
-0.00807533
0.0208509
-0.00658444
0.0195408
-0.00570627
0.0185508
-0.0051607
0.0177021
-0.00474338
0.0167931
-0.00436553
0.0158653
-0.00396588
0.0148974
-0.00353331
0.0138381
-0.00306986
0.0128384
-0.00252252
0.0119682
-0.00208983
0.0113378
-0.0017739
0.0109577
-0.00157103
0.0107336
-0.00150178
0.0105372
-0.00148117
0.010349
-0.00145274
0.0101704
-0.00141251
-0.00121024
0.0111678
0.000243698
0.0118013
0.00122225
0.0128071
0.00417541
0.0208791
0.0200897
0.0273328
0.0159482
0.0321941
0.014292
0.0308341
0.0122131
0.0364023
0.000967046
0.0357306
-0.00631339
0.0307359
-0.00937588
0.0268983
-0.00890113
0.0248969
-0.00770557
0.0228613
-0.00630211
0.0212169
-0.00499337
0.0198287
-0.00423547
0.0187816
-0.00386336
0.0178472
-0.00356573
0.0168805
-0.00330221
0.0159407
-0.00300077
0.0149844
-0.00265963
0.0139528
-0.00231154
0.0129298
-0.00192178
0.011995
-0.00156946
0.0112921
-0.00130345
0.0108621
-0.00115415
0.0106368
-0.00110359
0.0104774
-0.00109696
0.0102971
-0.00107011
0.0101436
-0.00104201
-0.000931086
0.011304
0.000126388
0.0118365
0.000653374
0.0133036
0.00263334
0.0269534
0.00671071
0.0264536
0.0171991
0.0283676
0.0129467
0.0357421
0.00486097
0.0361807
0.000871233
0.0333207
-0.00258945
0.0302455
-0.00636659
0.0279037
-0.00642101
0.0254243
-0.00516776
0.0231841
-0.00428986
0.0212939
-0.00338596
0.0198913
-0.00278833
0.0188088
-0.00252405
0.0178391
-0.00238718
0.0168629
-0.00222917
0.0158906
-0.00200508
0.0149567
-0.00178888
0.0139656
-0.00154878
0.0128947
-0.00125065
0.0118842
-0.0010259
0.0111242
-0.000870216
0.0106834
-0.000777371
0.0104513
-0.000738514
0.0103163
-0.00071114
0.0101725
-0.000714583
0.00997331
-0.000655974
-0.000576668
0.0112637
7.78676e-05
0.0116692
0.000334864
0.0124285
0.00181703
0.0159967
0.00410757
0.0363854
-0.00192895
0.0401358
0.0099918
0.0339396
0.0113289
0.0294035
0.00538232
0.0364883
-0.00948294
0.0334261
-0.0030216
0.028286
-0.00137301
0.0254181
-0.00274125
0.0229322
-0.00231232
0.0208533
-0.00164028
0.019483
-0.00132668
0.0185399
-0.00125984
0.0176607
-0.00121559
0.0167356
-0.00111398
0.0157472
-0.000958686
0.0148031
-0.000870999
0.0138138
-0.000738409
0.0127313
-0.000596161
0.0117074
-0.000517576
0.0109312
-0.000448708
0.0104886
-0.000402511
0.0102427
-0.000379664
0.0100938
-0.000338999
0.00997422
-0.000357584
0.00979977
-0.000339601
-0.0002926
0.0112735
0.0115947
0.0133511
0.0175436
0.0150589
0.024801
0.0357983
0.0414982
0.032762
0.0297715
0.0275829
0.0247178
0.0221348
0.0201161
0.0188956
0.0180275
0.0171486
0.0162199
0.0152652
0.0143582
0.0134411
0.0124549
0.0115077
0.0107826
0.0103626
0.0101058
0.00994331
0.0098188
0.00963556
)
;

boundaryField
{
    inlet
    {
        type            calculated;
        value           nonuniform List<scalar> 
60
(
-0.00279994
-0.00279994
-0.00279994
-0.00279994
-0.00279994
-0.00279994
-0.00279994
-0.00279994
-0.00279994
-0.00279994
-0.00279994
-0.00279994
-0.00279994
-0.00279994
-0.00279994
-0.00279994
-0.00279994
-0.00279994
-0.00279994
-0.00279994
-0.00279994
-0.00279994
-0.00279994
-0.00279994
-0.00279994
-0.00279994
-0.00279994
-0.00279994
-0.00279994
-0.00279994
-0.0111998
-0.0111998
-0.0111998
-0.0111998
-0.0111998
-0.0111998
-0.0111998
-0.0111998
-0.0111998
-0.0111998
-0.0111998
-0.0111998
-0.0111998
-0.0111998
-0.0111998
-0.0111998
-0.0111998
-0.0111998
-0.0111998
-0.0111998
-0.0111998
-0.0111998
-0.0111998
-0.0111998
-0.0111998
-0.0111998
-0.0111998
-0.0111998
-0.0111998
-0.0111998
)
;
    }
    outlet
    {
        type            calculated;
        value           nonuniform List<scalar> 
30
(
0.00805801
0.00833203
0.00952056
0.0109838
0.0129267
0.0144382
0.0153401
0.0174203
0.0165039
0.012147
0.0116141
0.0112715
0.0112435
0.0110455
0.0108971
0.0108208
0.0105501
0.0102424
0.0102058
0.0100428
0.0100012
0.0100964
0.0101382
0.0101117
0.0100829
0.0100033
0.00999351
0.00992107
0.00970722
0.00954792
)
;
    }
    top
    {
        type            symmetryPlane;
        value           uniform 0;
    }
    bottom
    {
        type            symmetryPlane;
        value           uniform 0;
    }
    step
    {
        type            calculated;
        value           uniform 0;
    }
    defaultFaces
    {
        type            empty;
        value           nonuniform 0();
    }
}


// ************************************************************************* //
