/*--------------------------------*- C++ -*----------------------------------*\
  =========                 |
  \\      /  F ield         | OpenFOAM: The Open Source CFD Toolbox
   \\    /   O peration     | Website:  https://openfoam.org
    \\  /    A nd           | Version:  6.0
     \\/     M anipulation  |
\*---------------------------------------------------------------------------*/
FoamFile
{
    version     2.0;
    format      ascii;
    class       volVectorField;
    location    "2";
    object      U;
}
// * * * * * * * * * * * * * * * * * * * * * * * * * * * * * * * * * * * * * //

dimensions      [0 1 -1 0 0 0 0];

internalField   nonuniform List<vector> 
2700
(
(3 -7.97128e-12 0)
(3 -4.87641e-11 0)
(3 -1.59407e-10 0)
(3 -4.21107e-10 0)
(3 -1.01201e-09 0)
(2.99999 -2.32308e-09 0)
(2.99998 -5.21279e-09 0)
(2.99996 -1.1567e-08 0)
(2.99991 -2.55307e-08 0)
(2.99979 -5.62201e-08 0)
(2.99955 -1.23703e-07 0)
(2.99903 -2.7221e-07 0)
(2.99789 -5.99452e-07 0)
(2.9954 -1.32217e-06 0)
(2.98995 -2.92508e-06 0)
(2.97793 -6.5103e-06 0)
(2.95095 -1.46734e-05 0)
(2.8882 -3.397e-05 0)
(2.73059 -8.33285e-05 0)
(2.26345 -0.000241078 0)
(-0.0933754 -0.00101548 0)
(-1.74444 0.00157934 0)
(-0.996356 0.00460287 0)
(-0.312958 0.00816511 0)
(0.110548 0.0129529 0)
(0.310593 0.0219356 0)
(0.331836 0.0272509 0)
(0.176279 0.0382362 0)
(-0.0221222 -0.0124767 0)
(0.0104752 -0.000179793 0)
(3 -2.36291e-11 0)
(3 -1.44543e-10 0)
(3 -4.72459e-10 0)
(3 -1.2479e-09 0)
(3 -2.99825e-09 0)
(2.99999 -6.88028e-09 0)
(2.99998 -1.54323e-08 0)
(2.99996 -3.4226e-08 0)
(2.99991 -7.54977e-08 0)
(2.99979 -1.66132e-07 0)
(2.99955 -3.65241e-07 0)
(2.99903 -8.02936e-07 0)
(2.99789 -1.76615e-06 0)
(2.9954 -3.88999e-06 0)
(2.98995 -8.59052e-06 0)
(2.97792 -1.90731e-05 0)
(2.95095 -4.28313e-05 0)
(2.88818 -9.85398e-05 0)
(2.73052 -0.000238711 0)
(2.26312 -0.000677544 0)
(-0.0931544 -0.00297129 0)
(-1.74358 0.00496743 0)
(-0.991448 0.0138184 0)
(-0.302923 0.0237723 0)
(0.124715 0.0360463 0)
(0.323296 0.0543646 0)
(0.339284 0.0578461 0)
(0.207705 0.0645616 0)
(0.106247 0.0249838 0)
(0.0379345 0.0134737 0)
(3 -3.84956e-11 0)
(3 -2.3547e-10 0)
(3 -7.69561e-10 0)
(3 -2.03214e-09 0)
(3 -4.88071e-09 0)
(2.99999 -1.11945e-08 0)
(2.99998 -2.5093e-08 0)
(2.99996 -5.56093e-08 0)
(2.99991 -1.22556e-07 0)
(2.99979 -2.69406e-07 0)
(2.99955 -5.91591e-07 0)
(2.99903 -1.29879e-06 0)
(2.99789 -2.85244e-06 0)
(2.9954 -6.27119e-06 0)
(2.98994 -1.38189e-05 0)
(2.97791 -3.05962e-05 0)
(2.95093 -6.84444e-05 0)
(2.88813 -0.000156518 0)
(2.7304 -0.000374903 0)
(2.2625 -0.00104797 0)
(-0.0920695 -0.00479253 0)
(-1.74068 0.00884628 0)
(-0.985067 0.0238205 0)
(-0.29155 0.0406068 0)
(0.139697 0.0608452 0)
(0.335003 0.0867688 0)
(0.344825 0.0895145 0)
(0.224641 0.0920811 0)
(0.114281 0.0580269 0)
(0.0540379 0.0102944 0)
(3 -5.22078e-11 0)
(3 -3.19325e-10 0)
(3 -1.04347e-09 0)
(3 -2.75476e-09 0)
(3 -6.61381e-09 0)
(2.99999 -1.5162e-08 0)
(2.99998 -3.39649e-08 0)
(2.99996 -7.52142e-08 0)
(2.99991 -1.6562e-07 0)
(2.99979 -3.63715e-07 0)
(2.99955 -7.97818e-07 0)
(2.99903 -1.74944e-06 0)
(2.99789 -3.83702e-06 0)
(2.99539 -8.42321e-06 0)
(2.98994 -1.85293e-05 0)
(2.9779 -4.09428e-05 0)
(2.9509 -9.13586e-05 0)
(2.88807 -0.000208179 0)
(2.73022 -0.000495723 0)
(2.26161 -0.00137783 0)
(-0.0901953 -0.00647519 0)
(-1.73584 0.0130738 0)
(-0.977275 0.0341515 0)
(-0.279123 0.0574564 0)
(0.154966 0.0848939 0)
(0.345652 0.115718 0)
(0.348811 0.118035 0)
(0.234151 0.118514 0)
(0.12014 0.095859 0)
(0.0687749 0.0263637 0)
(3 -6.45411e-11 0)
(3 -3.94737e-10 0)
(3 -1.28973e-09 0)
(3 -3.40419e-09 0)
(3 -8.17053e-09 0)
(2.99999 -1.87231e-08 0)
(2.99998 -4.19212e-08 0)
(2.99996 -9.27778e-08 0)
(2.99991 -2.04157e-07 0)
(2.99979 -4.48012e-07 0)
(2.99955 -9.81932e-07 0)
(2.99903 -2.15128e-06 0)
(2.99788 -4.71395e-06 0)
(2.99539 -1.03378e-05 0)
(2.98993 -2.27159e-05 0)
(2.97789 -5.01308e-05 0)
(2.95087 -0.000111693 0)
(2.888 -0.000254008 0)
(2.73 -0.000602916 0)
(2.26048 -0.00167223 0)
(-0.0874622 -0.00800876 0)
(-1.72906 0.0176428 0)
(-0.967945 0.04481 0)
(-0.265805 0.0742443 0)
(0.170203 0.108047 0)
(0.355312 0.142209 0)
(0.351765 0.144301 0)
(0.241112 0.144052 0)
(0.125632 0.12672 0)
(0.0992658 0.0704406 0)
(3 -7.53615e-11 0)
(3 -4.60892e-10 0)
(3 -1.50573e-09 0)
(3 -3.97368e-09 0)
(3 -9.53524e-09 0)
(2.99999 -2.18439e-08 0)
(2.99998 -4.88912e-08 0)
(2.99996 -1.08158e-07 0)
(2.99991 -2.3789e-07 0)
(2.99979 -5.2177e-07 0)
(2.99955 -1.14297e-06 0)
(2.99903 -2.50266e-06 0)
(2.99788 -5.48061e-06 0)
(2.99539 -1.20116e-05 0)
(2.98993 -2.63761e-05 0)
(2.97787 -5.81664e-05 0)
(2.95084 -0.000129488 0)
(2.88791 -0.000294154 0)
(2.72974 -0.000696971 0)
(2.25912 -0.00193252 0)
(-0.0838659 -0.0093897 0)
(-1.72034 0.0225458 0)
(-0.957316 0.0558013 0)
(-0.25154 0.0910324 0)
(0.185425 0.130647 0)
(0.364099 0.167112 0)
(0.35381 0.169632 0)
(0.245637 0.168607 0)
(0.127163 0.151075 0)
(0.099484 0.0876562 0)
(3 -8.45842e-11 0)
(3 -5.17271e-10 0)
(3 -1.68978e-09 0)
(3 -4.45888e-09 0)
(3 -1.06979e-08 0)
(2.99999 -2.45028e-08 0)
(2.99998 -5.48294e-08 0)
(2.99996 -1.21262e-07 0)
(2.99991 -2.66629e-07 0)
(2.99979 -5.84612e-07 0)
(2.99955 -1.28017e-06 0)
(2.99903 -2.80201e-06 0)
(2.99788 -6.13367e-06 0)
(2.99538 -1.3437e-05 0)
(2.98992 -2.94925e-05 0)
(2.97786 -6.50044e-05 0)
(2.95079 -0.000144619 0)
(2.88781 -0.000328243 0)
(2.72945 -0.000776583 0)
(2.25755 -0.00215378 0)
(-0.079341 -0.0106189 0)
(-1.70966 0.0277293 0)
(-0.945461 0.0672834 0)
(-0.236092 0.107597 0)
(0.200282 0.153075 0)
(0.372179 0.190724 0)
(0.355109 0.194844 0)
(0.247706 0.192834 0)
(0.126019 0.173552 0)
(0.0960403 0.114688 0)
(3 -9.21456e-11 0)
(3 -5.63489e-10 0)
(3 -1.84064e-09 0)
(3 -4.85664e-09 0)
(3 -1.16513e-08 0)
(2.99999 -2.66841e-08 0)
(2.99998 -5.9704e-08 0)
(2.99996 -1.32026e-07 0)
(2.99991 -2.90257e-07 0)
(2.99979 -6.36318e-07 0)
(2.99955 -1.39316e-06 0)
(2.99903 -3.04874e-06 0)
(2.99788 -6.67243e-06 0)
(2.99538 -1.4614e-05 0)
(2.98991 -3.20678e-05 0)
(2.97784 -7.06597e-05 0)
(2.95075 -0.000157142 0)
(2.8877 -0.000356471 0)
(2.72913 -0.00084251 0)
(2.2558 -0.00233832 0)
(-0.0738071 -0.011673 0)
(-1.697 0.0332273 0)
(-0.931742 0.0791516 0)
(-0.220633 0.12418 0)
(0.2157 0.175207 0)
(0.379724 0.213147 0)
(0.355988 0.220691 0)
(0.247828 0.217123 0)
(0.123513 0.197691 0)
(0.0920226 0.1475 0)
(3 -9.79802e-11 0)
(3 -5.99145e-10 0)
(3 -1.95703e-09 0)
(3 -5.1636e-09 0)
(3 -1.23877e-08 0)
(2.99999 -2.83706e-08 0)
(2.99998 -6.34786e-08 0)
(2.99996 -1.40376e-07 0)
(2.99991 -3.08622e-07 0)
(2.99979 -6.76595e-07 0)
(2.99955 -1.48137e-06 0)
(2.99902 -3.24184e-06 0)
(2.99788 -7.09516e-06 0)
(2.99538 -1.55401e-05 0)
(2.9899 -3.41001e-05 0)
(2.97781 -7.51372e-05 0)
(2.9507 -0.000167094 0)
(2.88758 -0.000379003 0)
(2.72878 -0.000895449 0)
(2.25391 -0.00248814 0)
(-0.0672552 -0.0125213 0)
(-1.68237 0.039117 0)
(-0.916593 0.091053 0)
(-0.204676 0.141384 0)
(0.230831 0.196756 0)
(0.387202 0.234824 0)
(0.356634 0.246927 0)
(0.246918 0.24096 0)
(0.122043 0.224504 0)
(0.0890955 0.184346 0)
(3 -1.02002e-10 0)
(3 -6.23714e-10 0)
(3 -2.03721e-09 0)
(3 -5.37523e-09 0)
(3 -1.28961e-08 0)
(2.99999 -2.95378e-08 0)
(2.99998 -6.60984e-08 0)
(2.99996 -1.46191e-07 0)
(2.99991 -3.21458e-07 0)
(2.99979 -7.04851e-07 0)
(2.99955 -1.54349e-06 0)
(2.99902 -3.37836e-06 0)
(2.99788 -7.39518e-06 0)
(2.99537 -1.61998e-05 0)
(2.98989 -3.55533e-05 0)
(2.97779 -7.835e-05 0)
(2.95065 -0.000174258 0)
(2.88745 -0.000395267 0)
(2.72842 -0.000933686 0)
(2.25189 -0.00259765 0)
(-0.0596141 -0.0131595 0)
(-1.66578 0.0453778 0)
(-0.900267 0.103068 0)
(-0.187636 0.159058 0)
(0.245456 0.218156 0)
(0.394596 0.256418 0)
(0.356968 0.272497 0)
(0.245443 0.264455 0)
(0.121321 0.253514 0)
(0.0870865 0.221381 0)
(3 -1.04101e-10 0)
(3 -6.36529e-10 0)
(3 -2.07903e-09 0)
(3 -5.48581e-09 0)
(3 -1.31629e-08 0)
(2.99999 -3.01542e-08 0)
(2.99998 -6.74932e-08 0)
(2.99996 -1.49315e-07 0)
(2.99991 -3.28421e-07 0)
(2.99979 -7.20332e-07 0)
(2.99955 -1.57787e-06 0)
(2.99902 -3.45463e-06 0)
(2.99787 -7.56433e-06 0)
(2.99537 -1.6575e-05 0)
(2.98988 -3.63865e-05 0)
(2.97777 -8.02059e-05 0)
(2.95059 -0.000178423 0)
(2.88732 -0.000404767 0)
(2.72804 -0.00095601 0)
(2.24979 -0.00266395 0)
(-0.0508081 -0.0135889 0)
(-1.64721 0.0519826 0)
(-0.882565 0.1154 0)
(-0.169794 0.176924 0)
(0.259867 0.23964 0)
(0.401684 0.278314 0)
(0.356994 0.297192 0)
(0.243867 0.288454 0)
(0.121162 0.283581 0)
(0.0854739 0.257021 0)
(3 -1.04148e-10 0)
(3 -6.36789e-10 0)
(3 -2.07987e-09 0)
(3 -5.48848e-09 0)
(3 -1.31716e-08 0)
(2.99999 -3.01824e-08 0)
(2.99998 -6.75794e-08 0)
(2.99996 -1.49565e-07 0)
(2.9999 -3.2911e-07 0)
(2.99979 -7.22166e-07 0)
(2.99955 -1.5826e-06 0)
(2.99902 -3.46654e-06 0)
(2.99787 -7.59378e-06 0)
(2.99536 -1.66467e-05 0)
(2.98987 -3.65592e-05 0)
(2.97774 -8.06183e-05 0)
(2.95054 -0.000179406 0)
(2.88719 -0.000407116 0)
(2.72766 -0.000961621 0)
(2.24764 -0.00268543 0)
(-0.0407913 -0.013802 0)
(-1.62664 0.0589399 0)
(-0.863535 0.128095 0)
(-0.151101 0.194992 0)
(0.274107 0.261187 0)
(0.408404 0.300507 0)
(0.356811 0.321559 0)
(0.2424 0.31349 0)
(0.121449 0.314057 0)
(0.0839486 0.291955 0)
(3 -1.01983e-10 0)
(3 -6.23534e-10 0)
(3 -2.03661e-09 0)
(3 -5.375e-09 0)
(3 -1.29027e-08 0)
(2.99999 -2.95775e-08 0)
(2.99998 -6.62572e-08 0)
(2.99996 -1.46721e-07 0)
(2.9999 -3.23047e-07 0)
(2.99979 -7.09308e-07 0)
(2.99955 -1.55542e-06 0)
(2.99902 -3.40917e-06 0)
(2.99787 -7.47279e-06 0)
(2.99536 -1.63916e-05 0)
(2.98986 -3.60201e-05 0)
(2.97772 -7.94747e-05 0)
(2.95048 -0.000176955 0)
(2.88706 -0.00040174 0)
(2.72728 -0.000949121 0)
(2.24546 -0.00265828 0)
(-0.0295077 -0.0137893 0)
(-1.60404 0.0662555 0)
(-0.843168 0.141203 0)
(-0.13164 0.213256 0)
(0.288244 0.282806 0)
(0.414776 0.322905 0)
(0.356591 0.345885 0)
(0.241291 0.339522 0)
(0.122322 0.344824 0)
(0.082582 0.326813 0)
(3 -9.74218e-11 0)
(3 -5.95626e-10 0)
(3 -1.94552e-09 0)
(3 -5.13563e-09 0)
(3 -1.23327e-08 0)
(2.99999 -2.82865e-08 0)
(2.99998 -6.34087e-08 0)
(2.99996 -1.40523e-07 0)
(2.9999 -3.09666e-07 0)
(2.99979 -6.80531e-07 0)
(2.99955 -1.49365e-06 0)
(2.99902 -3.27674e-06 0)
(2.99787 -7.18887e-06 0)
(2.99535 -1.57825e-05 0)
(2.98985 -3.47109e-05 0)
(2.9777 -7.66481e-05 0)
(2.95043 -0.000170793 0)
(2.88693 -0.000388022 0)
(2.7269 -0.00091709 0)
(2.2433 -0.00257888 0)
(-0.0168969 -0.0135354 0)
(-1.5794 0.0739516 0)
(-0.821409 0.154737 0)
(-0.111527 0.231763 0)
(0.3023 0.304507 0)
(0.420826 0.3455 0)
(0.356452 0.37034 0)
(0.24058 0.366443 0)
(0.123721 0.375994 0)
(0.0813625 0.361807 0)
(3 -9.02439e-11 0)
(3 -5.51725e-10 0)
(3 -1.80227e-09 0)
(3 -4.75892e-09 0)
(3 -1.14344e-08 0)
(2.99999 -2.6247e-08 0)
(2.99998 -5.88952e-08 0)
(2.99996 -1.30669e-07 0)
(2.9999 -2.88303e-07 0)
(2.99979 -6.3439e-07 0)
(2.99955 -1.39418e-06 0)
(2.99902 -3.06245e-06 0)
(2.99786 -6.72724e-06 0)
(2.99535 -1.47873e-05 0)
(2.98984 -3.25613e-05 0)
(2.97768 -7.19849e-05 0)
(2.95038 -0.000160581 0)
(2.88681 -0.000365191 0)
(2.72654 -0.000863695 0)
(2.2412 -0.00244229 0)
(-0.0029031 -0.0130226 0)
(-1.55267 0.0820511 0)
(-0.798323 0.168696 0)
(-0.0907503 0.25057 0)
(0.316278 0.326284 0)
(0.426612 0.368262 0)
(0.356542 0.394975 0)
(0.240468 0.394152 0)
(0.125747 0.407629 0)
(0.0803636 0.397076 0)
(3 -8.01922e-11 0)
(3 -4.90261e-10 0)
(3 -1.60172e-09 0)
(3 -4.23141e-09 0)
(3 -1.01757e-08 0)
(2.99999 -2.3386e-08 0)
(2.99998 -5.25547e-08 0)
(2.99996 -1.16802e-07 0)
(2.9999 -2.58185e-07 0)
(2.99979 -5.69208e-07 0)
(2.99955 -1.25336e-06 0)
(2.99902 -2.75843e-06 0)
(2.99786 -6.07087e-06 0)
(2.99534 -1.33691e-05 0)
(2.98983 -2.94912e-05 0)
(2.97765 -6.53096e-05 0)
(2.95033 -0.00014593 0)
(2.8867 -0.000332372 0)
(2.7262 -0.000786871 0)
(2.23918 -0.00224303 0)
(0.0125465 -0.0122309 0)
(-1.52384 0.0905839 0)
(-0.77383 0.183092 0)
(-0.0694091 0.269681 0)
(0.33013 0.348155 0)
(0.432165 0.391204 0)
(0.356953 0.419866 0)
(0.240975 0.422639 0)
(0.128353 0.439838 0)
(0.0795824 0.432795 0)
(3 -6.69634e-11 0)
(3 -4.09385e-10 0)
(3 -1.33787e-09 0)
(3 -3.53731e-09 0)
(3 -8.51888e-09 0)
(2.99999 -1.96182e-08 0)
(2.99998 -4.41979e-08 0)
(2.99996 -9.85092e-08 0)
(2.9999 -2.18415e-07 0)
(2.99979 -4.83046e-07 0)
(2.99955 -1.06701e-06 0)
(2.99902 -2.35565e-06 0)
(2.99786 -5.2003e-06 0)
(2.99534 -1.1486e-05 0)
(2.98982 -2.541e-05 0)
(2.97764 -5.6426e-05 0)
(2.95029 -0.00012641 0)
(2.8866 -0.000288607 0)
(2.72589 -0.000684392 0)
(2.23731 -0.00197537 0)
(0.0295206 -0.011141 0)
(-1.49287 0.0995768 0)
(-0.748047 0.197945 0)
(-0.0474174 0.289108 0)
(0.343913 0.370086 0)
(0.437551 0.41432 0)
(0.357832 0.445045 0)
(0.24229 0.451886 0)
(0.131638 0.472711 0)
(0.0790921 0.469189 0)
(3 -5.01982e-11 0)
(3 -3.06902e-10 0)
(3 -1.00357e-09 0)
(3 -2.65788e-09 0)
(3 -6.41938e-09 0)
(2.99999 -1.48422e-08 0)
(2.99998 -3.36014e-08 0)
(2.99996 -7.5303e-08 0)
(2.9999 -1.67937e-07 0)
(2.99979 -3.73629e-07 0)
(2.99955 -8.30227e-07 0)
(2.99902 -1.84361e-06 0)
(2.99786 -4.09297e-06 0)
(2.99534 -9.08949e-06 0)
(2.98981 -2.02131e-05 0)
(2.97762 -4.51081e-05 0)
(2.95025 -0.000101529 0)
(2.88651 -0.000232792 0)
(2.72563 -0.000553651 0)
(2.23562 -0.00163243 0)
(0.048094 -0.00973239 0)
(-1.45971 0.109064 0)
(-0.720878 0.213285 0)
(-0.0249589 0.308833 0)
(0.357558 0.392056 0)
(0.442835 0.437602 0)
(0.359272 0.470545 0)
(0.244446 0.481915 0)
(0.135593 0.506372 0)
(0.0789289 0.506493 0)
(3 -2.94657e-11 0)
(3 -1.80177e-10 0)
(3 -5.90235e-10 0)
(3 -1.57058e-09 0)
(3 -3.82353e-09 0)
(2.99999 -8.93663e-09 0)
(2.99998 -2.04968e-08 0)
(2.99996 -4.65992e-08 0)
(2.9999 -1.05491e-07 0)
(2.99979 -2.38245e-07 0)
(2.99955 -5.3722e-07 0)
(2.99902 -1.20992e-06 0)
(2.99786 -2.7225e-06 0)
(2.99533 -6.12361e-06 0)
(2.98981 -1.37827e-05 0)
(2.97761 -3.11079e-05 0)
(2.95023 -7.07674e-05 0)
(2.88644 -0.00016384 0)
(2.72541 -0.000392372 0)
(2.23416 -0.00120898 0)
(0.068368 -0.00798422 0)
(-1.42433 0.119076 0)
(-0.692451 0.229141 0)
(-0.00189902 0.328865 0)
(0.371159 0.41401 0)
(0.448101 0.461038 0)
(0.361434 0.496399 0)
(0.247638 0.512771 0)
(0.140362 0.540967 0)
(0.0791891 0.545056 0)
(3 -4.23789e-12 0)
(3 -2.59887e-11 0)
(3 -8.73631e-11 0)
(3 -2.47831e-10 0)
(3 -6.65622e-10 0)
(2.99999 -1.75225e-09 0)
(2.99998 -4.55357e-09 0)
(2.99996 -1.16753e-08 0)
(2.9999 -2.9504e-08 0)
(2.99979 -7.34851e-08 0)
(2.99955 -1.80572e-07 0)
(2.99902 -4.38416e-07 0)
(2.99786 -1.05356e-06 0)
(2.99533 -2.51077e-06 0)
(2.9898 -5.94787e-06 0)
(2.9776 -1.4051e-05 0)
(2.95021 -3.33211e-05 0)
(2.8864 -8.01418e-05 0)
(2.72526 -0.000198028 0)
(2.23299 -0.000702461 0)
(0.0904341 -0.00587162 0)
(-1.38666 0.129664 0)
(-0.662637 0.245545 0)
(0.0215088 0.349177 0)
(0.384653 0.435868 0)
(0.45346 0.484598 0)
(0.364436 0.522621 0)
(0.251955 0.544528 0)
(0.146007 0.57665 0)
(0.0799839 0.585219 0)
(3 2.61255e-11 0)
(3 1.59576e-10 0)
(3 5.1778e-10 0)
(3 1.34376e-09 0)
(3 3.13367e-09 0)
(2.99999 6.8901e-09 0)
(2.99998 1.46216e-08 0)
(2.99996 3.03186e-08 0)
(2.9999 6.18387e-08 0)
(2.99979 1.24499e-07 0)
(2.99955 2.47808e-07 0)
(2.99902 4.87783e-07 0)
(2.99786 9.4884e-07 0)
(2.99533 1.82096e-06 0)
(2.9898 3.43776e-06 0)
(2.9776 6.35532e-06 0)
(2.9502 1.13726e-05 0)
(2.88639 1.92496e-05 0)
(2.72519 2.9968e-05 0)
(2.23217 -0.000119502 0)
(0.114459 -0.00336936 0)
(-1.34661 0.140873 0)
(-0.631582 0.262527 0)
(0.0454688 0.369746 0)
(0.398129 0.45752 0)
(0.45903 0.508242 0)
(0.368484 0.549242 0)
(0.257611 0.577322 0)
(0.152758 0.613607 0)
(0.0814679 0.627484 0)
(3 6.24225e-11 0)
(3 3.81396e-10 0)
(3 1.24111e-09 0)
(3 3.24608e-09 0)
(3 7.67429e-09 0)
(2.99999 1.72175e-08 0)
(2.99998 3.75306e-08 0)
(2.99996 8.04721e-08 0)
(2.9999 1.70869e-07 0)
(2.99979 3.60628e-07 0)
(2.99955 7.5812e-07 0)
(2.99902 1.58937e-06 0)
(2.99786 3.32541e-06 0)
(2.99533 6.94825e-06 0)
(2.9898 1.45096e-05 0)
(2.9776 3.03278e-05 0)
(2.95021 6.36092e-05 0)
(2.8864 0.000134657 0)
(2.7252 0.000292021 0)
(2.23175 0.000537862 0)
(0.14047 -0.000453233 0)
(-1.30425 0.152771 0)
(-0.599193 0.280143 0)
(0.0696269 0.390499 0)
(0.411575 0.478808 0)
(0.464991 0.531888 0)
(0.373768 0.576238 0)
(0.264783 0.611351 0)
(0.160773 0.652001 0)
(0.0838801 0.67242 0)
(3 1.05632e-10 0)
(3 6.45471e-10 0)
(3 2.10236e-09 0)
(3 5.51175e-09 0)
(3 1.30848e-08 0)
(2.99999 2.9531e-08 0)
(2.99998 6.48663e-08 0)
(2.99996 1.40366e-07 0)
(2.9999 3.01183e-07 0)
(2.99979 6.43063e-07 0)
(2.99955 1.3689e-06 0)
(2.99902 2.9084e-06 0)
(2.99786 6.17171e-06 0)
(2.99534 1.30886e-05 0)
(2.98981 2.77649e-05 0)
(2.97762 5.90138e-05 0)
(2.95024 0.000126095 0)
(2.88646 0.000272799 0)
(2.72531 0.000606868 0)
(2.23178 0.00133173 0)
(0.168281 0.00297692 0)
(-1.2599 0.165401 0)
(-0.565814 0.298414 0)
(0.0941559 0.411351 0)
(0.425036 0.499536 0)
(0.471513 0.555433 0)
(0.380598 0.603583 0)
(0.273733 0.646985 0)
(0.170416 0.692354 0)
(0.0874455 0.720567 0)
(3 1.56725e-10 0)
(3 9.57768e-10 0)
(3 3.12125e-09 0)
(3 8.19411e-09 0)
(3 1.94976e-08 0)
(2.99999 4.41486e-08 0)
(2.99998 9.73806e-08 0)
(2.99996 2.11772e-07 0)
(2.9999 4.56949e-07 0)
(2.99979 9.81633e-07 0)
(2.99955 2.10334e-06 0)
(2.99902 4.49984e-06 0)
(2.99786 9.61829e-06 0)
(2.99534 2.05534e-05 0)
(2.98982 4.39502e-05 0)
(2.97764 9.42174e-05 0)
(2.95028 0.000203247 0)
(2.88656 0.000444754 0)
(2.72553 0.00100398 0)
(2.23234 0.00235302 0)
(0.19794 0.00711115 0)
(-1.21362 0.17883 0)
(-0.531416 0.317411 0)
(0.118625 0.432138 0)
(0.43858 0.519406 0)
(0.47885 0.578706 0)
(0.389347 0.631039 0)
(0.284882 0.68447 0)
(0.181995 0.735228 0)
(0.0925865 0.772945 0)
(3 2.163e-10 0)
(3 1.32197e-09 0)
(3 4.31009e-09 0)
(3 1.13268e-08 0)
(3 2.69978e-08 0)
(2.99999 6.1279e-08 0)
(2.99998 1.35579e-07 0)
(2.99996 2.95905e-07 0)
(2.9999 6.4108e-07 0)
(2.99979 1.38328e-06 0)
(2.99955 2.97796e-06 0)
(2.99902 6.40268e-06 0)
(2.99787 1.37569e-05 0)
(2.99535 2.95576e-05 0)
(2.98983 6.35675e-05 0)
(2.97767 0.000137108 0)
(2.95035 0.000297788 0)
(2.88672 0.000656909 0)
(2.72591 0.00149848 0)
(2.23359 0.00363661 0)
(0.22994 0.0120441 0)
(-1.16514 0.193149 0)
(-0.496097 0.337128 0)
(0.143227 0.452618 0)
(0.452209 0.538087 0)
(0.487211 0.601525 0)
(0.400474 0.658508 0)
(0.298686 0.723558 0)
(0.196182 0.781393 0)
(0.0997299 0.831401 0)
(3 2.84237e-10 0)
(3 1.73739e-09 0)
(3 5.66677e-09 0)
(3 1.49053e-08 0)
(3 3.55787e-08 0)
(2.99999 8.09191e-08 0)
(2.99998 1.79488e-07 0)
(2.99996 3.9291e-07 0)
(2.9999 8.54095e-07 0)
(2.99979 1.84961e-06 0)
(2.99955 3.99723e-06 0)
(2.99902 8.62884e-06 0)
(2.99787 1.86178e-05 0)
(2.99536 4.01752e-05 0)
(2.98986 8.67911e-05 0)
(2.97771 0.000188083 0)
(2.95046 0.000410587 0)
(2.88695 0.000911032 0)
(2.72649 0.00209329 0)
(2.23563 0.00518342 0)
(0.264452 0.017816 0)
(-1.11443 0.208604 0)
(-0.459694 0.357606 0)
(0.167656 0.472365 0)
(0.466152 0.555153 0)
(0.496945 0.623672 0)
(0.414332 0.686653 0)
(0.315724 0.763313 0)
(0.213906 0.832309 0)
(0.109542 0.898001 0)
(3 3.59404e-10 0)
(3 2.1971e-09 0)
(3 7.16894e-09 0)
(3 1.88716e-08 0)
(3 4.51047e-08 0)
(2.99999 1.0277e-07 0)
(2.99998 2.28472e-07 0)
(2.99996 5.01469e-07 0)
(2.99991 1.09332e-06 0)
(2.99979 2.37533e-06 0)
(2.99955 5.15099e-06 0)
(2.99902 1.11594e-05 0)
(2.99788 2.41676e-05 0)
(2.99537 5.23522e-05 0)
(2.98988 0.000113549 0)
(2.97778 0.000247094 0)
(2.95059 0.000541815 0)
(2.88728 0.00120826 0)
(2.7273 0.00279348 0)
(2.2386 0.00701625 0)
(0.301649 0.0245403 0)
(-1.06143 0.225501 0)
(-0.422311 0.37865 0)
(0.192041 0.490777 0)
(0.480466 0.570146 0)
(0.508673 0.644411 0)
(0.43116 0.71593 0)
(0.337087 0.803493 0)
(0.236745 0.88979 0)
(0.122662 0.975542 0)
(3 4.39423e-10 0)
(3 2.68661e-09 0)
(3 8.76944e-09 0)
(3 2.31021e-08 0)
(3 5.52822e-08 0)
(2.99999 1.26167e-07 0)
(2.99998 2.81068e-07 0)
(2.99996 6.18417e-07 0)
(2.99991 1.35199e-06 0)
(2.99979 2.9461e-06 0)
(2.99955 6.40915e-06 0)
(2.99903 1.3932e-05 0)
(2.99788 3.02789e-05 0)
(2.99539 6.58326e-05 0)
(2.98992 0.000143337 0)
(2.97786 0.000313178 0)
(2.95077 0.000689697 0)
(2.8877 0.00154551 0)
(2.7284 0.00359435 0)
(2.24268 0.0091342 0)
(0.342169 0.0323469 0)
(-1.00622 0.244651 0)
(-0.383232 0.399785 0)
(0.216273 0.506994 0)
(0.495432 0.582668 0)
(0.523132 0.663108 0)
(0.451398 0.745954 0)
(0.363853 0.846482 0)
(0.266206 0.95473 0)
(0.140108 1.06814 0)
(3 5.20368e-10 0)
(3 3.18157e-09 0)
(3 1.03869e-08 0)
(3 2.73758e-08 0)
(3 6.55644e-08 0)
(2.99999 1.49821e-07 0)
(2.99998 3.34315e-07 0)
(2.99996 7.37044e-07 0)
(2.99991 1.61506e-06 0)
(2.9998 3.52839e-06 0)
(2.99956 7.69752e-06 0)
(2.99903 1.67837e-05 0)
(2.99789 3.65964e-05 0)
(2.99541 7.98504e-05 0)
(2.98997 0.000174526 0)
(2.97796 0.000382928 0)
(2.951 0.000847289 0)
(2.88824 0.00190922 0)
(2.72982 0.00447187 0)
(2.24807 0.0115021 0)
(0.386733 0.041114 0)
(-0.948682 0.267322 0)
(-0.341832 0.419181 0)
(0.240645 0.519723 0)
(0.511211 0.592674 0)
(0.540945 0.68086 0)
(0.476131 0.77789 0)
(0.396628 0.894727 0)
(0.304544 1.02793 0)
(0.163742 1.18473 0)
(3 6.00337e-10 0)
(3 3.67107e-09 0)
(3 1.19894e-08 0)
(3 3.162e-08 0)
(3 7.58014e-08 0)
(2.99999 1.73431e-07 0)
(2.99998 3.87589e-07 0)
(2.99996 8.56009e-07 0)
(2.99991 1.87949e-06 0)
(2.9998 4.11516e-06 0)
(2.99956 8.99938e-06 0)
(2.99904 1.96742e-05 0)
(2.9979 4.30235e-05 0)
(2.99543 9.41741e-05 0)
(2.99002 0.000206572 0)
(2.97808 0.000455132 0)
(2.95128 0.00101226 0)
(2.88891 0.00229732 0)
(2.7316 0.00544465 0)
(2.25496 0.014289 0)
(0.437064 0.0510713 0)
(-0.889142 0.296664 0)
(-0.294433 0.435463 0)
(0.266912 0.52685 0)
(0.528681 0.59929 0)
(0.563097 0.697181 0)
(0.506295 0.80951 0)
(0.436687 0.94203 0)
(0.356441 1.10131 0)
(0.197589 1.32194 0)
(3 7.19471e-10 0)
(3 4.39876e-09 0)
(3 1.43593e-08 0)
(3 3.78373e-08 0)
(3 9.05833e-08 0)
(2.99999 2.06866e-07 0)
(2.99998 4.6124e-07 0)
(2.99996 1.0159e-06 0)
(2.99991 2.22377e-06 0)
(2.9998 4.8529e-06 0)
(2.99956 1.05755e-05 0)
(2.99905 2.30346e-05 0)
(2.99794 5.01783e-05 0)
(2.99551 0.000109396 0)
(2.99018 0.000238959 0)
(2.97845 0.00052418 0)
(2.95212 0.00116038 0)
(2.89095 0.00261992 0)
(2.73726 0.00617244 0)
(2.27706 0.0160921 0)
(0.597982 0.0564557 0)
(-0.66686 0.330804 0)
(-0.247641 0.462429 0)
(0.245929 0.549144 0)
(0.534538 0.626947 0)
(0.635795 0.735523 0)
(0.639154 0.872186 0)
(0.637098 1.02998 0)
(0.686382 1.21342 0)
(0.607191 1.48155 0)
(3 9.60684e-10 0)
(3 5.87197e-09 0)
(3 1.91559e-08 0)
(3 5.04168e-08 0)
(3 1.20485e-07 0)
(2.99999 2.74508e-07 0)
(2.99998 6.10301e-07 0)
(2.99996 1.33976e-06 0)
(2.99991 2.92184e-06 0)
(2.99981 6.3507e-06 0)
(2.99958 1.37801e-05 0)
(2.99908 2.98779e-05 0)
(2.998 6.47723e-05 0)
(2.99564 0.000140492 0)
(2.99048 0.000305202 0)
(2.97909 0.00066544 0)
(2.95358 0.0014627 0)
(2.89438 0.0032725 0)
(2.74624 0.00760412 0)
(2.3095 0.0193532 0)
(0.79441 0.0642117 0)
(-0.394488 0.338219 0)
(-0.100613 0.513406 0)
(0.308813 0.603801 0)
(0.570712 0.681309 0)
(0.698226 0.775713 0)
(0.753653 0.898279 0)
(0.803018 1.04122 0)
(0.927019 1.18919 0)
(0.984071 1.33918 0)
(3 1.4088e-09 0)
(3 8.61149e-09 0)
(3 2.80947e-08 0)
(3 7.39447e-08 0)
(3 1.76709e-07 0)
(2.99999 4.02594e-07 0)
(2.99998 8.95036e-07 0)
(2.99996 1.96474e-06 0)
(2.99991 4.28472e-06 0)
(2.99981 9.31274e-06 0)
(2.9996 2.02069e-05 0)
(2.99912 4.38121e-05 0)
(2.99809 9.49788e-05 0)
(2.99583 0.000206003 0)
(2.99088 0.000447477 0)
(2.97999 0.000975415 0)
(2.95559 0.00214281 0)
(2.89911 0.00478768 0)
(2.75853 0.0110927 0)
(2.35134 0.0279421 0)
(1.0111 0.0868574 0)
(-0.0964258 0.370103 0)
(0.0637957 0.56697 0)
(0.379888 0.652354 0)
(0.620918 0.723583 0)
(0.757661 0.805294 0)
(0.843202 0.907623 0)
(0.922949 1.02284 0)
(1.06549 1.13512 0)
(1.18152 1.20589 0)
(3 2.13656e-09 0)
(3 1.3062e-08 0)
(3 4.26252e-08 0)
(3 1.12224e-07 0)
(3 2.68296e-07 0)
(2.99999 6.11565e-07 0)
(2.99998 1.36044e-06 0)
(2.99996 2.98847e-06 0)
(2.99992 6.52228e-06 0)
(2.99983 1.41877e-05 0)
(2.99962 3.08109e-05 0)
(2.99918 6.68613e-05 0)
(2.99822 0.000145071 0)
(2.99611 0.000314906 0)
(2.9915 0.000684517 0)
(2.98135 0.0014928 0)
(2.95865 0.00327915 0)
(2.90627 0.00731747 0)
(2.77691 0.0168929 0)
(2.40936 0.0420253 0)
(1.24981 0.123188 0)
(0.223381 0.424793 0)
(0.23816 0.628393 0)
(0.447539 0.709033 0)
(0.668946 0.75291 0)
(0.811685 0.815075 0)
(0.912521 0.896799 0)
(1.00538 0.985975 0)
(1.14166 1.07128 0)
(1.26024 1.11446 0)
(3 3.14722e-09 0)
(3 1.92424e-08 0)
(3 6.28074e-08 0)
(3 1.6543e-07 0)
(3 3.95765e-07 0)
(2.99999 9.02986e-07 0)
(2.99999 2.01116e-06 0)
(2.99997 4.42422e-06 0)
(2.99993 9.67114e-06 0)
(2.99985 2.10729e-05 0)
(2.99967 4.58434e-05 0)
(2.99927 9.96584e-05 0)
(2.99842 0.000216608 0)
(2.99655 0.000470969 0)
(2.99245 0.00102526 0)
(2.98345 0.0022383 0)
(2.96335 0.00491796 0)
(2.91721 0.0109583 0)
(2.80458 0.0251708 0)
(2.49203 0.0617422 0)
(1.52932 0.172501 0)
(0.556694 0.506557 0)
(0.413463 0.653058 0)
(0.499515 0.727814 0)
(0.681629 0.756774 0)
(0.8455 0.801222 0)
(0.961874 0.864516 0)
(1.06161 0.934995 0)
(1.18934 1.00264 0)
(1.3032 1.0421 0)
(3 4.34643e-09 0)
(3 2.65784e-08 0)
(3 8.68117e-08 0)
(3 2.29018e-07 0)
(3 5.49282e-07 0)
(2.99999 1.25754e-06 0)
(2.99999 2.8125e-06 0)
(2.99997 6.21646e-06 0)
(2.99994 1.36597e-05 0)
(2.99988 2.99291e-05 0)
(2.99973 6.54883e-05 0)
(2.99941 0.000143219 0)
(2.99871 0.000313197 0)
(2.99719 0.000685186 0)
(2.99386 0.00150061 0)
(2.98654 0.00329436 0)
(2.97027 0.00727015 0)
(2.93323 0.016226 0)
(2.84447 0.0371034 0)
(2.60576 0.0893213 0)
(1.86718 0.238505 0)
(0.83586 0.656231 0)
(0.568896 0.703372 0)
(0.598302 0.749838 0)
(0.732103 0.769027 0)
(0.887469 0.78645 0)
(1.00729 0.824671 0)
(1.10827 0.876663 0)
(1.22694 0.930928 0)
(1.33335 0.969041 0)
(3 4.04569e-09 0)
(3 2.47332e-08 0)
(3 8.07525e-08 0)
(3 2.12935e-07 0)
(3 5.10426e-07 0)
(3 1.1678e-06 0)
(2.99999 2.60976e-06 0)
(2.99998 5.76327e-06 0)
(2.99996 1.26518e-05 0)
(2.99992 2.76927e-05 0)
(2.99982 6.05305e-05 0)
(2.9996 0.00013223 0)
(2.99914 0.000288823 0)
(2.99813 0.00063103 0)
(2.99593 0.00137982 0)
(2.99114 0.00302277 0)
(2.98061 0.00664897 0)
(2.95709 0.0147558 0)
(2.90275 0.0333897 0)
(2.76667 0.0788449 0)
(2.35883 0.20639 0)
(1.42489 0.578844 0)
(0.868963 0.716116 0)
(0.786897 0.77118 0)
(0.82473 0.792517 0)
(0.936902 0.790844 0)
(1.05635 0.802648 0)
(1.15704 0.83106 0)
(1.26687 0.869072 0)
(1.36303 0.901062 0)
(3 3.00145e-09 0)
(3 1.83472e-08 0)
(3 5.98738e-08 0)
(3 1.5771e-07 0)
(3 3.77385e-07 0)
(3 8.61366e-07 0)
(2.99999 1.91932e-06 0)
(2.99999 4.2243e-06 0)
(2.99997 9.23908e-06 0)
(2.99994 2.01428e-05 0)
(2.99987 4.38451e-05 0)
(2.99971 9.53653e-05 0)
(2.99938 0.000207362 0)
(2.99864 0.000450904 0)
(2.99705 0.000980907 0)
(2.99357 0.00213635 0)
(2.98593 0.00466511 0)
(2.96899 0.0102469 0)
(2.93046 0.0227992 0)
(2.8379 0.0522116 0)
(2.58698 0.128487 0)
(1.87023 0.343995 0)
(1.04082 0.764858 0)
(0.887956 0.811593 0)
(0.896988 0.83641 0)
(0.976797 0.829238 0)
(1.09431 0.814705 0)
(1.19917 0.818738 0)
(1.30641 0.835895 0)
(1.39496 0.855202 0)
(3 2.25402e-09 0)
(3 1.37805e-08 0)
(3 4.49809e-08 0)
(3 1.18504e-07 0)
(3 2.83614e-07 0)
(3 6.47421e-07 0)
(3 1.44276e-06 0)
(2.99999 3.17575e-06 0)
(2.99998 6.94648e-06 0)
(2.99996 1.51462e-05 0)
(2.99992 3.29732e-05 0)
(2.99982 7.1729e-05 0)
(2.99961 0.000155991 0)
(2.99916 0.000339242 0)
(2.99818 0.000738008 0)
(2.99605 0.00160688 0)
(2.99142 0.00350539 0)
(2.98125 0.00767912 0)
(2.95859 0.0169775 0)
(2.90637 0.0383068 0)
(2.77493 0.0907025 0)
(2.38641 0.240819 0)
(1.50666 0.65374 0)
(1.12293 0.776048 0)
(1.05323 0.830785 0)
(1.05668 0.84903 0)
(1.13473 0.839605 0)
(1.24171 0.828278 0)
(1.34646 0.829727 0)
(1.42986 0.835905 0)
(3 1.48888e-09 0)
(3 9.10048e-09 0)
(3 2.96893e-08 0)
(3 7.81486e-08 0)
(3 1.86796e-07 0)
(3 4.25715e-07 0)
(3 9.46851e-07 0)
(2.99999 2.07957e-06 0)
(2.99999 4.53777e-06 0)
(2.99997 9.86869e-06 0)
(2.99994 2.14257e-05 0)
(2.99988 4.64765e-05 0)
(2.99973 0.000100774 0)
(2.99942 0.000218476 0)
(2.99874 0.000473695 0)
(2.99726 0.00102751 0)
(2.99403 0.00223131 0)
(2.98696 0.00485775 0)
(2.97131 0.0106355 0)
(2.93584 0.0235766 0)
(2.85116 0.0537565 0)
(2.62334 0.132971 0)
(1.9988 0.350436 0)
(1.27914 0.768091 0)
(1.14739 0.836815 0)
(1.13505 0.871381 0)
(1.1782 0.875297 0)
(1.27003 0.859598 0)
(1.37846 0.848583 0)
(1.46044 0.842116 0)
(3 1.05989e-09 0)
(3 6.47966e-09 0)
(3 2.11478e-08 0)
(3 5.57012e-08 0)
(3 1.33257e-07 0)
(3 3.04028e-07 0)
(3 6.77061e-07 0)
(3 1.48915e-06 0)
(2.99999 3.25447e-06 0)
(2.99998 7.08957e-06 0)
(2.99997 1.54191e-05 0)
(2.99993 3.35092e-05 0)
(2.99984 7.27979e-05 0)
(2.99966 0.000158138 0)
(2.99926 0.000343557 0)
(2.9984 0.000746652 0)
(2.99652 0.00162402 0)
(2.99245 0.00353863 0)
(2.98352 0.00773996 0)
(2.9637 0.0170708 0)
(2.91832 0.0383516 0)
(2.80556 0.090143 0)
(2.47605 0.235933 0)
(1.72938 0.627838 0)
(1.36344 0.790252 0)
(1.28077 0.857886 0)
(1.26691 0.893832 0)
(1.31677 0.894876 0)
(1.41277 0.876771 0)
(1.49047 0.860401 0)
(3 6.71329e-10 0)
(3 4.10297e-09 0)
(3 1.33832e-08 0)
(3 3.52191e-08 0)
(3 8.41569e-08 0)
(3 1.91722e-07 0)
(3 4.26218e-07 0)
(3 9.35604e-07 0)
(3 2.04035e-06 0)
(2.99999 4.43455e-06 0)
(2.99998 9.62133e-06 0)
(2.99995 2.08559e-05 0)
(2.9999 4.51878e-05 0)
(2.99978 9.78846e-05 0)
(2.99952 0.000212021 0)
(2.99897 0.00045929 0)
(2.99775 0.000995319 0)
(2.99512 0.002159 0)
(2.98935 0.00469337 0)
(2.97664 0.0102522 0)
(2.94807 0.0226358 0)
(2.88093 0.0512133 0)
(2.70492 0.124442 0)
(2.22674 0.324726 0)
(1.57826 0.736428 0)
(1.4109 0.847888 0)
(1.36894 0.902691 0)
(1.36858 0.924544 0)
(1.42922 0.915566 0)
(1.50592 0.887467 0)
(3 4.70502e-10 0)
(3 2.87597e-09 0)
(3 9.38506e-09 0)
(3 2.472e-08 0)
(3 5.9151e-08 0)
(3 1.35004e-07 0)
(3 3.00798e-07 0)
(3 6.61972e-07 0)
(3 1.44766e-06 0)
(2.99999 3.15578e-06 0)
(2.99999 6.86847e-06 0)
(2.99997 1.49376e-05 0)
(2.99994 3.24753e-05 0)
(2.99988 7.05945e-05 0)
(2.99974 0.00015346 0)
(2.99944 0.000333639 0)
(2.99879 0.000725597 0)
(2.99738 0.00157905 0)
(2.99431 0.00344104 0)
(2.9876 0.00752045 0)
(2.9728 0.0165394 0)
(2.93929 0.0368827 0)
(2.85837 0.0850651 0)
(2.62522 0.215177 0)
(2.10128 0.544132 0)
(1.64082 0.832002 0)
(1.51714 0.913951 0)
(1.47442 0.947387 0)
(1.47566 0.953167 0)
(1.51947 0.933569 0)
(3 2.74196e-10 0)
(3 1.67576e-09 0)
(3 5.46626e-09 0)
(3 1.43876e-08 0)
(3 3.43905e-08 0)
(3 7.83817e-08 0)
(3 1.74346e-07 0)
(3 3.82948e-07 0)
(3 8.35692e-07 0)
(3 1.81762e-06 0)
(2.99999 3.94655e-06 0)
(2.99999 8.56157e-06 0)
(2.99997 1.85651e-05 0)
(2.99994 4.02479e-05 0)
(2.99987 8.72466e-05 0)
(2.99973 0.000189127 0)
(2.99942 0.000410019 0)
(2.99874 0.000889179 0)
(2.99728 0.00192969 0)
(2.99411 0.0041945 0)
(2.98722 0.00914956 0)
(2.97203 0.0201131 0)
(2.93758 0.0449979 0)
(2.8518 0.105857 0)
(2.60626 0.27564 0)
(2.07862 0.639592 0)
(1.72206 0.871083 0)
(1.61281 0.937588 0)
(1.57883 0.967456 0)
(1.58091 0.971913 0)
(3 1.37628e-10 0)
(3 8.40942e-10 0)
(3 2.74149e-09 0)
(3 7.20749e-09 0)
(3 1.71971e-08 0)
(3 3.90993e-08 0)
(3 8.67051e-08 0)
(3 1.89773e-07 0)
(3 4.12499e-07 0)
(3 8.93348e-07 0)
(3 1.93092e-06 0)
(2.99999 4.16904e-06 0)
(2.99999 8.99571e-06 0)
(2.99997 1.94028e-05 0)
(2.99994 4.18387e-05 0)
(2.99987 9.02008e-05 0)
(2.99972 0.000194444 0)
(2.9994 0.000419157 0)
(2.99871 0.000903763 0)
(2.99723 0.00194997 0)
(2.99401 0.00421438 0)
(2.98703 0.00914376 0)
(2.97166 0.0200135 0)
(2.93677 0.0447268 0)
(2.84896 0.106937 0)
(2.61021 0.274865 0)
(2.068 0.65224 0)
(1.79279 0.839146 0)
(1.71356 0.918524 0)
(1.68873 0.963868 0)
(3 6.73284e-11 0)
(3 4.11355e-10 0)
(3 1.34068e-09 0)
(3 3.52295e-09 0)
(3 8.39904e-09 0)
(3 1.90747e-08 0)
(3 4.22394e-08 0)
(3 9.22969e-08 0)
(3 2.00252e-07 0)
(3 4.32831e-07 0)
(3 9.33621e-07 0)
(3 2.01155e-06 0)
(2.99999 4.33117e-06 0)
(2.99999 9.32194e-06 0)
(2.99997 2.00581e-05 0)
(2.99993 4.31507e-05 0)
(2.99985 9.28166e-05 0)
(2.99968 0.000199631 0)
(2.99932 0.000429382 0)
(2.99853 0.00092377 0)
(2.99681 0.0019888 0)
(2.99309 0.00428908 0)
(2.98495 0.00928612 0)
(2.96693 0.0202844 0)
(2.92569 0.0452966 0)
(2.82216 0.108138 0)
(2.54502 0.278998 0)
(2.06505 0.654717 0)
(1.88422 0.817519 0)
(1.82382 0.91747 0)
(3 3.70606e-11 0)
(3 2.26508e-10 0)
(3 7.3879e-10 0)
(3 1.94374e-09 0)
(3 4.64217e-09 0)
(3 1.05665e-08 0)
(3 2.34627e-08 0)
(3 5.14301e-08 0)
(3 1.1198e-07 0)
(3 2.42974e-07 0)
(3 5.2629e-07 0)
(3 1.139e-06 0)
(3 2.46412e-06 0)
(2.99999 5.33023e-06 0)
(2.99999 1.15301e-05 0)
(2.99997 2.49432e-05 0)
(2.99993 5.39669e-05 0)
(2.99985 0.000116782 0)
(2.99968 0.000252766 0)
(2.99931 0.000547275 0)
(2.9985 0.00118558 0)
(2.99676 0.00257091 0)
(2.99299 0.00558606 0)
(2.98474 0.0121874 0)
(2.96645 0.0268297 0)
(2.92424 0.06036 0)
(2.81504 0.144579 0)
(2.54109 0.362012 0)
(2.17326 0.687909 0)
(2.02146 0.877475 0)
(3 1.81956e-11 0)
(3 1.1121e-10 0)
(3 3.62693e-10 0)
(3 9.53929e-10 0)
(3 2.27699e-09 0)
(3 5.17898e-09 0)
(3 1.14893e-08 0)
(3 2.51578e-08 0)
(3 5.47125e-08 0)
(3 1.18566e-07 0)
(3 2.56471e-07 0)
(3 5.54268e-07 0)
(3 1.19731e-06 0)
(3 2.58587e-06 0)
(2.99999 5.58438e-06 0)
(2.99999 1.20599e-05 0)
(2.99998 2.6045e-05 0)
(2.99995 5.62514e-05 0)
(2.99989 0.000121502 0)
(2.99977 0.000262482 0)
(2.99951 0.000567193 0)
(2.99896 0.00122626 0)
(2.99778 0.00265386 0)
(2.99526 0.00575589 0)
(2.98983 0.0125411 0)
(2.97796 0.0276013 0)
(2.95062 0.0622968 0)
(2.8773 0.15071 0)
(2.6988 0.374954 0)
(2.40738 0.646954 0)
(3 6.57231e-12 0)
(3 4.01413e-11 0)
(3 1.30687e-10 0)
(3 3.42635e-10 0)
(3 8.13938e-10 0)
(3 1.83936e-09 0)
(3 4.04795e-09 0)
(3 8.78099e-09 0)
(3 1.88966e-08 0)
(3 4.04812e-08 0)
(3 8.64892e-08 0)
(3 1.84477e-07 0)
(3 3.93025e-07 0)
(3 8.36593e-07 0)
(3 1.77942e-06 0)
(3 3.78213e-06 0)
(2.99999 8.03321e-06 0)
(2.99998 1.70503e-05 0)
(2.99995 3.61619e-05 0)
(2.9999 7.66373e-05 0)
(2.99979 0.000162292 0)
(2.99954 0.000343436 0)
(2.99902 0.000726394 0)
(2.99792 0.00153634 0)
(2.99555 0.00325313 0)
(2.99045 0.00691389 0)
(2.97936 0.0148364 0)
(2.95452 0.0327824 0)
(2.89443 0.0785717 0)
(2.72395 0.170357 0)
(3 2.64778e-12 0)
(3 1.6175e-11 0)
(3 5.26783e-11 0)
(3 1.38167e-10 0)
(3 3.28345e-10 0)
(3 7.4225e-10 0)
(3 1.63394e-09 0)
(3 3.54528e-09 0)
(3 7.63136e-09 0)
(3 1.63538e-08 0)
(3 3.49569e-08 0)
(3 7.4611e-08 0)
(3 1.59103e-07 0)
(3 3.39077e-07 0)
(3 7.22331e-07 0)
(3 1.53827e-06 0)
(2.99999 3.27502e-06 0)
(2.99999 6.97089e-06 0)
(2.99997 1.48343e-05 0)
(2.99994 3.15612e-05 0)
(2.99986 6.7137e-05 0)
(2.99971 0.000142793 0)
(2.99937 0.000303686 0)
(2.99863 0.000645939 0)
(2.99703 0.00137457 0)
(2.99354 0.00292884 0)
(2.98591 0.00625943 0)
(2.96901 0.0134701 0)
(2.9305 0.0294971 0)
(2.81675 0.0668743 0)
(3 1.25734e-12 0)
(3 7.68441e-12 0)
(3 2.50545e-11 0)
(3 6.58435e-11 0)
(3 1.56938e-10 0)
(3 3.562e-10 0)
(3 7.88084e-10 0)
(3 1.72022e-09 0)
(3 3.72816e-09 0)
(3 8.04992e-09 0)
(3 1.73491e-08 0)
(3 3.73583e-08 0)
(3 8.04196e-08 0)
(3 1.73115e-07 0)
(3 3.72718e-07 0)
(3 8.02682e-07 0)
(3 1.72924e-06 0)
(2.99999 3.72677e-06 0)
(2.99999 8.03511e-06 0)
(2.99997 1.73319e-05 0)
(2.99993 3.74036e-05 0)
(2.99986 8.07621e-05 0)
(2.9997 0.000174486 0)
(2.99935 0.000377243 0)
(2.99859 0.000816385 0)
(2.99697 0.00176924 0)
(2.99347 0.00384383 0)
(2.98586 0.00838879 0)
(2.96913 0.0184926 0)
(2.924 0.0416861 0)
(3 4.94234e-13 0)
(3 3.01868e-12 0)
(3 9.82841e-12 0)
(3 2.57619e-11 0)
(3 6.11654e-11 0)
(3 1.38115e-10 0)
(3 3.0366e-10 0)
(3 6.57992e-10 0)
(3 1.41436e-09 0)
(3 3.02641e-09 0)
(3 6.45889e-09 0)
(3 1.37626e-08 0)
(3 2.92952e-08 0)
(3 6.23128e-08 0)
(3 1.32468e-07 0)
(3 2.81466e-07 0)
(3 5.97774e-07 0)
(3 1.26895e-06 0)
(2.99999 2.69243e-06 0)
(2.99998 5.70986e-06 0)
(2.99995 1.21025e-05 0)
(2.99989 2.56379e-05 0)
(2.99976 5.42797e-05 0)
(2.99949 0.000114854 0)
(2.99888 0.000242905 0)
(2.99758 0.000513577 0)
(2.99474 0.00108618 0)
(2.98854 0.00230042 0)
(2.97487 0.00489565 0)
(2.93938 0.0105213 0)
(3 3.52503e-13 0)
(3 2.15456e-12 0)
(3 7.02799e-12 0)
(3 1.84955e-11 0)
(3 4.41947e-11 0)
(3 1.00671e-10 0)
(3 2.2375e-10 0)
(3 4.90998e-10 0)
(3 1.07035e-09 0)
(3 2.32539e-09 0)
(3 5.04346e-09 0)
(3 1.09296e-08 0)
(3 2.3677e-08 0)
(3 5.12857e-08 0)
(3 1.11089e-07 0)
(3 2.40646e-07 0)
(3 5.21357e-07 0)
(3 1.12967e-06 0)
(2.99999 2.44812e-06 0)
(2.99998 5.30618e-06 0)
(2.99996 1.15028e-05 0)
(2.99991 2.49406e-05 0)
(2.99981 5.40876e-05 0)
(2.9996 0.000117326 0)
(2.99912 0.000254586 0)
(2.99809 0.000552704 0)
(2.99585 0.00120106 0)
(2.99095 0.00261405 0)
(2.98014 0.00571446 0)
(2.95314 0.0125805 0)
(3 2.58122e-13 0)
(3 1.57698e-12 0)
(3 5.14258e-12 0)
(3 1.35423e-11 0)
(3 3.24137e-11 0)
(3 7.40339e-11 0)
(3 1.65132e-10 0)
(3 3.63891e-10 0)
(3 7.96952e-10 0)
(3 1.73994e-09 0)
(3 3.7927e-09 0)
(3 8.2606e-09 0)
(3 1.79842e-08 0)
(3 3.91442e-08 0)
(3 8.5188e-08 0)
(3 1.85371e-07 0)
(3 4.03337e-07 0)
(3 8.77521e-07 0)
(2.99999 1.90903e-06 0)
(2.99999 4.15276e-06 0)
(2.99998 9.033e-06 0)
(2.99995 1.96472e-05 0)
(2.99989 4.2732e-05 0)
(2.99975 9.294e-05 0)
(2.99946 0.000202153 0)
(2.99884 0.000439794 0)
(2.99749 0.000957304 0)
(2.99456 0.00208628 0)
(2.98816 0.0045595 0)
(2.97331 0.0100242 0)
(3 1.60666e-13 0)
(3 9.8123e-13 0)
(3 3.19807e-12 0)
(3 8.41391e-12 0)
(3 2.01119e-11 0)
(3 4.5856e-11 0)
(3 1.02066e-10 0)
(3 2.24377e-10 0)
(3 4.90121e-10 0)
(3 1.06709e-09 0)
(3 2.31931e-09 0)
(3 5.03649e-09 0)
(3 1.09315e-08 0)
(3 2.3719e-08 0)
(3 5.14536e-08 0)
(3 1.11598e-07 0)
(3 2.42001e-07 0)
(3 5.24688e-07 0)
(3 1.13738e-06 0)
(2.99999 2.46502e-06 0)
(2.99998 5.34132e-06 0)
(2.99996 1.15713e-05 0)
(2.99991 2.50627e-05 0)
(2.99981 5.42735e-05 0)
(2.99959 0.000117513 0)
(2.9991 0.00025443 0)
(2.99805 0.000550932 0)
(2.99575 0.00119406 0)
(2.99073 0.00258881 0)
(2.97931 0.00563462 0)
(3 1.08532e-13 0)
(3 6.62875e-13 0)
(3 2.16131e-12 0)
(3 5.68966e-12 0)
(3 1.36147e-11 0)
(3 3.10906e-11 0)
(3 6.93429e-11 0)
(3 1.52814e-10 0)
(3 3.34733e-10 0)
(3 7.31017e-10 0)
(3 1.59413e-09 0)
(3 3.47391e-09 0)
(3 7.568e-09 0)
(3 1.64849e-08 0)
(3 3.59065e-08 0)
(3 7.82086e-08 0)
(3 1.70348e-07 0)
(3 3.71039e-07 0)
(3 8.08168e-07 0)
(2.99999 1.76028e-06 0)
(2.99999 3.83408e-06 0)
(2.99997 8.35095e-06 0)
(2.99994 1.8189e-05 0)
(2.99988 3.96175e-05 0)
(2.99973 8.62942e-05 0)
(2.99942 0.000187982 0)
(2.99874 0.000409608 0)
(2.99727 0.000892957 0)
(2.99408 0.00194981 0)
(2.98703 0.00427146 0)
(3 5.90689e-14 0)
(3 3.60529e-13 0)
(3 1.17375e-12 0)
(3 3.08565e-12 0)
(3 7.37226e-12 0)
(3 1.68083e-11 0)
(3 3.74253e-11 0)
(3 8.23323e-11 0)
(3 1.80021e-10 0)
(3 3.92426e-10 0)
(3 8.54192e-10 0)
(3 1.85809e-09 0)
(3 4.04079e-09 0)
(3 8.78719e-09 0)
(3 1.91102e-08 0)
(3 4.15663e-08 0)
(3 9.04262e-08 0)
(3 1.96757e-07 0)
(3 4.28206e-07 0)
(3 9.32087e-07 0)
(2.99999 2.02924e-06 0)
(2.99998 4.41847e-06 0)
(2.99995 9.62193e-06 0)
(2.9999 2.09552e-05 0)
(2.99978 4.56408e-05 0)
(2.99953 9.94114e-05 0)
(2.99899 0.000216565 0)
(2.99781 0.000471772 0)
(2.99523 0.00102954 0)
(2.98959 0.00225126 0)
(3 4.53835e-14 0)
(3 2.77142e-13 0)
(3 9.04148e-13 0)
(3 2.38139e-12 0)
(3 5.69627e-12 0)
(3 1.29914e-11 0)
(3 2.89103e-11 0)
(3 6.35164e-11 0)
(3 1.38613e-10 0)
(3 3.01433e-10 0)
(3 6.54303e-10 0)
(3 1.4189e-09 0)
(3 3.07551e-09 0)
(3 6.66472e-09 0)
(3 1.44414e-08 0)
(3 3.12926e-08 0)
(3 6.78118e-08 0)
(3 1.46969e-07 0)
(3 3.18581e-07 0)
(3 6.90733e-07 0)
(2.99999 1.498e-06 0)
(2.99998 3.24967e-06 0)
(2.99996 7.05191e-06 0)
(2.99992 1.53084e-05 0)
(2.99984 3.32452e-05 0)
(2.99965 7.22323e-05 0)
(2.99924 0.000157034 0)
(2.99836 0.000341651 0)
(2.99645 0.000744393 0)
(2.99234 0.00162609 0)
(3 3.2069e-14 0)
(3 1.96185e-13 0)
(3 6.41688e-13 0)
(3 1.69111e-12 0)
(3 4.04043e-12 0)
(3 9.1864e-12 0)
(3 2.0346e-11 0)
(3 4.4428e-11 0)
(3 9.62612e-11 0)
(3 2.07655e-10 0)
(3 4.46801e-10 0)
(3 9.59814e-10 0)
(3 2.05958e-09 0)
(3 4.41562e-09 0)
(3 9.45953e-09 0)
(3 2.02495e-08 0)
(3 4.3312e-08 0)
(3 9.25612e-08 0)
(3 1.97628e-07 0)
(3 4.21548e-07 0)
(2.99999 8.98272e-07 0)
(2.99999 1.91216e-06 0)
(2.99997 4.06625e-06 0)
(2.99994 8.63813e-06 0)
(2.99986 1.83318e-05 0)
(2.9997 3.88679e-05 0)
(2.99935 8.23286e-05 0)
(2.99859 0.00017439 0)
(2.99695 0.000368341 0)
(2.9934 0.000778885 0)
(3 1.16153e-14 0)
(3 7.1586e-14 0)
(3 2.34926e-13 0)
(3 6.2137e-13 0)
(3 1.48956e-12 0)
(3 3.39719e-12 0)
(3 7.54673e-12 0)
(3 1.65296e-11 0)
(3 3.59294e-11 0)
(3 7.77734e-11 0)
(3 1.67962e-10 0)
(3 3.62266e-10 0)
(3 7.80769e-10 0)
(3 1.68198e-09 0)
(3 3.62222e-09 0)
(3 7.79787e-09 0)
(3 1.67791e-08 0)
(3 3.60797e-08 0)
(3 7.75064e-08 0)
(3 1.66287e-07 0)
(2.99999 3.56194e-07 0)
(2.99999 7.61528e-07 0)
(2.99997 1.62456e-06 0)
(2.99994 3.4573e-06 0)
(2.99988 7.33835e-06 0)
(2.99973 1.55346e-05 0)
(2.99942 3.27862e-05 0)
(2.99874 6.90828e-05 0)
(2.99726 0.00014456 0)
(2.99405 0.000302054 0)
(1.1816 1.41483 0)
(1.39347 1.27564 0)
(1.48563 1.00048 0)
(1.36541 0.381686 0)
(1.48993 -0.0787943 0)
(1.46904 -0.0472084 0)
(1.49123 -0.0226576 0)
(1.50967 -0.00660392 0)
(1.52464 -0.000609199 0)
(1.53508 -0.0107918 0)
(1.54606 -0.0272375 0)
(1.55318 -0.0430228 0)
(1.54832 -0.0583139 0)
(1.52419 -0.0827525 0)
(1.5021 -0.114112 0)
(1.46878 -0.164582 0)
(1.37512 -0.189088 0)
(1.22831 -0.137357 0)
(1.0921 -0.122851 0)
(1.07668 -0.212051 0)
(1.21029 -0.166397 0)
(1.36257 -0.0828313 0)
(1.49543 -0.0320576 0)
(1.60246 -0.0290176 0)
(1.67402 -0.0402308 0)
(1.70106 -0.0635068 0)
(1.70487 -0.105963 0)
(1.68966 -0.151841 0)
(1.66008 -0.205373 0)
(1.597 -0.225342 0)
(1.37641 1.21205 0)
(1.53168 0.880795 0)
(1.57107 0.379331 0)
(1.58619 0.0349467 0)
(1.62082 -0.0299093 0)
(1.64377 -0.00744438 0)
(1.64868 0.00841131 0)
(1.64978 0.0107098 0)
(1.64688 -0.00906645 0)
(1.6616 -0.0282562 0)
(1.68297 -0.0456123 0)
(1.69913 -0.0622338 0)
(1.69968 -0.0850528 0)
(1.68585 -0.129157 0)
(1.69201 -0.175928 0)
(1.6781 -0.226716 0)
(1.64947 -0.246734 0)
(1.56273 -0.18537 0)
(1.38885 -0.0645919 0)
(1.3202 0.041923 0)
(1.44632 0.123204 0)
(1.62368 0.178242 0)
(1.76851 0.201582 0)
(1.8377 0.183369 0)
(1.87845 0.18458 0)
(1.88031 0.192174 0)
(1.85201 0.171927 0)
(1.7878 0.133967 0)
(1.70921 0.078746 0)
(1.63846 0.0658 0)
(1.48173 1.00747 0)
(1.60808 0.638277 0)
(1.69921 0.276271 0)
(1.80589 0.129495 0)
(1.85538 0.0618776 0)
(1.86245 0.022548 0)
(1.86175 -0.00646718 0)
(1.85652 -0.0260043 0)
(1.8633 -0.0380614 0)
(1.87809 -0.0418735 0)
(1.89013 -0.0482822 0)
(1.89532 -0.0651834 0)
(1.88901 -0.100865 0)
(1.87631 -0.155733 0)
(1.86905 -0.19937 0)
(1.8489 -0.239813 0)
(1.8121 -0.27819 0)
(1.7453 -0.286762 0)
(1.65564 -0.2206 0)
(1.61085 -0.0267894 0)
(1.6834 0.0593532 0)
(1.80293 0.0830765 0)
(1.924 0.0709944 0)
(1.99839 0.0625487 0)
(2.03307 0.0640332 0)
(2.02903 0.0836924 0)
(2.00115 0.0904852 0)
(1.94134 0.100113 0)
(1.85806 0.125643 0)
(1.77068 0.157055 0)
(1.5287 0.929229 0)
(1.68346 0.663557 0)
(1.81008 0.480806 0)
(1.90842 0.322324 0)
(1.95886 0.156523 0)
(1.97413 0.0494264 0)
(1.98282 0.00424265 0)
(1.99159 -0.0231376 0)
(1.9992 -0.0292628 0)
(2.00454 -0.0365912 0)
(2.0062 -0.0510395 0)
(2.00158 -0.0781522 0)
(1.98876 -0.119747 0)
(1.97485 -0.169316 0)
(1.96016 -0.218575 0)
(1.9346 -0.269573 0)
(1.90058 -0.322419 0)
(1.85506 -0.337132 0)
(1.78498 -0.262758 0)
(1.76839 -0.0312399 0)
(1.83476 0.0760494 0)
(1.92606 0.121395 0)
(2.00738 0.134845 0)
(2.06854 0.137516 0)
(2.09866 0.144171 0)
(2.10111 0.150162 0)
(2.08177 0.152483 0)
(2.04397 0.153336 0)
(1.98295 0.17275 0)
(1.9206 0.183984 0)
(1.55725 0.941376 0)
(1.7141 0.726853 0)
(1.84437 0.515587 0)
(1.93649 0.314682 0)
(1.99492 0.147399 0)
(2.03718 0.0480473 0)
(2.0617 0.00909109 0)
(2.07195 -0.0180908 0)
(2.08007 -0.0382144 0)
(2.08395 -0.0557134 0)
(2.08261 -0.0759918 0)
(2.07455 -0.103371 0)
(2.05817 -0.136176 0)
(2.03799 -0.175693 0)
(2.01655 -0.236309 0)
(1.98859 -0.293767 0)
(1.954 -0.352128 0)
(1.92544 -0.384967 0)
(1.90558 -0.343663 0)
(1.90001 -0.155398 0)
(1.93649 -0.0188988 0)
(1.9989 0.0448447 0)
(2.05894 0.0651223 0)
(2.10427 0.0665186 0)
(2.13116 0.0679482 0)
(2.14018 0.11176 0)
(2.12914 0.152257 0)
(2.1076 0.193208 0)
(2.07287 0.215589 0)
(2.04919 0.215524 0)
(1.57256 0.923924 0)
(1.72274 0.753177 0)
(1.85546 0.552193 0)
(1.95859 0.374067 0)
(2.03147 0.240847 0)
(2.0834 0.150102 0)
(2.11224 0.0947019 0)
(2.12322 0.056481 0)
(2.12992 0.0125483 0)
(2.1325 -0.0339254 0)
(2.12943 -0.0791923 0)
(2.12025 -0.119506 0)
(2.10269 -0.156476 0)
(2.07677 -0.196457 0)
(2.05117 -0.263788 0)
(2.02204 -0.322757 0)
(1.99033 -0.387166 0)
(1.97379 -0.416499 0)
(1.9792 -0.403071 0)
(1.99831 -0.325386 0)
(2.02841 -0.217444 0)
(2.0631 -0.141641 0)
(2.09217 -0.106976 0)
(2.1144 -0.0967058 0)
(2.14781 -0.0928793 0)
(2.17862 0.0108866 0)
(2.17096 0.129176 0)
(2.16028 0.194884 0)
(2.13813 0.238927 0)
(2.14545 0.277376 0)
(1.58218 0.890921 0)
(1.72487 0.765665 0)
(1.85755 0.60026 0)
(1.96537 0.440442 0)
(2.04387 0.301718 0)
(2.10263 0.189131 0)
(2.13881 0.105509 0)
(2.15106 0.0554818 0)
(2.15635 -0.00162252 0)
(2.16046 -0.0572883 0)
(2.16098 -0.105663 0)
(2.15466 -0.145281 0)
(2.13688 -0.182028 0)
(2.10496 -0.223516 0)
(2.07558 -0.286988 0)
(2.04591 -0.348974 0)
(2.01907 -0.416055 0)
(2.01455 -0.450864 0)
(2.02986 -0.452898 0)
(2.05413 -0.434923 0)
(2.08236 -0.406795 0)
(2.1101 -0.374872 0)
(2.13194 -0.334303 0)
(2.15027 -0.270044 0)
(2.18689 -0.169722 0)
(2.22329 -0.042028 0)
(2.23886 0.139547 0)
(2.2235 0.241237 0)
(2.21422 0.32848 0)
(2.23157 0.425545 0)
(1.59234 0.861756 0)
(1.72516 0.774302 0)
(1.85469 0.639071 0)
(1.96424 0.495067 0)
(2.04669 0.36132 0)
(2.11043 0.245844 0)
(2.15626 0.151866 0)
(2.17527 0.0947371 0)
(2.17953 0.0405369 0)
(2.18249 -0.0204217 0)
(2.18298 -0.0832939 0)
(2.17688 -0.144078 0)
(2.15849 -0.200241 0)
(2.124 -0.253871 0)
(2.09197 -0.308052 0)
(2.06128 -0.381413 0)
(2.03856 -0.453035 0)
(2.04362 -0.495823 0)
(2.06628 -0.514892 0)
(2.09457 -0.521845 0)
(2.12428 -0.515921 0)
(2.15314 -0.489444 0)
(2.17982 -0.427624 0)
(2.20868 -0.326524 0)
(2.23934 -0.179412 0)
(2.26054 -0.0280503 0)
(2.28829 0.200025 0)
(2.30449 0.483542 0)
(2.31869 0.701783 0)
(2.35213 0.859752 0)
(1.60641 0.84253 0)
(1.7267 0.7812 0)
(1.85019 0.67116 0)
(1.95894 0.543224 0)
(2.04353 0.416567 0)
(2.11084 0.300825 0)
(2.1633 0.200111 0)
(2.18818 0.124649 0)
(2.1918 0.0609744 0)
(2.19247 -0.00996216 0)
(2.19209 -0.0835608 0)
(2.18695 -0.155127 0)
(2.17068 -0.221609 0)
(2.13909 -0.283118 0)
(2.10315 -0.343694 0)
(2.06985 -0.444079 0)
(2.05522 -0.507132 0)
(2.06781 -0.545953 0)
(2.09466 -0.573212 0)
(2.12634 -0.591712 0)
(2.16037 -0.590423 0)
(2.19704 -0.559733 0)
(2.23182 -0.48841 0)
(2.2671 -0.390803 0)
(2.30038 -0.272642 0)
(2.33987 -0.124432 0)
(2.38232 0.0671835 0)
(2.41681 0.275662 0)
(2.43652 0.481736 0)
(2.51125 0.693816 0)
(1.62287 0.834266 0)
(1.73048 0.787189 0)
(1.84594 0.697118 0)
(1.95159 0.584143 0)
(2.03649 0.465069 0)
(2.10606 0.350732 0)
(2.16311 0.24534 0)
(2.19443 0.15753 0)
(2.20035 0.0860802 0)
(2.19934 0.0110729 0)
(2.19765 -0.0672758 0)
(2.19228 -0.147012 0)
(2.17666 -0.225856 0)
(2.14546 -0.305268 0)
(2.10147 -0.397689 0)
(2.07438 -0.513033 0)
(2.07408 -0.565964 0)
(2.09009 -0.602409 0)
(2.11849 -0.632869 0)
(2.15293 -0.650511 0)
(2.19086 -0.641098 0)
(2.23403 -0.601846 0)
(2.27345 -0.549563 0)
(2.3079 -0.48144 0)
(2.34193 -0.405336 0)
(2.37861 -0.317438 0)
(2.41951 -0.237058 0)
(2.46017 -0.148739 0)
(2.49716 -0.0406898 0)
(2.54063 0.111663 0)
(1.6416 0.833871 0)
(1.73759 0.792702 0)
(1.84375 0.717445 0)
(1.94439 0.617456 0)
(2.02797 0.505922 0)
(2.09831 0.394228 0)
(2.15804 0.286109 0)
(2.19408 0.19014 0)
(2.20242 0.107836 0)
(2.20053 0.0250186 0)
(2.19766 -0.0593772 0)
(2.19156 -0.146291 0)
(2.17546 -0.238239 0)
(2.14181 -0.343446 0)
(2.09699 -0.467297 0)
(2.08143 -0.558678 0)
(2.09263 -0.619012 0)
(2.11142 -0.661643 0)
(2.14128 -0.69141 0)
(2.17908 -0.697726 0)
(2.22247 -0.675295 0)
(2.26646 -0.623312 0)
(2.30775 -0.573284 0)
(2.34438 -0.525226 0)
(2.37826 -0.463513 0)
(2.41154 -0.392684 0)
(2.44741 -0.329507 0)
(2.48501 -0.275437 0)
(2.52419 -0.22142 0)
(2.56271 -0.15757 0)
(1.65866 0.840215 0)
(1.74705 0.799839 0)
(1.84423 0.735113 0)
(1.93861 0.645565 0)
(2.01924 0.54036 0)
(2.0889 0.430891 0)
(2.14987 0.321165 0)
(2.1895 0.221049 0)
(2.20041 0.127521 0)
(2.19864 0.0378351 0)
(2.1952 -0.0524925 0)
(2.18751 -0.149215 0)
(2.16782 -0.261332 0)
(2.13019 -0.396143 0)
(2.09713 -0.517993 0)
(2.09355 -0.590206 0)
(2.10826 -0.660071 0)
(2.13103 -0.711943 0)
(2.16439 -0.736641 0)
(2.20674 -0.729928 0)
(2.25636 -0.694557 0)
(2.30159 -0.639611 0)
(2.33943 -0.577299 0)
(2.37604 -0.530729 0)
(2.41322 -0.481286 0)
(2.44592 -0.422169 0)
(2.47625 -0.36029 0)
(2.5096 -0.301653 0)
(2.54612 -0.249582 0)
(2.58876 -0.198523 0)
(1.67667 0.86157 0)
(1.75956 0.813688 0)
(1.8477 0.752608 0)
(1.93455 0.669187 0)
(2.01077 0.567878 0)
(2.07856 0.460009 0)
(2.14002 0.350302 0)
(2.18117 0.247306 0)
(2.19348 0.134603 0)
(2.1929 0.0328619 0)
(2.18853 -0.0681637 0)
(2.17738 -0.17923 0)
(2.15287 -0.307237 0)
(2.12221 -0.43445 0)
(2.10478 -0.536515 0)
(2.10659 -0.612932 0)
(2.12187 -0.689921 0)
(2.14856 -0.743719 0)
(2.18801 -0.763568 0)
(2.23756 -0.745456 0)
(2.2912 -0.699189 0)
(2.33913 -0.644345 0)
(2.3744 -0.586741 0)
(2.40622 -0.531748 0)
(2.44121 -0.489112 0)
(2.47503 -0.44867 0)
(2.50652 -0.394913 0)
(2.53756 -0.33498 0)
(2.56841 -0.277346 0)
(2.61051 -0.235738 0)
(1.69365 0.904416 0)
(1.77309 0.839284 0)
(1.85325 0.771047 0)
(1.93206 0.687222 0)
(2.00291 0.586949 0)
(2.06818 0.480195 0)
(2.12916 0.372881 0)
(2.16793 0.256858 0)
(2.17999 0.129683 0)
(2.18296 0.0137038 0)
(2.1779 -0.096155 0)
(2.1647 -0.207213 0)
(2.14432 -0.324149 0)
(2.12271 -0.435228 0)
(2.11234 -0.538347 0)
(2.11657 -0.632053 0)
(2.13266 -0.713648 0)
(2.16447 -0.762757 0)
(2.2122 -0.770881 0)
(2.26851 -0.740665 0)
(2.32504 -0.685896 0)
(2.37223 -0.636522 0)
(2.40637 -0.590132 0)
(2.43559 -0.537014 0)
(2.46681 -0.490184 0)
(2.50032 -0.450508 0)
(2.53424 -0.408325 0)
(2.56636 -0.360728 0)
(2.59508 -0.311089 0)
(2.63326 -0.268696 0)
(1.73156 0.937878 0)
(1.79224 0.861748 0)
(1.86196 0.783106 0)
(1.93206 0.695281 0)
(1.99691 0.596476 0)
(2.05937 0.492889 0)
(2.11628 0.389989 0)
(2.15119 0.272592 0)
(2.16489 0.149903 0)
(2.17132 0.0257384 0)
(2.16976 -0.0892115 0)
(2.1594 -0.198543 0)
(2.14145 -0.308644 0)
(2.1231 -0.429383 0)
(2.11535 -0.551049 0)
(2.12127 -0.659507 0)
(2.14172 -0.735988 0)
(2.18177 -0.767231 0)
(2.23747 -0.753355 0)
(2.29955 -0.709269 0)
(2.35881 -0.651274 0)
(2.40242 -0.609358 0)
(2.43643 -0.571613 0)
(2.46549 -0.526695 0)
(2.49359 -0.478433 0)
(2.52403 -0.438148 0)
(2.55446 -0.403202 0)
(2.58535 -0.368235 0)
(2.61395 -0.332317 0)
(2.65174 -0.295481 0)
(1.78053 0.953635 0)
(1.81429 0.888417 0)
(1.8737 0.791247 0)
(1.93586 0.694083 0)
(1.9951 0.600213 0)
(2.05428 0.505277 0)
(2.10864 0.411553 0)
(2.14138 0.310401 0)
(2.15329 0.198905 0)
(2.15931 0.0756096 0)
(2.16026 -0.0464406 0)
(2.15191 -0.165512 0)
(2.13493 -0.290881 0)
(2.11638 -0.437128 0)
(2.11134 -0.580942 0)
(2.1236 -0.687979 0)
(2.15282 -0.742988 0)
(2.20151 -0.743247 0)
(2.26195 -0.714447 0)
(2.33314 -0.66006 0)
(2.39054 -0.611036 0)
(2.43012 -0.57487 0)
(2.46396 -0.541519 0)
(2.49482 -0.504756 0)
(2.52091 -0.461606 0)
(2.5483 -0.418204 0)
(2.57706 -0.382792 0)
(2.60518 -0.352323 0)
(2.63189 -0.323145 0)
(2.6688 -0.290846 0)
(1.84246 0.961403 0)
(1.83944 0.92904 0)
(1.88153 0.825721 0)
(1.94157 0.70191 0)
(1.99889 0.608453 0)
(2.05528 0.524362 0)
(2.10711 0.441153 0)
(2.13638 0.352135 0)
(2.14431 0.245243 0)
(2.14822 0.125879 0)
(2.14977 -0.000281514 0)
(2.14215 -0.130015 0)
(2.12177 -0.281551 0)
(2.10151 -0.468321 0)
(2.1043 -0.61437 0)
(2.12854 -0.702976 0)
(2.16893 -0.720786 0)
(2.22065 -0.700511 0)
(2.29202 -0.660858 0)
(2.36388 -0.613076 0)
(2.41724 -0.575335 0)
(2.45592 -0.542536 0)
(2.48993 -0.511409 0)
(2.52142 -0.480189 0)
(2.54868 -0.445944 0)
(2.57331 -0.402991 0)
(2.59835 -0.368526 0)
(2.62466 -0.339957 0)
(2.65063 -0.312577 0)
(2.68186 -0.278493 0)
(1.95964 0.895395 0)
(1.88539 0.930085 0)
(1.89435 0.875152 0)
(1.94257 0.759745 0)
(2.00518 0.640697 0)
(2.06098 0.555322 0)
(2.11006 0.474587 0)
(2.13465 0.387981 0)
(2.13739 0.279645 0)
(2.13863 0.161334 0)
(2.13862 0.0336408 0)
(2.12855 -0.110367 0)
(2.09947 -0.316803 0)
(2.08404 -0.545089 0)
(2.10256 -0.66716 0)
(2.14064 -0.702039 0)
(2.18635 -0.684543 0)
(2.24867 -0.649312 0)
(2.32243 -0.606006 0)
(2.39114 -0.569445 0)
(2.44164 -0.537451 0)
(2.47882 -0.506269 0)
(2.51248 -0.479546 0)
(2.54437 -0.45242 0)
(2.57431 -0.424621 0)
(2.59954 -0.390545 0)
(2.62141 -0.360021 0)
(2.64453 -0.33056 0)
(2.67028 -0.306211 0)
(2.69636 -0.277695 0)
(2.05836 0.794311 0)
(1.94744 0.887143 0)
(1.92291 0.888572 0)
(1.94754 0.822117 0)
(2.00341 0.706837 0)
(2.06538 0.602113 0)
(2.11314 0.511174 0)
(2.13275 0.407768 0)
(2.13095 0.291259 0)
(2.12995 0.167059 0)
(2.1265 0.0274307 0)
(2.10793 -0.162701 0)
(2.06607 -0.505375 0)
(2.07297 -0.672462 0)
(2.11756 -0.716225 0)
(2.16248 -0.688329 0)
(2.21683 -0.645101 0)
(2.28153 -0.598718 0)
(2.35279 -0.555181 0)
(2.41728 -0.524302 0)
(2.46583 -0.497176 0)
(2.50115 -0.46544 0)
(2.53339 -0.438722 0)
(2.565 -0.415461 0)
(2.59477 -0.395506 0)
(2.61985 -0.373378 0)
(2.64226 -0.347157 0)
(2.66423 -0.320289 0)
(2.6876 -0.29477 0)
(2.70934 -0.27154 0)
(2.1634 0.801244 0)
(2.01767 0.86689 0)
(1.97055 0.894021 0)
(1.96838 0.860506 0)
(2.00828 0.766392 0)
(2.06751 0.641379 0)
(2.11256 0.535129 0)
(2.12727 0.394299 0)
(2.12391 0.256666 0)
(2.11945 0.105351 0)
(2.10667 -0.0893282 0)
(2.06326 -0.400136 0)
(2.04883 -0.685506 0)
(2.0907 -0.72811 0)
(2.147 -0.709765 0)
(2.20186 -0.655716 0)
(2.25562 -0.601699 0)
(2.31835 -0.549199 0)
(2.38378 -0.508644 0)
(2.44282 -0.480931 0)
(2.48971 -0.457199 0)
(2.52414 -0.427712 0)
(2.55398 -0.39695 0)
(2.58335 -0.37404 0)
(2.61206 -0.358984 0)
(2.63791 -0.346765 0)
(2.66015 -0.327316 0)
(2.68172 -0.308833 0)
(2.70475 -0.284301 0)
(2.7218 -0.262128 0)
(2.36234 0.671059 0)
(2.08891 0.837059 0)
(2.02259 0.883665 0)
(1.99735 0.877953 0)
(2.01444 0.815322 0)
(2.06215 0.697332 0)
(2.10245 0.551497 0)
(2.11146 0.381068 0)
(2.10889 0.210626 0)
(2.09373 0.00957194 0)
(2.05398 -0.292539 0)
(2.03145 -0.565172 0)
(2.05804 -0.631597 0)
(2.11683 -0.666932 0)
(2.18705 -0.644573 0)
(2.24629 -0.602251 0)
(2.29768 -0.548252 0)
(2.35498 -0.500555 0)
(2.4137 -0.464568 0)
(2.46746 -0.439364 0)
(2.51224 -0.417176 0)
(2.54703 -0.391872 0)
(2.57558 -0.360787 0)
(2.6016 -0.335803 0)
(2.62726 -0.321076 0)
(2.65235 -0.315985 0)
(2.67537 -0.304005 0)
(2.69752 -0.289115 0)
(2.72004 -0.271189 0)
(2.73565 -0.255342 0)
(2.5409 0.235934 0)
(2.14282 0.761044 0)
(2.06567 0.842437 0)
(2.03144 0.866861 0)
(2.02889 0.836042 0)
(2.05597 0.741888 0)
(2.08477 0.582445 0)
(2.09376 0.406276 0)
(2.08546 0.210117 0)
(2.05376 -0.0555319 0)
(2.02317 -0.335614 0)
(2.0318 -0.453304 0)
(2.06685 -0.54111 0)
(2.13655 -0.565825 0)
(2.2165 -0.553381 0)
(2.28435 -0.528763 0)
(2.3365 -0.488217 0)
(2.38931 -0.450378 0)
(2.44264 -0.420489 0)
(2.4919 -0.397922 0)
(2.53461 -0.377001 0)
(2.5692 -0.353835 0)
(2.59722 -0.327169 0)
(2.62032 -0.303181 0)
(2.64157 -0.287909 0)
(2.66526 -0.282622 0)
(2.68914 -0.276369 0)
(2.71126 -0.265123 0)
(2.73283 -0.253404 0)
(2.74905 -0.240985 0)
(2.65766 0.17205 0)
(2.22112 0.768965 0)
(2.10864 0.84027 0)
(2.06551 0.859431 0)
(2.04802 0.838762 0)
(2.05525 0.76538 0)
(2.07093 0.627717 0)
(2.07544 0.447502 0)
(2.05203 0.209292 0)
(2.01381 -0.131778 0)
(2.00593 -0.320867 0)
(2.02511 -0.436885 0)
(2.07485 -0.473678 0)
(2.14751 -0.470434 0)
(2.23955 -0.458906 0)
(2.3132 -0.447597 0)
(2.36844 -0.424896 0)
(2.41981 -0.397796 0)
(2.46974 -0.375198 0)
(2.51605 -0.355941 0)
(2.55724 -0.336767 0)
(2.59128 -0.314936 0)
(2.61833 -0.292053 0)
(2.63943 -0.272071 0)
(2.65748 -0.258211 0)
(2.67806 -0.249281 0)
(2.70146 -0.244822 0)
(2.72398 -0.237036 0)
(2.74523 -0.229705 0)
(2.76104 -0.21924 0)
(2.8015 0.129098 0)
(2.40323 0.63028 0)
(2.17574 0.819223 0)
(2.1052 0.849 0)
(2.07171 0.826864 0)
(2.06148 0.760851 0)
(2.06089 0.629175 0)
(2.05301 0.431905 0)
(2.02205 0.138416 0)
(1.9846 -0.18786 0)
(1.99298 -0.380888 0)
(2.03952 -0.435388 0)
(2.09229 -0.417684 0)
(2.17497 -0.389177 0)
(2.26666 -0.376794 0)
(2.3376 -0.373192 0)
(2.39432 -0.361762 0)
(2.44508 -0.344833 0)
(2.49295 -0.328726 0)
(2.53782 -0.313114 0)
(2.57845 -0.295838 0)
(2.61219 -0.274774 0)
(2.63811 -0.25451 0)
(2.65718 -0.238047 0)
(2.67343 -0.227878 0)
(2.69233 -0.21919 0)
(2.71418 -0.213334 0)
(2.73571 -0.207572 0)
(2.75667 -0.201815 0)
(2.77226 -0.19345 0)
(2.86641 0.0647456 0)
(2.56081 0.371025 0)
(2.21683 0.847663 0)
(2.1284 0.862916 0)
(2.08754 0.824541 0)
(2.0635 0.723299 0)
(2.04361 0.540892 0)
(2.01708 0.261417 0)
(1.97146 -0.0662664 0)
(1.96449 -0.315862 0)
(2.01249 -0.393107 0)
(2.06333 -0.393627 0)
(2.13444 -0.35219 0)
(2.21708 -0.315191 0)
(2.29594 -0.305548 0)
(2.36072 -0.305036 0)
(2.41527 -0.300223 0)
(2.46449 -0.291467 0)
(2.5109 -0.280909 0)
(2.55521 -0.268628 0)
(2.5964 -0.253591 0)
(2.63034 -0.233807 0)
(2.65519 -0.214671 0)
(2.67248 -0.200111 0)
(2.68714 -0.191546 0)
(2.705 -0.186305 0)
(2.72602 -0.182749 0)
(2.74709 -0.178771 0)
(2.76783 -0.172835 0)
(2.7824 -0.163774 0)
(2.92039 0.0448548 0)
(2.72836 0.242149 0)
(2.35539 0.725626 0)
(2.18608 0.829964 0)
(2.1059 0.811664 0)
(2.04971 0.626904 0)
(1.99988 0.303871 0)
(1.96454 0.0306992 0)
(1.95816 -0.214847 0)
(1.98648 -0.304492 0)
(2.03665 -0.332915 0)
(2.1062 -0.320205 0)
(2.17975 -0.287454 0)
(2.2517 -0.254362 0)
(2.31848 -0.243024 0)
(2.37652 -0.242458 0)
(2.4282 -0.241844 0)
(2.47601 -0.238533 0)
(2.522 -0.232334 0)
(2.56669 -0.22276 0)
(2.60904 -0.209992 0)
(2.64394 -0.19291 0)
(2.66814 -0.175251 0)
(2.68383 -0.162058 0)
(2.69684 -0.154164 0)
(2.71345 -0.151325 0)
(2.7341 -0.150902 0)
(2.75549 -0.148912 0)
(2.77713 -0.144028 0)
(2.79105 -0.13651 0)
(2.93854 0.0210974 0)
(2.80844 0.112097 0)
(2.49571 0.418727 0)
(2.20672 0.799829 0)
(2.0858 0.779692 0)
(1.9867 0.440542 0)
(1.95097 0.1753 0)
(1.9588 -0.034753 0)
(1.97114 -0.160837 0)
(2.00691 -0.235394 0)
(2.07031 -0.259933 0)
(2.14483 -0.254638 0)
(2.21584 -0.231062 0)
(2.27919 -0.203678 0)
(2.33534 -0.190908 0)
(2.38602 -0.188089 0)
(2.43371 -0.18835 0)
(2.47972 -0.187594 0)
(2.52539 -0.183706 0)
(2.57059 -0.176298 0)
(2.61396 -0.165756 0)
(2.64979 -0.152289 0)
(2.67388 -0.138508 0)
(2.6886 -0.127965 0)
(2.70041 -0.122087 0)
(2.71604 -0.12041 0)
(2.73688 -0.120292 0)
(2.75929 -0.119166 0)
(2.78166 -0.115143 0)
(2.79644 -0.110682 0)
(2.95418 0.0162857 0)
(2.86208 0.0747112 0)
(2.6256 0.270359 0)
(2.25805 0.701765 0)
(2.02577 0.70523 0)
(1.91079 0.34036 0)
(1.93351 0.171457 0)
(1.94659 0.0350363 0)
(1.96861 -0.074886 0)
(2.01662 -0.155109 0)
(2.08917 -0.190901 0)
(2.16484 -0.193916 0)
(2.23486 -0.180826 0)
(2.29372 -0.161348 0)
(2.3426 -0.148991 0)
(2.38703 -0.143665 0)
(2.43044 -0.142033 0)
(2.47428 -0.140509 0)
(2.51935 -0.136379 0)
(2.56481 -0.129833 0)
(2.60883 -0.121309 0)
(2.64534 -0.110677 0)
(2.66992 -0.101181 0)
(2.68481 -0.0945986 0)
(2.69675 -0.0916382 0)
(2.71313 -0.0910869 0)
(2.73499 -0.0906757 0)
(2.75867 -0.0906137 0)
(2.78224 -0.087805 0)
(2.79813 -0.0837336 0)
(2.96206 0.00899438 0)
(2.89043 0.0425002 0)
(2.70882 0.155973 0)
(2.33655 0.471645 0)
(1.95834 0.594327 0)
(1.87627 0.471843 0)
(1.91923 0.321174 0)
(1.94934 0.157527 0)
(1.94167 0.0218487 0)
(1.989 -0.0599573 0)
(2.06723 -0.110603 0)
(2.14865 -0.129117 0)
(2.22145 -0.132583 0)
(2.28097 -0.128195 0)
(2.32787 -0.121443 0)
(2.36953 -0.114564 0)
(2.41114 -0.10903 0)
(2.45489 -0.104223 0)
(2.50095 -0.0980557 0)
(2.54775 -0.0911044 0)
(2.59363 -0.0831 0)
(2.63181 -0.0734572 0)
(2.65743 -0.0657902 0)
(2.67358 -0.06071 0)
(2.68724 -0.0576355 0)
(2.70572 -0.0565764 0)
(2.72954 -0.0560514 0)
(2.75519 -0.0567195 0)
(2.78071 -0.0556521 0)
(2.79756 -0.053524 0)
(2.96684 0.00346722 0)
(2.90768 0.0161847 0)
(2.76638 0.0688235 0)
(2.4752 0.184419 0)
(1.90438 0.245235 0)
(1.63546 0.320715 0)
(1.71833 0.238808 0)
(1.76061 0.148203 0)
(1.79327 0.0877338 0)
(1.87139 0.0445623 0)
(1.97752 0.0159835 0)
(2.07794 -0.00270329 0)
(2.16362 -0.0141501 0)
(2.23017 -0.0216854 0)
(2.28099 -0.0273539 0)
(2.32591 -0.0318319 0)
(2.37111 -0.0360066 0)
(2.41923 -0.0397234 0)
(2.47006 -0.0418257 0)
(2.52168 -0.042641 0)
(2.57239 -0.0416167 0)
(2.61451 -0.0389369 0)
(2.64303 -0.036279 0)
(2.6616 -0.0336999 0)
(2.67718 -0.0311787 0)
(2.69724 -0.0293814 0)
(2.72215 -0.0277575 0)
(2.74852 -0.0268827 0)
(2.77472 -0.0256278 0)
(2.79208 -0.0238187 0)
)
;

boundaryField
{
    inlet
    {
        type            fixedValue;
        value           uniform (3 0 0);
    }
    outlet
    {
        type            inletOutlet;
        inletValue      uniform (3 0 0);
        value           nonuniform List<vector> 
30
(
(1.597 -0.225342 0)
(1.63846 0.0658 0)
(1.77068 0.157055 0)
(1.9206 0.183984 0)
(2.04919 0.215524 0)
(2.14545 0.277376 0)
(2.23157 0.425545 0)
(2.35213 0.859752 0)
(2.51125 0.693816 0)
(2.54063 0.111663 0)
(2.56271 -0.15757 0)
(2.58876 -0.198523 0)
(2.61051 -0.235738 0)
(2.63326 -0.268696 0)
(2.65174 -0.295481 0)
(2.6688 -0.290846 0)
(2.68186 -0.278493 0)
(2.69636 -0.277695 0)
(2.70934 -0.27154 0)
(2.7218 -0.262128 0)
(2.73565 -0.255342 0)
(2.74905 -0.240985 0)
(2.76104 -0.21924 0)
(2.77226 -0.19345 0)
(2.7824 -0.163774 0)
(2.79105 -0.13651 0)
(2.79644 -0.110682 0)
(2.79813 -0.0837336 0)
(2.79756 -0.053524 0)
(2.79208 -0.0238187 0)
)
;
    }
    top
    {
        type            symmetryPlane;
    }
    bottom
    {
        type            symmetryPlane;
    }
    step
    {
        type            slip;
    }
    defaultFaces
    {
        type            empty;
    }
}


// ************************************************************************* //
