/*--------------------------------*- C++ -*----------------------------------*\
  =========                 |
  \\      /  F ield         | OpenFOAM: The Open Source CFD Toolbox
   \\    /   O peration     | Website:  https://openfoam.org
    \\  /    A nd           | Version:  6.0
     \\/     M anipulation  |
\*---------------------------------------------------------------------------*/
FoamFile
{
    version     2.0;
    format      ascii;
    class       volScalarField;
    location    "2.9988457";
    object      T;
}
// * * * * * * * * * * * * * * * * * * * * * * * * * * * * * * * * * * * * * //

dimensions      [0 0 0 1 0 0 0];

internalField   nonuniform List<scalar> 
3000
(
1
1
1
1
1.03087
2.32864
2.75097
2.79104
2.82755
2.85123
1
1
1
1
1.02632
2.32079
2.74962
2.78979
2.82524
2.84805
1
1
1
1
1.01104
2.30363
2.7462
2.78707
2.82151
2.84411
1
1
1
1
1.00161
2.2831
2.74157
2.78302
2.8164
2.83744
1
1
1
1
1.00015
2.25975
2.73563
2.77659
2.80777
2.829
1
1
1
1
1.00001
2.22954
2.7285
2.76923
2.7982
2.81638
1
1
1
1
1
2.19052
2.71874
2.7589
2.78267
2.79868
1
1
1
1
1
2.1429
2.70675
2.74806
2.76517
2.76945
1
1
1
1
1
2.08398
2.69477
2.73866
2.74355
2.73105
1
1
1
1
1
2.0086
2.67218
2.72954
2.73383
2.73976
1
1
1
1
1.03087
2.32864
2.75097
2.79104
2.82755
2.85123
1
1
1
1
1.02632
2.32079
2.74962
2.78979
2.82524
2.84805
1
1
1
1
1.01104
2.30363
2.7462
2.78707
2.82151
2.84411
1
1
1
1
1.00161
2.2831
2.74157
2.78302
2.8164
2.83744
1
1
1
1
1.00015
2.25975
2.73563
2.77659
2.80777
2.829
1
1
1
1
1.00001
2.22954
2.7285
2.76923
2.7982
2.81638
1
1
1
1
1
2.19052
2.71874
2.7589
2.78267
2.79868
1
1
1
1
1
2.1429
2.70675
2.74806
2.76517
2.76945
1
1
1
1
1
2.08398
2.69477
2.73866
2.74355
2.73105
1
1
1
1
1
2.0086
2.67218
2.72954
2.73383
2.73976
1
1
1
1
1.03087
2.32864
2.75097
2.79104
2.82755
2.85123
1
1
1
1
1.02632
2.32079
2.74962
2.78979
2.82524
2.84805
1
1
1
1
1.01104
2.30363
2.7462
2.78707
2.82151
2.84411
1
1
1
1
1.00161
2.2831
2.74157
2.78302
2.8164
2.83744
1
1
1
1
1.00015
2.25975
2.73563
2.77659
2.80777
2.829
1
1
1
1
1.00001
2.22954
2.7285
2.76923
2.7982
2.81638
1
1
1
1
1
2.19052
2.71874
2.7589
2.78267
2.79868
1
1
1
1
1
2.1429
2.70675
2.74806
2.76517
2.76945
1
1
1
1
1
2.08398
2.69477
2.73866
2.74355
2.73105
1
1
1
1
1
2.0086
2.67218
2.72954
2.73383
2.73976
1
1
1
1
1.03087
2.32864
2.75097
2.79104
2.82755
2.85123
1
1
1
1
1.02632
2.32079
2.74962
2.78979
2.82524
2.84805
1
1
1
1
1.01104
2.30363
2.7462
2.78707
2.82151
2.84411
1
1
1
1
1.00161
2.2831
2.74157
2.78302
2.8164
2.83744
1
1
1
1
1.00015
2.25975
2.73563
2.77659
2.80777
2.829
1
1
1
1
1.00001
2.22954
2.7285
2.76923
2.7982
2.81638
1
1
1
1
1
2.19052
2.71874
2.7589
2.78267
2.79868
1
1
1
1
1
2.1429
2.70675
2.74806
2.76517
2.76945
1
1
1
1
1
2.08398
2.69477
2.73866
2.74355
2.73105
1
1
1
1
1
2.0086
2.67218
2.72954
2.73383
2.73976
1
1
1
1
1.03087
2.32864
2.75097
2.79104
2.82755
2.85123
1
1
1
1
1.02632
2.32079
2.74962
2.78979
2.82524
2.84805
1
1
1
1
1.01104
2.30363
2.7462
2.78707
2.82151
2.84411
1
1
1
1
1.00161
2.2831
2.74157
2.78302
2.8164
2.83744
1
1
1
1
1.00015
2.25975
2.73563
2.77659
2.80777
2.829
1
1
1
1
1.00001
2.22954
2.7285
2.76923
2.7982
2.81638
1
1
1
1
1
2.19052
2.71874
2.7589
2.78267
2.79868
1
1
1
1
1
2.1429
2.70675
2.74806
2.76517
2.76945
1
1
1
1
1
2.08398
2.69477
2.73866
2.74355
2.73105
1
1
1
1
1
2.0086
2.67218
2.72954
2.73383
2.73976
1
1
1
1
1.03087
2.32864
2.75097
2.79104
2.82755
2.85123
1
1
1
1
1.02632
2.32079
2.74962
2.78979
2.82524
2.84805
1
1
1
1
1.01104
2.30363
2.7462
2.78707
2.82151
2.84411
1
1
1
1
1.00161
2.2831
2.74157
2.78302
2.8164
2.83744
1
1
1
1
1.00015
2.25975
2.73563
2.77659
2.80777
2.829
1
1
1
1
1.00001
2.22954
2.7285
2.76923
2.7982
2.81638
1
1
1
1
1
2.19052
2.71874
2.7589
2.78267
2.79868
1
1
1
1
1
2.1429
2.70675
2.74806
2.76517
2.76945
1
1
1
1
1
2.08398
2.69477
2.73866
2.74355
2.73105
1
1
1
1
1
2.0086
2.67218
2.72954
2.73383
2.73976
1
1
1
1
1.03087
2.32864
2.75097
2.79104
2.82755
2.85123
1
1
1
1
1.02632
2.32079
2.74962
2.78979
2.82524
2.84805
1
1
1
1
1.01104
2.30363
2.7462
2.78707
2.82151
2.84411
1
1
1
1
1.00161
2.2831
2.74157
2.78302
2.8164
2.83744
1
1
1
1
1.00015
2.25975
2.73563
2.77659
2.80777
2.829
1
1
1
1
1.00001
2.22954
2.7285
2.76923
2.7982
2.81638
1
1
1
1
1
2.19052
2.71874
2.7589
2.78267
2.79868
1
1
1
1
1
2.1429
2.70675
2.74806
2.76517
2.76945
1
1
1
1
1
2.08398
2.69477
2.73866
2.74355
2.73105
1
1
1
1
1
2.0086
2.67218
2.72954
2.73383
2.73976
1
1
1
1
1.03087
2.32864
2.75097
2.79104
2.82755
2.85123
1
1
1
1
1.02632
2.32079
2.74962
2.78979
2.82524
2.84805
1
1
1
1
1.01104
2.30363
2.7462
2.78707
2.82151
2.84411
1
1
1
1
1.00161
2.2831
2.74157
2.78302
2.8164
2.83744
1
1
1
1
1.00015
2.25975
2.73563
2.77659
2.80777
2.829
1
1
1
1
1.00001
2.22954
2.7285
2.76923
2.7982
2.81638
1
1
1
1
1
2.19052
2.71874
2.7589
2.78267
2.79868
1
1
1
1
1
2.1429
2.70675
2.74806
2.76517
2.76945
1
1
1
1
1
2.08398
2.69477
2.73866
2.74355
2.73105
1
1
1
1
1
2.0086
2.67218
2.72954
2.73383
2.73976
1
1
1
1
1.03087
2.32864
2.75097
2.79104
2.82755
2.85123
1
1
1
1
1.02632
2.32079
2.74962
2.78979
2.82524
2.84805
1
1
1
1
1.01104
2.30363
2.7462
2.78707
2.82151
2.84411
1
1
1
1
1.00161
2.2831
2.74157
2.78302
2.8164
2.83744
1
1
1
1
1.00015
2.25975
2.73563
2.77659
2.80777
2.829
1
1
1
1
1.00001
2.22954
2.7285
2.76923
2.7982
2.81638
1
1
1
1
1
2.19052
2.71874
2.7589
2.78267
2.79868
1
1
1
1
1
2.1429
2.70675
2.74806
2.76517
2.76945
1
1
1
1
1
2.08398
2.69477
2.73866
2.74355
2.73105
1
1
1
1
1
2.0086
2.67218
2.72954
2.73383
2.73976
1
1
1
1
1.03087
2.32864
2.75097
2.79104
2.82755
2.85123
1
1
1
1
1.02632
2.32079
2.74962
2.78979
2.82524
2.84805
1
1
1
1
1.01104
2.30363
2.7462
2.78707
2.82151
2.84411
1
1
1
1
1.00161
2.2831
2.74157
2.78302
2.8164
2.83744
1
1
1
1
1.00015
2.25975
2.73563
2.77659
2.80777
2.829
1
1
1
1
1.00001
2.22954
2.7285
2.76923
2.7982
2.81638
1
1
1
1
1
2.19052
2.71874
2.7589
2.78267
2.79868
1
1
1
1
1
2.1429
2.70675
2.74806
2.76517
2.76945
1
1
1
1
1
2.08398
2.69477
2.73866
2.74355
2.73105
1
1
1
1
1
2.0086
2.67218
2.72954
2.73383
2.73976
1
1
1
1
1
1.71058
2.55717
2.68632
2.66893
2.63012
1
1
1
1
1
1.10692
2.24388
2.59313
2.55253
2.48554
1
1
1
1
1
1.00193
1.77445
2.39613
2.42921
2.36248
1
1
1
1
1
0.999995
1.13321
2.01463
2.35494
2.28136
1
1
1
1
1
0.999999
1.00239
1.33705
2.04047
2.22903
1
1
1
1
1
1
1.00001
1.01789
1.47414
2.04623
1
1
1
1
1
1
1
1.00011
1.04662
1.6653
1
1
1
1
1
1
1
1
1.00047
1.12555
1
1
1
1
1
1
1
1
1
1.00237
1
1
1
1
1
1
1
1
1
1
1
1
1
1
1
1.71058
2.55717
2.68632
2.66893
2.63012
1
1
1
1
1
1.10692
2.24388
2.59313
2.55253
2.48554
1
1
1
1
1
1.00193
1.77445
2.39613
2.42921
2.36248
1
1
1
1
1
0.999995
1.13321
2.01463
2.35494
2.28136
1
1
1
1
1
0.999999
1.00239
1.33705
2.04047
2.22903
1
1
1
1
1
1
1.00001
1.01789
1.47414
2.04623
1
1
1
1
1
1
1
1.00011
1.04662
1.6653
1
1
1
1
1
1
1
1
1.00047
1.12555
1
1
1
1
1
1
1
1
1
1.00237
1
1
1
1
1
1
1
1
1
1
1
1
1
1
1
1.71058
2.55717
2.68632
2.66893
2.63012
1
1
1
1
1
1.10692
2.24388
2.59313
2.55253
2.48554
1
1
1
1
1
1.00193
1.77445
2.39613
2.42921
2.36248
1
1
1
1
1
0.999995
1.13321
2.01463
2.35494
2.28136
1
1
1
1
1
0.999999
1.00239
1.33705
2.04047
2.22903
1
1
1
1
1
1
1.00001
1.01789
1.47414
2.04623
1
1
1
1
1
1
1
1.00011
1.04662
1.6653
1
1
1
1
1
1
1
1
1.00047
1.12555
1
1
1
1
1
1
1
1
1
1.00237
1
1
1
1
1
1
1
1
1
1
1
1
1
1
1
1.71058
2.55717
2.68632
2.66893
2.63012
1
1
1
1
1
1.10692
2.24388
2.59313
2.55253
2.48554
1
1
1
1
1
1.00193
1.77445
2.39613
2.42921
2.36248
1
1
1
1
1
0.999995
1.13321
2.01463
2.35494
2.28136
1
1
1
1
1
0.999999
1.00239
1.33705
2.04047
2.22903
1
1
1
1
1
1
1.00001
1.01789
1.47414
2.04623
1
1
1
1
1
1
1
1.00011
1.04662
1.6653
1
1
1
1
1
1
1
1
1.00047
1.12555
1
1
1
1
1
1
1
1
1
1.00237
1
1
1
1
1
1
1
1
1
1
1
1
1
1
1
1.71058
2.55717
2.68632
2.66893
2.63012
1
1
1
1
1
1.10692
2.24388
2.59313
2.55253
2.48554
1
1
1
1
1
1.00193
1.77445
2.39613
2.42921
2.36248
1
1
1
1
1
0.999995
1.13321
2.01463
2.35494
2.28136
1
1
1
1
1
0.999999
1.00239
1.33705
2.04047
2.22903
1
1
1
1
1
1
1.00001
1.01789
1.47414
2.04623
1
1
1
1
1
1
1
1.00011
1.04662
1.6653
1
1
1
1
1
1
1
1
1.00047
1.12555
1
1
1
1
1
1
1
1
1
1.00237
1
1
1
1
1
1
1
1
1
1
1
1
1
1
1
1.71058
2.55717
2.68632
2.66893
2.63012
1
1
1
1
1
1.10692
2.24388
2.59313
2.55253
2.48554
1
1
1
1
1
1.00193
1.77445
2.39613
2.42921
2.36248
1
1
1
1
1
0.999995
1.13321
2.01463
2.35494
2.28136
1
1
1
1
1
0.999999
1.00239
1.33705
2.04047
2.22903
1
1
1
1
1
1
1.00001
1.01789
1.47414
2.04623
1
1
1
1
1
1
1
1.00011
1.04662
1.6653
1
1
1
1
1
1
1
1
1.00047
1.12555
1
1
1
1
1
1
1
1
1
1.00237
1
1
1
1
1
1
1
1
1
1
1
1
1
1
1
1.71058
2.55717
2.68632
2.66893
2.63012
1
1
1
1
1
1.10692
2.24388
2.59313
2.55253
2.48554
1
1
1
1
1
1.00193
1.77445
2.39613
2.42921
2.36248
1
1
1
1
1
0.999995
1.13321
2.01463
2.35494
2.28136
1
1
1
1
1
0.999999
1.00239
1.33705
2.04047
2.22903
1
1
1
1
1
1
1.00001
1.01789
1.47414
2.04623
1
1
1
1
1
1
1
1.00011
1.04662
1.6653
1
1
1
1
1
1
1
1
1.00047
1.12555
1
1
1
1
1
1
1
1
1
1.00237
1
1
1
1
1
1
1
1
1
1
1
1
1
1
1
1.71058
2.55717
2.68632
2.66893
2.63012
1
1
1
1
1
1.10692
2.24388
2.59313
2.55253
2.48554
1
1
1
1
1
1.00193
1.77445
2.39613
2.42921
2.36248
1
1
1
1
1
0.999995
1.13321
2.01463
2.35494
2.28136
1
1
1
1
1
0.999999
1.00239
1.33705
2.04047
2.22903
1
1
1
1
1
1
1.00001
1.01789
1.47414
2.04623
1
1
1
1
1
1
1
1.00011
1.04662
1.6653
1
1
1
1
1
1
1
1
1.00047
1.12555
1
1
1
1
1
1
1
1
1
1.00237
1
1
1
1
1
1
1
1
1
1
1
1
1
1
1
1.71058
2.55717
2.68632
2.66893
2.63012
1
1
1
1
1
1.10692
2.24388
2.59313
2.55253
2.48554
1
1
1
1
1
1.00193
1.77445
2.39613
2.42921
2.36248
1
1
1
1
1
0.999995
1.13321
2.01463
2.35494
2.28136
1
1
1
1
1
0.999999
1.00239
1.33705
2.04047
2.22903
1
1
1
1
1
1
1.00001
1.01789
1.47414
2.04623
1
1
1
1
1
1
1
1.00011
1.04662
1.6653
1
1
1
1
1
1
1
1
1.00047
1.12555
1
1
1
1
1
1
1
1
1
1.00237
1
1
1
1
1
1
1
1
1
1
1
1
1
1
1
1.71058
2.55717
2.68632
2.66893
2.63012
1
1
1
1
1
1.10692
2.24388
2.59313
2.55253
2.48554
1
1
1
1
1
1.00193
1.77445
2.39613
2.42921
2.36248
1
1
1
1
1
0.999995
1.13321
2.01463
2.35494
2.28136
1
1
1
1
1
0.999999
1.00239
1.33705
2.04047
2.22903
1
1
1
1
1
1
1.00001
1.01789
1.47414
2.04623
1
1
1
1
1
1
1
1.00011
1.04662
1.6653
1
1
1
1
1
1
1
1
1.00047
1.12555
1
1
1
1
1
1
1
1
1
1.00237
1
1
1
1
1
1
1
1
1
1
1.87941
1.53263
1.64669
2.17209
2.597
2.55487
2.40711
2.29969
2.20492
2.05745
2.09125
1.64351
1.66492
2.00961
2.45353
2.45002
2.35115
2.25577
2.1672
2.03206
2.06319
1.64593
1.63553
1.85194
2.19674
2.32598
2.23361
2.14839
2.07332
1.96259
2.03191
1.69714
1.7505
1.81472
1.93613
2.12218
2.09416
2.01941
1.95176
1.86469
1.99363
1.75129
1.9256
1.87949
1.80448
1.90235
1.95651
1.90754
1.84542
1.76743
1.95162
1.83987
2.04217
1.92562
1.76621
1.6934
1.79326
1.80208
1.75805
1.68842
1.8612
2.03602
2.10983
1.93696
1.72687
1.59053
1.61835
1.68295
1.67027
1.63153
1.65965
2.19355
2.10073
1.91852
1.71148
1.55095
1.48636
1.54876
1.56726
1.60035
1.47885
2.19684
2.04216
1.87186
1.69828
1.53724
1.41758
1.42066
1.49674
1.61584
1.41917
2.23186
2.069
1.85725
1.69226
1.54674
1.38774
1.34958
1.45147
1.62874
1.87941
1.53263
1.64669
2.17209
2.597
2.55487
2.40711
2.29969
2.20492
2.05745
2.09125
1.64351
1.66492
2.00961
2.45353
2.45002
2.35115
2.25577
2.1672
2.03206
2.06319
1.64593
1.63553
1.85194
2.19674
2.32598
2.23361
2.14839
2.07332
1.96259
2.03191
1.69714
1.7505
1.81472
1.93613
2.12218
2.09416
2.01941
1.95176
1.86469
1.99363
1.75129
1.9256
1.87949
1.80448
1.90235
1.95651
1.90754
1.84542
1.76743
1.95162
1.83987
2.04217
1.92562
1.76621
1.6934
1.79326
1.80208
1.75805
1.68842
1.8612
2.03602
2.10983
1.93696
1.72687
1.59053
1.61835
1.68295
1.67027
1.63153
1.65965
2.19355
2.10073
1.91852
1.71148
1.55095
1.48636
1.54876
1.56726
1.60035
1.47885
2.19684
2.04216
1.87186
1.69828
1.53724
1.41758
1.42066
1.49674
1.61584
1.41917
2.23186
2.069
1.85725
1.69226
1.54674
1.38774
1.34958
1.45147
1.62874
1.87941
1.53263
1.64669
2.17209
2.597
2.55487
2.40711
2.29969
2.20492
2.05745
2.09125
1.64351
1.66492
2.00961
2.45353
2.45002
2.35115
2.25577
2.1672
2.03206
2.06319
1.64593
1.63553
1.85194
2.19674
2.32598
2.23361
2.14839
2.07332
1.96259
2.03191
1.69714
1.7505
1.81472
1.93613
2.12218
2.09416
2.01941
1.95176
1.86469
1.99363
1.75129
1.9256
1.87949
1.80448
1.90235
1.95651
1.90754
1.84542
1.76743
1.95162
1.83987
2.04217
1.92562
1.76621
1.6934
1.79326
1.80208
1.75805
1.68842
1.8612
2.03602
2.10983
1.93696
1.72687
1.59053
1.61835
1.68295
1.67027
1.63153
1.65965
2.19355
2.10073
1.91852
1.71148
1.55095
1.48636
1.54876
1.56726
1.60035
1.47885
2.19684
2.04216
1.87186
1.69828
1.53724
1.41758
1.42066
1.49674
1.61584
1.41917
2.23186
2.069
1.85725
1.69226
1.54674
1.38774
1.34958
1.45147
1.62874
1.87941
1.53263
1.64669
2.17209
2.597
2.55487
2.40711
2.29969
2.20492
2.05745
2.09125
1.64351
1.66492
2.00961
2.45353
2.45002
2.35115
2.25577
2.1672
2.03206
2.06319
1.64593
1.63553
1.85194
2.19674
2.32598
2.23361
2.14839
2.07332
1.96259
2.03191
1.69714
1.7505
1.81472
1.93613
2.12218
2.09416
2.01941
1.95176
1.86469
1.99363
1.75129
1.9256
1.87949
1.80448
1.90235
1.95651
1.90754
1.84542
1.76743
1.95162
1.83987
2.04217
1.92562
1.76621
1.6934
1.79326
1.80208
1.75805
1.68842
1.8612
2.03602
2.10983
1.93696
1.72687
1.59053
1.61835
1.68295
1.67027
1.63153
1.65965
2.19355
2.10073
1.91852
1.71148
1.55095
1.48636
1.54876
1.56726
1.60035
1.47885
2.19684
2.04216
1.87186
1.69828
1.53724
1.41758
1.42066
1.49674
1.61584
1.41917
2.23186
2.069
1.85725
1.69226
1.54674
1.38774
1.34958
1.45147
1.62874
1.87941
1.53263
1.64669
2.17209
2.597
2.55487
2.40711
2.29969
2.20492
2.05745
2.09125
1.64351
1.66492
2.00961
2.45353
2.45002
2.35115
2.25577
2.1672
2.03206
2.06319
1.64593
1.63553
1.85194
2.19674
2.32598
2.23361
2.14839
2.07332
1.96259
2.03191
1.69714
1.7505
1.81472
1.93613
2.12218
2.09416
2.01941
1.95176
1.86469
1.99363
1.75129
1.9256
1.87949
1.80448
1.90235
1.95651
1.90754
1.84542
1.76743
1.95162
1.83987
2.04217
1.92562
1.76621
1.6934
1.79326
1.80208
1.75805
1.68842
1.8612
2.03602
2.10983
1.93696
1.72687
1.59053
1.61835
1.68295
1.67027
1.63153
1.65965
2.19355
2.10073
1.91852
1.71148
1.55095
1.48636
1.54876
1.56726
1.60035
1.47885
2.19684
2.04216
1.87186
1.69828
1.53724
1.41758
1.42066
1.49674
1.61584
1.41917
2.23186
2.069
1.85725
1.69226
1.54674
1.38774
1.34958
1.45147
1.62874
1.87941
1.53263
1.64669
2.17209
2.597
2.55487
2.40711
2.29969
2.20492
2.05745
2.09125
1.64351
1.66492
2.00961
2.45353
2.45002
2.35115
2.25577
2.1672
2.03206
2.06319
1.64593
1.63553
1.85194
2.19674
2.32598
2.23361
2.14839
2.07332
1.96259
2.03191
1.69714
1.7505
1.81472
1.93613
2.12218
2.09416
2.01941
1.95176
1.86469
1.99363
1.75129
1.9256
1.87949
1.80448
1.90235
1.95651
1.90754
1.84542
1.76743
1.95162
1.83987
2.04217
1.92562
1.76621
1.6934
1.79326
1.80208
1.75805
1.68842
1.8612
2.03602
2.10983
1.93696
1.72687
1.59053
1.61835
1.68295
1.67027
1.63153
1.65965
2.19355
2.10073
1.91852
1.71148
1.55095
1.48636
1.54876
1.56726
1.60035
1.47885
2.19684
2.04216
1.87186
1.69828
1.53724
1.41758
1.42066
1.49674
1.61584
1.41917
2.23186
2.069
1.85725
1.69226
1.54674
1.38774
1.34958
1.45147
1.62874
1.87941
1.53263
1.64669
2.17209
2.597
2.55487
2.40711
2.29969
2.20492
2.05745
2.09125
1.64351
1.66492
2.00961
2.45353
2.45002
2.35115
2.25577
2.1672
2.03206
2.06319
1.64593
1.63553
1.85194
2.19674
2.32598
2.23361
2.14839
2.07332
1.96259
2.03191
1.69714
1.7505
1.81472
1.93613
2.12218
2.09416
2.01941
1.95176
1.86469
1.99363
1.75129
1.9256
1.87949
1.80448
1.90235
1.95651
1.90754
1.84542
1.76743
1.95162
1.83987
2.04217
1.92562
1.76621
1.6934
1.79326
1.80208
1.75805
1.68842
1.8612
2.03602
2.10983
1.93696
1.72687
1.59053
1.61835
1.68295
1.67027
1.63153
1.65965
2.19355
2.10073
1.91852
1.71148
1.55095
1.48636
1.54876
1.56726
1.60035
1.47885
2.19684
2.04216
1.87186
1.69828
1.53724
1.41758
1.42066
1.49674
1.61584
1.41917
2.23186
2.069
1.85725
1.69226
1.54674
1.38774
1.34958
1.45147
1.62874
1.87941
1.53263
1.64669
2.17209
2.597
2.55487
2.40711
2.29969
2.20492
2.05745
2.09125
1.64351
1.66492
2.00961
2.45353
2.45002
2.35115
2.25577
2.1672
2.03206
2.06319
1.64593
1.63553
1.85194
2.19674
2.32598
2.23361
2.14839
2.07332
1.96259
2.03191
1.69714
1.7505
1.81472
1.93613
2.12218
2.09416
2.01941
1.95176
1.86469
1.99363
1.75129
1.9256
1.87949
1.80448
1.90235
1.95651
1.90754
1.84542
1.76743
1.95162
1.83987
2.04217
1.92562
1.76621
1.6934
1.79326
1.80208
1.75805
1.68842
1.8612
2.03602
2.10983
1.93696
1.72687
1.59053
1.61835
1.68295
1.67027
1.63153
1.65965
2.19355
2.10073
1.91852
1.71148
1.55095
1.48636
1.54876
1.56726
1.60035
1.47885
2.19684
2.04216
1.87186
1.69828
1.53724
1.41758
1.42066
1.49674
1.61584
1.41917
2.23186
2.069
1.85725
1.69226
1.54674
1.38774
1.34958
1.45147
1.62874
1.87941
1.53263
1.64669
2.17209
2.597
2.55487
2.40711
2.29969
2.20492
2.05745
2.09125
1.64351
1.66492
2.00961
2.45353
2.45002
2.35115
2.25577
2.1672
2.03206
2.06319
1.64593
1.63553
1.85194
2.19674
2.32598
2.23361
2.14839
2.07332
1.96259
2.03191
1.69714
1.7505
1.81472
1.93613
2.12218
2.09416
2.01941
1.95176
1.86469
1.99363
1.75129
1.9256
1.87949
1.80448
1.90235
1.95651
1.90754
1.84542
1.76743
1.95162
1.83987
2.04217
1.92562
1.76621
1.6934
1.79326
1.80208
1.75805
1.68842
1.8612
2.03602
2.10983
1.93696
1.72687
1.59053
1.61835
1.68295
1.67027
1.63153
1.65965
2.19355
2.10073
1.91852
1.71148
1.55095
1.48636
1.54876
1.56726
1.60035
1.47885
2.19684
2.04216
1.87186
1.69828
1.53724
1.41758
1.42066
1.49674
1.61584
1.41917
2.23186
2.069
1.85725
1.69226
1.54674
1.38774
1.34958
1.45147
1.62874
1.87941
1.53263
1.64669
2.17209
2.597
2.55487
2.40711
2.29969
2.20492
2.05745
2.09125
1.64351
1.66492
2.00961
2.45353
2.45002
2.35115
2.25577
2.1672
2.03206
2.06319
1.64593
1.63553
1.85194
2.19674
2.32598
2.23361
2.14839
2.07332
1.96259
2.03191
1.69714
1.7505
1.81472
1.93613
2.12218
2.09416
2.01941
1.95176
1.86469
1.99363
1.75129
1.9256
1.87949
1.80448
1.90235
1.95651
1.90754
1.84542
1.76743
1.95162
1.83987
2.04217
1.92562
1.76621
1.6934
1.79326
1.80208
1.75805
1.68842
1.8612
2.03602
2.10983
1.93696
1.72687
1.59053
1.61835
1.68295
1.67027
1.63153
1.65965
2.19355
2.10073
1.91852
1.71148
1.55095
1.48636
1.54876
1.56726
1.60035
1.47885
2.19684
2.04216
1.87186
1.69828
1.53724
1.41758
1.42066
1.49674
1.61584
1.41917
2.23186
2.069
1.85725
1.69226
1.54674
1.38774
1.34958
1.45147
1.62874
)
;

boundaryField
{
    inlet
    {
        type            fixedValue;
        value           uniform 1;
    }
    outlet
    {
        type            inletOutlet;
        inletValue      uniform 1;
        value           nonuniform List<scalar> 
100
(
2.05723
2.03197
1.96252
1.86457
1.76725
1.68816
1.63127
1.59992
1.61507
1.62776
2.05723
2.03197
1.96252
1.86457
1.76725
1.68816
1.63127
1.59992
1.61507
1.62776
2.05723
2.03197
1.96252
1.86457
1.76725
1.68816
1.63127
1.59992
1.61507
1.62776
2.05723
2.03197
1.96252
1.86457
1.76725
1.68816
1.63127
1.59992
1.61507
1.62776
2.05723
2.03197
1.96252
1.86457
1.76725
1.68816
1.63127
1.59992
1.61507
1.62776
2.05723
2.03197
1.96252
1.86457
1.76725
1.68816
1.63127
1.59992
1.61507
1.62776
2.05723
2.03197
1.96252
1.86457
1.76725
1.68816
1.63127
1.59992
1.61507
1.62776
2.05723
2.03197
1.96252
1.86457
1.76725
1.68816
1.63127
1.59992
1.61507
1.62776
2.05723
2.03197
1.96252
1.86457
1.76725
1.68816
1.63127
1.59992
1.61507
1.62776
2.05723
2.03197
1.96252
1.86457
1.76725
1.68816
1.63127
1.59992
1.61507
1.62776
)
;
    }
    top
    {
        type            symmetryPlane;
    }
    bottom
    {
        type            symmetryPlane;
    }
    step
    {
        type            zeroGradient;
    }
    defaultFaces
    {
        type            empty;
    }
}


// ************************************************************************* //
